0
0
0
0
0
0
0
0
0
0.001078981837585987
0.001085699051869917
0.001203806623100204
0
0.0001449832133508868
0.001247434404083046
0.001731845633148799
0.002056849816858862
0.001836991880902119
0
0.001490444018726852
0.001527848849387338
0.001197937761668863
0.000899784315562575
0.00114336524859551
0.0007189555973102574
0.0009544186008822646
0.001570780597976797
0.0012072291146883
0.001387846290854991
0.001354388843843478
0.001561089342359254
0.0009418179734967709
0.001412051052274817
0.001039289313601293
0.001122032375947096
0.001653105317328308
0.001709667410307526
0
0
0.0009141272494391846
0.001711243400892288
0.001171019902462811
0.0005154716368261639
0.0009295498382947235
0.001671981115546757
0.001707596487594057
0.001621337941704739
0.001633877394894836
0.001522502575163575
0
0.001681183855053986
0.001219248166631457
0.001408945135391175
0.000891162039481653
0.0009515099917754073
0.0002323501874402419
0.001129404340302006
0.0006832708849757377
0
0
0.000233473363850217
0.0004908366462597257
0.001748187962269857
0.001541221763554553
0.002042846694452158
0.001693225551904972
0.001663717910022458
0.001692627782649124
0
0.001740964642699144
0.001294702437577921
0.001351129111933566
0
0.001220659477519855
6.617701362222742e-06
0.001359416667691059
0.00116974369481886
0
0.00166938118857454
0.00134465456570877
0.001701422256030312
0
0.001432757792791248
0.001710000925895993
0.001564104939075581
0.0009991969030598775
0.001644431592122827
0.0009439874527496129
0.001345389329730842
0
0
0.0007281040249329867
0.001623851819244406
0.001674039133364361
0.0002754791361962925
0.001128037237913622
-9.703232530502752e-07
0.0004114675532667944
-0.005965120400763425
0
0.001414405312512682
3.10647829869826e-06
0
0.00153010833656523
0
0.001825107721773263
0.001330666141058368
0
0
0.001860973253276382
0.00184924300640726
0.001261471278710141
0.00148322032280737
0.001568582325349308
0.001210060484593948
0
9.1698162583113e-05
0.0005843041226732842
-0.0006645935750998736
0.0009054735053965846
0.0009722298080891704
0.0005983502915737352
0.0008135260447462444
0.0007959859097249311
0.0004427167260487955
-3.314676839308343e-05
4.364172073285849e-05
1.42163022806946e-05
0.0001453601403854331
3.105896659108248e-05
0.0002872443100854203
0.0003571533153156473
0.000136893545567824
0.0005237055950645308
0.0004716901187035626
-1.54529927003204e-05
9.1191629184718e-05
0.0002628112580168415
-5.647222955959064e-05
0.0002235010306453803
5.213091287298674e-05
9.948400547932546e-05
9.669525951384153e-06
-1.099180222287145e-05
2.527998312247862e-06
0
-0.0002525769774855498
0.001097831659370891
0.000628287490899967
0.001151780532707489
0.001323518631473471
4.22033899248712e-05
-0.0003090692993287839
-6.41944303445343e-05
-0.0002141608504091013
-8.908702366566994e-07
-7.240792091051901e-05
0
-1.181587307200317e-06
0.0004120939707202914
-1.815927304855723e-05
6.36906127393933e-07
3.707789099734338e-06
-1.205696579967846e-08
4.027327691743189e-06
-1.007026193626225e-06
2.991031828606658e-05
0.0001748192282107953
1.945198486729449e-06
-2.279696881837093e-05
-7.615023239988434e-07
3.097940956893798e-06
8.724452271832477e-05
-1.685050365097284e-06
0.0008526682387054521
0
1.860771289068394e-06
4.910060495568017e-05
-3.387853106144894e-05
2.789057850433356e-06
1.482093266553238e-05
-5.445376149596464e-07
0
-2.862509812518529e-05
0.0002150860806956156
-6.971444980334731e-06
0.0001188188717525446
0.0005361143744381265
0.001083974036252816
0
5.967843126661597e-05
0.0003389324633840634
0
0
7.700577750900253e-05
1.599360032102934e-05
-0.0001177530385246375
0.0001276746400203257
0.0003114392476611128
0.0002768505840287489
0.001007299658793222
0.0002914802181944028
0
0.0003501998784464854
0.0007619807198606753
7.392400254032565e-05
0.0003441603519557591
0.0004446374184683667
0.0002024770085289571
0.0005665759799209241
-0.00036291288472672
-0.0004755151342173875
0.0003259389379652771
-0.0003001889902549748
0.0007918515465520905
0.0002287550074975607
0.0004900416805663945
0.0008148160249547656
0
0.0003670702727579992
0
0.0002046127573910737
0
0.0007002152097133908
0
0.000720694286761389
-8.328173221735804e-06
0.001499349495342913
0.0002210153677153703
0.001652865771921891
8.659583488441295e-05
0
0.000874557739260771
0.001022041455211799
0.0001715779372032842
0.0004706228136691252
0.001486489926457159
0.0008149234936091478
0.0007118804765684044
0.00143368277730103
0.00166643105252384
0.001749681294107641
0.001747677744033549
0.001798304391958879
0.0008773083301287886
0
-0.0001362313995306414
0
-0.0007535826168770229
0.001017803236863533
0.001594784726156401
0.001248247922985373
0.0003517520998340359
0.0008592080165107395
0.001670556080233509
0.001782390140043332
0.001858312922302813
0
0.001594133856673364
0.002059833056174616
0.00159237133683378
0.001488703604076659
0.001274112001468717
0.001540356632194463
0.001794013555858224
0.001392663974657249
0.001421667315393909
0.001808195205501719
0.001823426842549274
0.001041498286025693
0.001708059172281988
0.00180063541863096
0.001790036266762548
0
0.00206647691695608
0.001694417482368616
0
0.0003410474684250218
0.001964021468955225
-0.0006582889654246708
-0.0002562765253654162
0.0004165752908573774
0.0004784070238166954
8.961670165605276e-05
0.0002145230435820116
-3.217960296768346e-05
0.001238998987185872
0.00160226544085822
0.001562153462504241
0.0004342135866135943
0.001778172535780557
0.001272333801102761
0.001805322225292428
0.001852210287979609
0.002264574739494785
0.002025601966639009
0.001563388994783791
0.001282996835933848
0.001797985371295662
0.001798453195989329
0.001802526874915476
0.001802676782064107
0.001789431997923473
0.001795011077904557
0.001788685987748042
0.001807909851040538
0
0.001780197960086406
0
0.001807847346573907
0.00173369810117627
0.001761114900866396
0
0.001797429791408565
0.001766428919605023
0.001686779112882859
0.00165014823877458
0.001672205321663433
0.00179161341994287
0.001195143054330524
0.001758288468557268
0.001395545817645988
0.00171292840605619
0.001728781680123495
0.001696033341734833
0.001589172495307163
0.001746307865910537
0.001081896886645159
0
0.001431949877889859
0
0.001526210746759826
0
0.001014834455824491
0.0008168857084534364
0.001652104558710199
0.0008011711294126354
0.001720189911356286
-0.0001589470535299892
0.0002194745935563576
0
0
