0
0
0
0
0
0
0
0
0
0.001078952204793512
0.001084982942276245
0.001203499655495012
0
0.0001451994367004553
0.001248701789814622
0.001731904550199408
0.002056856678003835
0.001837038811372364
0
0.001490747341480197
0.001527828384503483
0.001197815121726508
0.0008989340892785457
0.001143059372407765
0.0007191305297111704
0.0009535839281735098
0.001570723508919885
0.001207014192640533
0.001387717877522875
0.001354245933073948
0.00156122275740706
0.0009418013213441292
0.001411988030064185
0.001039192810417595
0.001122057774656873
0.001653118263575049
0.001709715018640537
0
0
0.0009141270665245372
0.001711299665267768
0.001170930368748605
0.000515669764303613
0.0009295893831654308
0.001672033754374866
0.001707663093976504
0.001621381926716919
0.001633905055331279
0.001522511049286533
0
0.001681303695241241
0.00121921612262663
0.001409000848247158
0.0008912524626160767
0.0009516344702101639
0.0002325485712556213
0.001129505419812904
0.0006834362669287329
0
0
0.000233790110827727
0.0004910271175938812
0.00174827551972066
0.001541321545622161
0.00204290409238971
0.001693263304633745
0.001663761998661583
0.001692586389425274
0
0.001740975837647152
0.001294815100496589
0.001351295637218717
0
0.001220633174944091
6.58148011376728e-06
0.001359735600313964
0.001170124210607415
0
0.001669421567886207
0.001344330667187055
0.001701531126135068
0
0.001432855441564644
0.001710048798986934
0.001564129172114229
0.0009992281786543934
0.001644001935780863
0.0009440812059810422
0.00134537476826692
0
0
0.0007281111686988999
0.001623899024677409
0.001674102994688086
0.0002754973747846246
0.001127698263425892
-9.75489203167658e-07
0.0004116296121825763
-0.005965123229212658
0
0.001414338933358652
3.108901872213661e-06
0
0.001530332432692788
0
0.001825404087984846
0.001330739586781902
0
0
0.001861086441006181
0.001849628114737741
0.001262080780913746
0.001483409143677337
0.001569036226482552
0.001210397717816563
0
9.248130814996676e-05
0.0005853076956136797
-0.0006646133659204296
0.0009060307163209567
0.0009723607976296734
0.0005988561599917733
0.0008137359141135113
0.000796471026354871
0.0004435312312572659
-3.329777671713914e-05
4.448829804590441e-05
1.490359498037952e-05
0.0001462649604818367
3.142523462931469e-05
0.0002876227302746343
0.0003576764339329348
0.0001374492722590749
0.0005240406392891913
0.0004719500218248668
-1.583908008440765e-05
9.140891916577269e-05
0.0002630032734707624
-5.64600882201009e-05
0.0002237736081613628
5.219718639652895e-05
9.982875760765073e-05
9.852807032352644e-06
-1.097718467991106e-05
2.53150110851538e-06
0
-0.0002525742834891457
0.001098467466026729
0.0006291735063143067
0.001151961016696395
0.001323761486968848
4.286603282511332e-05
-0.0003100449033932695
-6.417501418626107e-05
-0.0002128668295583065
-1.548023170896594e-07
-7.276674675739784e-05
0
-1.176665564570155e-06
0.000410993814631204
-1.897423319996621e-05
3.75372997112529e-07
3.875053566234392e-06
-7.601761449557641e-08
4.064800555986156e-06
-1.006935526303092e-06
3.006373386273018e-05
0.000174131844200726
1.931977283237833e-06
-2.27227293603469e-05
-7.53141629758574e-07
3.085473191369065e-06
8.554191936015918e-05
-1.702897034025726e-06
0.0008520238687136428
0
1.87681751819888e-06
4.914565497400941e-05
-3.386723021744636e-05
2.682755003543822e-06
1.489090145941583e-05
-5.460238133276005e-07
0
-2.88312533177455e-05
0.0002119053475327095
-6.860372867522511e-06
0.0001187903888929101
0.0005363637480315339
0.001083646634305403
0
5.924672818579988e-05
0.0003354112895133462
0
0
7.564221538550302e-05
1.603343835615148e-05
-0.0001181284428589872
0.0001273541587289208
0.0003097661532098938
0.0002742885713169962
0.001006890679961052
0.0002891634142884181
0
0.0003496261763472952
0.0007600808572307277
7.392403712820914e-05
0.0003422493505462207
0.0004440123176471708
0.0002004608266718497
0.0005633572902528343
-0.0003634306313751904
-0.0004810317277232781
0.0003255755834002685
-0.0002997385500509095
0.0007914129847841212
0.0002266615330310977
0.0004896269727998483
0.00081458732178671
0
0.0003665583937352689
0
0.0002033011410269851
0
0.0006987733717791931
0
0.0007204728815108876
-8.553872860933296e-06
0.001499234237176557
0.0002208006317097609
0.001652736912873476
8.660635559195678e-05
0
0.0008744559164746946
0.001021743197749094
0.0001703234194451177
0.0004695806353893009
0.001486202764251454
0.0008143638625815448
0.0007114493018812501
0.001433348854834749
0.001666242806425256
0.001749627928773228
0.00174755811378375
0.001798239137160626
0.0008765960204276548
0
-0.0001362495952793777
0
-0.0007597315470626432
0.001017466453304907
0.001594636801423046
0.001248252510655659
0.0003514676217301134
0.0008589106186518503
0.001670438266398583
0.001782333229562063
0.001858239419277873
0
0.001594024194417666
0.002059748585278173
0.001592214590831637
0.001488524228771199
0.001273796630829091
0.001540161902945325
0.001793947638376043
0.001392505141727359
0.0014214742806437
0.001808279531174255
0.001823372349459389
0.001040910766984644
0.001707997570401226
0.001800597038145295
0.001789972487278176
0
0.002066399034557921
0.001694344396326345
0
0.0003404848478407277
0.001964215053556262
-0.0006598964056329681
-0.000257086242528602
0.000418136300720064
0.0004781480870289068
9.065751177067016e-05
0.0002137437998157913
-3.228159882984058e-05
0.001238631768103616
0.001602114806827918
0.001562103919756583
0.0004319721327086128
0.001778065365909557
0.001272215157878498
0.001805270680761129
0.001852125111912414
0.002264438627805394
0.002025313979687874
0.001563216034982388
0.001282722866172296
0.001797929570318662
0.001798383053456459
0.001802463034094003
0.001802622058240751
0.00178936140394819
0.001794953078010279
0.001788628893093023
0.001807849871270298
0
0.001780142821435716
0
0.001807776072652632
0.001733605231305877
0.001761072709179042
0
0.001797358395023544
0.001766377291483026
0.001686789501807598
0.001650223314594362
0.001671373669689337
0.001791560014570999
0.001195048153085824
0.001758246743294388
0.001395422535482192
0.001712916062904075
0.001728731923519303
0.001696017962182842
0.001589129095985948
0.001746331914923506
0.00108193015272131
0
0.001431792912565082
0
0.001526127506095703
0
0.001014581809423632
0.0008167717638398579
0.001651997791658844
0.000801020387485789
0.001720158793694972
-0.0001589472211224668
0.0002187428971004981
0
0
