0
0
0
0
0
0
0
0
0
0.001078960120852638
0.001085283055075679
0.001203631030426368
0
0.0001451272355624551
0.001248183928640971
0.001731880017634654
0.002056853313083109
0.001837019036573543
0
0.001490621175010596
0.001527838134899576
0.001197864201694228
0.0008992905979482378
0.001143184084252647
0.0007190469833146826
0.0009539273736847081
0.001570748030961063
0.001207101477123496
0.001387770590453028
0.00135430510995567
0.001561170807256916
0.0009418021952442594
0.00141201349834065
0.001039228730845772
0.001122043807513713
0.001653112950323073
0.001709695220362264
0
0
0.0009141208742781843
0.001711276314646106
0.001170964859943359
0.0005155754288755243
0.0009295666222860297
0.001672012198193588
0.001707635613249874
0.001621363734996393
0.001633893850948091
0.001522507119334766
0
0.001681254858290311
0.001219227047856731
0.001408976805181905
0.0008912098162321088
0.0009515825177572479
0.0002324664010523081
0.001129461666943622
0.000683363138356414
0
0
0.0002336606987424714
0.0004909412968322403
0.001748239506905961
0.001541280281674666
0.002042880975034972
0.001693248260516151
0.001663743304217958
0.001692606174284734
0
0.001740971251518931
0.001294767196061137
0.001351225543831856
0
0.001220641173852904
6.597051968889806e-06
0.001359605303199953
0.001169972216888977
0
0.001669404531289884
0.001344463213172948
0.001701486420941759
0
0.001432815092734641
0.001710028943748713
0.001564118422260215
0.0009992124440917406
0.001644180512649023
0.0009440386041775294
0.001345380806676928
0
0
0.0007281083242774118
0.001623878251774856
0.001674076267249239
0.0002754919386455934
0.001127835940177426
-9.733181808210042e-07
0.0004115675628769064
-0.00596512207862439
0
0.001414363098348655
3.107335005561303e-06
0
0.001530239085074744
0
0.001825282527219848
0.001330707455403018
0
0
0.001861039869344723
0.001849471273316521
0.001261836108701187
0.001483332620389904
0.001568852975536335
0.00121026369358056
0
9.217661617180616e-05
0.0005849053010971315
-0.0006646051999901784
0.0009058006427303306
0.0009723001101178731
0.0005986375850513146
0.0008136392872819283
0.0007962654683012275
0.0004432005382779978
-3.323283062044305e-05
4.416472348263486e-05
1.463761155122651e-05
0.0001459039149450881
3.129316007335161e-05
0.0002874445737258154
0.0003574507552553209
0.0001372377806590294
0.0005238861926604924
0.0004718245487562686
-1.568245041554942e-05
9.129628992179781e-05
0.0002628991092184104
-5.646107900946782e-05
0.0002236333675194864
5.213917266414175e-05
9.968939010256563e-05
9.776704695281286e-06
-1.0982954800975e-05
2.529851560576999e-06
0
-0.0002525753978972804
0.001098210692407833
0.0006288162583161107
0.001151883978175201
0.001323662939991479
4.260952041300318e-05
-0.000309634363126353
-6.418236866281171e-05
-0.0002133854824517786
-4.963009206988659e-07
-7.261706148769608e-05
0
-1.178679381161e-06
0.0004114614273321619
-1.863897366773423e-05
4.819842241372865e-07
3.83674075079327e-06
-4.966613873778792e-08
4.050417520347635e-06
-1.006974177605696e-06
2.99848332151728e-05
0.0001744199213923301
1.936977388411973e-06
-2.275382144061279e-05
-7.576690180386814e-07
3.091153669718895e-06
8.627160607038683e-05
-1.694884580390528e-06
0.0008522958879521894
0
1.869891443952275e-06
4.913264991116064e-05
-3.387190414563122e-05
2.722231824595974e-06
1.485951343933251e-05
-5.451765532969833e-07
0
-2.874275909183373e-05
0.0002132613535184399
-6.903245083132646e-06
0.0001188022394061631
0.0005362832659083927
0.001083797283718679
0
5.942925718409107e-05
0.0003369170095660253
0
0
7.621405319225435e-05
1.602333187762178e-05
-0.0001179715080717239
0.0001274856777280471
0.0003104852908597152
0.0002753755451812894
0.001007062334696814
0.0002901568883278297
0
0.0003498720263538219
0.0007609044358831443
7.392403438652033e-05
0.0003430457665085386
0.0004442766178463733
0.0002013260309775923
0.000564733258012532
-0.0003632168467613528
-0.0004787746832966772
0.0003257285749045943
-0.000299912430711636
0.0007915973741506491
0.0002275599818501715
0.0004898037805926499
0.0008146793101218783
0
0.0003667776749183895
0
0.0002038655245406669
0
0.0006994034837627842
0
0.0007205646018980905
-8.458699298619509e-06
0.001499279261269237
0.0002208962602745709
0.001652787457696663
8.660152959900782e-05
0
0.0008744953130779589
0.001021865912064917
0.0001708631139807771
0.0004700235252007016
0.001486325989187376
0.0008146053115876592
0.0007116428393134042
0.00143349567547681
0.001666326121654572
0.001749648950348868
0.001747608824006847
0.001798264266807004
0.0008768989225910869
0
-0.0001362420712689946
0
-0.0007572142826916881
0.001017606023566852
0.001594694520553245
0.001248240293623859
0.000351588002200582
0.0008590330208758532
0.001670485839119518
0.001782355886999236
0.001858267651727161
0
0.001594062937656125
0.00205978080297121
0.001592275792310665
0.00148859586121181
0.001273928675629239
0.001540243674458005
0.001793973082467981
0.001392567622826502
0.001421550156199346
0.001808242803977458
0.001823393385236175
0.001041159816968503
0.001708024334233916
0.001800610862966041
0.001789997240940281
0
0.002066428950885798
0.001694372545362161
0
0.0003407222459395876
0.001964135339089631
-0.0006592296149009563
-0.0002567485635681563
0.0004175195803607512
0.0004782571332416933
9.026605742977534e-05
0.0002140431939863743
-3.224446111699604e-05
0.001238813908806694
0.001602187125044981
0.001562124619630218
0.0004329141249627723
0.001778107163982907
0.001272259895369692
0.001805290309810382
0.001852158009905434
0.002264491988671854
0.002025429956577297
0.001563285927564637
0.001282835740963026
0.001797950645497175
0.001798409725838045
0.0018024877016176
0.001802643801381914
0.001789386910640678
0.001794975479106038
0.001788650712206174
0.00180787260611459
0
0.001780163664578598
0
0.001807803849082865
0.001733644557609399
0.001761088836674802
0
0.001797384792191996
0.00176639806905218
0.001686783073044701
0.001650188565593321
0.001671709706273949
0.001791580307255118
0.001195090551427476
0.001758262011736713
0.001395475494751758
0.001712919088893137
0.001728750068575272
0.001696022507356953
0.001589145535637766
0.001746318699109247
0.00108191654943009
0
0.001431856791082667
0
0.001526164211753969
0
0.001014686634887977
0.0008168201693057392
0.001652040283882775
0.0008010869546075958
0.001720170358084045
-0.0001589471519421237
0.0002190452550994212
0
0
