0
0
0
0
0
0
0
0
0
0.001078889097990384
0.001088173270109097
0.001204832782998333
0
0.0001440820902993408
0.001242671753302703
0.001731531088266647
0.002056715535303194
0.001836708758290678
0
0.001489176640110264
0.00152781782884232
0.001198233185903959
0.0009027628914672901
0.001144327009197175
0.000718169971594491
0.0009573827069476541
0.00157088920204109
0.001207859462916572
0.001388184636528264
0.001354784306583066
0.001560537223741566
0.0009416916507576947
0.001412149048571712
0.00103945844089127
0.001121816609145283
0.00165296117814771
0.001709394155781783
0
0
0.0009139628340886426
0.00171093879833767
0.001171188911177012
0.0005146370351437383
0.0009292631247249195
0.001671691842080039
0.001707253695278567
0.00162108157505243
0.001633674089418213
0.00152234885688665
0
0.001680645958764351
0.001219227401911504
0.001408634514834317
0.0008907247100104082
0.0009509914275436611
0.0002315248935964982
0.001128945594208965
0.0006826189021240573
0
0
0.0002326113689204478
0.00049005239516041
0.00174776491012448
0.001540763602757389
0.002042523786620203
0.00169299177976083
0.001663451357973772
0.001692693924655353
0
0.001740825444229027
0.001294147588634316
0.001350289784358882
0
0.001220570977368418
6.816614658712358e-06
0.001358208726227083
0.001168150082517541
0
0.001669134218370753
0.001345751584822369
0.00170092492858
0
0.001432326294391489
0.001709727122809256
0.001563908041111048
0.0009989741153254832
0.001645897126667306
0.0009435597591126337
0.001345441513806062
0
0
0.0007280749131904898
0.001623584189208862
0.00167370475829557
0.0002753897097071503
0.001129119093703747
-9.611352126400124e-07
0.000410858162545542
-0.005965108628561012
0
0.001414574352473294
3.04266001398314e-06
0
0.001529112691703845
0
0.001823831956573469
0.00133022284931738
0
0
0.001860385897914335
0.0018475891031974
0.00125883296792595
0.00148228654042834
0.001566631359723655
0.001208431915676179
0
8.857135537757706e-05
0.0005800634468290578
-0.0006645636084409579
0.0009030589455168444
0.0009715259722810008
0.0005961090603798781
0.0008125486771781601
0.0007938654868938758
0.0004392546597512654
-3.277214884527423e-05
4.003341453003058e-05
1.145122690522659e-05
0.0001413389355450117
2.93209060418889e-05
0.000285458160026265
0.0003547807306963939
0.0001340840303057057
0.0005222109164633364
0.000470548291903498
-1.380131035175756e-05
9.013291509372664e-05
0.0002619304118042674
-5.654304112326606e-05
0.000222202753569329
5.161509578004669e-05
9.764320637351378e-05
8.742112788802075e-06
-1.107208990589903e-05
2.575481695570794e-06
0
-0.0002525854503871835
0.001095099380081272
0.000624579075020517
0.001150854554524187
0.001322329428959807
3.933263258851876e-05
-0.0003058469978272954
-6.425356741651805e-05
-0.0002182010502651436
-4.428797706818076e-06
-7.118568117209764e-05
0
-1.198286404988657e-06
0.0004162709564557235
-1.515016214412871e-05
1.678070224471595e-06
2.87430266488168e-06
2.28544731782218e-07
4.077566434241869e-06
-1.007250758517894e-06
2.918772744008542e-05
0.0001773328185728825
2.331632003325256e-06
-2.305186796843334e-05
-1.186918374903923e-06
3.39034571364436e-06
9.418689735053167e-05
-1.529708722509261e-06
0.0008551066117667108
0
1.823557044001465e-06
4.905012986218565e-05
-3.391565293891085e-05
3.632182966088654e-06
1.48966198740467e-05
-5.328227401478097e-07
0
-2.845088158174341e-05
0.0002279186335174127
-7.514889482250222e-06
0.0001189211230007844
0.0005352216953770363
0.001085100789909608
0
6.148917255568417e-05
0.0003529724082403017
0
0
8.286622620654371e-05
1.581297735981718e-05
-0.0001164826718749637
0.0001289176634631359
0.0003179344166719366
0.000287065218160457
0.001008882816918367
0.0003006842148911525
0
0.0003523982018666701
0.000769524612420011
7.3923721967363e-05
0.0003517678549944979
0.000446991864342143
0.000210508144779338
0.0005791922883801145
-0.0003608824780553102
-0.0004545287606791443
0.0003271057717963984
-0.0003014871170058371
0.0007935472054538592
0.000237135680292315
0.0004916507644673807
0.0008157336013155715
0
0.0003690985055294684
0
0.0002097845311625032
0
0.0007059292962720408
0
0.0007214933247271932
-7.458109576958493e-06
0.001499854429383653
0.0002219066533215613
0.001653436982094971
8.659997544807934e-05
0
0.0008750038173110246
0.001023227648095163
0.0001763721629821921
0.000474592713647175
0.001487570498406369
0.0008169620484155825
0.0007133811151476159
0.001434905186463749
0.001667182327834805
0.001749961615698106
0.00174817703812372
0.00179865638475015
0.0008799710749140799
0
-0.000136164969993494
0
-0.0007272495900720035
0.001019130901883247
0.001595419136297005
0.001248202704789242
0.0003528762491593928
0.0008603977773198328
0.001671083186793406
0.001782687548876982
0.001858714489806264
0
0.001594791288876179
0.002060295121432998
0.001593019116276125
0.001489454343880122
0.001275345923663953
0.001541141633136754
0.001794366003218407
0.00139332108018221
0.001422454477287396
0.001807981434210434
0.001823733387004697
0.001043712050476654
0.001708371506808347
0.001800879169710215
0.001790373390510229
0
0.002066873507554364
0.001694741722370561
0
0.0003431026056334426
0.00196315451074265
-0.0006524989969711691
-0.0002535090797811249
0.0004093542559097596
0.0004791791452927779
8.471012989339779e-05
0.0002177489248849434
-3.146956987715642e-05
0.001240735883043516
0.001602818195961491
0.001562190152420327
0.0004430729293051276
0.001778668798379502
0.001272834747623355
0.001805614441434007
0.001852620605738206
0.00226520274874359
0.002026768328546881
0.001564115651609804
0.001284090812541558
0.001798287750729762
0.001798813491415844
0.001802863862239236
0.001802966914652117
0.001789793443729967
0.001795329884851525
0.001788993573254334
0.001808227515517065
0
0.00178049345247361
0
0.00180820712620012
0.001734125456061355
0.001761352749280174
0
0.001797793593314366
0.001766694508767766
0.001686828088692646
0.001649981494750632
0.001675390051003919
0.001791903782131052
0.001195510175440711
0.00175853430281577
0.001396027514531358
0.001713065222564
0.001729056722744705
0.00169617623846919
0.001589410868307699
0.001746322975173775
0.001081810033237921
0
0.001432585971053171
0
0.00152654911544509
0
0.001015785316381179
0.000817386518899513
0.001652614063647556
0.0008017051036845896
0.001720385436550988
-0.0001589464315212821
0.0002221753925970132
0
0
