0
0
0
0
0
0
0
0
0
0.001078931346733552
0.001087920863026373
0.001204731388002543
0
0.0001442254784640877
0.001243229888095391
0.001731577023194824
0.002056741714530634
0.001836752112145391
0
0.001489343671932672
0.001527835208589043
0.001198221618978152
0.0009024503932689979
0.001144239559442138
0.000718285126346504
0.0009570620806159565
0.001570889527627329
0.001207809253715779
0.001388163534344117
0.001354756547889142
0.001560608037002726
0.000941735771277708
0.001412155224473848
0.001039466526528445
0.001121858703637671
0.001652988880158408
0.001709435292330302
0
0
0.0009140070671806539
0.001710983687126504
0.001171192168513219
0.0005147498165823718
0.0009293173161074211
0.001671735614407024
0.001707302802817459
0.001621122272118895
0.001633709139029322
0.001522381804128008
0
0.001680718618654485
0.001219249022095292
0.001408684179139828
0.0008907904538053882
0.0009510606844771441
0.0002316303586941597
0.00112901078529488
0.0006827043870069361
0
0
0.0002326796846511667
0.0004901553103127616
0.001747824990595324
0.001540827043444202
0.00204257441968702
0.001693028722709545
0.00166349225250073
0.001692699369639114
0
0.001740852441756012
0.001294230751674906
0.001350420962760247
0
0.001220609276149816
6.835942960923847e-06
0.00135835040799546
0.001168360722474313
0
0.001669171929348465
0.001345635826829432
0.001700991209678322
0
0.001432381862172549
0.0017097683756738
0.001563940637242949
0.0009990087648053235
0.0016457415777812
0.0009436166537750847
0.001345435704494577
0
0
0.0007280782502252248
0.001623624425282996
0.001673752809513976
0.0002754029263256578
0.001129018696277436
-9.58268184536463e-07
0.0004109337488675599
-0.005965110073910704
0
0.001414566366849738
3.048428736610251e-06
0
0.001529252604760801
0
0.00182400379064963
0.001330299549422252
0
0
0.001860479341279229
0.001847809170238216
0.001259173100597454
0.00148242740469379
0.00156688589005674
0.001208661566110255
0
8.8928478145543e-05
0.0005805759247966752
-0.0006645653940495988
0.0009033840184451322
0.0009716463865653705
0.0005964247252893026
0.0008126977045342053
0.0007941598435382015
0.0004396967322779249
-3.28011302540265e-05
4.044577434086891e-05
1.176682109947238e-05
0.000141870396448769
2.957759317704665e-05
0.0002857211490123346
0.0003551186341597878
0.0001345535354725479
0.000522424601932942
0.0004707091148106109
-1.400410101034709e-05
9.030690665739807e-05
0.000262055315774169
-5.653555672590609e-05
0.0002223958707713469
5.171771785536722e-05
9.797038968091149e-05
8.893038829136661e-06
-1.1060961803024e-05
2.556684930523379e-06
0
-0.0002525853953933048
0.001095454809238918
0.0006250400776652305
0.001151003267633677
0.001322506738413717
3.965891287833439e-05
-0.00030617939958918
-6.424665232473359e-05
-0.0002177609536342269
-3.96278103965453e-06
-7.131678918888051e-05
0
-1.196507224010355e-06
0.0004158118237005057
-1.548580867436679e-05
1.558952696718984e-06
2.995679096877545e-06
1.990391652817269e-07
4.030816327725253e-06
-1.007299559438664e-06
2.926670177220042e-05
0.0001770852163078316
2.177798843620272e-06
-2.302390455072397e-05
-1.009530238112525e-06
3.292628778609487e-06
9.330307672072305e-05
-1.591291164206416e-06
0.0008548162307678754
0
1.819541246105612e-06
4.907989869889145e-05
-3.39124191673953e-05
3.512447239234213e-06
1.484235988207931e-05
-5.333749317885374e-07
0
-2.837568699378196e-05
0.000226325792265045
-7.452934026277699e-06
0.0001189096147564205
0.000535351560810356
0.001084994276600354
0
6.126505116099119e-05
0.000351287105489697
0
0
8.20673951351332e-05
1.591087530186073e-05
-0.0001166193050553696
0.0001287727181881829
0.0003172125676764966
0.0002858322908665498
0.001008675172244993
0.0002995992638271365
0
0.0003521356721467409
0.0007685988343782222
7.392375058701252e-05
0.0003508715686413554
0.0004467188413275603
0.0002095333937718761
0.0005776886053964963
-0.0003611816359650156
-0.0004569721303982049
0.0003269855758166558
-0.0003013303713074588
0.0007933289027250623
0.0002361193197621998
0.0004914475301260983
0.0008156009686168083
0
0.0003688424812240549
0
0.0002091553333191044
0
0.0007052153028311395
0
0.0007214035610594653
-7.565462577900415e-06
0.001499760283556249
0.0002217881502812074
0.001653329602166581
8.659942291415869e-05
0
0.0008749306507216874
0.001023058327445969
0.0001758671239482651
0.0004741474631286601
0.001487430812946447
0.00081674075436466
0.0007132334267288809
0.001434761542398804
0.001667073650773767
0.001749890528166718
0.001748088011393144
0.00179856876628394
0.0008796679097848432
0
-0.0001361724911524609
0
-0.0007303477909218313
0.001018946153500957
0.001595305859281736
0.001248189815043496
0.0003527284938601501
0.0008602304260428686
0.001670981997665556
0.001782615705571328
0.001858616364267783
0
0.001594639972018115
0.002060180812993228
0.001592906615079653
0.001489328612177196
0.001275174968257879
0.001541020513042078
0.001794280229174889
0.001393210579383328
0.001422327562194516
0.001807964124116565
0.001823653594589341
0.001043447082611826
0.00170829161967253
0.001800809920236727
0.001790290563763325
0
0.002066781788011632
0.001694668678266962
0
0.0003428701917121636
0.001963276305914952
-0.0006531457946756087
-0.000253805604382819
0.000410200624395783
0.0004791039912499244
8.529143222234295e-05
0.0002173123517972994
-3.159180553733249e-05
0.001240468290013797
0.001602752102762135
0.001562192808617978
0.0004420144815946157
0.001778569552322101
0.001272747715892432
0.001805538304056045
0.001852530199771956
0.002265075593394235
0.002026572233735507
0.001563993224534847
0.001283929916052724
0.001798212003808385
0.001798728457882516
0.001802781372729188
0.00180289318331401
0.001789708976343281
0.001795248062975924
0.001788916870049598
0.001808149392263143
0
0.001780419856727645
0
0.001808124053746839
0.001734036852318817
0.00176128805002657
0
0.001797708948324707
0.001766628674025817
0.001686785664647771
0.001649960104553138
0.001674984349185998
0.001791830087913666
0.001195450837355235
0.001758467407755503
0.001395947504315775
0.001713011908547691
0.001728986158492324
0.001696123372483089
0.001589350433370205
0.001746281836288219
0.001081801281900778
0
0.001432488212458436
0
0.001526483999358879
0
0.001015663514509673
0.0008173012377312744
0.001652509956029626
0.0008016339696111652
0.001720326985030907
-0.0001589465022824732
0.0002218676287966269
0
0
