0
0
0
0
0
0
0
0
0
0.00107902588391275
0.001087491119460772
0.001204566044174664
0
0.0001444193292436522
0.001244158231517965
0.001731668783639071
0.002056803241095976
0.001836842044123688
0
0.001489645262225773
0.001527873301138529
0.001198217455917116
0.0009019168508235538
0.001144105062595292
0.0007185167864699276
0.0009565256473650409
0.001570901297966332
0.001207737866093934
0.001388139807325423
0.001354721576148395
0.001560741822078945
0.0009418369730945055
0.00141217755288053
0.001039502105276229
0.001121950925554388
0.001653048241260166
0.001709519217713437
0
0
0.0009141093500702646
0.001711073529504154
0.001171215447380544
0.0005149749848860799
0.0009294359186189927
0.001671822758572313
0.001707400040972585
0.001621202257150651
0.001633780759559131
0.00152244853642375
0
0.001680853511362772
0.001219302721836288
0.001408782149814048
0.0008909246727505919
0.0009511904556906803
0.0002318192345251296
0.001129137290198304
0.0006828725384911472
0
0
0.0002328194013339466
0.0004903589851023481
0.001747940332481823
0.001540948105346403
0.002042675189640086
0.001693105370916417
0.00166357393500406
0.001692720106893381
0
0.001740911455878207
0.001294387836177679
0.00135066104188588
0
0.001220694297044376
6.760011037741669e-06
0.001358601160430461
0.001168676599787216
0
0.001669249907779049
0.001345453991734126
0.001701117496171838
0
0.001432487251148454
0.001709852212275334
0.001564009130612297
0.0009990748264474337
0.001645497219871951
0.0009437139906373986
0.001345425958575273
0
0
0.0007280837833960442
0.001623701417976594
0.001673847579594422
0.0002754318497762815
0.001128862546246665
-9.572579180979796e-07
0.0004110575353086591
-0.005965112421102676
0
0.001414549872008664
3.067638043717e-06
0
0.001529507941641549
0
0.001824310336596655
0.001330448596633424
0
0
0.001860654433807282
0.001848196039213679
0.001259747781272487
0.001482677551615439
0.00156732422019468
0.001209046148623816
0
8.951757929077148e-05
0.0005814261004706113
-0.0006645686903501277
0.0009039372922587308
0.0009718777722432578
0.0005969532195299851
0.000812981154143133
0.0007946638591187583
0.000440423398420655
-3.285785150039083e-05
4.113409254536048e-05
1.22786365190335e-05
0.0001426877965247762
2.996170855235707e-05
0.0002861476703607712
0.0003556593211371012
0.000135233530825101
0.0005228007905861674
0.0004710048343280995
-1.433655615858525e-05
9.05693828749199e-05
0.0002622817016536979
-5.652273673926236e-05
0.0002227169429157576
5.186328020275126e-05
9.843407856103769e-05
9.107665368652884e-06
-1.104234750915788e-05
2.537126832262874e-06
0
-0.00025258529833767
0.001096056290763914
0.0006258168571117713
0.001151274499998663
0.001322817327268636
4.03177622495946e-05
-0.000306754252284472
-6.423525664051839e-05
-0.0002170161173741649
-3.21885863649162e-06
-7.15394371308711e-05
0
-1.193958998368561e-06
0.000414938922527652
-1.605043111198419e-05
1.358399789507439e-06
3.177118060016665e-06
1.523115153882898e-07
3.984942225264803e-06
-1.007257476312718e-06
2.953686159548832e-05
0.0001765842501757978
2.057621700351969e-06
-2.297771806297754e-05
-8.73748920570121e-07
3.196206069501407e-06
9.188437107337673e-05
-1.628818883803092e-06
0.0008542564564779652
0
1.820452603389504e-06
4.90797179955845e-05
-3.390567776646284e-05
3.320934638971318e-06
1.475307424620475e-05
-5.361634864743539e-07
0
-2.824716049128666e-05
0.0002237226927849537
-7.365341965394617e-06
0.0001188904677734023
0.0005355899123834483
0.001084786313014598
0
6.087156244062787e-05
0.0003484352864821653
0
0
8.085089718729947e-05
1.592908280981408e-05
-0.0001168525007046232
0.0001285325755647253
0.0003158538311505704
0.000283749741630836
0.001008268102563715
0.0002976902890444912
0
0.0003515822917533269
0.0007669823292952816
7.3923804338331e-05
0.0003493468756683374
0.000446160531419826
0.0002078378497837656
0.0005751239475820206
-0.0003616937698594844
-0.0004609977407475597
0.0003267783539144789
-0.0003010227338216286
0.0007928912014125874
0.0002343421212192445
0.0004910141844610548
0.0008153239901101818
0
0.0003683268293510832
0
0.0002080371645720522
0
0.0007039344709824939
0
0.0007212537326818424
-7.810311971195198e-06
0.001499575521886915
0.0002215253424451951
0.001653127073336643
8.659852474014698e-05
0
0.0008747739417475718
0.001022719929875006
0.0001748870642803332
0.0004732982326696446
0.001487155806475085
0.0008163171041337265
0.0007129454469669066
0.001434481063691245
0.001666866021291504
0.001749751161413746
0.001747910138350049
0.001798412469425684
0.0008790935362540898
0
-0.0001361850947776058
0
-0.0007354279354186689
0.0010185792021876
0.001595091025325869
0.001248122609883874
0.0003523998380895839
0.0008598904193743021
0.001670791424164113
0.001782477260897761
0.001858446704504915
0
0.001594447384966133
0.00205997776352237
0.001592697406852921
0.001489087518944985
0.00127484495711468
0.001540788288141596
0.001794127787324257
0.001392994172090064
0.0014220812415296
0.001807925778238749
0.001823509871202594
0.001042941954042875
0.00170814985589174
0.001800683334328716
0.00179014172103376
0
0.002066620375860426
0.00169453099617543
0
0.0003424980361812611
0.001963499137627349
-0.0006542274192160552
-0.00025430791958915
0.0004116536816997795
0.0004789733493007959
8.636412588831881e-05
0.0002167275809316062
-3.178624791355513e-05
0.001239879862321938
0.001602636083898607
0.001562196118862929
0.0004402120897372719
0.001778383397633427
0.001272569261957401
0.001805393771409868
0.00185236536187706
0.002264843374565729
0.002026249311654483
0.001563758760740285
0.001283616972720313
0.001798076075407058
0.001798573888806802
0.001802633254520783
0.001802760046601849
0.001789552732679181
0.001795100568521724
0.00178877814831526
0.001808008914659036
0
0.001780288980156639
0
0.001807976154452898
0.001733883504387184
0.001761170296145339
0
0.001797553927545814
0.001766502649407535
0.001686710388049452
0.001649923046347353
0.001674327109862943
0.00179169758090259
0.001195322507679039
0.00175834851804405
0.00139579124280943
0.001712917702448816
0.001728864047630117
0.001696028651699227
0.001589241802571116
0.001746209301200447
0.001081765754112712
0
0.001432314553310017
0
0.001526351330891716
0
0.001015446472455374
0.0008171429546758736
0.001652329789598128
0.00080148760925415
0.001720220543536559
-0.0001589466187411433
0.0002213559675815142
0
0
