0
0
0
0
0
0
0
0
0
0.00107897264942031
0.001087677627122418
0.001204633473515837
0
0.0001443130231717892
0.001243725514401387
0.001731620477859515
0.002056767963165878
0.001836793943847304
0
0.001489497902499814
0.001527848830998767
0.001198211979786878
0.0009021519435677781
0.00114415978306583
0.0007184032481200215
0.0009567664266376081
0.001570889069572482
0.001207763363805202
0.001388143826968517
0.001354730496064691
0.00156067332609751
0.0009417811306370466
0.001412160437716746
0.001039476644657317
0.001121901209752641
0.001653014613721854
0.001709474563367283
0
0
0.0009140536712795312
0.001711026081164447
0.001171196720951516
0.0005148659569635654
0.000929373726668153
0.00167177649201708
0.001707349265358948
0.001621159126135035
0.001633741598775119
0.00152241138676374
0
0.001680785181129843
0.001219270547330411
0.00140873066562512
0.0008908567007309916
0.0009511247835117149
0.0002317224607790231
0.001129073117658105
0.0006827882013916069
0
0
0.0002327479153363125
0.0004902581105360953
0.001747880794589776
0.001540886300417211
0.002042621255409982
0.00169306373956252
0.001663530106198585
0.001692702948235626
0
0.001740878024398689
0.00129430834697782
0.001350539644951867
0
0.001220645941837962
6.795547239352128e-06
0.001358479693330599
0.001168524384638795
0
0.001669207928686313
0.001345533334554317
0.001701053105180486
0
0.001432434313844584
0.001709807725401525
0.001563970834151798
0.0009990389337172021
0.001645602091029912
0.0009436677694857559
0.001345430421253552
0
0
0.0007280812602198533
0.001623661552872621
0.001673798175752192
0.0002754153895840213
0.001128927526386735
-9.566983800330268e-07
0.0004109954322692401
-0.005965111359607916
0
0.001414555009430141
3.057401535715664e-06
0
0.001529381146244961
0
0.001824158826529782
0.001330371057274181
0
0
0.001860562836261323
0.00184800412416619
0.001259464574875941
0.001482549935932906
0.001567106996625224
0.001208854231468799
0
8.923761784140075e-05
0.0005810163939666994
-0.0006645671270595406
0.0009036750225638152
0.0009717618072726459
0.0005967148520993192
0.0008128433896297493
0.000794429557526357
0.0004400876963239407
-3.283068439062316e-05
4.081470406785154e-05
1.203729162955731e-05
0.0001423227694097796
2.979542612345414e-05
0.0002859634804262251
0.0003554225085520753
0.0001349640656488999
0.0005226292267807423
0.0004708691766481262
-1.418585615379864e-05
9.046980266559267e-05
0.0002621845463221924
-5.65286389235079e-05
0.0002225814129713723
5.181537086814478e-05
9.825449845544537e-05
9.01205073439417e-06
-1.105072630858973e-05
2.544166303945662e-06
0
-0.0002525853638444334
0.001095764419754705
0.000625449857383117
0.001151138490104148
0.001322660652069023
4.004354616122455e-05
-0.0003064881150861758
-6.424039192782674e-05
-0.0002173781394191248
-3.54286113073081e-06
-7.143706120738039e-05
0
-1.194805865403981e-06
0.0004153229517817274
-1.579185580688586e-05
1.450134412669668e-06
3.089484578898539e-06
1.733726817529866e-07
4.00433443001407e-06
-1.007274789374431e-06
2.944473754450077e-05
0.0001767951578933816
2.098931469584061e-06
-2.299876746725708e-05
-9.225194813649765e-07
3.233073874791047e-06
9.251945228902073e-05
-1.614723337681191e-06
0.0008545196832371878
0
1.817740986317227e-06
4.907632699283299e-05
-3.39087979002315e-05
3.414800693406524e-06
1.479530216907945e-05
-5.344166689633082e-07
0
-2.830625080416844e-05
0.0002248944319206203
-7.407969854261198e-06
0.0001188992178361371
0.0005354199695023081
0.001084848250198626
0
6.105507241543941e-05
0.0003497263473186757
0
0
8.139888108238096e-05
1.591814374885502e-05
-0.0001167453705056272
0.0001286420361439499
0.0003164672271108014
0.0002846943260949283
0.001008475924977549
0.0002985553966656782
0
0.0003518445803800286
0.0007677289199121234
7.392377666018182e-05
0.0003500406665112959
0.0004464224762862309
0.0002086128080659797
0.000576292864360228
-0.000361457334924585
-0.0004591818931925167
0.0003268740592147063
-0.000301189081163339
0.0007931117861048103
0.0002351524160076201
0.0004912281616427807
0.0008154781688005064
0
0.0003685757567992382
0
0.0002085533736731875
0
0.0007045345695487325
0
0.000721322206023511
-7.69027876600976e-06
0.00149969402369877
0.0002216527749313994
0.001653255683854153
8.659896945928997e-05
0
0.0008748662588216745
0.001022905894845076
0.0001753264050791893
0.000473679493929756
0.001487288754054552
0.0008164958002893312
0.0007130503682772812
0.001434601936332642
0.001666970105514088
0.001749847290501025
0.001748015433984245
0.001798522949664257
0.0008793506475540198
0
-0.0001361793446146298
0
-0.0007331486148472149
0.001018776263657099
0.001595225425593411
0.001248187770588889
0.00035256606953686
0.0008600744395372529
0.001670912318985442
0.001782573395395756
0.001858566707026454
0
0.001594590816637303
0.002060122568149513
0.001592830776914024
0.001489233318004553
0.00127501902539503
0.001540917576249323
0.001794233969429568
0.001393128051670401
0.001422229363905646
0.001807976509482205
0.001823610480385017
0.001043178187323322
0.001708250264750598
0.001800773664527611
0.001790244619310618
0
0.002066730620951243
0.001694629137632162
0
0.0003426635898956899
0.001963387408164766
-0.0006537324433843774
-0.0002540768664680587
0.0004109918456140899
0.0004790333374696151
8.58995278685799e-05
0.0002169944060545827
-3.169622050289158e-05
0.001240176960196522
0.001602673086477393
0.001562194683232966
0.0004410332412997856
0.001778504947035366
0.001272681617441725
0.001805494616819624
0.001852477209583994
0.002264996516827871
0.002026449557469106
0.001563899655464786
0.001283791181588623
0.001798170945947143
0.001798680316220449
0.001802736276493909
0.001802853375204621
0.001789660239395394
0.001795204827536158
0.00178887474235634
0.001808106622401631
0
0.001780379990074712
0
0.00180807718857004
0.001733985352430816
0.001761254099954513
0
0.001797660249713767
0.001766591385347929
0.001686771787547434
0.001649968816318217
0.001674656188049006
0.001791790292022554
0.001195407074944113
0.001758432864342297
0.001395889924649272
0.001712989186956945
0.001728949397599626
0.001696100034720258
0.001589317523048141
0.001746271353695201
0.001081799795883165
0
0.001432414939341606
0
0.001526441798095256
0
0.001015559459992474
0.0008172448194845881
0.001652450790127287
0.0008015738414643197
0.001720298105776568
-0.0001589465660775623
0.0002215895267556632
0
0
