0
0
0
0
0
0
0
0
0
0.001079034915119164
0.001086908013815717
0.001204322434119298
0
0.0001446130121384236
0.0012452582115199
0.001731736387786239
0.002056828462128383
0.001836901813615423
0
0.001489926993830704
0.001527874829743818
0.001198140712019808
0.0009012187353395377
0.001143875747133747
0.0007186849236208074
0.0009558330541004376
0.001570870417968849
0.001207585495903007
0.001388055858911685
0.00135462373268682
0.001560861753423532
0.0009418543478019643
0.001412149094174638
0.001039453180683092
0.001121994083306637
0.001653076386712496
0.001709577416458536
0
0
0.0009141372976518576
0.00171113886720823
0.001171168609102801
0.0005151600200330727
0.000929493581714951
0.001671884470003764
0.001707474242929593
0.00162125624927566
0.001633822636670744
0.001522478720389391
0
0.001680972430762281
0.001219300762118215
0.001408848295170873
0.0008910196289097804
0.000951306348450102
0.0002320185506630316
0.00112923767830491
0.0006830182747381977
0
0
0.0002330290744200647
0.0004905381952118396
0.001748032561882664
0.001541048640901659
0.002042742500951866
0.001693153934222739
0.001663630316820413
0.001692695503063051
0
0.001740937973151142
0.001294507461567014
0.00135084066128017
0
0.001220703556675381
6.697397515413108e-06
0.001358879233647541
0.001169044355062557
0
0.001669301638727283
0.001345194268304831
0.00170122715335587
0
0.001432583702226209
0.001709910679847402
0.001564047927674766
0.0009991204069153814
0.001645150731441621
0.00094380798964274
0.001345413875446596
0
0
0.0007280905468307041
0.001623759711172362
0.001673920697373022
0.0002754478184990253
0.001128604677118656
-9.607504795926292e-07
0.0004111935130957974
-0.005965115192051151
0
0.00141450515422676
3.085128756636636e-06
0
0.001529725627534598
0
0.00182459409845518
0.001330539765532031
0
0
0.001860777650570251
0.001848569293570205
0.001260360671878737
0.001482881678528276
0.001567772059966055
0.001209441472441452
0
9.028589900542552e-05
0.0005824506628142025
-0.0006645738858816404
0.0009044832210197036
0.0009720211436641645
0.0005974478499445734
0.0008131872657345674
0.00079513363684667
0.0004412362550120707
-3.293937188056329e-05
4.201640423331977e-05
1.296496850043245e-05
0.0001436660375924365
3.034715252227248e-05
0.0002865311578213443
0.0003561917636728429
0.0001358670646514084
0.0005231238064928583
0.0004712512797844945
-1.472904060292786e-05
9.079170339630449e-05
0.000262468568380213
-5.650651671099783e-05
0.000222988176678529
5.195347138486799e-05
9.88333884886451e-05
9.319262450652965e-06
-1.102316657631654e-05
2.528114249033499e-06
0
-0.0002525828678235382
0.001096685238198218
0.0006266839524323971
0.001151470827511473
0.001323080148204503
4.094241295084328e-05
-0.0003074998623634271
-6.422178348418192e-05
-0.0002161504149384023
-2.416241628291526e-06
-7.182060202430583e-05
0
-1.189771899828515e-06
0.0004139634225378153
-1.674933078611746e-05
1.113170401181117e-06
3.385789702029876e-06
9.711010646343317e-08
3.975630130624054e-06
-1.007176850313724e-06
2.96595280360916e-05
0.0001759768025391971
1.990063128991818e-06
-2.291862251903207e-05
-8.027355540903867e-07
3.140230430951539e-06
9.027669326670143e-05
-1.651401771374211e-06
0.0008537363775616109
0
1.831847910121537e-06
4.907170994783181e-05
-3.389702310951275e-05
3.108898870004584e-06
1.475789987821337e-05
-5.393531192715282e-07
0
-2.834465681784744e-05
0.0002207410851658117
-7.224627228373383e-06
0.0001188668024186721
0.0005356962314487995
0.001084490274212358
0
6.045474202587501e-05
0.0003451612806436205
0
0
7.950062939967014e-05
1.59391448466196e-05
-0.0001171426858387949
0.0001282408306615978
0.0003143420147146244
0.0002813808130213667
0.001007971965308744
0.000295552789066009
0
0.0003511292042805558
0.0007652819633439752
7.392386520071453e-05
0.0003475633845847659
0.0004456606679127732
0.0002059997343408661
0.0005722072540886987
-0.0003620868105456517
-0.0004659172450345217
0.0003265122542073224
-0.00030079648738222
0.0007925685391175746
0.000232421730162443
0.0004907058926491818
0.0008151869256324887
0
0.000367913974459908
0
0.0002068724523566863
0
0.0007026815831459297
0
0.0007210688228251454
-7.97568568262042e-06
0.001499542012716638
0.0002213581595656684
0.001653084136987194
8.659722585750796e-05
0
0.0008747264730929987
0.00102253071628896
0.0001737567335879301
0.000472389253094436
0.001486948266355628
0.0008158422497663392
0.0007125726630206775
0.001434214683759477
0.001666735976390394
0.001749767348055475
0.001747864161775347
0.001798422962715357
0.0008784949532870606
0
-0.000136200532055485
0
-0.0007418690329948179
0.001018355610852726
0.001595033508612424
0.001248214980130049
0.0003521987410074811
0.0008596949627171631
0.001670754770026943
0.001782486817147458
0.00185845149565507
0
0.001594404585191216
0.002059990418934251
0.001592635909748301
0.001489003026475688
0.001274630531689271
0.001540675199916035
0.001794132994664973
0.001392927240448129
0.001421987796146263
0.001808055228134639
0.001823524327607518
0.001042470049043112
0.001708162316595855
0.001800707150861599
0.001790149059114444
0
0.002066616299295001
0.001694530327977192
0
0.0003420143795232261
0.001963688034707786
-0.0006555677402394322
-0.000254946798115179
0.0004134277824915266
0.000478800117561755
8.751655814067534e-05
0.0002159998912580972
-3.193951326167876e-05
0.001239591951039448
0.001602501138405317
0.001562199420490474
0.0004381574492530359
0.001778356766975582
0.001272530181776659
0.001805412298727828
0.001852356462775526
0.002264809788810975
0.002026092262498123
0.001563677717577826
0.001283448901671311
0.001798084944581798
0.001798576633565744
0.001802639884906239
0.001802770820189309
0.001789556033705965
0.001795114715501412
0.001788787020168027
0.001808015841765055
0
0.001780295893437614
0
0.001807973330199164
0.001733859264212413
0.001761187331740676
0
0.001797555173389651
0.001766513876564827
0.001686766215075423
0.001650033824819078
0.001673660213280828
0.001791707899490539
0.001195288362937141
0.001758364475989271
0.001395739192815303
0.001712955539926499
0.001728872062949155
0.001696063900424539
0.001589249889528419
0.001746277005829395
0.001081830429002731
0
0.001432218409812837
0
0.0015263359517413
0
0.001015257535594737
0.0008170895421693393
0.001652299420052328
0.0008014014043065163
0.001720244478097802
-0.0001589467623643586
0.0002207285537882197
0
0
