0
0
0
0
0
0
0
0
0
0.001079042538550381
0.001087263591855912
0.001204472276296841
0
0.0001445007749923142
0.001244601955681399
0.001731700274695812
0.002056818141515795
0.001836870985839112
0
0.001489766316855469
0.001527878614047865
0.001198194429328319
0.0009016420647031903
0.001144020601085737
0.0007185990633085152
0.00095625311698
0.001570893517564767
0.001207684509823102
0.001388112370030486
0.001354688265359571
0.001560792922408015
0.0009418576877957211
0.001412172482968394
0.001039494228860016
0.001121977160630623
0.001653064165144099
0.001709546909654833
0
0
0.0009141335240823984
0.00171110405089839
0.001171206095224163
0.0005150626577533836
0.0009294708467890118
0.001671852005132307
0.001707434182166855
0.001621228570965376
0.001633802208343351
0.001522466468262664
0
0.001680905820199561
0.001219310377411793
0.001408815025169933
0.0008909720102083654
0.0009512418380402845
0.0002319098392200345
0.001129184093254398
0.0006829377501261336
0
0
0.0002328980736407537
0.0004904420120437391
0.001747982329701664
0.0015409934740673
0.002042707826346083
0.001693129123562493
0.001663600962406874
0.001692715202107188
0
0.001740926340377278
0.001294443103642175
0.00135074507688169
0
0.001220708953912292
6.731274433561864e-06
0.001358715656221013
0.001168826652394959
0
0.001669275033079415
0.001345353252206309
0.00170116591996328
0
0.001432528855467708
0.00170988008899125
0.00156402915792733
0.0009990972898684177
0.001645362656342361
0.0009437539627867715
0.001345421137439487
0
0
0.0007280864924567298
0.001623729120508939
0.001673881230132439
0.0002754385085351008
0.001128766793585469
-9.584758582851137e-07
0.0004111139600984525
-0.005965113543396236
0
0.001414534577954362
3.076108592730569e-06
0
0.001529604363546854
0
0.00182443287418777
0.001330494820675345
0
0
0.001860712034060146
0.001848356432911612
0.001260009748774374
0.001482769907074314
0.001567516238745996
0.00120922603312573
0
8.984392914941938e-05
0.0005818607803644406
-0.0006645706146163117
0.0009041713516405519
0.0009719510921767919
0.0005971669636964336
0.000813079840885389
0.000794867289711727
0.0004407643963079548
-3.288876287768476e-05
4.151307294291257e-05
1.257794066316101e-05
0.0001431142645442143
3.01389467315987e-05
0.0002863179499884882
0.0003558905692173569
0.0001355218574684988
0.0005229461888791204
0.0004711191189600334
-1.449582495782548e-05
9.067970856338154e-05
0.0002623722008764364
-5.651631105479968e-05
0.0002228429835267449
5.19162651388112e-05
9.861706987192717e-05
9.201441943585772e-06
-1.103393906718007e-05
2.532058587113403e-06
0
-0.0002525848259461387
0.001096323417243559
0.0006261746232362692
0.00115136782086774
0.001322935703317977
4.058186944660443e-05
-0.0003070471501019987
-6.42298366138122e-05
-0.000216732708620435
-2.795520442604592e-06
-7.165079059569664e-05
0
-1.192246048037606e-06
0.0004145412285154544
-1.633035498363657e-05
1.259436626900517e-06
3.226273384229962e-06
1.300404697009758e-07
3.976241103462017e-06
-1.007224394306262e-06
2.961882519291683e-05
0.0001763307634503728
2.02673515771143e-06
-2.295449786379849e-05
-8.363515768323206e-07
3.167340949467889e-06
9.125031660183211e-05
-1.64018427365073e-06
0.0008540491212417012
0
1.824721792503236e-06
4.907270234954455e-05
-3.390226260590079e-05
3.227503095189511e-06
1.474814176518834e-05
-5.37686350540589e-07
0
-2.827276599714717e-05
0.0002225488097153253
-7.308366700656329e-06
0.0001188810153127375
0.0005355795666573739
0.00108463503092271
0
6.070547478140067e-05
0.0003471435779436191
0
0
8.031080101398729e-05
1.593085365103679e-05
-0.0001169674289172303
0.000128415208408086
0.0003152519593326702
0.000282818146862723
0.00100815800898763
0.0002968449811421488
0
0.0003514016139664122
0.0007663192252801639
7.392382778571434e-05
0.0003486419445802421
0.0004459601211844504
0.0002071123425731524
0.0005739780668948832
-0.0003618604450874263
-0.0004629698824703781
0.0003266732090861765
-0.000300924414633298
0.0007927694962609216
0.0002335827899994276
0.0004908957999170398
0.000815278615205488
0
0.0003681665074275444
0
0.0002075799731810619
0
0.0007034481261523321
0
0.0007211799091802094
-7.875987603935393e-06
0.001499576672065102
0.0002214615754879782
0.001653126503639338
8.659798638648281e-05
0
0.0008747627770073419
0.001022656216322416
0.0001744390712271121
0.0004729307795740737
0.001487071662199955
0.000816111828232104
0.0007127680042735601
0.001434362520601723
0.0016668127051235
0.001749773363408772
0.001747901293776722
0.001798435983269173
0.0008788470195045361
0
-0.000136191285205547
0
-0.0007380034740831864
0.001018501353538622
0.001595084159823655
0.001248167414466803
0.0003523229140315076
0.0008598225642583702
0.001670792106470249
0.001782496449828426
0.001858469906261799
0
0.001594456606478189
0.002060009416799878
0.001592688352643558
0.001489069270812454
0.00127476867172092
0.001540752337309159
0.001794147662835415
0.001392981549040603
0.001422058489115672
0.001807992947259212
0.001823532760387877
0.00104275190467388
0.001708171920391526
0.001800708437160153
0.001790161674012313
0
0.002066635164733873
0.001694544287811894
0
0.0003423049730020338
0.001963582785533369
-0.000654761706546897
-0.0002545612497818158
0.000412375253879062
0.0004789054494099469
8.682732749339479e-05
0.0002164460954820734
-3.18539071774251e-05
0.001239777791592362
0.001602566233494281
0.001562197525691122
0.0004393992728518721
0.00177838890283972
0.001272565560279782
0.001805417843822622
0.001852378630417295
0.002264850720055442
0.002026208693803164
0.001563740904009676
0.00128356276214491
0.001798094789276466
0.001798592341684156
0.00180265300967069
0.001802779346054736
0.001789571745824709
0.001795124207183705
0.001788797390492017
0.001808027402189431
0
0.001780305867294474
0
0.00180799059333597
0.00173388662434858
0.001761190113663378
0
0.00179757152559454
0.001766520565566479
0.001686744711633335
0.001649980238029166
0.001674076158481613
0.001791716487453504
0.001195318959240654
0.001758368211134964
0.001395780666430991
0.001712945270915992
0.001728880535163615
0.001696054844544208
0.001589256072907672
0.00174624944687627
0.0010817989113886
0
0.001432285042679967
0
0.001526356361820475
0
0.001015376587804047
0.0008171366998699861
0.001652336757251546
0.0008014594781778728
0.001720242327351533
-0.0001589466753632742
0.0002211048614054248
0
0
