0
0
0
0
0
0
0
0
0
0.001078922474700361
0.001087970511386903
0.001204750307949317
0
0.0001441989470759623
0.001243119920107384
0.001731566962778054
0.002056735380389966
0.001836742349955713
0
0.001489310615842948
0.001527830696757545
0.001198223835092924
0.0009025115314005868
0.001144256453675935
0.0007182624508323656
0.0009571248332929836
0.001570888584012525
0.001207818326440813
0.001388166582837491
0.001354761355016172
0.001560595055348508
0.0009417264511262959
0.001412152500454303
0.001039464175423282
0.00112184972834133
0.001652982714055869
0.001709426163245707
0
0
0.0009139975642536782
0.001710973855616358
0.001171190376099858
0.0005147273067758266
0.0009293059377139878
0.001671726389871901
0.001707292166056431
0.001621113410699593
0.001633701307353814
0.001522373918869958
0
0.001680703764978164
0.001219243585381486
0.001408673818064656
0.000890777332647896
0.0009510477835864
0.0002316084460978725
0.001128997994948681
0.0006826871314829401
0
0
0.0002326646357138373
0.0004901344685937867
0.001747812462442348
0.001540814226486256
0.002042563892007868
0.00169302082979955
0.001663482543014997
0.001692698646949025
0
0.001740846467952596
0.001294214234186962
0.001350394945890528
0
0.001220601255595955
6.847516057347247e-06
0.001358323892828532
0.001168318633110073
0
0.001669163280036411
0.001345658299840159
0.001700977197986189
0
0.001432369848596246
0.001709759244551451
0.001563932274173082
0.0009989989218886488
0.001645771273131029
0.0009436039073933555
0.001345436846772594
0
0
0.0007280775965668247
0.001623614199388632
0.001673741902321929
0.0002754016119302171
0.00112903854576758
-9.587373045414161e-07
0.0004109184027948695
-0.005965109792900917
0
0.001414566062220763
3.046858932121847e-06
0
0.001529224823199703
0
0.001823969770645586
0.001330284162689871
0
0
0.001860461176689705
0.001847766306233307
0.00125910892399027
0.001482399343909256
0.001566837354791365
0.001208623158635851
0
8.885849946362626e-05
0.0005804839751255512
-0.0006645650424664789
0.0009033220029295992
0.0009716229135939595
0.0005963642286510817
0.0008126689195242504
0.0007941035480272693
0.0004396135281676391
-3.279487150642088e-05
4.037654565842746e-05
1.170781910115418e-05
0.0001417784443303674
2.954467624857152e-05
0.0002856710947887467
0.0003550548926923616
0.0001344842618817462
0.0005223839233486007
0.0004706789492349314
-1.396444704814664e-05
9.028776056119799e-05
0.0002620322312706678
-5.653703827009576e-05
0.0002223622487495943
5.170350376831058e-05
9.792171000241806e-05
8.866278167243393e-06
-1.10631569191423e-05
2.559993510069891e-06
0
-0.0002525854113495696
0.001095387084141639
0.0006249514809194952
0.001150974232499568
0.00132247197401744
3.961321025545748e-05
-0.0003061134884902681
-6.424800983954874e-05
-0.0002178442142378332
-4.025162476465403e-06
-7.129091102834509e-05
0
-1.196776958892253e-06
0.0004158977884363319
-1.541958595629381e-05
1.582521591852618e-06
2.964702855617313e-06
2.047129854515423e-07
4.037304157994739e-06
-1.007288119691942e-06
2.926718063361078e-05
0.0001771227548470145
2.200640616437425e-06
-2.302937010380698e-05
-1.035617035199196e-06
3.308750646412768e-06
9.347481349039632e-05
-1.58355633481853e-06
0.000854877466285437
0
1.820338970472841e-06
4.908622229753615e-05
-3.391316180123237e-05
3.531450684260758e-06
1.485251614836002e-05
-5.333010851246636e-07
0
-2.83906265410402e-05
0.0002266395932854643
-7.463841848471463e-06
0.0001189118715133075
0.0005353063484656461
0.001085002668865396
0
6.131047620419466e-05
0.0003516275153621072
0
0
8.222096270134319e-05
1.591237519884197e-05
-0.000116592265574033
0.0001288011254263578
0.0003173617448465483
0.0002860835498133158
0.001008724568561827
0.0002998209879394665
0
0.0003521941999453864
0.000768796694475374
7.392374413497845e-05
0.0003510560359596772
0.0004467775067647277
0.0002097338946315336
0.0005779984574016652
-0.0003611225530273577
-0.0004564975970168176
0.0003270093737277815
-0.0003013613679364904
0.0007933806137864722
0.0002363277132467021
0.0004914961418600806
0.0008156375030804687
0
0.0003689017855952403
0
0.0002092877747819444
0
0.0007053717796653835
0
0.0007214211899400132
-7.539068262004332e-06
0.00149979032272043
0.0002218189148264628
0.001653362841651384
8.65995230012091e-05
0
0.0008749532892987556
0.001023102615640907
0.0001759714345938964
0.0004742347710037956
0.00148746351935344
0.0008167786600561376
0.0007132525781750695
0.001434788547416294
0.001667098325245437
0.001749918186195213
0.001748116891051501
0.001798598986398587
0.000879726085181782
0
-0.000136171010889434
0
-0.0007297466518349475
0.001018993304197115
0.001595340071299094
0.001248200733713276
0.0003527660331137128
0.0008602742726093892
0.001671013378705147
0.001782641264791583
0.001858649045027569
0
0.001594668876549797
0.002060220367860676
0.00159293957431565
0.001489364808863687
0.001275217621040837
0.001541053226256294
0.001794309415485643
0.001393243790765362
0.001422364148577949
0.001807979523275164
0.001823680663307943
0.00104350232987066
0.001708317796434769
0.001800835128526173
0.001790317827170604
0
0.002066813037768774
0.00169470057179069
0
0.0003429199865977667
0.001963252476738834
-0.00065301883910956
-0.0002537471707883554
0.0004100499443972496
0.0004791188152436004
8.52115092926236e-05
0.0002173971496533538
-3.156974858369703e-05
0.001240541178540569
0.001602758020439535
0.001562192345431756
0.0004422327387616724
0.001778601122618093
0.001272775477840355
0.001805565279908829
0.001852561104278918
0.002265114959173465
0.002026622120713766
0.001564028575599009
0.001283972473458023
0.001798238727630443
0.001798757857801668
0.001802810171537416
0.001802920178854899
0.001789738614430212
0.001795276810186257
0.001788943802931565
0.001808177006648416
0
0.001780445637394217
0
0.001808152155806592
0.00173406514339548
0.001761312405752993
0
0.001797738496504935
0.001766653643065402
0.001686803167045894
0.001649971955957093
0.001675069990218192
0.001791856265381891
0.001195472715959716
0.00175849123438313
0.00139597574116632
0.001713032126519169
0.001729010494993857
0.001696143513867719
0.001589371297367212
0.001746299324530738
0.001081808737233876
0
0.001432515094989694
0
0.001526510325117497
0
0.001015694425768989
0.0008173225902920839
0.001652540517221175
0.0008016583880879546
0.001720349123720576
-0.0001589464885014325
0.0002219279656672177
0
0
