0
0
0
0
0
0
0
0
0
0.001079023127058874
0.001086787595788919
0.00120426929089978
0
0.0001446580894437904
0.00124547595317437
0.001731742973737039
0.002056825587511717
0.001836905805225048
0
0.001489975012420531
0.001527868994519378
0.001198116108554808
0.0009010765005410328
0.001143820098028747
0.0007187047103603086
0.0009556896192150046
0.00157085793231038
0.001207545192066056
0.001388030845746292
0.001354596444012305
0.001560881626330853
0.0009418436706451794
0.001412135166604713
0.001039430492232948
0.00112199294120127
0.00165307529124783
0.001709582134495772
0
0
0.000914129537834308
0.001711145043957302
0.00117114846277221
0.0005151859875786723
0.0009294930884865591
0.001671890293340865
0.001707482324401078
0.001621260425888669
0.001633824287984121
0.001522477108308447
0
0.001680990237825442
0.001219290710755902
0.00140885385715271
0.0008910292541350043
0.0009513240062317872
0.0002320623891679676
0.001129250233665342
0.0006830381968628751
0
0
0.0002330696431874058
0.0004905652735231235
0.001748044384026736
0.001541062528308929
0.002042749360731374
0.001693157128492566
0.00166363503049103
0.001692687811097925
0
0.001740936907294519
0.001294522851557106
0.001350864589520864
0
0.001220693726494714
6.687622011702862e-06
0.001358931706572989
0.001169118936880528
0
0.001669305347569841
0.001345137948052096
0.001701242507346454
0
0.001432597702672079
0.001709915550301497
0.001564049598577941
0.0009991252562687677
0.001645074985339918
0.000943825697731526
0.001345411432814463
0
0
0.0007280919033109325
0.001623765650270571
0.001673927960241174
0.0002754507443083286
0.001128543377402501
-9.615240344677618e-07
0.0004112215432954499
-0.005965115734706249
0
0.001414496888379478
3.087123432388557e-06
0
0.001529760080177422
0
0.001824642529585457
0.001330547828177768
0
0
0.001860793870367376
0.001848632934510598
0.001260464336269595
0.001482911585261585
0.001567848313935452
0.001209497947745132
0
9.039217462969867e-05
0.0005826274785355198
-0.0006645751806488344
0.0009045750945495488
0.0009720348147528696
0.0005975323004624683
0.0008132130442054859
0.0007952122270681909
0.0004413755565417852
-3.295744373506768e-05
4.216913354252447e-05
1.305587758790109e-05
0.0001438302990864521
3.043021119653144e-05
0.000286589557697559
0.0003562820984664086
0.00013599757600721
0.000523173488038852
0.0004712874920231787
-1.480575773137478e-05
9.084243786714647e-05
0.0002624941197352592
-5.650320401900499e-05
0.0002230279619129809
5.196045033017043e-05
9.890553897008144e-05
9.355219511385046e-06
-1.101967200740547e-05
2.527111078847145e-06
0
-0.0002525822239146794
0.001096791331256972
0.0006268324017279809
0.001151495702329335
0.001323118360506779
4.110555008018719e-05
-0.0003076550033450162
-6.421914124552513e-05
-0.0002159738858797174
-2.165059915669376e-06
-7.187827460336981e-05
0
-1.188966322566691e-06
0.0004137505059626853
-1.689041885288786e-05
1.064274244093061e-06
3.38945343142749e-06
8.61487361160676e-08
3.977301233694138e-06
-1.007161224553651e-06
2.968764476311028e-05
0.0001758432555911037
1.981810383150914e-06
-2.290652622070107e-05
-7.988259113716514e-07
3.134088254549884e-06
8.992113730140306e-05
-1.654616680880388e-06
0.0008536195356402201
0
1.83405052555052e-06
4.908383325936772e-05
-3.389523485877156e-05
3.076144391836065e-06
1.476263597893535e-05
-5.396585636965191e-07
0
-2.836948671647618e-05
0.000220086711260381
-7.197975135480366e-06
0.000118862020020144
0.0005357308799716546
0.001084433237698409
0
6.036114370820652e-05
0.0003444543655666355
0
0
7.921030855256182e-05
1.595442744231613e-05
-0.000117202206325632
0.0001281829059292675
0.0003140085546770567
0.0002808722897636075
0.001007899290410444
0.0002950861797453436
0
0.0003510275958882048
0.000764905033086372
7.392387827353279e-05
0.0003472001013374889
0.0004455495799770927
0.0002056011761121016
0.0005715772105576375
-0.0003621649745994719
-0.000466890999873306
0.0003264573745299154
-0.0003007549512844687
0.0007924915486675398
0.0002320058126964395
0.0004906336924770048
0.00081515013813631
0
0.0003678188450446652
0
0.0002066185924920242
0
0.000702398393470246
0
0.0007210314803335272
-8.013473097542112e-06
0.001499522723787066
0.0002213144837870075
0.001653059583529765
8.659699977858691e-05
0
0.0008747090004602293
0.001022479490608517
0.0001735021441936297
0.0004721899869930289
0.001486897343867
0.0008157408274414663
0.0007124946578737721
0.001434156024271526
0.001666700034596009
0.001749754522330136
0.00174784138369959
0.001798407062800517
0.0008783633026411892
0
-0.0001362036244378769
0
-0.0007431425226053026
0.001018296829832719
0.001595007223771502
0.001248230516444925
0.0003521494413596662
0.0008596440686039736
0.001670731061540403
0.001782475266771251
0.001858433152035286
0
0.001594374189113653
0.002059968204158818
0.001592610928837778
0.001488971279248791
0.001274573737174186
0.00154063866656091
0.001794117070261112
0.001392902205012684
0.001421956075154954
0.001808065703167518
0.001823510657149562
0.001042363522151165
0.001708149924912821
0.001800695612132919
0.001790134148629378
0
0.002066598492360219
0.001694519452297813
0
0.0003419183011667706
0.001963718222564565
-0.0006558393792180471
-0.0002550774200643054
0.000413769381988841
0.0004787636887865188
8.779371656866952e-05
0.0002158359853939238
-3.196166282670326e-05
0.001239506904253736
0.00160247393294104
0.001562199993600388
0.0004377324634049764
0.001778336541832006
0.00127251231364515
0.001805399770762888
0.00185233963988129
0.002264784310969296
0.00202604565104348
0.001563645223362546
0.001283400192865396
0.00179807148393521
0.001798560891022128
0.001802624894343313
0.001802758066436499
0.001789540607911501
0.001795100588152091
0.001788773520080456
0.001808001693227184
0
0.001780282881173037
0
0.001807957142709372
0.001733839899521727
0.001761176987928902
0
0.001797539270549072
0.001766503245089743
0.001686764789813829
0.001650041079064051
0.001673509760381668
0.001791695080979613
0.001195275226895252
0.001758353678807962
0.00139571830390549
0.001712949845529941
0.00172886004058145
0.001696057920757509
0.001589239301359729
0.001746276736580109
0.001081834332364094
0
0.001432188623933104
0
0.001526322231185798
0
0.001015213674229625
0.000817073328531116
0.001652278665735602
0.0008013781394432666
0.001720236282478092
-0.0001589467916813535
0.0002206025085875625
0
0
