0
0
0
0
0
0
0
0
0
0.001079027899646383
0.001086452053012895
0.001204130613219275
0
0.0001447481450089621
0.001246086479938436
0.001731784685712584
0.002056844167649901
0.001836943833251627
0
0.001490136383955034
0.001527870728347612
0.001198071444439411
0.0009006762431412427
0.001143687397039365
0.0007188069497315694
0.0009552998788011118
0.001570842479327525
0.001207456041639332
0.001387981689304735
0.001354540430618597
0.001560956986654875
0.0009418539881983322
0.001412117380204624
0.001039401509818801
0.001122016756695023
0.001653094023606733
0.001709618206945167
0
0
0.0009141459537565818
0.001711185112265702
0.00117112026704089
0.000515296380590874
0.0009295265264378253
0.001671927905374672
0.001707527300991368
0.001621293521234887
0.001633849730352112
0.001522493239496706
0
0.00168105962588146
0.001219288146484925
0.001408891033072219
0.0008910819860897679
0.000951387237242036
0.0002321641152238619
0.001129306313085409
0.0006831166772590274
0
0
0.0002331864486062604
0.0004906644382367868
0.001748098639143674
0.001541120921244802
0.00204279031130672
0.001693188008360617
0.001663669037237354
0.001692677485166239
0
0.001740954460841735
0.001294590726663898
0.001350966755100252
0
0.001220698133893411
6.658520017701663e-06
0.001359088405961298
0.001169306939058736
0
0.00166933780908295
0.00134499341471236
0.001701308031904838
0
0.001432654398204504
0.001709951543087256
0.001564074542995366
0.0009991497170281252
0.001644885877862656
0.0009438750525981536
0.001345404635904864
0
0
0.00072809566119104
0.001623799240406396
0.001673972095464107
0.0002754633177764658
0.001128395210147341
-9.642468603778732e-07
0.0004113036573914627
-0.005965117220360353
0
0.001414465576135185
3.095961302726265e-06
0
0.001529884490392869
0
0.00182480267921365
0.001330599577607874
0
0
0.001860864463523666
0.001848840640732938
0.001260807781951546
0.001483025678734361
0.001568097303546859
0.001209689249492537
0
9.082464452813983e-05
0.0005831868330021568
-0.0006645795850124029
0.000904890327259057
0.0009721206132710769
0.0005978279370504313
0.0008133382171897745
0.0007954891097440202
0.0004418409461948483
-3.301037576096941e-05
4.267627410331846e-05
1.344402939243917e-05
0.0001443724272260385
3.065666024374546e-05
0.0002868354975425938
0.0003565999643420373
0.0001363359412250745
0.0005233719890743126
0.000471440486510135
-1.50138227655455e-05
9.09834777687259e-05
0.0002626117385799091
-5.649390172283983e-05
0.0002232076336595658
5.20326568462605e-05
9.913267877143259e-05
9.46008971343356e-06
-1.101036639345746e-05
2.526173783806267e-06
0
-0.0002525804960684146
0.001097148319502425
0.0006273273208136937
0.001151609281384008
0.001323266631052103
4.151084574579835e-05
-0.0003080925853295517
-6.42118294741764e-05
-0.0002154357609882611
-1.920597697053016e-06
-7.203944536331077e-05
0
-1.18675557185149e-06
0.0004131996180494285
-1.728450579940625e-05
9.287754398377869e-07
3.563965359800463e-06
5.583690973903305e-08
3.983153642714416e-06
-1.007119199471795e-06
2.979882892706304e-05
0.0001755106368549377
1.965881413335569e-06
-2.28729261126898e-05
-7.853678085174725e-07
3.119139641050184e-06
8.901292923670009e-05
-1.664596871650638e-06
0.0008533023163664902
0
1.842331485795519e-06
4.90675489695182e-05
-3.389019732625205e-05
2.974704353406666e-06
1.47749093576079e-05
-5.417212594271189e-07
0
-2.844036634667979e-05
0.0002183961618501494
-7.126193041514791e-06
0.0001188487239703564
0.0005358570890766852
0.001084302455131446
0
6.012848209315041e-05
0.0003425776964261054
0
0
7.846665266221506e-05
1.595028773302117e-05
-0.0001173691534288163
0.0001280237995799501
0.0003131285959253688
0.0002795142349845111
0.001007692884552763
0.0002938534895480249
0
0.000350743815987674
0.0007639032325785899
7.392391463255844e-05
0.0003461772478305121
0.0004452432080394487
0.0002045420578567772
0.0005698873721513429
-0.0003623875575996755
-0.0004695851442219016
0.0003263013017532695
-0.0003006498653484143
0.0007922711431818386
0.0002308969785994445
0.0004904265604070456
0.0008150320040974277
0
0.0003675569409884784
0
0.0002059419081502648
0
0.0007016487079377421
0
0.0007209276102247017
-8.120374082757065e-06
0.001499455209285156
0.0002211985042572717
0.001652982367109688
8.659651384260118e-05
0
0.0008746497191384964
0.001022326105270594
0.0001728435464080674
0.0004716664419965697
0.001486755680134553
0.0008154843688931002
0.0007123192794489774
0.001433999621783014
0.001666601427205546
0.001749711735876233
0.001747771647461949
0.001798357059443493
0.0008780188621992177
0
-0.000136212198248905
0
-0.0007467142776426178
0.001018124656134322
0.001594923081879419
0.001248246270626557
0.0003520080389253009
0.0008594903795212381
0.001670659295361377
0.001782429064081615
0.001858377461207682
0
0.001594302653676241
0.002059904104535338
0.001592528735291174
0.001488872282447493
0.001274411896655315
0.001540534272620639
0.001794067195082312
0.00139281692071457
0.001421854073752421
0.001808087863822216
0.001823467451249774
0.001042075976652315
0.001708108911752809
0.001800658603509968
0.001790087794262987
0
0.002066541809805087
0.001694468379444514
0
0.0003416566152752611
0.001963826148590753
-0.0006565939879624225
-0.0002554426412811016
0.0004147742056695498
0.0004786585721115858
8.844618557531336e-05
0.0002154492992002063
-3.203605879622263e-05
0.001239290260570838
0.001602404861231418
0.001562200695923181
0.00043655647866621
0.001778269633895697
0.001272446193798738
0.001805356706550597
0.001852282907476699
0.002264702184193062
0.002025910901990869
0.001563548270844154
0.001283257101006382
0.001798027375244891
0.001798509451618055
0.001802576572141669
0.001802715002232458
0.001789488584354525
0.001795054919327524
0.001788728792062377
0.001807955291918699
0
0.001780239864346871
0
0.001807905775694988
0.001733781288420756
0.001761141480690409
0
0.001797486876824948
0.001766461992476607
0.001686755062806289
0.001650061380414132
0.001673094233564493
0.001791652646175788
0.001195218244278112
0.001758317637249217
0.001395649225428431
0.00171292847471116
0.001728820069260641
0.001696035717752119
0.001589205158696707
0.001746271518199319
0.001081845432204492
0
0.001432103470268466
0
0.001526270652015421
0
0.00101508697315087
0.0008170008332889903
0.001652209016563164
0.0008013032028291196
0.001720206481885128
-0.0001589468729192875
0.0002202531944461889
0
0
