0
0
0
0
0
0
0
0
0
0.001079011416414248
0.001086606518936966
0.001204192678287076
0
0.0001447063449810026
0.001245795649223
0.001731758548793394
0.002056828533305559
0.001836918639849282
0
0.001490050940247098
0.001527864754367223
0.001198083907078655
0.0009008628818430262
0.00114374159224692
0.0007187385124399608
0.0009554786674241539
0.00157084488984964
0.001207489049747012
0.001387997375227844
0.001354560274584733
0.001560913885214729
0.0009418331729967854
0.001412117727484598
0.001039401622163876
0.001121992616749994
0.001653079889810406
0.001709594992549412
0
0
0.0009141220348927969
0.001711159870210535
0.001171122075872414
0.000515223168429303
0.0009294949359565141
0.00167190437797804
0.001707499876705552
0.001621272809466918
0.001633831753546972
0.001522478435181957
0
0.001681020743744554
0.001219278226223141
0.001408865172190192
0.0008910425479158287
0.0009513483017145083
0.0002320851944156827
0.001129270061463542
0.0006830641099972341
0
0
0.0002331188887681528
0.0004905944898148047
0.001748066460200187
0.00154108647456797
0.002042763253327329
0.001693167017642522
0.001663646917399286
0.001692674846478638
0
0.001740939892425241
0.001294550186903115
0.001350906182917973
0
0.001220684244402556
6.673432716787559e-06
0.001359008186678278
0.00116922320570729
0
0.001669316223996235
0.001345055534597733
0.001701270577031254
0
0.001432622948330288
0.001709928545944885
0.001564055772300815
0.0009991323506433904
0.001644968462176722
0.0009438478507178304
0.001345407843796125
0
0
0.0007280938906767277
0.001623779552112766
0.001673945508004015
0.0002754535059416407
0.001128456686982695
-9.627549252379203e-07
0.0004112616761321322
-0.005965116525545792
0
0.001414478873840832
3.091689525820928e-06
0
0.001529815733159659
0
0.001824718588134069
0.001330564491877359
0
0
0.001860821959479216
0.001848733649734528
0.001260640143130909
0.00148296238191869
0.001567972847769201
0.001209596296824583
0
9.063204871679043e-05
0.0005829282039781351
-0.0006645774190023306
0.0009047304776357484
0.0009720626449455607
0.0005976771028149152
0.0008132611113579195
0.0007953458237861034
0.0004416112660574891
-3.298491303064171e-05
4.244584984111595e-05
1.326830477628086e-05
0.00014409061605636
3.053403833415201e-05
0.0002867220408251871
0.0003564396736746806
0.0001361246673710178
0.0005232673418113869
0.0004713552691915913
-1.491670003240273e-05
9.090089364189292e-05
0.000262553306656638
-5.649828741219667e-05
0.0002231263303792445
5.201246415835185e-05
9.900251446654761e-05
9.411712934195525e-06
-1.101468908588369e-05
2.526738964032627e-06
0
-0.0002525813011925543
0.001096972873913182
0.000627091384610582
0.001151540726055483
0.001323185839226554
4.133658377747731e-05
-0.0003078850969643484
-6.421522043084541e-05
-0.0002156840152502365
-2.047414121877842e-06
-7.196329402462296e-05
0
-1.187806200678497e-06
0.000413475857094087
-1.709791768161764e-05
9.927900268748614e-07
3.486979657800512e-06
7.011998679169763e-08
3.976452964622007e-06
-1.007138681717254e-06
2.976560866283302e-05
0.0001756735437164334
1.971326285403774e-06
-2.288876625635768e-05
-7.891323951806147e-07
3.125148836281263e-06
8.947495023780694e-05
-1.659451884562454e-06
0.0008534614146287917
0
1.838262840879869e-06
4.908311970977106e-05
-3.389258909735359e-05
3.018304191312008e-06
1.476829371527315e-05
-5.407699254465927e-07
0
-2.840661734510194e-05
0.0002192481557415997
-7.157416166752264e-06
0.0001188549915197171
0.0005358012830551798
0.001084366605030876
0
6.024369079658773e-05
0.0003435252794801964
0
0
7.883424561734264e-05
1.595931560099225e-05
-0.0001172901831311805
0.0001280984891983533
0.0003135813170518872
0.0002801981004331274
0.001007798435510425
0.0002944823738575615
0
0.0003508947395365079
0.0007644252299520519
7.392389769128786e-05
0.0003466817573888634
0.0004454003545232869
0.0002050841983711732
0.0005707415608275303
-0.0003622814193694405
-0.0004683224934702565
0.0003263755641096713
-0.0003006844079632428
0.0007923849599993058
0.0002314649059084352
0.0004905378750274853
0.0008150928911876917
0
0.0003676976166566192
0
0.000206292480140938
0
0.0007020474981132289
0
0.0007209766725677176
-8.060988422716959e-06
0.001499489387316829
0.0002212684138373104
0.001653023283071026
8.659670077029179e-05
0
0.0008746810638216865
0.001022405431185121
0.0001731853344287351
0.0004719296177372291
0.001486827397611397
0.000815609403091339
0.0007124056366277833
0.001434078072937378
0.001666653515991928
0.001749736643626335
0.001747809344036307
0.001798385294422947
0.0008781888762079354
0
-0.0001362081573655607
0
-0.0007450319830991604
0.001018213464625498
0.001594966837713041
0.001248233893402463
0.0003520865308881505
0.0008595705797106264
0.001670697835717669
0.001782453754610368
0.001858408363524959
0
0.001594339638941828
0.002059940447681611
0.00159256913799621
0.00148892388431344
0.001274494730486558
0.001540588564870271
0.001794095072383156
0.001392859194692505
0.001421905578224329
0.001808081034648158
0.001823492900307359
0.001042219435892346
0.001708131877185944
0.001800680721794448
0.001790114573944662
0
0.002066572488888095
0.001694491467278333
0
0.0003417769107852615
0.001963767654478759
-0.000656238164202624
-0.0002552700460316593
0.0004143220405475984
0.0004787089882944238
8.817263942687916e-05
0.0002156272794229678
-3.200244062842516e-05
0.001239436921774769
0.00160244152733032
0.001562200523814734
0.0004371423482047598
0.001778304590539137
0.001272478255004235
0.001805381645480473
0.001852313296133827
0.002264745198971382
0.0020259766456925
0.001563598833746696
0.001283330738736002
0.001798051921203825
0.001798537851521644
0.001802603584499401
0.001802738901668505
0.001789516922280215
0.001795080874459622
0.001788753703972052
0.001807980943338529
0
0.001780263682157839
0
0.001807933831962202
0.001733812304033157
0.001761161526469241
0
0.001797515375910324
0.001766484246049652
0.001686763146202097
0.001650055946307563
0.001673293365027506
0.001791676272992967
0.001195244990121556
0.001758338070621906
0.001395684736592518
0.001712941950343741
0.001728842403352065
0.001696049560852209
0.001589224354016888
0.001746277526219288
0.001081842737233287
0
0.001432146184348603
0
0.001526296978543646
0
0.001015148120682477
0.0008170327221876123
0.001652244253851705
0.0008013401772324787
0.001720223836980555
-0.0001589468346501907
0.000220417794831425
0
0
