0
0
0
0
0
0
0
0
0
0.00107898370804231
0.001087663421738122
0.00120462863994937
0
0.0001443192306982597
0.001243758099921264
0.001731624030426449
0.002056770618074924
0.001836797553045701
0
0.001489516545310944
0.001527850832811152
0.00119821438689982
0.0009021330872265389
0.001144155205585913
0.0007184242375390368
0.000956747135636126
0.001570890303919315
0.00120776158282159
0.001388143324270922
0.00135473007805795
0.001560677135745718
0.0009417928938121875
0.001412161906947128
0.001039483306776753
0.001121909023154094
0.001653017338483579
0.001709477882624708
0
0
0.0009140649156706001
0.001711029723972457
0.001171200716853178
0.0005148867025413171
0.0009293852583318277
0.001671780251301395
0.001707353025825745
0.001621162362635694
0.001633744775787595
0.001522414407424711
0
0.001680790734089768
0.001219275427610151
0.001408736206534326
0.0008908681427323382
0.0009511330709550134
0.0002317500731043577
0.001129081302614338
0.0006828038745817465
0
0
0.0002327606275536822
0.0004902785459247816
0.001747886056406912
0.001540892372245238
0.00204262610804136
0.001693066815945519
0.001663533692848018
0.001692704575593196
0
0.001740880558006385
0.001294318114858426
0.001350558366242522
0
0.001220655144445504
6.790003359825031e-06
0.001358491325351395
0.001168527255582024
0
0.001669210992036717
0.001345528711920328
0.001701057548192609
0
0.001432438516349315
0.001709811059400789
0.001563974009480099
0.0009990432635107835
0.001645593815373486
0.0009436740907266622
0.001345430087992453
0
0
0.0007280814493061122
0.001623664995121474
0.001673801952035549
0.0002754163502946891
0.001128922385351387
-9.567295505064824e-07
0.0004109980105018127
-0.005965111439509401
0
0.001414556110959146
3.058447522885058e-06
0
0.001529398253094165
0
0.001824177780241407
0.00133038279399438
0
0
0.001860577365007417
0.00184802883279362
0.001259503259255816
0.001482568551621991
0.001567135828241361
0.001208883861973794
0
8.927789386066098e-05
0.0005810693092619394
-0.000664567227092669
0.0009037106339655568
0.0009717833102211466
0.0005967453256745179
0.0008128673847717155
0.000794461505397667
0.0004401315657715507
-3.283266800800879e-05
4.085886895543944e-05
1.207582958208198e-05
0.0001423820154699595
2.982557730433933e-05
0.0002859797675760461
0.0003554510927386016
0.0001350178400988976
0.0005226527237976571
0.0004708897352056036
-1.419722106102995e-05
9.048391157813311e-05
0.0002621992787159603
-5.652820132374409e-05
0.0002225936510843571
5.181311103998781e-05
9.827752412929672e-05
9.020255580000338e-06
-1.105009917830055e-05
2.543458978588942e-06
0
-0.0002525853536725924
0.001095803706209489
0.0006254950870121343
0.001151161159841776
0.001322684335518722
4.007547312928884e-05
-0.0003065078403747829
-6.424000390607388e-05
-0.0002173228132546633
-3.510577275948395e-06
-7.144469446085302e-05
0
-1.194804052315469e-06
0.0004152909097390749
-1.581120319896419e-05
1.4432594266883e-06
3.097585438012793e-06
1.717781863738271e-07
4.00204224487582e-06
-1.007274636146241e-06
2.946417127299181e-05
0.0001767777076392847
2.095670472061704e-06
-2.299718867106732e-05
-9.183174292499539e-07
3.229639640424006e-06
9.24680041121012e-05
-1.616170725212015e-06
0.000854497992308503
0
1.817961437566891e-06
4.907902554004032e-05
-3.390856656152551e-05
3.408565097222813e-06
1.47927071525759e-05
-5.346950318144157e-07
0
-2.830183697608161e-05
0.0002247984889015265
-7.407645321397207e-06
0.000118898562459777
0.0005354576378799509
0.001084856395218559
0
6.103244804013716e-05
0.0003496154018906633
0
0
8.134731737161683e-05
1.592198346912481e-05
-0.0001167533752133587
0.0001286338288237499
0.0003164132781380837
0.0002846178707113356
0.001008456912890883
0.0002984796731799932
0
0.0003518177880620048
0.0007676585849833683
7.392377924781522e-05
0.0003499949423365878
0.0004463983761139846
0.000208540360061706
0.0005761947039099667
-0.0003614748948227882
-0.0004593057306043767
0.000326866964776916
-0.0003011592202451997
0.0007930909230228348
0.0002350778475071536
0.0004912054798426643
0.0008154611312108846
0
0.0003685486169906839
0
0.0002085019732426578
0
0.000704473839978248
0
0.0007213170793414992
-7.704475380956284e-06
0.00149968129975612
0.0002216379667827363
0.001653241973174397
8.659894259110838e-05
0
0.0008748555618469836
0.001022886291761432
0.0001752897543629033
0.0004736469327453431
0.001487281340164595
0.0008164860143916732
0.0007130511426339243
0.001434598833957206
0.001666964843915079
0.001749837111249167
0.001748006613542835
0.001798510958240747
0.0008793315558201499
0
-0.0001361797757418674
0
-0.0007332856745451847
0.001018756584721675
0.001595210918778718
0.001248179103656862
0.0003525461489531484
0.0008600543842588337
0.001670900187054623
0.001782563112329834
0.001858553737107766
0
0.001594575823716806
0.002060105423376351
0.001592816970729467
0.00148921767550387
0.001275003536867394
0.001540907050265454
0.001794222976364985
0.001393113800116374
0.001422213519377514
0.001807970503371578
0.00182360017250856
0.001043160196543548
0.001708241469105943
0.001800764223801376
0.001790234091475019
0
0.002066720428494408
0.001694617819935632
0
0.0003426487316237115
0.001963402264612011
-0.0006537694179658164
-0.0002540940449650602
0.000411052850000064
0.000479029040291318
8.593648237647971e-05
0.0002169904603160381
-3.170061960437698e-05
0.001240135943726431
0.001602678753017667
0.001562194788197218
0.0004409752795253828
0.001778491909406362
0.001272669243593778
0.001805483927087048
0.00185246509511541
0.002264980421210255
0.002026430078633288
0.001563885587895109
0.001283773892075618
0.001798161584507515
0.001798669024811958
0.001802725655173101
0.001802844252931021
0.001789648477838249
0.001795193705894549
0.001788865114610013
0.00180809676148403
0
0.001780371364920078
0
0.001808067381775499
0.001733976116769488
0.001761246191108177
0
0.001797648823496455
0.001766581784547449
0.00168676677623046
0.001649963972505357
0.001674630787701923
0.001791781261733601
0.001195394267082071
0.001758425111020187
0.001395879289735788
0.001712982916983922
0.00172894158825125
0.001696093748071811
0.001589310992772811
0.001746265732106421
0.001081795999924824
0
0.001432406504115785
0
0.001526430278791941
0
0.001015549727417793
0.0008172315685976866
0.001652437909656601
0.0008015635498934222
0.001720290827899277
-0.0001589465700106673
0.0002215720338883463
0
0
