0
0
0
0
0
0
0
0
0
0.001079044062497811
0.001087095353033701
0.001204403050574757
0
0.0001445690650405892
0.001244932541107322
0.001731723235261352
0.0020568289803385
0.001836892005409914
0
0.001489850233137441
0.001527882040782067
0.001198173277653591
0.0009014395290888493
0.001143954961668741
0.0007186419467877689
0.0009560503275564965
0.001570886819454951
0.001207641463208501
0.001388089996157241
0.001354661694067971
0.00156083294554633
0.0009418605095628954
0.001412166389647546
0.001039479301029957
0.001121989347396625
0.001653074829142514
0.001709566971430435
0
0
0.0009141392187480297
0.001711126148150185
0.001171192903234998
0.0005151083293146772
0.0009294849689889228
0.001671872791154065
0.001707459073083297
0.001621246998407628
0.001633817090940625
0.001522477755591427
0
0.001680943774060288
0.001219310484667267
0.001408835865290783
0.0008909973333049131
0.0009512775380322879
0.0002319598542427462
0.001129213906777
0.0006829788839221711
0
0
0.0002329695227487322
0.0004904881436406496
0.001748011977090446
0.001541024990745337
0.002042730629389195
0.001693146433503145
0.001663621041637409
0.00169271181678659
0
0.001740937093925277
0.001294479709151903
0.001350797808792714
0
0.001220711867820698
6.711751984523595e-06
0.001358801449886998
0.001168946320905363
0
0.001669293800927098
0.001345281872815713
0.001701201694198288
0
0.001432559720845595
0.001709900145122108
0.001564045345840463
0.0009991159975628237
0.001645264228236328
0.0009437883847992814
0.001345417546145427
0
0
0.00072808850109492
0.001623748541412663
0.001673905330530822
0.0002754472066456458
0.001128692677475877
-9.596504155770106e-07
0.0004111559645394286
-0.005965114364731916
0
0.001414525025511572
3.079475331072875e-06
0
0.001529669503346271
0
0.001824518128906807
0.001330522394744182
0
0
0.001860749887905007
0.001848467944367109
0.001260185317649137
0.001482830852220889
0.001567647397303256
0.001209341923651617
0
9.004954170158312e-05
0.000582149820590291
-0.0006645721435706538
0.0009043264319959319
0.0009719896506519383
0.0005973042385064216
0.0008131346238349729
0.0007949990615468825
0.0004409942134595948
-3.291330731260353e-05
4.175199428098552e-05
1.275601154795222e-05
0.0001433812419516362
3.023853743291651e-05
0.000286420303975787
0.0003560381255540166
0.0001356957923279393
0.0005230315670689815
0.0004711807175591762
-1.461224093858901e-05
9.073246199328911e-05
0.0002624100949249507
-5.651148466421894e-05
0.0002229078545586564
5.192166002905e-05
9.872911255786363e-05
9.264081956789516e-06
-1.102852558422576e-05
2.52983655630799e-06
0
-0.0002525838517200492
0.001096503706810939
0.0006264238859109265
0.001151423806885343
0.001323012286294129
4.074856446240798e-05
-0.0003072693554110132
-6.422581717530933e-05
-0.0002164383745730526
-2.576822294243202e-06
-7.173447906559516e-05
0
-1.190991674316191e-06
0.0004142328489101262
-1.653697497783727e-05
1.187214470192375e-06
3.294531546412764e-06
1.136842893189825e-07
3.97255610017791e-06
-1.007200337210678e-06
2.961633344114382e-05
0.0001761431570401131
2.00918205998973e-06
-2.293679491444348e-05
-8.182195263339791e-07
3.152200439372257e-06
9.073434572180534e-05
-1.647447099284942e-06
0.0008538844359981529
0
1.828436581099033e-06
4.90735080753274e-05
-3.38996851954722e-05
3.173747803838946e-06
1.475294608903877e-05
-5.383297645214975e-07
0
-2.830748208592032e-05
0.0002215987363361442
-7.266235541847198e-06
0.0001188739988746808
0.0005356263688187855
0.001084554513248461
0
6.057251722701261e-05
0.0003461037111397254
0
0
7.988334942780541e-05
1.59359451538281e-05
-0.00011705375428089
0.0001283286211728596
0.0003147621817890416
0.0002820679424342722
0.001008061533189249
0.0002961579162367735
0
0.000351249756597433
0.0007657688026301168
7.392384588030526e-05
0.0003480841467270031
0.0004457986771580027
0.0002065220492523052
0.0005730551741254797
-0.0003619711402738396
-0.0004644538075628253
0.0003265939624552652
-0.0003008792886668803
0.0007926633631576301
0.0002329651802892408
0.0004907897657483413
0.0008152303097378968
0
0.0003680251573905827
0
0.0002072029663175662
0
0.0007030338530002646
0
0.0007211249487232485
-7.935487877293162e-06
0.001499561696253205
0.0002213961301500873
0.00165310727994581
8.659760691375643e-05
0
0.0008747434209973607
0.001022591394507233
0.000174070294259096
0.0004726422836542221
0.001487008119134598
0.0008159693111971297
0.0007126606512045837
0.001434284369351466
0.001666772124943385
0.00174977325772987
0.001747884440309555
0.001798432354410893
0.0008786621757073289
0
-0.0001361958673229642
0
-0.0007399487959411074
0.001018425722092679
0.001595061309807475
0.00124819762672685
0.0003522498752751872
0.0008597549556185626
0.001670774922848757
0.001782495010234618
0.001858463571187863
0
0.001594429093816264
0.002060003642298082
0.001592665827730636
0.001489037771914477
0.001274698327181391
0.001540713609662843
0.001794142965419555
0.001392956980525235
0.001422025764194336
0.001808026586623913
0.001823530305946421
0.001042604616254952
0.001708167934950561
0.001800710354702472
0.001790157136814699
0
0.002066629159719167
0.001694542496035426
0
0.0003421657939091975
0.001963639951195637
-0.0006551602419879909
-0.0002547513513259428
0.0004128891562822652
0.0004788539069775704
8.716925903117205e-05
0.000216203535567079
-3.189214662967592e-05
0.001239651554711638
0.00160252793249019
0.001562198508271792
0.0004387532606987469
0.00177837517799707
0.001272550716182116
0.00180541685986015
0.00185237059811654
0.002264833021930515
0.002026154098769939
0.001563710088932622
0.001283505168259315
0.001798092761199907
0.001798587396656834
0.001802649329562387
0.001802778090164343
0.001789566610656814
0.001795122207297082
0.001788795000329445
0.0018080246546014
0
0.001780303771525912
0
0.001807984816749161
0.001733876219214666
0.001761192124146281
0
0.001797566519953347
0.00176652107845438
0.001686757531218307
0.001650009285164085
0.001673869477949775
0.001791715097076743
0.001195308565911685
0.001758369137831425
0.001395764568206203
0.001712952825355349
0.001728878947509199
0.001696061875476236
0.001589255478271592
0.001746265323065051
0.001081817097351503
0
0.001432253927212963
0
0.00152635172855739
0
0.001015319849289596
0.0008171153377007761
0.001652320473242328
0.0008014348728420318
0.001720246418709632
-0.0001589467181179086
0.0002209184752231068
0
0
