0
0
0
0
0
0
0
0
0
0.00107902700516195
0.001086862717042275
0.001204301426636609
0
0.0001446170833334733
0.001245325412207841
0.001731737638814351
0.002056826563147471
0.001836902209861208
0
0.001489939078776675
0.00152787058054756
0.001198128967666827
0.0009011669439991443
0.001143853901688912
0.0007186888100088485
0.000955784498093461
0.001570864078462644
0.001207569006692711
0.001388045223794891
0.001354611821313885
0.00156086795582403
0.0009418472588877731
0.001412142762131482
0.001039442106943854
0.001121991750192757
0.001653074185069115
0.001709578059552083
0
0
0.0009141315485255259
0.001711139907722937
0.00117115916505181
0.0005151673267436342
0.0009294907889466108
0.00167188489578462
0.001707475957396189
0.001621255661075756
0.001633821799925412
0.001522476836914214
0
0.00168097698982663
0.001219295370454827
0.001408848652146796
0.0008910212521608963
0.0009513119320837432
0.0002320331941662056
0.001129240654962273
0.0006830265884081976
0
0
0.0002330473974149775
0.0004905470871373415
0.001748035110888355
0.00154105203503556
0.002042743502181719
0.001693153981438979
0.001663631359349792
0.001692692067410906
0
0.001740936462004131
0.001294509141731803
0.001350844155779708
0
0.001220696173612527
6.694418897029707e-06
0.001358895703655568
0.001169061626751318
0
0.001669302231848367
0.001345175906145411
0.001701231467540566
0
0.001432588042482862
0.001709911309781877
0.00156404859322612
0.000999123388676837
0.001645125861977248
0.0009438148453934871
0.001345413078847457
0
0
0.0007280909896725914
0.001623760998824524
0.001673922193570506
0.0002754489359171894
0.001128581070835658
-9.609359343665731e-07
0.0004112023134273032
-0.005965115369597694
0
0.001414501501744058
3.085665213068027e-06
0
0.001529732719530803
0
0.00182460575598059
0.001330538344298801
0
0
0.00186077837125228
0.001848586146991309
0.001260394949197211
0.001482887424470507
0.001567794897212317
0.001209460816218397
0
9.032611761638712e-05
0.0005825146177076818
-0.0006645742853142221
0.0009045127538607863
0.000972021660945475
0.0005974738166671004
0.000813192247752915
0.0007951579031445742
0.0004412847596216837
-3.294517596053944e-05
4.207872270909256e-05
1.299932118316841e-05
0.0001437259260284037
3.038315767241333e-05
0.0002865472864347067
0.0003562210847335605
0.0001359174838055527
0.0005231368213105015
0.0004712600579859226
-1.475414407481869e-05
9.080441749300027e-05
0.0002624735488269243
-5.650543988150591e-05
0.0002229968576940907
5.195143559810563e-05
9.886109767419256e-05
9.331214173750894e-06
-1.102202127928367e-05
2.527684698403643e-06
0
-0.0002525826557529524
0.001096720449132365
0.0006267368404167977
0.001151474946330207
0.001323089304126587
4.100931866710799e-05
-0.000307550343722955
-6.422092625198411e-05
-0.0002160685457767755
-2.310404436724823e-06
-7.183938259661586e-05
0
-1.18952001670114e-06
0.0004139335921547397
-1.679551261024192e-05
1.097103566920748e-06
3.384631546347553e-06
9.352908194678587e-08
3.976118755205275e-06
-1.007171975591159e-06
2.968345843569517e-05
0.0001759798356518549
1.987325004864024e-06
-2.291467702778102e-05
-8.008955105452534e-07
3.138246741213336e-06
9.016372243679008e-05
-1.652494164616769e-06
0.0008537212266526147
0
1.832392440760231e-06
4.908676368264992e-05
-3.389644059778328e-05
3.100652956672227e-06
1.475967925792248e-05
-5.393949202488454e-07
0
-2.835274060965314e-05
0.0002205432586350452
-7.21609687733381e-06
0.0001188652388771794
0.0005357157989194096
0.001084480807037748
0
6.042507025562224e-05
0.0003449619518925328
0
0
7.9410697612306e-05
1.595506659538164e-05
-0.0001171620640518272
0.0001282218960252673
0.0003142638082528998
0.0002812415844612117
0.001007965001247214
0.0002954311187034241
0
0.0003511242974478688
0.0007651897262800577
7.392386954879739e-05
0.0003474656627835146
0.000445652232694636
0.0002059001002632005
0.0005720342319896495
-0.0003621122311001889
-0.0004662371651091882
0.0003264944056179634
-0.000300767777742702
0.0007925636320429103
0.000232318516704526
0.0004907056504946726
0.0008151867749775652
0
0.0003679047327885825
0
0.0002068142480300076
0
0.0007026171614137216
0
0.0007210566385707311
-7.97861153669661e-06
0.001499542768529623
0.0002213566857207735
0.001653082270939627
8.659715145515309e-05
0
0.0008747290965326244
0.001022527228481169
0.0001736909844264766
0.0004723590274293375
0.001486941430355712
0.0008158277398110824
0.000712559313871128
0.001434206040587247
0.001666731188669153
0.001749766785872955
0.001747862069822082
0.001798421313180025
0.0008784754089017257
0
-0.0001362015407376333
0
-0.00074227344292371
0.001018351366370354
0.00159503141191803
0.001248223585931526
0.0003521984544151684
0.0008596926569561791
0.001670752738712114
0.001782486039197736
0.001858449140090535
0
0.001594398024320894
0.002059986945697907
0.001592632073719727
0.001489000363152159
0.001274624441521673
0.00154067118859359
0.00179413154851624
0.001392926375944838
0.001421984895749414
0.001808062026265563
0.001823524883013178
0.001042454580929138
0.001708162846750666
0.001800707224765948
0.001790149160487439
0
0.002066613934327466
0.001694528457306646
0
0.0003419833799530097
0.001963693744379217
-0.0006556562630544005
-0.0002549893663129231
0.000413555708600705
0.0004787883193277542
8.762546428552897e-05
0.0002159391887539367
-3.194460892664351e-05
0.001239592986511753
0.001602498716986573
0.001562199626920235
0.0004380449401538862
0.001778357338327491
0.001272531819814495
0.001805414067001994
0.001852355741835653
0.002264809134571279
0.002026083064151487
0.001563674465490926
0.001283444227008563
0.001798083973899076
0.00179857560069346
0.001802638783991491
0.001802769649477047
0.001789555494183359
0.001795113912693512
0.00178878620629923
0.001808014660131625
0
0.001780294835592895
0
0.00180797161945683
0.001733856071409507
0.001761187280293332
0
0.001797554139939251
0.001766513565546852
0.001686768727527425
0.001650039752199148
0.001673612052843982
0.001791707107553573
0.001195286321278904
0.001758364200290481
0.001395736089283757
0.001712956705599986
0.001728871080999663
0.001696064982308481
0.001589249364736396
0.001746279912862482
0.001081835821819312
0
0.00143221141283858
0
0.001526334631562303
0
0.001015245607365896
0.0008170836281053493
0.001652296097245031
0.0008013972209138172
0.001720244995006337
-0.0001589467719125581
0.0002206874151392761
0
0
