0
0
0
0
0
0
0
0
0
0.001078997953202573
0.001087605135643032
0.001204608633405748
0
0.0001443490321742047
0.00124389028777532
0.001731640297704747
0.002056783359904089
0.001836814119561425
0
0.001489560813368921
0.001527859334077202
0.001198215162455446
0.0009020603179888999
0.001144137664370891
0.0007184559476841068
0.0009566730832749627
0.001570894758785277
0.001207753161081824
0.001388142159757392
0.001354727418663203
0.00156069670771452
0.0009418076197093053
0.001412167581471312
0.001039489146987944
0.001121922980291689
0.001653028376035511
0.00170949317933938
0
0
0.0009140795246908121
0.001711045657855842
0.001171205571725671
0.0005149148611859222
0.0009294018955883094
0.001671795204047766
0.001707370114976071
0.001621176291177548
0.001633757742305898
0.001522426525209443
0
0.001680812158883104
0.001219284597272298
0.001408752049760353
0.0008908868131563129
0.0009511529047868391
0.0002317651377211304
0.001129100495286925
0.000682830856288551
0
0
0.000232789905168897
0.0004903048281176105
0.00174790505792437
0.00154091169085823
0.002042643094598033
0.001693080647101937
0.001663549072230701
0.00169270901792189
0
0.001740892032927511
0.00129434164151982
0.001350594558727336
0
0.001220668383458527
6.779875189183493e-06
0.001358526992677227
0.001168565811780201
0
0.001669225740958089
0.001345506338567214
0.001701078861764067
0
0.001432456347765048
0.001709826211361862
0.001563987922354194
0.000999057658889221
0.001645563436527864
0.0009436898539218025
0.001345428736197301
0
0
0.0007280822150041973
0.001623679268892312
0.001673818728496676
0.0002754205027029298
0.001128901670443927
-9.568736680662817e-07
0.0004110157349680006
-0.005965111762787597
0
0.001414558286640437
3.061320625102882e-06
0
0.001529436474534184
0
0.001824223642019922
0.001330405427391504
0
0
0.001860603587015628
0.00184808571485799
0.001259586758760068
0.001482606462801999
0.001567199801264436
0.001208937160603888
0
8.936526552193756e-05
0.0005811891136318825
-0.000664567657301846
0.0009037936570477653
0.0009718173457040067
0.0005968260138305149
0.0008129080625945869
0.0007945377056016153
0.0004402412339231248
-3.284078118076111e-05
4.095092923988532e-05
1.215238349702182e-05
0.0001425107254362945
2.988293552505261e-05
0.0002860446566189918
0.0003555368173604468
0.0001351403805117928
0.0005227064649013947
0.0004709292276017386
-1.424314075248882e-05
9.052850550101434e-05
0.0002622210632983099
-5.652641971965839e-05
0.0002226382813850161
5.182959548922681e-05
9.836750725217271e-05
9.052014906497083e-06
-1.104756379176462e-05
2.541003002504054e-06
0
-0.0002525853186769915
0.001095892248979242
0.0006256085376888285
0.00115120216453237
0.001322731289031891
4.013564087933477e-05
-0.00030658807322531
-6.423843243406225e-05
-0.0002172278785626772
-3.401565595291504e-06
-7.147566720389213e-05
0
-1.194727824257504e-06
0.0004151743703439034
-1.588958817238612e-05
1.415416241237563e-06
3.118400248926099e-06
1.653500473104984e-07
3.993919944564727e-06
-1.007272725116634e-06
2.947292450096827e-05
0.0001767026414133066
2.082779569042463e-06
-2.299079975330689e-05
-9.024210841765026e-07
3.217587782241167e-06
9.229603444112892e-05
-1.620833054224864e-06
0.0008544004483597191
0
1.818729609742111e-06
4.907722409235423e-05
-3.390762537558781e-05
3.382863236815748e-06
1.478017188067489e-05
-5.351798661014563e-07
0
-2.828396588908284e-05
0.0002244719473069753
-7.395528568650978e-06
0.0001188959096080779
0.0005355459573521994
0.001084854330480633
0
6.098645373104351e-05
0.0003492568285866194
0
0
8.120014276000965e-05
1.592198802751257e-05
-0.0001167858736741049
0.0001286006021808064
0.0003162426065761355
0.0002843463007044406
0.001008365132539696
0.00029823725222033
0
0.0003517255435927039
0.0007674468401335368
7.392378917315563e-05
0.0003497761120069867
0.0004463045913428952
0.0002083173898956288
0.0005758605328335312
-0.0003615463064602907
-0.0004598644169240545
0.0003268380933843899
-0.0003011110798679234
0.0007929972154901871
0.0002348469786708947
0.0004911217872250722
0.0008153848101166502
0
0.000368460334783338
0
0.0002083533389651481
0
0.000704302149128903
0
0.0007212963192316152
-7.745483958519277e-06
0.001499606902597208
0.0002215960842725964
0.00165316270249707
8.659882416231808e-05
0
0.0008748040740618477
0.001022795877877941
0.0001751735850586157
0.0004735271338418262
0.001487221961111295
0.000816431698841431
0.0007130327903080819
0.001434556022486521
0.001666913159003783
0.001749770216576523
0.001747942982983813
0.001798435200714751
0.0008792439279108372
0
-0.0001361815199591882
0
-0.0007340003332958217
0.001018663033800583
0.001595130085684448
0.001248122984546542
0.0003524805255986958
0.0008599679506287723
0.001670824908545731
0.001782496976478208
0.001858472810184349
0
0.001594484647405017
0.002060007658843545
0.001592735995295664
0.001489134128165055
0.001274920090033092
0.001540837065523712
0.001794150576643015
0.001393034867118799
0.001422129869528227
0.001807917047640256
0.001823529714248719
0.001043071238772836
0.001708169771075014
0.001800699508069081
0.001790163145256218
0
0.002066645340835255
0.001694550658696271
0
0.0003425945549840841
0.001963436048534334
-0.0006539194850163332
-0.0002541637815692384
0.0004112521030108414
0.0004790113714397343
8.606918355287283e-05
0.0002169209425953494
-3.173237850962724e-05
0.00124004842761853
0.001602672645509766
0.001562195215772458
0.0004407215613612279
0.001778413791756217
0.001272600219444966
0.001805412742868819
0.001852391242789239
0.00226488196741402
0.002026317901923926
0.001563803801497024
0.001283684656864016
0.001798095557352724
0.001798596900550247
0.001802654943592159
0.001802778632557712
0.001789575463079365
0.001795121498283523
0.001788798071957784
0.001808029192005007
0
0.001780307981828073
0
0.001807998769192345
0.001733909681571306
0.001761186341377665
0
0.001797577050828607
0.001766520682222786
0.001686715783037045
0.001649916663062302
0.001674495096809978
0.00179171638683392
0.001195346302554552
0.001758364763992902
0.001395821298882318
0.001712927930908175
0.00172888163086887
0.001696039349580319
0.001589257656883736
0.001746212713995416
0.001081762763930307
0
0.001432350784409742
0
0.001526374210349552
0
0.001015499599171998
0.00081717283143789
0.00165236128862247
0.0008015196972986188
0.00172023437762856
-0.000158946585978805
0.0002215011837529297
0
0
