0
0
0
0
0
0
0
0
0
0.001079020301550386
0.001086758578129178
0.00120425573606075
0
0.000144656458807032
0.001245515306629979
0.001731743945662187
0.002056824922261703
0.001836906328472906
0
0.001489983350862465
0.001527866647495083
0.001198109451321568
0.0009010435431595175
0.00114380667206691
0.0007187120194031291
0.0009556602583115526
0.001570854699833439
0.001207534941008614
0.001388023969479073
0.001354589355648907
0.001560885334155114
0.0009418418124152053
0.001412130794445422
0.00103942520034516
0.001121992452284018
0.001653074781503074
0.001709582687118347
0
0
0.0009141285479452308
0.001711145910154111
0.001171143270411911
0.0005151954482951336
0.0009294937522019993
0.001671891022355941
0.001707483410769414
0.001621260894646982
0.00163382397729411
0.001522475732946752
0
0.001680992942493791
0.001219287775738855
0.001408854533155365
0.0008910317905129508
0.0009513264825530149
0.0002320704529776784
0.001129252353773452
0.0006830425832895199
0
0
0.0002330755166249658
0.0004905735296207415
0.001748046244382588
0.00154106476373111
0.002042750228589975
0.00169315732748022
0.001663634727848602
0.001692683650523925
0
0.001740936337477067
0.001294524552369089
0.001350867589077711
0
0.001220690582290527
6.685746554214477e-06
0.001358940018022384
0.001169126610317103
0
0.001669305260223082
0.001345125252223348
0.001701244725926234
0
0.001432600070101589
0.00170991610500055
0.001564048189744097
0.0009991233045944508
0.001645059194833008
0.0009438259765395062
0.001345410957356899
0
0
0.0007280921670867742
0.001623765468978396
0.001673929116124002
0.0002754514828535397
0.001128529274447116
-9.616371153388336e-07
0.0004112262073092144
-0.005965115839805326
0
0.001414491061981337
3.087974310776678e-06
0
0.001529765278787403
0
0.001824649707413436
0.001330547915323343
0
0
0.001860795145391804
0.001848642930384109
0.001260484343411968
0.001482915040386398
0.001567861626884209
0.001209508395698765
0
9.042384445691895e-05
0.0005826664734630673
-0.0006645754556231074
0.0009045924904528094
0.0009720382808361929
0.0005975478184573566
0.0008132205068583111
0.0007952272307315319
0.0004414011033659033
-3.296103521520918e-05
4.219811725806377e-05
1.308020605212758e-05
0.0001438442714506193
3.042765749057504e-05
0.000286605944660157
0.0003562964214034019
0.0001359864242503809
0.0005231858215336031
0.0004712982992266246
-1.482059171800644e-05
9.083415641019571e-05
0.0002625071764991326
-5.650255406351725e-05
0.0002230406955135565
5.196859934165682e-05
9.890411929871851e-05
9.362393800812991e-06
-1.101900041177733e-05
2.527180670037093e-06
0
-0.0002525821000273764
0.001096812187790677
0.0006268657366680918
0.001151499572145317
0.001323124023646229
4.112953799868525e-05
-0.0003076853469433796
-6.421862177732123e-05
-0.00021593839325745
-2.149235301069203e-06
-7.188953052810684e-05
0
-1.188808847884128e-06
0.0004137265797827769
-1.691781590684028e-05
1.05482713165721e-06
3.401931712054927e-06
8.401922841605998e-08
3.977054403602731e-06
-1.007158138627296e-06
2.968716291724284e-05
0.0001758356527853718
1.979855914991377e-06
-2.290416963815905e-05
-7.968799500186424e-07
3.132930908226129e-06
8.988345954587303e-05
-1.654955117717276e-06
0.0008536004535249302
0
1.834534853703021e-06
4.906828304664888e-05
-3.389488587693345e-05
3.066434893927076e-06
1.476331395862351e-05
-5.39913554439935e-07
0
-2.837437163260702e-05
0.0002200096084484179
-7.192718231686003e-06
0.0001188610904072481
0.0005357330815415526
0.001084417884008376
0
6.035456946700004e-05
0.0003443573873853938
0
0
7.917906705924736e-05
1.594141994268107e-05
-0.0001172138357838954
0.0001281716723328515
0.0003139644341380811
0.0002807987010055474
0.001007886425665688
0.0002950248517622691
0
0.0003510122149036974
0.0007648590300474712
7.392388081496188e-05
0.0003471289490668492
0.0004455316115602267
0.0002055474506629501
0.0005714871128532857
-0.0003621802905561945
-0.0004670862301152524
0.0003264466218002492
-0.0003007568462284167
0.0007924787265439946
0.0002319490912657188
0.0004906244594339407
0.0008151428196385036
0
0.0003678086553311875
0
0.0002065859354505431
0
0.0007023683937254331
0
0.0007210242171362489
-8.016944294974702e-06
0.001499516919839965
0.0002213142204866617
0.001653053399369758
8.659695725712282e-05
0
0.0008747055600471956
0.001022469500046552
0.0001734718863315053
0.0004721644576472775
0.001486884045153266
0.0008157233767719521
0.0007124791517575122
0.001434140308483368
0.001666689681159471
0.00174975094484752
0.001747833687227952
0.001798404088433133
0.0008783430676640408
0
-0.0001362042259974635
0
-0.0007434166689680924
0.001018285770825851
0.001595000299532987
0.001248225388989213
0.0003521450858160513
0.0008596352927933904
0.001670725365917256
0.001782471611049758
0.001858430060716651
0
0.001594376195566428
0.00205996474122948
0.001592602792470976
0.001488963648360883
0.00127456269744817
0.001540630196423228
0.001794113931454729
0.001392894643732073
0.001421947379636786
0.001808067307609451
0.001823507989162059
0.001042344702560088
0.001708147745721311
0.001800693204600329
0.001790131147002849
0
0.002066594282051058
0.001694513556689315
0
0.000341898526177485
0.001963722333869223
-0.0006558922891680009
-0.0002551028975857564
0.000413849923155036
0.0004787565245505315
8.78599942893008e-05
0.0002158116543979454
-3.196782899657197e-05
0.001239512480032577
0.001602464860004337
0.001562200086274837
0.0004376563975022286
0.001778331602752227
0.001272506052899391
0.001805396937179071
0.001852334849694379
0.002264777864294809
0.002026034434277051
0.001563637443625637
0.001283390176877481
0.001798068190838671
0.001798557118094286
0.001802621611793759
0.001802754940559145
0.001789536511339285
0.001795097619323187
0.001788770285069804
0.001807998211728198
0
0.001780279569795156
0
0.001807953574942899
0.001733835542605798
0.001761174109994692
0
0.001797535197876755
0.0017664996561198
0.001686763751771363
0.0016500426981521
0.001673483230887008
0.001791691852285659
0.001195269863287039
0.001758350883186959
0.001395712235939471
0.001712948072632398
0.001728856794621658
0.001696056047006727
0.001589236661743461
0.001746276355735004
0.001081835754175593
0
0.001432182894821397
0
0.001526317470563593
0
0.001015204349622731
0.0008170668785433228
0.001652274402310507
0.0008013719687398243
0.001720233706009708
-0.0001589467973971821
0.000220577998378892
0
0
