0
0
0
0
0
0
0
0
0
0.001078292966354715
0.001088249104384527
0.001204796109202549
0
0.0001439375747912116
0.001242124323020902
0.001731343931654982
0.002056525893805762
0.001836502932103494
0
0.001488679348499251
0.001527662346906553
0.001197970774158785
0.0009029323036329024
0.001144184455854942
0.0007167542153802602
0.0009575560631114717
0.001570744657347061
0.001207680213138769
0.001388037191286849
0.0013546287347719
0.001560344948239742
0.0009410038382967703
0.001411976124233137
0.001039012511432993
0.001121611290678457
0.001652793225300846
0.001709209569237978
0
0
0.0009133361103029128
0.001710752773372622
0.001170894922549785
0.0005130457076485954
0.0009286970559771184
0.001671505315117832
0.001707061830506606
0.001620905989666065
0.001633494555561918
0.001522169489765633
0
0.001680433836352791
0.001218998183617015
0.001408444792325332
0.0008905195282706663
0.0009509478910595008
0.0002336901606261906
0.001128775976755202
0.000682862180004218
0
0
0.0002340563179355808
0.0004904563266368668
0.001747547638998237
0.001540558788916695
0.002042277258764124
0.001692809394602997
0.001663268582387132
0.001692538353369012
0
0.001740647795001018
0.001293787366148431
0.001349638296890461
0
0.001220116797360013
7.096835965163426e-06
0.001358073429786869
0.001168044450974495
0
0.001668955423821254
0.001345719938425123
0.001700720179522944
0
0.0014321666307025
0.001709542082418987
0.001563733020214383
0.00099882911859272
0.001645872086101293
0.000943435978138024
0.001345446021209534
0
0
0.000728072302141885
0.001623421483930481
0.001673514103223751
0.0002753276041105327
0.001128973295221464
-1.169680479637586e-06
0.0004107469806466646
-0.005965107477810927
0
0.001414507752400154
3.354516865800656e-06
0
0.001528602875129882
0
0.001823372448083676
0.001329767428026515
0
0
0.001859972871210374
0.001847093902850989
0.00125820234245774
0.001481789570146459
0.001566142680968641
0.001208112427760051
0
8.827577412269882e-05
0.0005795673268497866
-0.000664562409773295
0.0009017672894056668
0.0009703599173973586
0.0005934416561303425
0.0008109251776546449
0.0007920605588783134
0.0004381558293380476
-3.275142157970783e-05
3.981725174487363e-05
1.112149172922302e-05
0.0001398559420604775
2.89838912017559e-05
0.0002793413997272155
0.000351099795543529
0.000132128802327852
0.0005189298030386733
0.0004669496662660523
-1.364061065709984e-05
7.505040063422703e-05
0.0002559423277485259
-5.654875763068065e-05
0.0002134064121952843
2.875396225868413e-05
9.362931487763239e-05
8.473139729081375e-06
-1.10798567953717e-05
2.384097648583582e-06
0
-0.000252585605045278
0.001094269191950509
0.0006237630351804326
0.00114993753201438
0.001321657761805394
3.910611611994333e-05
-0.0003055935524871583
-6.42589479255414e-05
-0.0002186266262631852
-4.757428919329383e-06
-7.108467022757193e-05
0
-1.198286025060929e-06
0.0004163106782297672
-1.489113994693376e-05
1.769092688797175e-06
2.751848080448182e-06
2.529006977314495e-07
4.171139224816343e-06
-1.007184262840265e-06
2.908698904209558e-05
0.0001773122202628507
2.554804046884386e-06
-2.307394093186629e-05
-1.46458352472899e-06
3.455812686950981e-06
9.467972643230364e-05
-1.375331892772036e-06
0.0008552021208297084
0
1.986365564312382e-06
4.907751316549109e-05
-3.391756877396286e-05
3.642023232200454e-06
1.492338377717345e-05
-5.225550624566593e-07
0
-2.850841371714016e-05
0.0002288075849032617
-7.516952277142863e-06
0.000118930156778638
0.0005347437250277611
0.001084920678616316
0
6.163562402226386e-05
0.0003538363679729302
0
0
8.32599703781634e-05
1.605965534368811e-05
-0.0001163778700821527
0.0001290315151984605
0.0003180480785040117
0.0002878042218321854
0.001009028208710535
0.0003010938774907552
0
0.0003523811125361278
0.0007699325423657541
7.392369208233558e-05
0.0003524283664831347
0.0004470131929208046
0.0002109454807960632
0.0005800278429210324
-0.0003606528722913605
-0.0004524588502817173
0.0003271974257175108
-0.0003014536254550041
0.0007936572034583879
0.0002375561230382177
0.0004916651022499091
0.0008158512215055872
0
0.0003691271115470024
0
0.0002100306712094158
0
0.0007061733402633478
0
0.0007215632004914732
-7.499199955982211e-06
0.001500063428207747
0.0002218532725841179
0.001653672952991595
8.660044625343221e-05
0
0.0008750995530158302
0.001023397148304224
0.0001763834874559866
0.0004746607380870848
0.001487648023260533
0.0008169419309940014
0.0007132541656123525
0.001434894804767043
0.001667258077903648
0.001750171607668824
0.001748336541535578
0.001798916291752151
0.0008800369766152504
0
-0.0001361591308409671
0
-0.000724493838327312
0.001019299488977289
0.001595654052801263
0.001248333180158559
0.0003528644540529748
0.0008605317219016826
0.001671306490451555
0.00178290442570468
0.001858997444069979
0
0.00159517823182818
0.002060642102572864
0.001593268434466963
0.001489680682847044
0.001275513255459914
0.001541308464636579
0.00179460853040924
0.00139353442156601
0.001422679148255313
0.001808153316004313
0.001823960228550539
0.001043811952997249
0.001708597913455708
0.001801091716094659
0.001790602385067177
0
0.002067119541936993
0.001694947075360451
0
0.0003432308387287945
0.001962761134593445
-0.0006519964956458296
-0.0002532799798683958
0.0004087221739244555
0.0004792327602046247
8.434855222502642e-05
0.0002180742842117136
-3.151188655672243e-05
0.001240599447107639
0.001602723249615671
0.001562187860815091
0.0004438049638487597
0.001778901630046413
0.001273018261637529
0.001805833049742057
0.001852855718612682
0.002265501697962027
0.002027130184146626
0.001564339969457741
0.001284292612799179
0.001798504014236205
0.001799050103814947
0.001803098155096299
0.001803180849461494
0.001790028141182176
0.001795571000985734
0.001789212564323118
0.001808449206363665
0
0.001780700378881693
0
0.001808431543408644
0.001734343286929818
0.001761544712845418
0
0.001798026237916731
0.001766893053388997
0.001686990877923628
0.001650140589142192
0.001675860454189631
0.001792115085064209
0.001195675027942068
0.00175872915208659
0.001396210663784405
0.001713242222952682
0.001729255265683767
0.001696349957342778
0.001589580068829483
0.001746494847277279
0.001081897025400946
0
0.001432760627010805
0
0.001526732597285032
0
0.001015945494250875
0.0008176103250669683
0.001652885984385528
0.0008018402729555337
0.001720566339831485
-0.0001589463781011716
0.0002224157366961931
0
0
