0
0
0
0
0
0
0
0
0
0.001079011608323942
0.001086611204151844
0.001204194674872939
0
0.0001447037367521646
0.001245786251000604
0.001731758956922642
0.002056829298104792
0.001836919229834445
0
0.001490048432903908
0.001527865342089346
0.00119808448617788
0.0009008686472701353
0.001143743650565991
0.0007187370733726852
0.0009554858618534102
0.001570845449057911
0.001207490792003768
0.001387998734293365
0.001354561442845993
0.001560912471767297
0.0009418333582967474
0.001412118738928668
0.001039402443325925
0.001121992974223419
0.001653080064513365
0.001709595320874129
0
0
0.000914122104992303
0.001711160304537184
0.001171123131565048
0.0005152214122588573
0.0009294949201339828
0.001671904458878867
0.001707499975445257
0.001621272652194589
0.001633832039007213
0.00152247892164667
0
0.001681020466364002
0.001219279019116721
0.001408865306498856
0.0008910422449502949
0.0009513483408493922
0.0002320879933194491
0.001129269844436511
0.0006830626564351161
0
0
0.0002331131935651533
0.0004905933655185399
0.001748066516959246
0.001541086476995338
0.002042763715264382
0.001693167303374212
0.001663647432328283
0.001692676033109907
0
0.001740940296506035
0.001294549065193322
0.001350904538416536
0
0.001220684234023402
6.674165020932632e-06
0.001359007290312756
0.001169221122972126
0
0.001669316574410587
0.001345058804791124
0.001701270328051749
0
0.001432622729510565
0.001709928709722599
0.001564056738215774
0.0009991344804359092
0.001644971708365515
0.0009438488929943191
0.001345407946041306
0
0
0.0007280938341835794
0.001623779449766774
0.001673945467428995
0.0002754531039778691
0.001128458976184799
-9.627100352399744e-07
0.0004112587540661263
-0.005965116503187668
0
0.001414479944254657
3.091794980431922e-06
0
0.00152981367945053
0
0.001824715959658701
0.001330563654559999
0
0
0.001860820689189584
0.001848730279503456
0.001260635539740764
0.00148296061196782
0.001567969057836589
0.001209593450183493
0
9.062455553097443e-05
0.0005829202019296441
-0.0006645773521812681
0.000904726524005133
0.0009720614791679513
0.000597673837708589
0.0008132594601299441
0.0007953426570251134
0.0004416036993901234
-3.298411622695926e-05
4.243113261007302e-05
1.325810314406807e-05
0.0001440733780003653
3.052596642386606e-05
0.0002867221267968455
0.0003564354967025896
0.000136113238697002
0.0005232650365192923
0.0004713532127947922
-1.491357534449961e-05
9.090054511907168e-05
0.0002625518967750585
-5.64984268036709e-05
0.0002231267965351853
5.201612788006455e-05
9.899732789686949e-05
9.410217458255743e-06
-1.101482908334051e-05
2.526788417105355e-06
0
-0.0002525813272662048
0.001096968552271784
0.0006270856874519876
0.001151539033973222
0.001323183836995217
4.133083860640313e-05
-0.0003078785155782622
-6.421532957778114e-05
-0.0002156930620136375
-2.048363729454254e-06
-7.196087019139199e-05
0
-1.187840686097419e-06
0.0004134938047900982
-1.709198793171197e-05
9.948274064974608e-07
3.483717028494724e-06
7.057537220428434e-08
3.976291240011662e-06
-1.007139343593698e-06
2.976789259967071e-05
0.000175687704308337
1.971648884811096e-06
-2.288927171515851e-05
-7.892129737717662e-07
3.125412698825594e-06
8.948674839570275e-05
-1.659369592585983e-06
0.000853470168648741
0
1.838113200784421e-06
4.908297630296363e-05
-3.38926648817074e-05
3.020067486558622e-06
1.476809376631502e-05
-5.407727861368789e-07
0
-2.840555735887507e-05
0.0002192754156482182
-7.158463529747084e-06
0.0001188551912103627
0.0005357982395618208
0.001084369004881202
0
6.024987129032374e-05
0.0003435595570488176
0
0
7.884749854164069e-05
1.595865135426125e-05
-0.0001172876729033582
0.0001281008769015272
0.0003136013983723588
0.0002802235861961994
0.001007803765814639
0.0002945069591497642
0
0.0003509048442555381
0.000764446949255088
7.392389715676085e-05
0.0003467003415425467
0.0004454104867432988
0.0002051051448472928
0.0005707744060188908
-0.0003622780775024058
-0.000468282945337965
0.0003263779172420971
-0.0003006868042710184
0.0007923917949918179
0.0002314873846296346
0.0004905464261432433
0.0008150963073350664
0
0.0003677066694423421
0
0.0002063061842212362
0
0.0007020647864110338
0
0.0007209782341868537
-8.057336945962547e-06
0.001499490164469841
0.000221272559475628
0.001653023885379891
8.659670816047816e-05
0
0.0008746831296201103
0.001022409776479293
0.0001731989805848225
0.0004719460283429778
0.001486830040201358
0.0008156163042124399
0.0007124101823185899
0.001434080608449548
0.001666653954785884
0.001749736449157324
0.001747809764264437
0.001798384985659162
0.0008781984087808365
0
-0.0001362080283500246
0
-0.0007449798152285716
0.001018218260520108
0.001594967784246348
0.001248232984974817
0.0003520926235925678
0.000859575525441978
0.00167069840727642
0.001782453756487061
0.001858408464435065
0
0.001594339213420909
0.002059940484451643
0.001592569705461506
0.001488925001654188
0.001274498083826733
0.001540590116473396
0.001794094985074061
0.001392860310377656
0.001421907431929849
0.001808080223905418
0.00182349300643179
0.001042226540385205
0.001708129523892484
0.001800681539815331
0.00179011487418785
0
0.00206657287987989
0.00169448721077214
0
0.0003417792710079123
0.001963765899813931
-0.0006562268278387579
-0.0002552645560542797
0.0004143068722166583
0.0004787105777983325
8.816718675112236e-05
0.0002156348363977467
-3.200142292138012e-05
0.001239445695256254
0.001602441875075376
0.001562200516431555
0.0004371655050481493
0.001778305728287068
0.001272479886444111
0.001805381736279382
0.001852313242331743
0.00226474636498818
0.002025977846840653
0.001563600350828183
0.001283333729828041
0.00179805209579233
0.001798537810870521
0.001802603417974657
0.001802738255984156
0.00178951694286168
0.001795080481340594
0.001788753687430419
0.001807980992018774
0
0.001780263776681257
0
0.001807934036282791
0.001733812593942305
0.001761162000543139
0
0.001797515628984336
0.001766484586852878
0.001686763244854255
0.001650058047589831
0.001673296831447509
0.001791676402611071
0.001195245730876348
0.001758338447756701
0.001395685688328245
0.00171294222976742
0.001728842456990208
0.001696049963492189
0.001589225191515446
0.001746277634751059
0.001081844396149455
0
0.001432147895783901
0
0.001526297842489944
0
0.001015150061511593
0.000817034574055223
0.001652244404601353
0.0008013417664992647
0.001720224253607245
-0.0001589468334290394
0.0002204230476236933
0
0
