0
0
0
0
0
0
0
0
0
0.00107901654688366
0.00108653339118274
0.00120416235663862
0
0.0001447252886803674
0.001245930378291156
0.001731769417502743
0.002056834246102501
0.001836928855596525
0
0.001490087370525727
0.0015278661457571
0.001198076347392395
0.0009007750361803125
0.001143715518855852
0.0007187664313500394
0.0009553951580385166
0.0015708423094047
0.001207472909291544
0.001387989262135606
0.001354549798954844
0.001560933910788344
0.0009418404769803945
0.001412116717968982
0.00103939980780656
0.001122002600683348
0.00165308517201781
0.001709604391935991
0
0
0.0009141310620156494
0.001711170274147831
0.001171120064386573
0.0005152532890373791
0.0009295077034874463
0.001671914072172259
0.001707511290055732
0.00162128121145526
0.001633838907723277
0.001522484377919156
0
0.001681037746647375
0.001219281837807196
0.001408876117267286
0.0008910593023977611
0.000951365286292372
0.0002321175140435457
0.001129285748061326
0.0006830863965209142
0
0
0.0002331482183542754
0.0004906241323369394
0.001748080172157511
0.001541101285003247
0.002042774589023426
0.001693175707939397
0.001663655807759553
0.001692675609001021
0
0.001740945536253395
0.00129456684304611
0.001350930187337035
0
0.001220688338861744
6.665799964464955e-06
0.001359044814307509
0.00116926681721203
0
0.0016693251620202
0.001345025720646048
0.001701286976362307
0
0.001432636250954903
0.001709937911625773
0.001564063371878028
0.0009991386222141857
0.001644928980506983
0.0009438595830649225
0.001345406343046312
0
0
0.0007280947193114693
0.001623787305609378
0.001673956522537682
0.0002754581587928608
0.001128426977560704
-9.634652439222751e-07
0.0004112810439832072
-0.005965116851904968
0
0.001414471587918922
3.093612663935442e-06
0
0.001529844282683365
0
0.00182475371900561
0.001330578055916583
0
0
0.001860838240297618
0.001848778144507457
0.00126070817169003
0.001482987162933737
0.00156802387685014
0.001209631299828615
0
9.070688165251356e-05
0.0005830345660278848
-0.0006645784262906804
0.0009047972563528949
0.0009720847835404503
0.0005977408291896151
0.000813291665952793
0.0007954057104707259
0.0004417117208272157
-3.299670699715155e-05
4.254294053080779e-05
1.333637164558532e-05
0.0001442188738786855
3.059289623354627e-05
0.0002867665455529526
0.0003565083556887488
0.0001362303006983027
0.000523309851447925
0.0004713896182351576
-1.496234170902101e-05
9.094256383212657e-05
0.0002625762973675263
-5.649623967831974e-05
0.000223157713138468
5.202132905378243e-05
9.906614768905436e-05
9.434556263938666e-06
-1.101264842467686e-05
2.526399177120116e-06
0
-0.0002525809217496096
0.001097044982910811
0.0006271924666201427
0.001151567423766613
0.001323217454887043
4.140855096106458e-05
-0.0003079818572835271
-6.421362057001422e-05
-0.0002155714367407851
-2.021095582561177e-06
-7.199886679751125e-05
0
-1.187317018310904e-06
0.0004133312086480162
-1.718510114046113e-05
9.628624015665236e-07
3.534307470206521e-06
6.343819870010634e-08
3.978704428574316e-06
-1.007129432079432e-06
2.97634658843998e-05
0.0001755811449192864
1.968623129267698e-06
-2.288135064600094e-05
-7.875939653026563e-07
3.122090305371683e-06
8.924355513693284e-05
-1.662077130156766e-06
0.0008533783085019035
0
1.840174453750254e-06
4.907948003600737e-05
-3.389147315829378e-05
2.99395883429669e-06
1.477084827900226e-05
-5.411575499341172e-07
0
-2.842227215800663e-05
0.0002188273611509135
-7.143096404169129e-06
0.0001188520627485905
0.0005358248550784455
0.001084334967806199
0
6.01874126408368e-05
0.0003430620441593187
0
0
7.86542538073437e-05
1.595795803739131e-05
-0.0001173270784477426
0.000128063481977476
0.0003133554936690095
0.0002798679024945853
0.001007742251233188
0.0002941707337382418
0
0.000350814798664584
0.0007641682372228731
7.392390561398939e-05
0.0003464438096080015
0.000445317827496654
0.0002048140347787018
0.0005703281179378224
-0.0003623307565951807
-0.0004689091704602168
0.000326340882572022
-0.0003006686592771343
0.0007923246699525209
0.0002311827982375393
0.0004904782466434753
0.0008150619388309482
0
0.0003676236506691318
0
0.0002061164945940712
0
0.0007018477476566276
0
0.0007209537311146762
-8.092315353625781e-06
0.001499471107579958
0.00022123151876986
0.001653000208382924
8.659660774560708e-05
0
0.0008746647494604539
0.001022363512542766
0.0001730148895076943
0.0004717930593735989
0.001486788846123819
0.0008155445638654245
0.0007123644031019461
0.001434036485725774
0.001666625411039281
0.001749721810475841
0.001747787673400674
0.001798368965258778
0.0008781001755945695
0
-0.0001362100495548041
0
-0.0007458125975055275
0.00101816622134789
0.001594942776054511
0.001248241145157738
0.0003520444022771048
0.0008595289099515965
0.001670676206998245
0.001782439412368654
0.001858390336724051
0
0.001594321367381015
0.002059919237531683
0.001592548073059172
0.001488895551910769
0.001274450095278724
0.001540558660014978
0.001794078894007867
0.001392837289281346
0.001421878590089404
0.001808081799122683
0.001823477254594808
0.0010421446181839
0.001708116695326177
0.001800667595175676
0.00179009830029998
0
0.00206655542105771
0.001694478804418256
0
0.0003417203613415622
0.001963791953918074
-0.0006564045273498738
-0.0002553506764262467
0.0004145214010914465
0.0004786855016755428
8.829391262600022e-05
0.0002155603178357529
-3.202848876335885e-05
0.001239355454572373
0.001602420718716931
0.001562200598893521
0.0004368631658894008
0.001778285310737713
0.001272462019724975
0.001805366641940522
0.001852296035209547
0.002264721067267186
0.002025939786901793
0.001563571485881294
0.001283291295836729
0.001798037796841398
0.001798521331745623
0.001802587777749287
0.001802725298393345
0.001789500286630838
0.001795065471072915
0.001788739189843803
0.001807966351590793
0
0.001780250020673642
0
0.001807918033805058
0.001733794957524866
0.001761149531508888
0
0.001797499008356584
0.001766471153148784
0.001686756951962395
0.001650056161459725
0.001673200864857697
0.001791662564203543
0.001195229682776429
0.001758326000414441
0.001395664816297072
0.001712933246076391
0.001728829713076697
0.001696040583816774
0.001589212856675459
0.001746272345942662
0.001081839729498116
0
0.001432123788495231
0
0.001526281699722782
0
0.001015117814963456
0.0008170136455129425
0.001652224153897288
0.000801319570145216
0.00172021313026874
-0.0001589468525641837
0.0002203407505919486
0
0
