0
0
0
0
0
0
0
0
0
0.001078895277456887
0.00108813379056201
0.001204815534137426
0
0.0001441029363104276
0.001242757537842053
0.001731537763271296
0.002056719349233385
0.001836715117039291
0
0.001489202777996566
0.001527819997897706
0.00119823148844793
0.0009027135558706562
0.001144313213345136
0.0007181845365420372
0.0009573339542835812
0.001570888599239777
0.001207851130112678
0.00138818066433855
0.00135477939378212
0.001560547227296511
0.0009416974438665098
0.001412149131309442
0.001039458980971338
0.001121822054920897
0.001652965020893906
0.001709400030642768
0
0
0.0009139683960368821
0.00171094521470461
0.001171188534228084
0.0005146502692986826
0.0009292700470149609
0.00167169808678976
0.001707260766167774
0.001621087483047725
0.001633678696458687
0.001522353315487261
0
0.001680656474461306
0.001219229840517872
0.001408641745434233
0.0008907335725368001
0.0009510024929854451
0.0002315282570631163
0.001128955427998069
0.0006826316357553412
0
0
0.0002326286343578394
0.0004900638850438703
0.001747773440331847
0.001540772693287354
0.002042530400266812
0.001692996726665544
0.001663457416016917
0.001692693214345417
0
0.001740828905607147
0.001294160580360196
0.001350309795560307
0
0.001220577003474616
6.834102174600878e-06
0.001358231263194179
0.001168184227764044
0
0.001669139925230182
0.001345734461056785
0.001700934676170232
0
0.001432334562631503
0.00170973297464214
0.001563913663040317
0.0009989813068445362
0.001645872527918842
0.0009435702941748886
0.001345440608930748
0
0
0.0007280754349500668
0.001623589954094028
0.001673711625857045
0.0002753920239757839
0.001129103906337679
-9.604703299431746e-07
0.0004108686142806681
-0.005965108856641649
0
0.001414573339639931
3.041771807412761e-06
0
0.001529134555152617
0
0.001823858635623102
0.001330234834836231
0
0
0.001860400689867549
0.001847622919574976
0.001258882368153529
0.001482308116597408
0.001566669099758819
0.001208460904394863
0
8.863013453297793e-05
0.0005801339588545146
-0.0006645638804181626
0.0009031089257764305
0.0009715423582481222
0.0005961587731509887
0.0008125687435310779
0.0007939109773860341
0.0004393298222253053
-3.277661377078467e-05
4.009494761981888e-05
1.150549921571442e-05
0.0001414377410165934
2.937261279353143e-05
0.000285498911819945
0.0003548361499994852
0.0001341834353970033
0.0005222426283029189
0.000470571318051897
-1.383308141816166e-05
9.017373432903843e-05
0.0002619467465948386
-5.654188619085278e-05
0.0002222340809804006
5.163153387878574e-05
9.7706633202516e-05
8.767727437613326e-06
-1.107039989525137e-05
2.572366500474369e-06
0
-0.0002525854272476592
0.001095152783779996
0.0006246530900898648
0.001150876390429834
0.001322356156250912
3.937073529266934e-05
-0.0003058983184140918
-6.425251004069283e-05
-0.000218129611566853
-4.39046894102143e-06
-7.120600998078784e-05
0
-1.198189052408103e-06
0.000416212958905182
-1.520254693177446e-05
1.659489211456509e-06
2.905381782155808e-06
2.238246490572823e-07
4.068523815164169e-06
-1.007261983379648e-06
2.921402941873514e-05
0.0001773083719521384
2.300282477054146e-06
-2.304748155295528e-05
-1.150571648049052e-06
3.372603564136669e-06
9.403625633446166e-05
-1.544365144475249e-06
0.0008550554677615742
0
1.82280792099464e-06
4.906133679453735e-05
-3.391525428434918e-05
3.618223976167742e-06
1.488892623668875e-05
-5.327931685960208e-07
0
-2.843932306933077e-05
0.0002276505889188197
-7.50688132509181e-06
0.0001189193180565877
0.000535279117472362
0.001085106408700488
0
6.145222568103764e-05
0.0003527010834497894
0
0
8.273034329377851e-05
1.584513677772798e-05
-0.0001165037948298556
0.0001288949867201111
0.0003178319991972423
0.0002868573193608044
0.001008831490378005
0.0003005148978990135
0
0.0003523537577265574
0.0007693657512324644
7.392372780328666e-05
0.0003516193296890929
0.000446947255502167
0.0002103505826945249
0.0005789424728005005
-0.0003609288448148336
-0.0004549174608912321
0.0003270872088133284
-0.0003014614513514145
0.000793496229046045
0.0002369720116487529
0.0004916078179813776
0.0008156885891125133
0
0.0003690481487881766
0
0.0002096810129901018
0
0.0007058035502814803
0
0.0007214793320857344
-7.478540093106129e-06
0.001499808710614407
0.0002218814079852188
0.001653386558891636
8.659987944713689e-05
0
0.000874972878103736
0.001023174495234244
0.0001763032236544579
0.0004745310320023145
0.001487538536615014
0.0008169391544931732
0.0007133805407380046
0.001434883792895259
0.00166715157574224
0.001749920519831243
0.001748139591312252
0.001798606054233601
0.0008799274607154525
0
-0.0001361661388225758
0
-0.0007277365871743782
0.001019076782370951
0.001595368265900853
0.001248175513565433
0.0003528414647132261
0.0008603469716162058
0.001671035239124745
0.001782646361539455
0.001858659647904509
0
0.001594709751552412
0.002060229400813684
0.00159296898191995
0.001489402707504797
0.001275297506536411
0.001541099118443608
0.001794318232729072
0.001393273117463837
0.001422403201993277
0.00180794754182044
0.001823687125710517
0.001043665045059443
0.001708325764161627
0.001800837057128319
0.001790326702877796
0
0.002066825398004899
0.001694702973231975
0
0.0003430633441000865
0.001963173634089277
-0.0006525998490401415
-0.0002535551623669798
0.000409467779803495
0.0004791679761074903
8.475427085526829e-05
0.0002176777235209842
-3.148615743428827e-05
0.001240675482703537
0.001602812076194049
0.001562190600871813
0.0004428960631802043
0.00177861889821489
0.001272793434599804
0.001805568861768172
0.001852573384898361
0.002265139390763427
0.002026692599006849
0.001564064849211726
0.001284037722093546
0.001798245269040622
0.001798766522774519
0.001802817872582564
0.001802925645775506
0.001789746253087977
0.001795282527235357
0.0017889504740316
0.001808184031965336
0
0.001780452868171632
0
0.001808162791435459
0.001734083126813478
0.0017613158722483
0
0.001797746993162021
0.001766657753977568
0.001686795727379522
0.001649948380897823
0.001675290340110362
0.001791862312926898
0.001195484742706328
0.001758495765736567
0.001395997839890412
0.001713030110558223
0.001729017613970983
0.001696142133675098
0.001589378054940368
0.001746288319090569
0.001081794356034109
0
0.001432552255665468
0
0.001526519680483086
0
0.001015758200861675
0.0008173433791332759
0.0016525607945789
0.0008016864981508573
0.00172035075463063
-0.0001589464424275991
0.0002221273136591887
0
0
