0
0
0
0
0
0
0
0
0
0.001086378012373654
0.001089740968038171
0.001206598724985633
0
0.0001436264726650221
0.001243299272600643
0.001733791831821147
0.002059282829071032
0.001839307107337805
0
0.001492937419250444
0.001529916995081989
0.001202203324734902
0.0009038900305056146
0.001148439661763201
0.0007344283938560719
0.0009591081081741012
0.001573057893875059
0.001212335096083225
0.001391705012300466
0.001357892439177327
0.001562423649681747
0.0009515785653277373
0.001415978212748366
0.001047027357891112
0.001130128925778699
0.00165514487422185
0.0017116467408653
0
0
0.000924984123050341
0.001713188746960842
0.001177585278377268
0.0005387440528738295
0.0009408382893907699
0.001673888839154515
0.001709496260189389
0.001623240387839195
0.001636042678798684
0.001525557333019639
0
0.001682838911110116
0.001225692399080118
0.001412766707456122
0.0009032192158903703
0.0009559224066354784
0.0002869489073896132
0.001134425349133674
0.0006960502878278154
0
0
0.0002445630167165271
0.0005200307936535934
0.001750321767580015
0.001543693772598911
0.002045347519150543
0.001695219832610818
0.001665663731221447
0.001694858128656451
0
0.001743090270326257
0.001297875585339282
0.001355759943653365
0
0.001226266399406789
6.526155370654761e-06
0.001360240118933941
0.001164576513880857
0
0.001671328175720301
0.001347797759156416
0.001703133161703796
0
0.001434044262304034
0.00171196410707667
0.00156612313863098
0.001000747583800606
0.001648366549945504
0.0009446888683031085
0.00134545161236255
0
0
0.0007280690476846422
0.001625511792037445
0.001675935496778281
0.0002761133481673201
0.001133105123855129
-4.507452290798474e-06
0.0004114844469901554
-0.005965106024472984
0
0.001415695694315314
7.287716883225459e-05
0
0.001533207252990229
0
0.001826962838856887
0.001335025394041815
0
0
0.001863981339810836
0.001851110379615578
0.001263414328472423
0.001486245237968091
0.001570221192226849
0.001211618833942907
0
8.977556055361022e-05
0.0005828106194505982
-0.0006645618028699493
0.0009086300617309431
0.0009812938061722785
0.000601042039705509
0.0008242719907123815
0.0008001248180138882
0.0004422525604939937
-3.272461727674925e-05
4.043563178151543e-05
1.231663519747253e-05
0.0001417620541077355
2.917926174667658e-05
0.0002864826309685071
0.0003564737085733387
0.0001325642530058654
0.0005314602627147405
0.0004844792801887882
-1.340409576485631e-05
8.065302283340699e-05
0.0002830167198910635
-5.65557190995076e-05
0.0002247092503055326
4.120896302350488e-05
9.426963867142516e-05
8.269054558040294e-06
-1.109057919132251e-05
2.32484052879722e-06
0
-0.0002525857734374587
0.001100006834505047
0.0006283369938638415
0.001158089588948586
0.001327506820177875
3.897780110419887e-05
-0.0003052801981016312
-6.426521814135286e-05
-0.0002196252293500566
-5.426656213378495e-06
-7.0960448539049e-05
0
-1.198286025060926e-06
0.0004064133593893166
-1.456941217042414e-05
1.882601787830688e-06
2.392771710267624e-06
2.732754042708106e-07
4.616432739200882e-06
-9.958017432487223e-07
2.76174018356811e-05
0.0001717112684497217
3.431483893921337e-06
-2.31025752122121e-05
-3.016268679076021e-06
3.208020027501084e-06
8.901961424834524e-05
-1.992581076820808e-07
0.0008480323119959961
0
3.474111336423156e-06
4.825169186580163e-05
-3.391677539404187e-05
-3.389098798144079e-07
1.439954476725468e-05
9.390865358631339e-06
0
-2.858417283080384e-05
0.0002192599298631028
-6.071706570240057e-06
0.0001189417560928155
0.0005321218015481616
0.001080890575576504
0
5.894645994640221e-05
0.000339984898625992
0
0
7.965220991493975e-05
1.537975962934184e-05
-0.0001162436445994797
0.0001291876951660813
0.0003036603991885988
0.0002799686698966087
0.001003361245959008
0.0002867526145739404
0
0.0003411736739093472
0.000756334255265322
7.392365496431232e-05
0.0003515058150007843
0.0004376075540894584
0.0001983735828002241
0.0005680298744725681
-0.0003603697205963924
-0.0004413593712894418
0.0003273022191460116
-0.0002928511721873149
0.0007866347794582861
0.0002235237249261944
0.0004823704589288156
0.0008108586937662716
0
0.0003595587079576537
0
0.0001995888326831762
0
0.0006915027086023291
0
0.0007216498035442461
-1.369065257917654e-05
0.001497977292273079
0.000214477770427078
0.001651583643892083
8.660086798824347e-05
0
0.0008721534669101692
0.001018279244961067
0.0001660203389922813
0.0004646691522118774
0.001483892061276805
0.0008118568605593222
0.0007089644844922671
0.001430680173985445
0.001664082946057813
0.00174866632754492
0.001745963963826446
0.001797725408689366
0.0008736936531285014
0
-0.0001361515795857099
0
-0.0007032153853802265
0.0010138758075649
0.001593433602534113
0.001246505833506138
0.0003447529158527555
0.0008547785428184624
0.001669289690676441
0.001781669661264739
0.001857807477784323
0
0.001595354602388485
0.002059238538275751
0.001591716080914703
0.001486912976855005
0.001271352896148192
0.001538502644930268
0.001793343474107425
0.001391131491202007
0.001419965859445343
0.001806894382607164
0.001822550814295471
0.001037813963266467
0.001707309225669492
0.001799844045474769
0.001789215396366847
0
0.002065822979711726
0.001693608511543622
0
0.0003441945882229662
0.001966023698357316
-0.0006513839971223033
-0.0002529967095419322
0.0004093205762538496
0.0004792939727046356
8.526834393343625e-05
0.0002165247136295163
-5.826351060738922e-06
0.00122191383253691
0.001599774899933877
0.001562185810138083
0.0004404062219678337
0.001777027141642862
0.001270851575856996
0.0018041963312494
0.001851331843249965
0.002263306814837288
0.002025323913579066
0.001561732978359308
0.001280306342009439
0.001797300461906643
0.001797689191257303
0.001801828818011956
0.001801984142020057
0.00178858542776603
0.00179427501813985
0.001787960231751056
0.001807220956991397
0
0.001779544722643142
0
0.001807220267476653
0.001733283324972134
0.001760400959255272
0
0.001796622382799954
0.001765747954966876
0.001685933007978464
0.001649094996658076
0.001675409115671188
0.001790916656477008
0.001194998286318495
0.001757592981004844
0.00139535743523486
0.001712171159271668
0.001728191175419052
0.001695292969139022
0.001588610009844792
0.001745405208434524
0.001081052879354238
0
0.00143199436449727
0
0.001525826547207538
0
0.001015522750452123
0.0008170780119233296
0.001651883549420896
0.000801358210098833
0.001719494452974389
-0.000158946316589853
0.0002227154787024389
0
0
