0
0
0
0
0
0
0
0
0
0.001086607345244873
0.00108975402446106
0.001206628145411737
0
0.0001436044242386568
0.001243323530880232
0.00173383501432647
0.002059332116656585
0.00183935724334829
0
0.001493040243577507
0.001529957335209238
0.001202304086450761
0.0009038905455617992
0.001148538287190424
0.000735074479327033
0.000959128223746153
0.001573099940056892
0.001212449885217655
0.001391788480329214
0.001357963981203362
0.001562458630906178
0.0009519144621091468
0.001416073875733715
0.001047261938795834
0.001130412148664644
0.001655186160043459
0.001711689331919845
0
0
0.0009253771018479271
0.001713231742477672
0.001177778849328887
0.0005398035724154709
0.0009412671680194374
0.001673930564644886
0.001709538748586142
0.001623281928631306
0.001636089883093252
0.001525631043159337
0
0.001682881285425944
0.001225894759427428
0.001412878797284119
0.0009037098758313101
0.0009560790922307706
0.0002896513993903848
0.001134595783964166
0.0006965392323316725
0
0
0.00024500937529814
0.0005213449169993075
0.001750374021670424
0.001543764169804521
0.002045403709703413
0.001695261488528267
0.001665703990038707
0.001694898922059559
0
0.001743132685003837
0.001297974534636869
0.00135590848682847
0
0.001226428386456287
6.134665195551965e-06
0.001360291022832579
0.001164418007016215
0
0.001671367973409846
0.001347830625701051
0.001703174284655664
0
0.001434077344613279
0.001712006145949279
0.001566161748756523
0.001000777593936292
0.001648406686010277
0.0009447079740449529
0.001345451678107989
0
0
0.0007280690101108486
0.001625547865759088
0.001675977061877433
0.0002761277710958585
0.001133199537827158
-4.507616180243284e-06
0.0004114963977949616
-0.005965106007474936
0
0.001415718863702437
7.71271627236876e-05
0
0.001533317374670443
0
0.001827032702269994
0.00133515845115301
0
0
0.001864074348519008
0.001851180534547936
0.001263501128637128
0.001486330035146256
0.001570288440354673
0.001211676212968144
0
8.978975339756419e-05
0.000582857578732497
-0.0006645618464147362
0.0009087909715949537
0.000981623590725358
0.0006012669147284204
0.0008247091748765515
0.0008003453299981668
0.0004423361092139708
-3.272429884328059e-05
4.04271618442791e-05
1.232486377032693e-05
0.0001417991351737334
2.916629528754059e-05
0.0002867450214108592
0.0003566426658139131
0.0001325700649456729
0.0005319045312144222
0.0004851601195469975
-1.340119201537274e-05
8.08426949347621e-05
0.0002842567042451832
-5.655580367598067e-05
0.000225169590610186
4.157839659548303e-05
9.428067480456634e-05
8.264947944137961e-06
-1.109072289111238e-05
2.31170346029186e-06
0
-0.0002525857740255247
0.0011001126593995
0.0006284185561532522
0.001158302721657606
0.001327628462546014
3.894051061683196e-05
-0.0003052764564491088
-6.426530906017072e-05
-0.0002196402008151082
-5.404237759725065e-06
-7.095902789432706e-05
0
-1.198286025060926e-06
0.0004063267676416457
-1.456577074974185e-05
1.883952098983735e-06
2.381800670284907e-06
2.732764467025167e-07
4.627782548409603e-06
-9.954703439899574e-07
2.749171834678545e-05
0.0001716669916362369
3.446982241789294e-06
-2.310292991272182e-05
-3.042441380337776e-06
3.198674361116189e-06
8.899199985836341e-05
-1.599158823392469e-07
0.0008479719733576563
0
3.49707790708318e-06
4.818885686241912e-05
-3.391670043516846e-05
-3.387719479740472e-07
1.439579451854799e-05
9.566943203656074e-06
0
-2.858542519543598e-05
0.000219199439911389
-6.057830595537109e-06
0.0001189418938675204
0.000532099360678005
0.001080857600023388
0
5.881997172877969e-05
0.0003398666594429519
0
0
7.961251916039115e-05
1.505390379474952e-05
-0.0001162419630348081
0.0001291899750120712
0.0003035230201702022
0.0002798739814900541
0.001003314284805851
0.0002866238344984918
0
0.0003410705709223532
0.0007562110629462349
7.39236546372677e-05
0.0003514844894119634
0.0004375227341322646
0.0001982612118017557
0.00056791741358289
-0.0003603661606628113
-0.0004412688408039106
0.0003273032733501625
-0.0002928110951451695
0.0007865746941565211
0.00022339758232305
0.000482287755102965
0.0008108184858597721
0
0.000359474068761244
0
0.0001994966974582283
0
0.0006913736032247045
0
0.0007216507897522113
-1.37427310906488e-05
0.0014979617551645
0.0002144147721140523
0.001651568637338454
8.660086464835676e-05
0
0.0008721305129095244
0.001018236814279225
0.0001659186334727347
0.0004645802745728422
0.001483864944210224
0.0008118155421106313
0.0007089271207033356
0.001430648683181612
0.001664060015167871
0.001748658026166353
0.001745949214463514
0.001797717612368695
0.0008736419539055984
0
-0.0001361514731191699
0
-0.0007030459439827504
0.001013830301536963
0.001593417353664069
0.001246492170739456
0.0003446828919796752
0.0008547308760158968
0.001669275472245306
0.001781662085919908
0.001857799008774401
0
0.001595343474795885
0.002059229391436332
0.001591704185785183
0.001486892491538075
0.001271320084762659
0.001538482002956266
0.001793334936818482
0.001391113121325906
0.001419944901166831
0.001806886117093687
0.001822540223887982
0.001037765641231586
0.00170729883266436
0.001799835716901355
0.001789204494249969
0
0.002065815080383831
0.001693604053012522
0
0.0003442113870033778
0.001966092176634389
-0.000651377284955474
-0.0002529934382987624
0.0004093273728630726
0.0004792948083103636
8.528084096086371e-05
0.0002165193270757103
-5.73213711895358e-06
0.001221751162407408
0.001599752289224574
0.001562185872482813
0.0004403633269370446
0.001777012887445693
0.001270835838472072
0.001804184869270281
0.001851321287410561
0.002263288668018778
0.002025300784190081
0.001561713833830288
0.001280274650686463
0.001797292899789709
0.001797680266756447
0.001801820557975721
0.001801977171459439
0.001788576253067037
0.001794266380135814
0.001787952148851049
0.00180721339598621
0
0.001779537504817187
0
0.001807212480425558
0.001733276078211198
0.001760394017275212
0
0.001796613454463512
0.001765741399197384
0.001685925485020929
0.001649085193913348
0.00167540687572752
0.001790909084865603
0.001194995071418636
0.001757585635750949
0.001395353253393083
0.001712163907854549
0.00172818413905349
0.001695285915143375
0.001588603591284545
0.001745397587005277
0.001081045612713702
0
0.001431989542974882
0
0.001525822705748932
0
0.001015520904919772
0.0008170724038309307
0.00165187499323559
0.0008013562992164431
0.001719487734008518
-0.0001589463159880722
0.0002227189767236095
0
0
