0
0
0
0
0
0
0
0
0
0.001078993067679634
0.001087639790750243
0.001204621767635783
0
0.000144333423152137
0.001243817490323235
0.001731634343817997
0.002056779695354454
0.001836808407645916
0
0.001489537906913552
0.001527857258168292
0.001198217167537039
0.000902102796460988
0.001144150523234451
0.0007184411599284182
0.0009567172326027986
0.001570894817011092
0.001207760970060665
0.00138814586591526
0.001354731598050361
0.001560688724572108
0.0009418023955888095
0.001412167710384328
0.001039488884907914
0.001121917288044849
0.001653024727978079
0.00170948771788904
0
0
0.0009140739412915809
0.001711039833768613
0.001171205776867427
0.000514900486642224
0.0009293948436013284
0.001671789411334072
0.00170736360216888
0.001621171101115839
0.001633753356077608
0.001522422769618976
0
0.001680802754990339
0.00121928217939358
0.001408745315663445
0.000890877238593643
0.00095114188016054
0.0002317524239034974
0.001129090617110443
0.0006828134674942432
0
0
0.0002327726661311716
0.00049028847291822
0.001747897141516939
0.001540903039998605
0.002042636745839807
0.001693075843705731
0.001663543919401262
0.00169270919221008
0
0.001740888576062581
0.001294330514153643
0.001350577651802656
0
0.001220663529787504
6.786441341835973e-06
0.001358507958120885
0.001168547447310599
0
0.001669220854053432
0.001345522258308276
0.001701070160742769
0
0.001432448784024328
0.001709820722180878
0.001563984464857748
0.0009990541349021687
0.001645584526708001
0.0009436839381548998
0.00134542950419499
0
0
0.0007280817801876027
0.001623674098094105
0.001673812248176838
0.0002754193737831055
0.001128916222941821
-9.568210595772501e-07
0.0004110072101188792
-0.005965111579205525
0
0.001414559673891227
3.059415898928021e-06
0
0.001529417287351967
0
0.001824200299038612
0.001330395084363574
0
0
0.00186059088137365
0.001848057039156856
0.001259545485534534
0.001482588668922718
0.001567167726998195
0.001208910390108985
0
8.932279310058809e-05
0.0005811252270872326
-0.0006645674036687178
0.0009037548481704508
0.0009718024787355939
0.0005967902067167709
0.000812890044534509
0.0007945030924703213
0.0004401880029138966
-3.283615980647716e-05
4.089464084734833e-05
1.211487795755711e-05
0.0001424482049866448
2.985074477618863e-05
0.0002860183612864453
0.0003554978414843594
0.000135073015681672
0.0005226835595939265
0.0004709120405272609
-1.42170865649248e-05
9.050678042512053e-05
0.0002622105642738874
-5.652743446836785e-05
0.0002226206213240628
5.182366986527591e-05
9.832196682306365e-05
9.034074409494618e-06
-1.104900656680608e-05
2.542319232203308e-06
0
-0.0002525853350037018
0.001095849451338757
0.0006255534319471634
0.00115118375949095
0.001322709726050944
4.007457259774289e-05
-0.0003065424403533263
-6.423932484601953e-05
-0.0002173095009055708
-3.493002997325311e-06
-7.145806803621602e-05
0
-1.19481297036177e-06
0.00041524764092512
-1.584508504083944e-05
1.431217644559789e-06
3.112427201792863e-06
1.689938450538253e-07
3.998562142370346e-06
-1.007274596032621e-06
2.94567524054893e-05
0.0001767535050728141
2.090101840752665e-06
-2.299442698403305e-05
-9.111558585364675e-07
3.22424806464429e-06
9.239091869390006e-05
-1.618402561674031e-06
0.0008544587888298383
0
1.818310771152938e-06
4.907418642137015e-05
-3.390816068784526e-05
3.398064355963017e-06
1.47873463148163e-05
-5.347676915790417e-07
0
-2.829410810531688e-05
0.0002246496562836214
-7.401825559872487e-06
0.0001188974153782633
0.0005355041787004494
0.001084865270497835
0
6.101112813212022e-05
0.0003494502098499289
0
0
8.127966960459794e-05
1.592066735825031e-05
-0.0001167674011751795
0.0001286194656688151
0.0003163427812625542
0.0002844910244350988
0.001008416362853411
0.0002983723305614915
0
0.0003517804967053749
0.000767557207081684
7.392378390200168e-05
0.000349895097662617
0.0004463612754995642
0.0002084382514011719
0.0005760392079596238
-0.0003615057034434982
-0.000459551241711634
0.0003268545211385844
-0.0003011535405035254
0.0007930496848490565
0.0002349726744585505
0.0004911695663357363
0.0008154268519495097
0
0.0003685107485546056
0
0.0002084339010335869
0
0.0007043925711906291
0
0.0007213081068565911
-7.719086983775633e-06
0.001499645125417027
0.00022162120484223
0.001653203344196584
8.65988957217439e-05
0
0.0008748319481353954
0.001022844781077982
0.0001752426233107196
0.0004736006631981676
0.001487257194505175
0.0008164703006380079
0.0007130523722499184
0.001434584738489456
0.001666942304877245
0.001749802587015877
0.001747976011107961
0.001798471905456883
0.0008792996757197342
0
-0.0001361805297213887
0
-0.000733602960805236
0.001018714053634276
0.00159517211333874
0.001248154891908303
0.0003525194950190006
0.0008600151743876955
0.001670863307685417
0.001782528991005682
0.001858512431648525
0
0.001594530537903255
0.002060054531744941
0.001592778025695277
0.00148917795114629
0.001274966059690317
0.001540874690207296
0.001794186209798975
0.001393076196350843
0.001422174226492083
0.001807942760312276
0.001823564987057334
0.001043124819357053
0.001708204848893146
0.001800731782245389
0.001790198697039374
0
0.002066683305100619
0.001694584673746983
0
0.0003426277085641199
0.001963419078411546
-0.0006538342170693917
-0.0002541241421321764
0.0004111167472493466
0.0004790215164098879
8.59293368584626e-05
0.0002169487982236232
-3.171557207321176e-05
0.001240094539664655
0.001602681351765612
0.001562194972400428
0.0004408583345148635
0.001778453959947432
0.00127263648247926
0.001805448190364051
0.001852429023397711
0.002264932589774532
0.002026379132301714
0.001563846588577923
0.001283732897528237
0.001798128640452045
0.001798632795496457
0.001802689919637731
0.001802811749627998
0.001789612267364531
0.00179515684471363
0.001788831398270245
0.001808063023187444
0
0.001780339965554454
0
0.001808033052547992
0.001733943058549616
0.001761216900922856
0
0.001797612967057844
0.001766551181131174
0.001686741614678187
0.001649939550246431
0.001674568105265458
0.001791748938968166
0.001195368679178901
0.001758395327809797
0.001395850952425946
0.001712955760123431
0.001728911924569918
0.001696067053755233
0.001589285245549585
0.001746239399272706
0.001081779586968394
0
0.001432380000845853
0
0.00152640248459966
0
0.001015526272997204
0.0008171992183233846
0.001652398509390401
0.0008015414682812413
0.00172026307007236
-0.0001589465768997003
0.0002215414207348668
0
0
