0
0
0
0
0
0
0
0
0
0.001079023769275013
0.001086680416236647
0.001204225028708311
0
0.0001446869756666541
0.001245670417440402
0.001731755994626559
0.00205683105917701
0.00183691755879319
0
0.001490026764165778
0.001527869523558852
0.001198101561641555
0.0009009488518237189
0.001143777068544709
0.0007187355225834948
0.000955565235828589
0.001570853187929182
0.001207515753633475
0.001388014364687178
0.001354578271475568
0.001560906145963258
0.0009418454481611717
0.001412128336135679
0.001039419875973132
0.001121998158463404
0.001653081434873173
0.001709593258826288
0
0
0.0009141328688855695
0.001711157602758412
0.001171138055932765
0.0005152187710384916
0.0009295015720345204
0.001671902354267938
0.001707496263439235
0.001621271098878345
0.001633832183535089
0.001522481183515361
0
0.001681012379860596
0.001219288111895918
0.001408864420860812
0.000891043163478398
0.0009513412038540839
0.0002320885882878503
0.00112926591214423
0.0006830568141961777
0
0
0.0002330935084099641
0.0004905917867226171
0.001748061387074015
0.00154108058966619
0.00204276195035067
0.001693166783722067
0.001663645254637846
0.001692684616365132
0
0.00174094197409327
0.001294544427176719
0.001350896944348164
0
0.001220694638789798
6.675777819387659e-06
0.001358980026321222
0.001169180907128412
0
0.001669314990889168
0.001345091784446863
0.001701262900585763
0
0.001432615117181454
0.001709926661805729
0.001564056386328762
0.0009991303529647852
0.001645014706030589
0.0009438408543420775
0.001345409274362438
0
0
0.0007280930995952447
0.001623776177634022
0.001673941752308339
0.0002754540920353335
0.001128495659976329
-9.622950133044513e-07
0.0004112477116670826
-0.005965116211716819
0
0.001414484551655661
3.09009779844976e-06
0
0.001529799986242912
0
0.001824693708621488
0.001330564070070949
0
0
0.001860816878673192
0.001848698971456007
0.001260571565309472
0.00148294808996502
0.001567926280287528
0.001209551506497459
0
9.053163992224781e-05
0.0005827963199653424
-0.000664576520605109
0.0009046765027192013
0.0009720610729494585
0.0005976296699301636
0.0008132524205732084
0.0007953021699930238
0.0004415254346355585
-3.297384741817512e-05
4.232052523060708e-05
1.317577466496577e-05
0.0001439855479226419
3.049080950266389e-05
0.0002866804572454665
0.0003563865384118479
0.0001360813572400193
0.0005232400818528114
0.0004713384105370269
-1.487277582716944e-05
9.08878187160905e-05
0.000262537788771209
-5.650024279938082e-05
0.0002230968464258791
5.199870945190351e-05
9.897844278990157e-05
9.390657748415195e-06
-1.101665255087546e-05
2.526734730142183e-06
0
-0.0002525816691310449
0.00109690553635002
0.0006269969046725709
0.001151531437212218
0.001323165823324487
4.121888821860119e-05
-0.0003077930774814622
-6.421675410658785e-05
-0.0002158042007287039
-2.099830048399393e-06
-7.192938134160614e-05
0
-1.188260256626495e-06
0.0004135799302818716
-1.701508022079429e-05
1.021299377966605e-06
3.448766973765688e-06
7.649696860080341e-08
3.976094696496495e-06
-1.007147434237972e-06
2.973204281546335e-05
0.0001757284980467096
1.975544528739108e-06
-2.289583904622533e-05
-7.932333177242886e-07
3.128457836626166e-06
8.965486580212152e-05
-1.657548054912369e-06
0.0008535229219476292
0
1.836624886637839e-06
4.908047716042493e-05
-3.38936461570467e-05
3.042738004517944e-06
1.476616976532951e-05
-5.403471941467661e-07
0
-2.839174794407705e-05
0.0002195834577772103
-7.174763342237142e-06
0.0001188577925454338
0.0005357705240559538
0.001084393427849099
0
6.028698025175765e-05
0.0003438939741852548
0
0
7.897991420970129e-05
1.595517178805964e-05
-0.0001172550837023248
0.0001281319999351968
0.0003137505476914531
0.0002804637789547854
0.001007837660386572
0.0002947219415738397
0
0.0003509445492519874
0.000764611794880618
7.39238898907304e-05
0.0003468865587312611
0.0004454567436631528
0.0002052873119673886
0.0005710716296050098
-0.0003622347626730402
-0.0004677498511731766
0.0003264083467254804
-0.0003007093647367625
0.0007924256328803239
0.0002316778610087182
0.0004905729814063656
0.000815113916103564
0
0.0003677425214170904
0
0.0002064192941211763
0
0.0007021843546343042
0
0.0007209985184527071
-8.041838671656953e-06
0.001499502879701438
0.0002212863794840602
0.001653037677792288
8.659681064768634e-05
0
0.0008746910943576259
0.00102243322691052
0.0001733117526553578
0.0004720298630216209
0.001486856884879816
0.0008156607325210633
0.0007124408474610705
0.00143411056011495
0.001666674278768587
0.001749746120476209
0.001747824522716418
0.00179839503900371
0.0008782567370518722
0
-0.0001362063540238163
0
-0.0007442738209789375
0.001018245233748935
0.00159498261308479
0.001248232151830218
0.0003521093251193017
0.0008595977101060657
0.00167071173032307
0.001782463779649121
0.001858418793009077
0
0.001594345431555342
0.002059952947425297
0.00159258586317299
0.001488942422686143
0.001274526107613298
0.001540609397113232
0.001794104740035495
0.001392876155218364
0.001421925033250224
0.001808076025913924
0.001823500216205116
0.001042276150331897
0.001708140794814285
0.001800687258888133
0.001790122663017061
0
0.002066583877872127
0.001694504110408387
0
0.0003418349552340529
0.001963753521437844
-0.0006560793856990896
-0.0002551932051674309
0.0004140854375774333
0.0004787309550304645
8.798149575952302e-05
0.0002157144515356716
-3.198691515616624e-05
0.001239464505857061
0.001602454101996777
0.001562200356249855
0.000437373871459263
0.001778317254587102
0.001272491667064596
0.001805389247293848
0.001852323732777436
0.002264760913518086
0.002026003448839733
0.001563617401109467
0.001283357860950688
0.001798060586550454
0.001798547744585647
0.001802613079909867
0.001802747801187146
0.001789526544430924
0.00179508975665344
0.001788762610416223
0.001807990209747323
0
0.001780272260260248
0
0.00180794411871714
0.001733824553403819
0.001761168926120662
0
0.001797525552393666
0.001766493439521905
0.001686764385183547
0.001650050483856465
0.001673374888175854
0.001791684773025839
0.001195259305628229
0.001758345055791107
0.001395700453748202
0.001712945674636682
0.001728850249635378
0.001696053609284138
0.001589231082514698
0.001746277399347478
0.001081841173102806
0
0.001432164091496688
0
0.001526309833009795
0
0.001015176030553067
0.0008170470037229049
0.001652257395551005
0.0008013579793114593
0.001720229797902046
-0.0001589468175677796
0.0002204913325527802
0
0
