0
0
0
0
0
0
0
0
0
0.001078954805710449
0.001085337580023454
0.001203651894070205
0
0.0001451057828100728
0.001248073476419365
0.001731870207712056
0.002056847399404081
0.001837009451173547
0
0.001490593050030128
0.001527834975807319
0.001197868106293922
0.0008993569527789125
0.001143201503487237
0.0007190296071441034
0.0009539926132312929
0.001570748406173595
0.001207111401252571
0.001387774515331274
0.001354311050003405
0.001561155091301497
0.000941796089930658
0.001412012143994754
0.001039228544963386
0.001122035537832309
0.001653107489630672
0.001709686262615645
0
0
0.0009141140022228316
0.001711266827998869
0.001170964681417887
0.0005155577887939591
0.0009295575057779391
0.001672003398429196
0.001707625031651295
0.001621355565724096
0.001633886825163544
0.00152250056174358
0
0.001681240653306875
0.001219222866011529
0.00140896716350336
0.0008911976132840538
0.0009515681937547428
0.0002324404159495845
0.001129448995426244
0.0006833428573833291
0
0
0.0002336193868607382
0.0004909192800331643
0.001748227880439496
0.001541268083936402
0.002042871922591921
0.001693240426046095
0.001663734189897542
0.001692606811117371
0
0.001740965802991616
0.00129475292096866
0.001351204994079057
0
0.001220636565787004
6.60142723186739e-06
0.001359575863165264
0.001169930100374235
0
0.00166939546938855
0.001344485496425963
0.001701471829234082
0
0.001432802581044544
0.001710020006133476
0.001564109516663426
0.0009992031237497187
0.001644210521950971
0.0009440272673538879
0.001345382027723727
0
0
0.0007281077457087192
0.00162386979993054
0.001674065927733924
0.0002754877531640842
0.001127856645283765
-9.726924845686872e-07
0.0004115523486174178
-0.005965121842201538
0
0.001414365884073672
3.10762701232169e-06
0
0.001530216543882586
0
0.001825254204339973
0.001330695900274082
0
0
0.001861026664924847
0.00184943240781737
0.001261768700698995
0.001483309398704233
0.001568804949461714
0.001210221221083862
0
9.208680074070998e-05
0.0005848016875780187
-0.00066460329743266
0.0009057439467890716
0.0009722831662678906
0.0005985965463022989
0.0008136186693011557
0.0007962202249769245
0.0004431165213834176
-3.322012377713844e-05
4.406583580657257e-05
1.455225572750378e-05
0.000145797791344793
3.124725548708828e-05
0.0002874325684251946
0.0003574107141600832
0.0001371680252295323
0.0005238644050948504
0.0004718102830914136
-1.565016536531876e-05
9.129948001111868e-05
0.0002629027555135614
-5.646134147893665e-05
0.0002236361233668119
5.21702810771341e-05
9.965723510145329e-05
9.761370784064885e-06
-1.098416360545751e-05
2.529824559135538e-06
0
-0.0002525755942272126
0.001098141799801037
0.000628725226549673
0.001151860951700805
0.001323632183775102
4.25473942684875e-05
-0.0003095524771511451
-6.418423561075802e-05
-0.0002135012370429368
-5.563266675201774e-07
-7.258693219113449e-05
0
-1.17911772800621e-06
0.0004115641722737118
-1.857035886465907e-05
5.039425905440115e-07
3.821255513165827e-06
-4.429769474968078e-08
4.046636745092633e-06
-1.006982265948063e-06
2.996854868320204e-05
0.0001744916675749165
1.93760050758433e-06
-2.276005739222351e-05
-7.57463873961172e-07
3.092126730260935e-06
8.642217492893683e-05
-1.693198605603873e-06
0.0008523535764038947
0
1.868374273555218e-06
4.912710174497892e-05
-3.387285620117347e-05
2.741491383780561e-06
1.485480037768576e-05
-5.452633039646699e-07
0
-2.872544774909593e-05
0.000213545802109452
-6.918932699672619e-06
0.0001188046251022129
0.0005362636976472473
0.001083825019888765
0
5.947181150606527e-05
0.0003372295436047474
0
0
7.633787907204557e-05
1.601802442795623e-05
-0.0001179400242916394
0.000127512483058643
0.000310633643624432
0.0002756080830264915
0.001007098403195887
0.0002903630818647936
0
0.000349923757522186
0.000761076543907915
7.392403392859388e-05
0.0003432130921303775
0.0004443330205633941
0.0002015031413224564
0.0005650205889886259
-0.0003631742212055904
-0.0004783256549028972
0.0003257591642654656
-0.0002999501104204679
0.0007916372053716616
0.0002277449692407464
0.0004898431633027997
0.0008147010572466592
0
0.0003668262280808624
0
0.0002039817463224212
0
0.0006995317589207258
0
0.0007205831840834889
-8.438742140009941e-06
0.001499287668513433
0.000220917948005669
0.001652797320808517
8.66005370353802e-05
0
0.0008745059324642305
0.001021892414647269
0.0001709750661803427
0.000470119016423559
0.001486349536103266
0.0008146549571200021
0.0007116803213715413
0.001433523531978137
0.001666341525145121
0.001749651050786311
0.001747616714862207
0.001798267284240832
0.0008769629145932191
0
-0.0001362405450777485
0
-0.0007567055994686523
0.001017635858331182
0.001594706256729462
0.001248237169816151
0.0003516158005165402
0.0008590608527479096
0.001670494241977959
0.001782358445120626
0.001858271171423407
0
0.001594072610545432
0.002059784593849373
0.001592286564864806
0.001488610287257903
0.001273955302518704
0.001540258913050103
0.001793976441323875
0.001392579623819777
0.001421565894384344
0.001808233802242945
0.001823396707978729
0.001041211603453362
0.00170802511717878
0.001800612931537327
0.00179000134525713
0
0.002066433186964812
0.001694373561237907
0
0.0003407679311522571
0.001964116817165829
-0.0006590948567617862
-0.0002566805779587868
0.0004173749080779483
0.0004782792421869501
9.018968854238818e-05
0.0002141392932711588
-3.222869305629792e-05
0.001238845450654961
0.001602200680889726
0.001562128821856587
0.0004331129367199377
0.00177811521605753
0.00127226924982631
0.001805293516313257
0.00185216325638457
0.002264501604876017
0.002025450289315279
0.001563299732333748
0.001282858849947108
0.001797953466218043
0.001798413831297924
0.001802490872666673
0.001802645686765076
0.001789391681339254
0.001794978019237681
0.001788653536806474
0.001807875797268575
0
0.001780166491095092
0
0.001807807675969322
0.001733648589873259
0.001761089823458926
0
0.001797389481324343
0.001766399410150733
0.001686781144752706
0.001650182572737337
0.0016717842812818
0.001791582803760665
0.001195093302340832
0.001758263766254127
0.001395480244924594
0.001712918670145621
0.001728753086022182
0.001696022056091654
0.001589147238216759
0.001746316152538159
0.001081911049755891
0
0.001431867933455211
0
0.001526165108792339
0
0.001014705306586934
0.0008168283269596782
0.001652047021717911
0.0008010930026675651
0.00172017062913852
-0.0001589471378661956
0.0002191065955050641
0
0
