0
0
0
0
0
0
0
0
0
0.001078952055650546
0.00108503631613132
0.00120352269427032
0
0.0001451956805514011
0.001248615934364486
0.001731899115746927
0.002056854302048201
0.001837033717765965
0
0.001490724620759843
0.001527829530694001
0.001197822826280559
0.0008989971442775793
0.001143080082697523
0.0007191142589867151
0.0009536419270944328
0.001570727138751403
0.001207028144847543
0.001387725839086855
0.001354255454175466
0.001561214098890981
0.0009417996317897322
0.001411991302444627
0.001039197378386318
0.001122053531920679
0.001653116396534818
0.001709710238880684
0
0
0.000914123879433422
0.001711294469118485
0.001170934782986059
0.0005156514935219519
0.0009295832560394705
0.001672029093684555
0.001707657086282338
0.001621378021587014
0.001633902244829432
0.001522509279741912
0
0.001681294738230909
0.001219216375136328
0.001408995496968792
0.0008912432586195893
0.0009516251802827421
0.0002325361594477358
0.001129496779609477
0.0006834229242154331
0
0
0.0002337656392286219
0.0004910113421072058
0.001748268183246992
0.001541313429882076
0.002042899057004362
0.001693259838231441
0.001663757368386791
0.001692590255897131
0
0.001740973840905483
0.001294805996109706
0.001351283767488714
0
0.001220633165397232
6.582683695005205e-06
0.001359713088294237
0.001170102163051407
0
0.001669417020744723
0.001344350632402946
0.001701522356814893
0
0.001432846853739876
0.001710044058028728
0.0015641251249041
0.0009992224047090886
0.001644030592675053
0.0009440713243333936
0.00134537578516692
0
0
0.0007281106912763543
0.001623893837869802
0.001674097039067999
0.0002754959444530696
0.001127721255635007
-9.75271824838216e-07
0.0004116222829573687
-0.005965123037215683
0
0.001414340098970052
3.108654512039368e-06
0
0.001530315582317951
0
0.001825383195694409
0.001330732955436519
0
0
0.001861077936697687
0.001849602351345521
0.001262046518699663
0.001483397560875764
0.001569008391955951
0.001210380823643656
0
9.24408800700275e-05
0.0005852512964456146
-0.000664612083369515
0.0009059955914562086
0.0009723499752078038
0.0005988202089079046
0.0008137186688500363
0.0007964377925457259
0.0004434834375431108
-3.328659814313744e-05
4.444593566410667e-05
1.487070145980678e-05
0.0001462149643940186
3.140592103846041e-05
0.0002875943520973728
0.0003576416809899133
0.0001374138691470412
0.0005240134049261042
0.0004719262710724798
-1.581303126832286e-05
9.138259131512932e-05
0.0002629814208477199
-5.646023342622941e-05
0.0002237473244658918
5.218113206009543e-05
9.98086781962084e-05
9.840135503159358e-06
-1.09781232505956e-05
2.531184481707691e-06
0
-0.000252574485602626
0.00109843077189328
0.0006291220952982959
0.001151948783419496
0.001323747579234893
4.278279888132998e-05
-0.0003099750936390317
-6.417610459187293e-05
-0.0002129662258512325
-2.093294844006191e-07
-7.274143691609341e-05
0
-1.176965735439677e-06
0.0004110926576097814
-1.891811309330517e-05
3.931469722539761e-07
3.868663465575942e-06
-7.159162938670879e-08
4.063528905479732e-06
-1.00694134995247e-06
2.999468375973129e-05
0.0001742021743994029
1.932819055237697e-06
-2.272799096426595e-05
-7.533406847777114e-07
3.086326146710445e-06
8.567007432184842e-05
-1.701606998482627e-06
0.0008520883277322895
0
1.875836834070543e-06
4.914360302424997e-05
-3.386801184285747e-05
2.683906043361075e-06
1.48845114415356e-05
-5.457460453480198e-07
0
-2.881611715604316e-05
0.0002121413192463932
-6.86388090059992e-06
0.0001187923947192699
0.0005363463200015169
0.001083677566899975
0
5.927594722348966e-05
0.0003356719352240412
0
0
7.5734277109845e-05
1.603058471154232e-05
-0.0001181018718265516
0.0001273762008255957
0.0003099030982151005
0.0002744746636549243
0.001006937657974145
0.0002893440720860171
0
0.0003496868888793089
0.000760228952140391
7.392403636029603e-05
0.0003423821542787319
0.0004440758967195202
0.0002006163159833034
0.0005635949267519564
-0.0003633943456805753
-0.0004806589557681795
0.0003256015594569172
-0.0002997825229754967
0.0007914631203005358
0.0002268241829170545
0.0004896749476413228
0.0008146171304086025
0
0.0003666109281171436
0
0.0002034036522791883
0
0.0006988907026113756
0
0.000720488313106774
-8.532052445990988e-06
0.001499254094782564
0.0002208240665402185
0.001652758861562831
8.660553942661086e-05
0
0.0008744721144831471
0.00102178040507398
0.0001704241409972206
0.0004696749633688432
0.001486237610359176
0.0008144169837290742
0.0007114884491744834
0.001433386082187923
0.001666269570139272
0.001749643910822139
0.001747580622740296
0.001798255173843629
0.0008766642811076787
0
-0.0001362483335345412
0
-0.0007593308364463991
0.001017507333543017
0.001594660042888221
0.001248260768169777
0.0003515011325729648
0.00085894742563371
0.001670459362616075
0.00178234661240742
0.00185825622689007
0
0.001594033662305442
0.00205976933539219
0.001592236816434744
0.00148855070424531
0.001273835140589882
0.001540189369193623
0.001793963334146652
0.001392528461046971
0.001421500850210869
0.001808284187084996
0.001823387631728955
0.001040970187293471
0.00170801271625301
0.001800610595251193
0.001789988363448872
0
0.002066415654601335
0.001694360020547278
0
0.0003405269773565363
0.001964200605425739
-0.0006597840133527902
-0.0002570291569426124
0.0004180369650594571
0.0004781664360723567
9.058172697538293e-05
0.000213770001731249
-3.227945919536542e-05
0.001238677273824715
0.001602133902795628
0.001562107410576862
0.0004321325662148962
0.001778085107261744
0.00127223444023926
0.001805286146886363
0.001852142792043288
0.002264463122274561
0.002025347318635829
0.001563241799081712
0.001282757889262738
0.001797943837797138
0.001798399503626451
0.001802478734112468
0.001802636483063288
0.001789377680229791
0.001794968654899629
0.001788643368485088
0.001807864725007119
0
0.001780156523086255
0
0.001807791639879336
0.001733621867490339
0.00176108575767166
0
0.001797374869183588
0.001766390784161285
0.001686797472228062
0.001650226768616017
0.001671435881410122
0.0017915739981545
0.001195062523243813
0.001758259171531026
0.001395442257453757
0.001712925805995453
0.001728744482275882
0.00169602797592139
0.001589140539308062
0.001746338901364311
0.001081935264082361
0
0.001431811156359773
0
0.001526144052164904
0
0.001014605987824424
0.0008167819848311213
0.0016520139543896
0.0008010408403773305
0.001720170462065869
-0.0001589472095546745
0.0002187937317663369
0
0
