0
0
0
0
0
0
0
0
0
0.001079378045130269
0.001089010676051102
0.001205381694703293
0
0.0001442410118536161
0.001242244772937225
0.00173195325207903
0.002057217149930084
0.001837197124151249
0
0.001489431278588232
0.001528259310392811
0.001198812583803366
0.0009036020276120779
0.001145094385285604
0.0007173684402978634
0.0009582182907308766
0.001571343241757456
0.00120858814183294
0.001388825853990995
0.001355364675162415
0.001560862990138067
0.0009420673458629202
0.001412770544949818
0.001040086371641443
0.001122575169517945
0.001653389194839233
0.001709821592631951
0
0
0.000914350875603527
0.001711358600128025
0.001171866695587229
0.000513197747926267
0.0009296258469010496
0.001672098350598997
0.001707670258283164
0.001621490320111961
0.001634113576606638
0.001522895219992107
0
0.001681015465881044
0.001219920540563048
0.001409180570791261
0.0008914279282841951
0.0009516305893909208
0.0002356309270946722
0.001129511632444596
0.0006839363973792918
0
0
0.0002356963193112676
0.0004917908607122344
0.001748185799303354
0.001541177210968013
0.002042986596993347
0.001693418118329921
0.001663881802585996
0.001693124386766282
0
0.001741262120744836
0.001294537005710616
0.001350636468446909
0
0.001221119200236473
1.376144214993343e-05
0.001358556882887175
0.001168230414538099
0
0.001669566293218002
0.001346317004244469
0.001701326175746629
0
0.001432620368635879
0.001710151722708734
0.001564363034778463
0.0009993430565698037
0.001646602674304797
0.0009437420592044458
0.001345449894501644
0
0
0.0007280700492014309
0.001623945115545666
0.001674123819485547
0.0002755276363425786
0.001129877204542109
-1.760380480201694e-06
0.000410910329478973
-0.005965106474560855
0
0.001414796165350803
5.130740995036219e-06
0
0.001529433280651814
0
0.001824189188413146
0.001330671198298022
0
0
0.001860804958125038
0.001848029245740035
0.001259177969350187
0.001482751144338724
0.001567038460228293
0.00120887517848998
0
8.841910702563789e-05
0.0005800036287631667
-0.0006645612465703415
0.0009023904048829182
0.0009713284910560901
0.0005929727601442485
0.0008115799801897684
0.0007923534497993371
0.0004383342370537437
-3.273293896445037e-05
3.982121764442227e-05
1.117725017450331e-05
0.0001392953306940218
2.878998519446811e-05
0.0002761387432681959
0.0003495563885769257
0.0001309861041796209
0.0005181212088621003
0.0004657763592199964
-1.348056263723469e-05
6.464953702436034e-05
0.0002524083535215803
-5.655363116808396e-05
0.0002081458192626711
1.22500163153888e-05
9.097357829836061e-05
8.297166483242472e-06
-1.108686831487854e-05
2.157255118100072e-06
0
-0.0002525857303608909
0.001095156104814082
0.0006243048673055287
0.001150987660921139
0.001322704944156143
3.893156998564828e-05
-0.0003053786854138457
-6.426336178563027e-05
-0.0002191257795052803
-5.295543149928516e-06
-7.099862151697994e-05
0
-1.198286025060926e-06
0.0004131230626231264
-1.466805563501534e-05
1.84724473313522e-06
2.613821334916465e-06
2.732543483971397e-07
4.394647155098395e-06
-1.005253076414335e-06
2.880240376410378e-05
0.0001754843390808116
3.004951438332717e-06
-2.30933841498614e-05
-2.153255514382123e-06
3.53370931288637e-06
9.308820246033527e-05
-9.001317198184473e-07
0.0008528302974386731
0
2.374761844538538e-06
5.004197630102323e-05
-3.391925770594e-05
2.28034905146819e-06
1.464592650760507e-05
-3.047477562389764e-07
0
-2.855909050377047e-05
0.0002260715289312371
-6.793651119220549e-06
0.0001189380990062293
0.0005336021419378346
0.001083381028257086
0
6.271192578866864e-05
0.0003497510127980634
0
0
8.235102337830091e-05
2.131758031661998e-05
-0.0001162859416494088
0.0001291319157059777
0.0003134622582175347
0.000286128374738509
0.001007164889685111
0.0002966400377226989
0
0.0003487594167446517
0.0007657529227624515
7.392366520175882e-05
0.0003526549696471255
0.0004439651342304288
0.0002070881172160531
0.0005766780766003552
-0.0003604579917252149
-0.000447535159574442
0.0003272731737853359
-0.00029865112558218
0.0007913798035918451
0.0002332225961191366
0.00048867411141127
0.0008142773504782322
0
0.0003660699240090463
0
0.0002067661944297929
0
0.0007015336279726438
0
0.0007216232164473385
-9.512053481084253e-06
0.001499409093939732
0.0002194522173957238
0.001652990404641465
8.66008384325345e-05
0
0.0008741637509279951
0.001021769991475343
0.0001730461495196765
0.0004714385018677951
0.001486258362255183
0.0008151703387864871
0.0007117130023355976
0.001433305096907107
0.001666050311085254
0.001749612557645251
0.001747435452689597
0.001798536082083552
0.0008778962914631716
0
-0.0001361540607428271
0
-0.0007159966315464201
0.001017555852596479
0.001594945412704761
0.001247800814882099
0.0003502671741541961
0.0008587117036423787
0.001670630381116799
0.001782483442118823
0.001858644198547979
0
0.001595632580818174
0.00206021561072145
0.001592814036159275
0.001488790968560043
0.001274114541854702
0.001540323538400553
0.00179419490385466
0.001392792906147376
0.001421829625580806
0.001807699835326923
0.001823497729973853
0.001041780279677973
0.001708196711346414
0.00180065879573512
0.001790154011231077
0
0.002066669188167922
0.001694484699269632
0
0.000343579277521212
0.001963486937003131
-0.0006515688005342123
-0.0002530842157078204
0.000408484850649444
0.0004792733399866982
8.434536743791943e-05
0.0002178229663475447
-2.992741413456745e-05
0.001234497897871302
0.001601573121833014
0.001562185884460258
0.0004432272484944813
0.001778313237302411
0.001272340418016885
0.001805291127408535
0.001852363850659975
0.002264831108779107
0.002026706950477273
0.001563477897540976
0.00128299364289948
0.001798089556793742
0.001798595499524574
0.001802672361668943
0.001802764667050635
0.001789548325625538
0.001795143301975998
0.001788783621785581
0.00180802815150718
0
0.001780298125540424
0
0.001808019935769245
0.001733986092308264
0.00176113835258675
0
0.00179755392898339
0.001766492802530246
0.001686602454140386
0.00164977303474162
0.001675877650937353
0.001791699589975133
0.001195489785144232
0.001758328605763484
0.001395915223805842
0.001712857723782313
0.001728885634051892
0.001695967528503377
0.001589226960318646
0.00174610389540112
0.001081568626648884
0
0.001432493366396982
0
0.001526430975720568
0
0.001015815587692186
0.0008175664523714713
0.001652633068241543
0.0008017006083967131
0.00172018110805822
-0.0001589463337026705
0.0002226228109986157
0
0
