0
0
0
0
0
0
0
0
0
0.001078915833389772
0.001088033983730703
0.001204777732786798
0
0.0001441606905178005
0.001242979079958234
0.001731557908406978
0.002056731813316562
0.001836734490155395
0
0.001489272031654616
0.001527828743618883
0.001198228072670823
0.0009025904212890053
0.001144278679898948
0.0007182404552586768
0.0009572066941436914
0.001570890742388745
0.001207831999407263
0.001388173415566813
0.001354769821198907
0.001560577692534307
0.0009417199834651446
0.001412153089559334
0.001039465526486917
0.001121842524572147
0.00165297779103152
0.001709418345788649
0
0
0.0009139913968742786
0.001710965009799276
0.001171192422242469
0.0005147053355925621
0.000929297104414115
0.00167171732270405
0.00170728230254172
0.001621105125866481
0.001633694681692428
0.001522367894179763
0
0.001680687273416148
0.001219241107911034
0.00140866345871196
0.0008907640039533227
0.0009510316539062787
0.0002315796523635055
0.00112898345825846
0.0006826703492891871
0
0
0.0002326632788226051
0.0004901134378997834
0.001747799573218235
0.001540800143368849
0.002042553354434294
0.001693013573973398
0.001663475102783429
0.00169269823068224
0
0.001740841738872664
0.001294195539806142
0.001350364574088952
0
0.001220594933611375
6.846178170116686e-06
0.001358289913308178
0.001168261855910888
0
0.001669156598467915
0.001345689964297817
0.001700962988364489
0
0.001432358045187399
0.001709751327559422
0.001563927726096084
0.000998994535885208
0.00164581375476091
0.0009435912325177584
0.001345438334025135
0
0
0.0007280767434599781
0.001623607102494487
0.001673732483042904
0.0002753987769010477
0.001129063920102606
-9.594503478165949e-07
0.0004108981378577027
-0.00596510942509318
0
0.001414570602927452
3.044693278104386e-06
0
0.001529193005773366
0
0.001823928469756693
0.001330268002077299
0
0
0.00186044074472379
0.001847710756777907
0.00125901054601437
0.001482364113865503
0.00156676811031268
0.001208551979261078
0
8.874789349150875e-05
0.0005803266027096202
-0.0006645645760811005
0.000903234803583805
0.0009715975007107663
0.0005962826832221064
0.0008126365476279266
0.0007940274721848368
0.0004394917579044448
-3.278750899467773e-05
4.024584960253916e-05
1.160797035553029e-05
0.0001416261147886083
2.946086376627519e-05
0.0002855989141536711
0.000354963873964214
0.0001343488693150851
0.0005223310552649617
0.0004706409883323365
-1.391266381447381e-05
9.023063089680055e-05
0.0002619970582124044
-5.653896226615113e-05
0.0002223065377957431
5.166334373462159e-05
9.782405567455252e-05
8.828274694880834e-06
-1.106602078120159e-05
2.564612086733551e-06
0
-0.0002525854230554107
0.001095286635610072
0.0006248215053765047
0.00115093925045804
0.001322425621691591
3.95109367271643e-05
-0.000306028072012327
-6.424978713498939e-05
-0.0002179745806401702
-4.077801650860091e-06
-7.125725878071649e-05
0
-1.197250370507919e-06
0.0004160006877152002
-1.533369484636848e-05
1.613008681947265e-06
2.91581983599924e-06
2.12184419364069e-07
4.047907374543855e-06
-1.007275873367702e-06
2.924136356389048e-05
0.0001771794382614604
2.235196623077683e-06
-2.303650725254756e-05
-1.07622401677229e-06
3.332060030627874e-06
9.367618191327934e-05
-1.571223976738712e-06
0.0008549383189852954
0
1.821413583433592e-06
4.906378610841378e-05
-3.391406921526424e-05
3.574620131501685e-06
1.486866074944479e-05
-5.332491555609414e-07
0
-2.840997407322936e-05
0.000227001606668497
-7.486603605632198e-06
0.0001189148099859372
0.000535269448559551
0.001085024419541889
0
6.136556294884644e-05
0.0003520030106328216
0
0
8.240391191517003e-05
1.58795404183874e-05
-0.00011655718994975
0.0001288381513727984
0.000317518744494705
0.0002863552320647934
0.001008762798347559
0.0003000593096892921
0
0.0003522435123009736
0.0007689853944482074
7.392373685707524e-05
0.0003512587562971622
0.0004468333211909054
0.0002099453949252806
0.0005783274134754557
-0.0003610457823017143
-0.0004558732739583137
0.0003270402823359336
-0.0003014140517827491
0.00079342052182146
0.000236546764565019
0.0004915303189009295
0.0008156555542543147
0
0.0003689466165966613
0
0.0002094203712922749
0
0.0007055118810781396
0
0.0007214441696351764
-7.522256949987105e-06
0.001499802220234047
0.0002218320877165679
0.001653376301141553
8.659965679217973e-05
0
0.0008749611301771556
0.001023129938022279
0.0001760828450731293
0.0004743331579096672
0.00148748855944152
0.0008168285549713457
0.0007132836380735156
0.001434816683605012
0.001667115345664386
0.001749923881353685
0.001748127855280011
0.001798607518196015
0.0008797935228020311
0
-0.0001361690838862546
0
-0.0007289581138541023
0.001019024435517945
0.001595355372276409
0.001248199214890686
0.0003527865779965267
0.0008603000518480785
0.001671025570041982
0.001782648878090355
0.001858658683016341
0
0.001594688584975456
0.002060232313057266
0.001592957302086196
0.001489382882089247
0.001275247563415552
0.001541071325601634
0.001794317360244177
0.001393259783509107
0.001422383589422103
0.001807970466062548
0.001823686757495605
0.001043558229542421
0.001708325566445009
0.001800839306864061
0.00179032513961771
0
0.002066821571444759
0.001694708199136657
0
0.000342978300184396
0.00196322377220317
-0.0006528532921666807
-0.0002536711838236572
0.0004098034720119516
0.0004791382185697637
8.502617793971477e-05
0.0002175267776388962
-3.153011399213305e-05
0.001240566053016025
0.001602768384261344
0.001562191686200025
0.0004424672392999031
0.001778612129040413
0.001272786781656757
0.001805570916895238
0.001852569805446115
0.002265129655743809
0.002026653738789088
0.001564045817761154
0.001283998615207927
0.001798244827305041
0.001798765895069116
0.001802817598625384
0.001802925726903035
0.001789746185069698
0.001795284056929936
0.001788950254703499
0.001808183573323133
0
0.001780451456035478
0
0.001808160180710177
0.001734076252278297
0.001761316307962962
0
0.001797746349023853
0.001766659578307321
0.001686801332184813
0.001649965350353602
0.001675156407083739
0.001791862022640116
0.001195485976516761
0.001758495501740576
0.001395987685306057
0.001713033149747451
0.001729015661390998
0.001696144589859458
0.001589375219760119
0.001746296501290847
0.001081803331082047
0
0.00143253061000785
0
0.001526519301817697
0
0.001015720915874854
0.0008173425694345903
0.001652555005127312
0.0008016730810120514
0.00172035194584067
-0.000158946470368983
0.0002220066598207067
0
0
