0
0
0
0
0
0
0
0
0
0.001078904151550914
0.001088298459833195
0.001204882963500206
0
0.0001440487809381093
0.001242451448731045
0.001731517204151914
0.002056710002275048
0.001836696285020671
0
0.001489132262413565
0.001527819189565782
0.001198256924024757
0.0009029078653194254
0.001144379862372814
0.0007181570665733525
0.0009575256119727776
0.001570896979637967
0.001207896784899209
0.001388205283433608
0.00135480822572566
0.001560510355917571
0.0009417053627852014
0.00141215840195684
0.001039482071614906
0.001121818173451344
0.001652956813015518
0.001709382090070307
0
0
0.0009139732994831388
0.001710925629930812
0.001171207678573578
0.0005146213978942771
0.0009292659349483431
0.001671680342563078
0.001707238438821169
0.001621072146890262
0.001633666900015881
0.00152234549475251
0
0.001680623266992693
0.001219235913261508
0.001408625299895916
0.0008907196645741717
0.0009509741181915326
0.0002315617455987216
0.001128930354915946
0.0006826049567717642
0
0
0.0002325913313789827
0.0004900569083396837
0.001747748371664969
0.001540746070691218
0.002042512669510237
0.001692981786737115
0.001663439250597883
0.001692700722059133
0
0.001740820713074096
0.001294132309947606
0.001350275254385167
0
0.001220583021995303
6.740221082790651e-06
0.001358159577731662
0.001168084800641664
0
0.00166912264172032
0.001345803077424552
0.00170090161888051
0
0.001432305642991749
0.001709715142195849
0.00156389783676258
0.0009989630903124154
0.001645963440538692
0.0009435416924882636
0.001345443877277518
0
0
0.0007280735467566902
0.001623573121135845
0.001673689517140764
0.0002753851590682199
0.001129178455737518
-9.702546904662997e-07
0.0004108279351762599
-0.005965108028355104
0
0.001414589082550609
3.076792322899786e-06
0
0.001529082805791124
0
0.00182379120577752
0.001330217253007964
0
0
0.001860375066167467
0.001847539173170769
0.00125876003172268
0.001482270176336283
0.001566575157112609
0.001208393730797821
0
8.844641274182665e-05
0.0005799172000680969
-0.000664562935690083
0.000902976076789935
0.0009715209789307298
0.0005959957325276168
0.0008125267994552703
0.0007937821378506337
0.0004391110856892763
-3.276127056754456e-05
3.988997056555097e-05
1.134145175528238e-05
0.0001411531337465578
2.923263935161452e-05
0.0002853027917649678
0.0003546339388627888
0.0001339209539128799
0.0005221304054297837
0.0004704851329378606
-1.37178312456419e-05
8.99506408153324e-05
0.0002618547430040491
-5.654605420093451e-05
0.000222054556147553
5.140818531427537e-05
9.749262222043796e-05
8.667418978210197e-06
-1.107643580082894e-05
2.577215758458945e-06
0
-0.0002525855309563975
0.001095016754612748
0.0006244389216757039
0.001150842036715768
0.001322308431936103
3.923728668669627e-05
-0.0003057137500556921
-6.425639513256706e-05
-0.0002184197946421844
-4.486155193933479e-06
-7.11326445651318e-05
0
-1.198286025060928e-06
0.0004162522657555783
-1.501438929747131e-05
1.725871193805695e-06
2.784441842402259e-06
2.411187195791158e-07
4.113773693144536e-06
-1.007216167939915e-06
2.919143213878828e-05
0.0001773076516477776
2.425468469554873e-06
-2.306338392706482e-05
-1.307344033464661e-06
3.440018193075834e-06
9.43800634593886e-05
-1.475994367620662e-06
0.0008551189378357352
0
1.832894041449238e-06
4.902548759232136e-05
-3.391650031978087e-05
3.595806128218409e-06
1.490299397476858e-05
-5.347405644936171e-07
0
-2.848102225423552e-05
0.0002282972047888769
-7.49861112819967e-06
0.0001189258407345802
0.000534946827859269
0.001084971132755877
0
6.149508425203586e-05
0.0003533353283223196
0
0
8.304474338919498e-05
1.573614112090789e-05
-0.0001164276665913182
0.0001289771880721126
0.0003179387221136791
0.0002873756213902155
0.001008925924761587
0.0003008265480230332
0
0.0003523461472772395
0.0007696545341749556
7.392370484900362e-05
0.0003521046344899129
0.0004469659476429383
0.0002106697594228081
0.0005795463592715979
-0.0003607617497332227
-0.0004533989215197421
0.0003271540219062933
-0.0003014190345083005
0.0007935704490871918
0.000237281716960028
0.0004916207280894062
0.000815772133908369
0
0.0003690743555670837
0
0.0002098583422159684
0
0.000705971194455782
0
0.0007215299172789558
-7.504140331268996e-06
0.001499947820768816
0.0002218440960632294
0.001653539101384919
8.660023261715592e-05
0
0.0008750398219556124
0.001023288834600762
0.0001763437390438888
0.0004745868452976861
0.001487577961021011
0.0008169190524162461
0.0007132828648754989
0.001434862130528409
0.001667187397820261
0.001750050401617841
0.001748232994984673
0.001798773850034114
0.0008799689514728371
0
-0.000136161911598556
0
-0.0007257078304906203
0.001019189231250999
0.001595522028184643
0.001248264741448898
0.0003528390063121092
0.0008604407396925565
0.001671177876570654
0.001782783251713844
0.001858844027553804
0
0.001594989677272229
0.002060453738994508
0.001593134319617019
0.001489550262640696
0.001275403168793626
0.001541202285854531
0.001794474239725595
0.001393416094439501
0.001422552522769028
0.001808053571097738
0.00182383373210455
0.001043726827787542
0.00170847288684532
0.00180097238256936
0.001790475085706135
0
0.002066982044600775
0.001694834557462425
0
0.0003431954857517457
0.00196312623380536
-0.0006522353861358941
-0.0002533889060225437
0.0004090406228609615
0.0004792074478869142
8.454732120915212e-05
0.0002178938274483923
-3.148747891926712e-05
0.001240564143164394
0.00160273740461449
0.001562189001582477
0.0004434275750461335
0.001778773642983138
0.001272917199194242
0.001805711077692495
0.001852725908491448
0.002265337750067546
0.002026936031267519
0.00156420890133841
0.001284168849116548
0.001798383160882907
0.001798918504879675
0.001802967961262015
0.001803061698988315
0.001789897845368423
0.001795437151785789
0.001789089965573126
0.001808325725483529
0
0.001780584401093073
0
0.001808306607507475
0.001734222707736661
0.00176143690323817
0
0.001797896841500086
0.001766782566065959
0.001686896238017701
0.001650047092075125
0.001675622068347963
0.001791996744312341
0.001195590557741551
0.001758619090314829
0.00139611221212575
0.001713140913394404
0.00172914392116495
0.001696250406459566
0.001589483526434973
0.001746395569397474
0.001081843340118075
0
0.001432664314199705
0
0.001526635116554293
0
0.001015862609035805
0.0008174959857044041
0.001652740996770104
0.0008017722742531285
0.001720463831158452
-0.0001589464033585109
0.0002223012547172715
0
0
