0
0
0
0
0
0
0
0
0
0.001078076415513356
0.001088320122426016
0.001204830924343975
0
0.0001439381212332795
0.001241975909452675
0.001731334249866411
0.00205652169073096
0.001836493793842059
0
0.001488514297263505
0.001527659534980252
0.001197918836576077
0.0009030364773107383
0.001144192527590299
0.0007160378256356448
0.0009576559404523379
0.001570743712277366
0.001207675219628004
0.001388047381659821
0.001354626937510105
0.001560331628300408
0.0009407306539757008
0.001411977808118594
0.001038875006902627
0.001121588454306746
0.001652785850075735
0.001709200756839377
0
0
0.0009130865629808011
0.001710742597415975
0.001170834858181161
0.0005121405477340624
0.0009284698430269674
0.001671491706453044
0.001707050487917542
0.001620896048410712
0.001633485077798127
0.001522168044429657
0
0.001680410254410056
0.001218968512660703
0.001408433493208732
0.0008904677440852701
0.000950990362495454
0.0002346171602086247
0.001128767710749722
0.0006830314165281351
0
0
0.0002348639266064837
0.0004906237366496109
0.001747523318132934
0.001540534539010164
0.002042244454031858
0.001692800558020076
0.001663261310156801
0.001692527610520376
0
0.001740638446213891
0.001293690887783595
0.001349379347085924
0
0.001219975920277303
8.565890189556299e-06
0.001358072481137789
0.001168065434333637
0
0.00166895018664358
0.001345757180681953
0.001700707118008573
0
0.001432154617285209
0.001709532837930128
0.001563731791579756
0.0009988265544076018
0.001645922931462031
0.0009434201471474792
0.001345447638371065
0
0
0.000728071360283689
0.001623410812912895
0.001673504452263887
0.0002753264977368443
0.001128974139071346
-1.337856418063768e-06
0.0004107297489571527
-0.005965107060485483
0
0.001414492217447534
3.597926860107126e-06
0
0.001528428811966474
0
0.001823220913150169
0.001329624815421608
0
0
0.001859844079421698
0.001846908740069783
0.001257870775196154
0.001481593566798602
0.001565926352650869
0.001207934885488429
0
8.809620410092661e-05
0.0005792590013953077
-0.0006645617359360881
0.0009011266947433341
0.0009698182074901652
0.0005921373638440644
0.0008101360729853633
0.0007911786241438383
0.0004375918415998043
-3.274364216013574e-05
3.969518075956975e-05
1.093785174684113e-05
0.0001391177958323862
2.880600372925311e-05
0.0002762679577161812
0.0003492817193803967
0.0001311371783199696
0.0005172932239124505
0.0004650771791271508
-1.357649270769524e-05
6.679127566302915e-05
0.0002525574287135359
-5.655079589959953e-05
0.000208782768623255
1.55880456923892e-05
9.151477056875325e-05
8.391855510806843e-06
-1.10825521118315e-05
2.23530786064136e-06
0
-0.0002525856589846875
0.001093836040709913
0.0006233165066824277
0.001149523552796207
0.001321354554462276
3.894645261919896e-05
-0.0003055035375980907
-6.426082817753349e-05
-0.0002187774866163617
-4.964853993482016e-06
-7.104858798008803e-05
0
-1.198286025060926e-06
0.0004163530674605663
-1.479794977853398e-05
1.801674937322535e-06
2.72449620087761e-06
2.621046196957359e-07
4.232867838656693e-06
-1.007160709245801e-06
2.898826278597914e-05
0.0001773015466255782
2.693753011623302e-06
-2.308199770341645e-05
-1.632030609035107e-06
3.483298173093095e-06
9.495344988781264e-05
-1.249227174788554e-06
0.0008552549589193804
0
2.10218313998799e-06
4.939306131829001e-05
-3.391825171048826e-05
3.665418003442497e-06
1.493602380536917e-05
-5.158473290960954e-07
0
-2.852903468255826e-05
0.0002292392790775047
-7.521558826392401e-06
0.0001189334450462927
0.0005345785588028936
0.0010848537648374
0
6.214176257286869e-05
0.0003542609659523606
0
0
8.354166681446952e-05
1.732132536186414e-05
-0.0001163400675828912
0.0001290729801688722
0.0003181374343904957
0.0002882488426860667
0.001009096467484145
0.000301320267445628
0
0.0003524278671672664
0.0007701928763665638
7.392368102059027e-05
0.0003526806746819407
0.0004470559696761527
0.0002111943625142776
0.0005804532406597051
-0.0003605707885170103
-0.0004517489604420886
0.0003272295653872961
-0.0003015572596943112
0.0007937264033925415
0.0002378060395825526
0.0004917213629289072
0.0008159236589067562
0
0.0003691989718995662
0
0.0002101967674848864
0
0.0007063792808477088
0
0.0007215883005422942
-7.467970726168683e-06
0.001500142498486647
0.0002218811511050346
0.001653753357898973
8.66006538856652e-05
0
0.000875148316155643
0.001023482990422002
0.0001764114648882355
0.000474715294530361
0.00148765717436581
0.0008169379449866596
0.0007132158958270228
0.001434874540503069
0.001667265987812809
0.001750224211606578
0.001748368208590527
0.001799001907879647
0.0008800678814772434
0
-0.0001361570125582218
0
-0.0007236497565642485
0.001019382490279394
0.001595738465051179
0.001248396240018678
0.0003529161071995705
0.0008606138343337265
0.001671379810686315
0.001782969402639378
0.001859097073818673
0
0.001595401806521888
0.002060759347483776
0.001593362886155188
0.001489764564575449
0.001275575815948285
0.001541358994928715
0.00179468754860845
0.001393619754994813
0.001422767666137812
0.001808202605324375
0.001824035940174439
0.00104385423042889
0.001708678587625317
0.001801155887847526
0.001790680448568103
0
0.002067193363288861
0.001695003685716451
0
0.000343296107544447
0.001962639183944123
-0.0006518169104049572
-0.0002531979998719833
0.0004084413289627198
0.0004792489380280788
8.413377701230505e-05
0.0002181388537532469
-3.152489275606893e-05
0.001240698431910835
0.001602685873300078
0.00156218695903515
0.0004441007340713417
0.001778986610586642
0.001273089723605664
0.001805905470794626
0.001852934825759439
0.00226561444025971
0.002027292231338811
0.00156441749627856
0.001284373061241554
0.00179856945294103
0.001799124921905634
0.001803171853222558
0.001803244169287063
0.001790102517429252
0.001795648840895581
0.001789279374738062
0.001808516562905043
0
0.001780762244012306
0
0.001808500916052916
0.001734411360836793
0.001761599659089604
0
0.001798098824918265
0.001766950083855538
0.001687036160276543
0.001650191866036082
0.001676036592797999
0.001792178400785939
0.001195731433560241
0.001758786473266463
0.001396259987772743
0.001713293306161705
0.001729315616786607
0.001696398930870515
0.001589626478294161
0.001746545151682032
0.001081912994834147
0
0.001432809688831004
0
0.001526785768896155
0
0.001015991269922161
0.000817714278710886
0.001652991147456602
0.0008018797887039814
0.001720617157019178
-0.0001589463591461263
0.0002225022359600358
0
0
