0
0
0
0
0
0
0
0
0
0.001078963747338085
0.001087700194004851
0.001204640736467876
0
0.0001442957744595463
0.001243667106848042
0.001731612845645049
0.002056761789718307
0.001836786080468705
0
0.001489477454931012
0.001527844127407962
0.001198209423401585
0.0009021807371292013
0.001144165224859592
0.0007183866373340516
0.000956797054043705
0.001570885873326693
0.001207765348684267
0.001388143050623287
0.001354730177370002
0.001560662693118738
0.0009417719017749607
0.001412156830168149
0.001039471586228392
0.001121893235675419
0.001653008713842408
0.001709467295777069
0
0
0.0009140446680374389
0.001711018590575774
0.001171192821621184
0.0005148505142652237
0.0009293641327716058
0.001671768993761792
0.001707341098615437
0.001621151881248082
0.001633735052811564
0.001522405071833724
0
0.001680774757868319
0.001219264874552163
0.001408722482944198
0.0008908466335063186
0.0009511150091198829
0.0002317095937476576
0.001129063599161143
0.0006827777922361656
0
0
0.0002327406839323082
0.0004902435506971397
0.00174787144511881
0.001540876741705407
0.002042612391418931
0.001693056817727443
0.001663522506773694
0.001692699159477925
0
0.001740872133973846
0.001294296378018296
0.001350522315995085
0
0.001220637874354486
6.801880204516626e-06
0.001358462545350263
0.001168502568933274
0
0.001669200502304009
0.001345540992166637
0.001701042997964094
0
0.001432426004365719
0.001709800398127978
0.0015639633484259
0.000999031429822056
0.001645613654491127
0.0009436589149603635
0.001345431004201454
0
0
0.0007280809292719072
0.001623654636182696
0.001673790142629693
0.0002754126363938523
0.001128934021691979
-9.566707548915505e-07
0.0004109868776212846
-0.005965111219133936
0
0.001414554091789337
3.056190192717303e-06
0
0.001529363211666029
0
0.001824138188529006
0.001330359297443151
0
0
0.001860549982790853
0.001847979570689916
0.001259430172146697
0.00148253269397416
0.001567080308958418
0.001208834526815785
0
8.920066927220138e-05
0.0005809697099362172
-0.0006645669386534066
0.0009036393592586123
0.000971744451062441
0.0005966794602729923
0.0008128233319820157
0.0007943962846648636
0.0004400397932122982
-3.282724041516985e-05
4.077077635633668e-05
1.200398371281937e-05
0.0001422657532422338
2.976882674017946e-05
0.0002859360658170961
0.000355385440777486
0.0001349166474987593
0.0005226045165816041
0.0004708501372381791
-1.416595918211385e-05
9.045056988118374e-05
0.0002621726365081449
-5.652940421427384e-05
0.0002225622111036205
5.18082156159802e-05
9.822049661220082e-05
8.999151406659862e-06
-1.10518498957523e-05
2.54535807394774e-06
0
-0.0002525853668603859
0.00109572762069898
0.0006254019810170643
0.001151118933347839
0.001322639663559154
4.000610620708976e-05
-0.0003064536699664324
-6.424107163272457e-05
-0.0002174178354945502
-3.568047015278123e-06
-7.142372044124983e-05
0
-1.194997309387429e-06
0.0004153759838383125
-1.575803385997136e-05
1.462154801080093e-06
3.073400418743325e-06
1.761658311131254e-07
4.00784840059262e-06
-1.00727860700864e-06
2.944579360934684e-05
0.0001768251505731189
2.105075332415156e-06
-2.300153141716702e-05
-9.291201609929571e-07
3.238683561401281e-06
9.261958482405129e-05
-1.612350024612422e-06
0.0008545496490488192
0
1.817564634742846e-06
4.906675377611026e-05
-3.390920206387309e-05
3.42327100778171e-06
1.480038617028223e-05
-5.342898291387011e-07
0
-2.831393105024584e-05
0.0002250702230070587
-7.412964607953912e-06
0.0001189003642762846
0.0005354102962568457
0.0010848590273926
0
6.107878926846559e-05
0.0003499052294935106
0
0
8.148070956314415e-05
1.591286455192104e-05
-0.0001167313855494282
0.0001286563927933955
0.0003165545795649035
0.0002848254969834984
0.001008495422235549
0.0002986767502296666
0
0.0003518749806925295
0.0007678274169596124
7.392377377967867e-05
0.0003501395373311487
0.0004464530032679376
0.0002087165017067954
0.0005764535766040086
-0.000361426667028823
-0.0004589294963284421
0.0003268864505181935
-0.0003011991428319528
0.0007931333842968633
0.0002352608193801604
0.0004912504244138881
0.0008154890180580301
0
0.0003686040483965308
0
0.0002086209678999778
0
0.0007046131485235242
0
0.0007213311743778862
-7.675606643951783e-06
0.001499699647609828
0.0002216686347478761
0.001653261058224387
8.659901734254982e-05
0
0.0008748716468259555
0.00102291987473562
0.0001753946562292604
0.0004737296813128449
0.001487300988913454
0.0008165187888421271
0.0007130663680192471
0.001434614941596043
0.001666977257271814
0.001749849945646669
0.001748020626354542
0.001798526167300133
0.0008793823591005565
0
-0.0001361785905272913
0
-0.0007328223707670102
0.001018792254502443
0.001595231748236636
0.001248185683626831
0.0003525828359971442
0.0008600889834518811
0.001670917244400053
0.00178257524492605
0.00185857049825625
0
0.001594595571358363
0.002060127126757446
0.001592837557363083
0.001489241287652236
0.001275033780479045
0.001540926184620593
0.001794237221478694
0.001393135407785452
0.001422237766620322
0.001807972814747975
0.001823613225640997
0.001043204780235037
0.001708254968631333
0.001800774926821409
0.001790247835000008
0
0.002066733785826418
0.001694632506244961
0
0.0003426863790585963
0.001963371908133496
-0.0006536677544704061
-0.0002540468314465514
0.0004109054129753609
0.0004790412156373585
8.584233491329311e-05
0.0002170362882056592
-3.16857899800801e-05
0.001240213773844467
0.001602677836037077
0.001562194480323962
0.0004411474807158479
0.001778509872316217
0.001272686861104331
0.001805497059088381
0.001852480988261182
0.002265003133162241
0.002026464912531173
0.00156390649679171
0.00128380372480815
0.001798173205294782
0.001798683426830312
0.001802739354525914
0.001802855765626384
0.001789663157454229
0.001795207752393941
0.00178887731674576
0.001808109016772607
0
0.001780382155886534
0
0.001808080309735617
0.00173398912630661
0.001761255853948977
0
0.001797663197203346
0.001766592636146402
0.001686771509539927
0.001649965328699208
0.001674690637226005
0.001791792507041619
0.001195407715413507
0.001758434593440459
0.001395893682958208
0.00171298974184919
0.001728951091527385
0.001696100644244965
0.001589319460564154
0.001746270591617794
0.001081800232593482
0
0.001432421841725552
0
0.001526443432962171
0
0.001015569841776666
0.0008172468851349472
0.001652455060928105
0.0008015785986846175
0.001720299116664499
-0.0001589465590521142
0.0002216201383901462
0
0
