0
0
0
0
0
0
0
0
0
0.001078952274811803
0.001085211994567727
0.001203597108838649
0
0.0001451435980321677
0.001248300381028497
0.001731880066552893
0.002056848017508479
0.001837017121647807
0
0.001490645941556692
0.001527831212837745
0.001197849095655053
0.0008992070883057359
0.00114315092254468
0.0007190626086603489
0.0009538452169120943
0.00157073812051498
0.00120707616882241
0.001387753170129586
0.001354287046023779
0.00156117587936786
0.0009417959513768016
0.001412001889181957
0.001039214404085405
0.001122041068358446
0.001653109649412399
0.001709694182312505
0
0
0.0009141165255039537
0.001711276294490114
0.001170950846281653
0.0005155965372818631
0.0009295664633935853
0.001672012291186484
0.001707636340307012
0.00162136335259531
0.001633891542602965
0.001522502593775941
0
0.001681261202047389
0.001219218539883268
0.00140897682504705
0.0008912146264373766
0.0009515884388689877
0.0002324889309420683
0.001129465766032741
0.0006833718370715279
0
0
0.0002336729659516724
0.0004909581575095566
0.001748242684011996
0.001541284775223906
0.00204288069449503
0.001693246265561277
0.001663741297591083
0.001692596752716801
0
0.001740967195998774
0.00129477436198484
0.001351235573645985
0
0.001220634120793754
6.590217701632687e-06
0.001359631070087277
0.001170010015225007
0
0.001669402225850089
0.001344426997504082
0.001701490556394917
0
0.001432819664950514
0.00171002803724039
0.001564112941084139
0.0009992075870904184
0.001644131979595819
0.0009440430687940546
0.001345379409223285
0
0
0.0007281089848712429
0.001623878541771997
0.001674077017484171
0.0002754887939961316
0.001127800457060439
-9.738248628554172e-07
0.0004115761216738644
-0.005965122347601689
0
0.001414355020497416
3.108023504845933e-06
0
0.001530255967595838
0
0.001825305964648306
0.001330710093217634
0
0
0.001861046310076561
0.00184950118166479
0.00126188099736689
0.001483343795109398
0.001568887543742513
0.00121028929820784
0
9.223746984112251e-05
0.0005849894946275167
-0.0006646073464841515
0.0009058442191301703
0.0009723080670766997
0.0005986861337821969
0.0008136568449994807
0.0007963063162109899
0.0004432681638673071
-3.324754569411543e-05
4.423558251035192e-05
1.46950706395052e-05
0.0001459909084610224
3.132158271263004e-05
0.0002874955070619322
0.0003575076191443469
0.0001372886070416985
0.0005239230499893471
0.0004718563879907919
-1.571915194005693e-05
9.133634140177022e-05
0.0002629347357598702
-5.646079615910966e-05
0.0002236785096952322
5.217440880463795e-05
9.97262339116522e-05
9.793951794479753e-06
-1.098159495009979e-05
2.530292127654614e-06
0
-0.0002525751667415003
0.001098257397790706
0.0006288836340863288
0.001151894480469912
0.001323677092576465
4.265965378127808e-05
-0.0003097284252446587
-6.418032965078884e-05
-0.0002132729721784624
-4.096508590212154e-07
-7.265158539637487e-05
0
-1.178215800189751e-06
0.000411349568548321
-1.871726333748827e-05
4.569818057456589e-07
3.842912680122216e-06
-5.578486142381858e-08
4.053889309070668e-06
-1.006965281525608e-06
2.999885700968916e-05
0.0001743638081383876
1.936528246561394e-06
-2.274667040554428e-05
-7.581145037724896e-07
3.090099085594618e-06
8.606942460779615e-05
-1.697114796829611e-06
0.0008522309152126319
0
1.871517431016641e-06
4.913392665556232e-05
-3.387081851255958e-05
2.717627771821948e-06
1.486740054250565e-05
-5.454120291170318e-07
0
-2.876293806306168e-05
0.000212897264546435
-6.895713187791837e-06
0.0001187995046168099
0.0005362993906420523
0.001083762258034853
0
5.937990799793047e-05
0.0003365130730681317
0
0
7.60590211428848e-05
1.602305993441214e-05
-0.0001180076456409536
0.0001274550674096648
0.0003102921327601917
0.0002750885904520739
0.001007020263330622
0.0002898879446650565
0
0.0003498052232708055
0.0007606714968463453
7.392403506046082e-05
0.0003428463764306988
0.00044421115794721
0.0002010897065684198
0.0005643676769266843
-0.0003632658796534638
-0.0004792926751427651
0.0003256934481906959
-0.0002998789802632586
0.0007915511299069674
0.0002273133480178371
0.0004897548878055731
0.0008146567456888128
0
0.0003667153446048464
0
0.0002037081139029468
0
0.0006992181207087873
0
0.0007205433541914124
-8.487017416058399e-06
0.001499268248830496
0.0002208629334371994
0.001652774376366779
8.660266179513561e-05
0
0.0008744856416442792
0.001021834759762947
0.0001707167400918199
0.0004699152781898208
0.001486298084218808
0.0008145507653067349
0.0007115984997821567
0.001433462091396772
0.001666305432311752
0.001749643257246046
0.001747597116794756
0.001798255210163558
0.0008768290862977033
0
-0.0001362438201650741
0
-0.0007577873809852918
0.001017570747334897
0.001594680554456062
0.001248249448050431
0.0003515532055233081
0.0008590015934258633
0.001670472687194907
0.001782346947680074
0.001858256430435071
0
0.001594038037899211
0.002059768455644981
0.00159226182726675
0.001488578365145718
0.001273896512729726
0.00154022330759754
0.001793964097166804
0.001392553057350607
0.001421532634168336
0.001808248971102616
0.001823386321906337
0.001041101420204079
0.001708014610538488
0.001800605853356561
0.001789989569556967
0
0.002066419403916233
0.001694363425777598
0
0.0003406620708515166
0.001964149588307936
-0.0006593838834803181
-0.0002568264357254631
0.0004176486330303073
0.0004782318437217873
9.033890300477454e-05
0.0002139808569396901
-3.22500922962051e-05
0.001238731540973907
0.001602167545622013
0.001562119785773818
0.0004326733148423083
0.001778096286894724
0.001272250474295939
0.001805283957699198
0.00185214840132258
0.002264477688013013
0.002025399893284411
0.001563267937418907
0.001282807687983737
0.001797943469317163
0.00179840141955052
0.00180247946946618
0.001802635959975858
0.001789379394661727
0.001794967471713038
0.001788643257968392
0.001807865058511208
0
0.001780156507074362
0
0.001807795114124274
0.001733632326736959
0.001761083113989908
0
0.001797376917356815
0.001766390384241943
0.001686782952047308
0.001650195261835088
0.001671626586541837
0.001791573333606342
0.001195075862486249
0.001758256441906215
0.001395462432310992
0.001712916482875628
0.001728743467376855
0.001696019738435285
0.001589140443177924
0.001746319800102651
0.001081920564704605
0
0.001431841771203249
0
0.001526152721786885
0
0.001014662853278907
0.0008167983270962987
0.001652024328491036
0.0008010716831725693
0.001720165862300127
-0.0001589471679886059
0.0002189751468411802
0
0
