0
0
0
0
0
0
0
0
0
0.001078962968177507
0.00108530659766854
0.001203639446514849
0
0.0001451191965329235
0.001248141337039295
0.001731876488259284
0.002056851327437319
0.001837015531502572
0
0.001490614465917159
0.001527837678816139
0.001197868577063115
0.0008993180294213885
0.001143192767313801
0.0007190432261268255
0.0009539539269400123
0.001570749177466158
0.001207107106101059
0.001387773454267121
0.001354308848825064
0.001561161131913371
0.0009418041406953504
0.001412014334159197
0.001039232062147693
0.00112204205522698
0.001653111825801163
0.001709692186406395
0
0
0.0009141213242783593
0.001711273119881036
0.001170967123636617
0.0005155681368284646
0.000929565286620004
0.001672009666479368
0.001707631920347345
0.001621361501179613
0.001633891977854534
0.001522505886766451
0
0.001681250276015536
0.001219227291346411
0.001408974481223812
0.0008912058643531385
0.0009515780025108235
0.0002324484029298188
0.00112945763459543
0.0006833564112189907
0
0
0.0002336502212160808
0.00049093084862586
0.001748236588373828
0.001541277010068341
0.002042879432380194
0.001693245417092596
0.001663740050941026
0.001692606826106047
0
0.001740969928034488
0.001294764616936989
0.001351223707629189
0
0.001220643759440475
6.599987459867269e-06
0.001359595390125156
0.001169960531191338
0
0.001669400862742166
0.001344470547474723
0.00170148053395903
0
0.001432810088625358
0.001710025941047819
0.001564114027077316
0.0009992088615249401
0.001644190639262848
0.0009440334664537609
0.001345381277936917
0
0
0.0007281081011721273
0.001623876076723866
0.001674072705064961
0.000275486960504089
0.001127846421954755
-9.730015006312968e-07
0.0004115563710553404
-0.005965121987559663
0
0.001414367267058378
3.10683392629724e-06
0
0.001530234827369534
0
0.001825276821659626
0.001330707079918562
0
0
0.001861038737107526
0.001849463028250576
0.0012618204129751
0.00148333031093209
0.001568842042162816
0.001210254809936809
0
9.215201293996145e-05
0.0005848751453108845
-0.000664604477176914
0.0009057864119946509
0.0009722999752026448
0.0005986268262705269
0.0008136368036633815
0.0007962543471903715
0.0004431747501912906
-3.322790536363396e-05
4.412638622675109e-05
1.46158636409909e-05
0.0001458726677342623
3.126473787826317e-05
0.0002874408428330107
0.0003574383023476885
0.0001372052929545277
0.0005238816954540957
0.0004718206407165743
-1.567001537427198e-05
9.128787538626279e-05
0.0002628995235708795
-5.646117677811078e-05
0.0002236333901069869
5.214517982425481e-05
9.966912143796378e-05
9.770338225491962e-06
-1.098341964379281e-05
2.529883140673755e-06
0
-0.0002525754753612711
0.001098193514191922
0.0006287884750987442
0.001151882186963295
0.001323658968908893
4.255779312459338e-05
-0.0003096027295501575
-6.418307067747884e-05
-0.0002134505263326915
-5.122335715085671e-07
-7.26054306520754e-05
0
-1.178838039499438e-06
0.000411511845895547
-1.861252961218337e-05
4.904428048652686e-07
3.826199883880028e-06
-4.760173965770924e-08
4.04869719905362e-06
-1.006977228470245e-06
2.996459601003787e-05
0.0001744646513479336
1.937529080757111e-06
-2.275623026713653e-05
-7.57613485059013e-07
3.091723656369778e-06
8.632758541505362e-05
-1.694331517925771e-06
0.0008523234763084149
0
1.869119993529045e-06
4.91231100810415e-05
-3.387227141277755e-05
2.730708244823015e-06
1.48574505998743e-05
-5.450523137206526e-07
0
-2.87360193350538e-05
0.0002133720429756175
-6.907877343129191e-06
0.0001188031604856742
0.000536264817300905
0.001083803182716118
0
5.944898954374355e-05
0.0003370325069454504
0
0
7.626598804516378e-05
1.601542701249521e-05
-0.0001179593479291987
0.0001274960197600175
0.0003105430909920883
0.0002754654068910214
0.00100707877261024
0.0002902348600880655
0
0.0003498954159713475
0.000760966545724219
7.392403418074515e-05
0.0003431077696260724
0.0004443043605423869
0.0002013916138728518
0.0005648404715122554
-0.0003632003951648611
-0.0004786105919921867
0.0003257403766472114
-0.0002999371667449408
0.0007916165907774902
0.0002276283503311554
0.0004898228558152185
0.0008146904104421355
0
0.0003667994118857247
0
0.0002039091249819682
0
0.0006994487973680018
0
0.0007205717710507871
-8.448793337934557e-06
0.001499282265791968
0.0002209061352677586
0.001652791214649886
8.660114728233657e-05
0
0.0008745012407954194
0.001021877935777372
0.0001709067541486552
0.0004700687039703742
0.001486334865131858
0.0008146283880844445
0.0007116566170271501
0.001433504714537909
0.001666330162006862
0.001749648962234724
0.001747610702088606
0.001798264110347294
0.0008769295145189922
0
-0.0001362414821314675
0
-0.0007570312774934653
0.001017619517207336
0.001594699620692759
0.001248241376254871
0.0003516016109971275
0.0008590463926487407
0.001670488411696091
0.001782356407386511
0.001858267523948703
0
0.001594064344951325
0.002059780605120722
0.001592280000274015
0.001488602198333172
0.00127393998301254
0.00154024917142905
0.001793973278770211
0.001392572393411601
0.001421557215390121
0.001808238520054278
0.001823394259337788
0.001041183279921233
0.001708022099225196
0.001800611464352999
0.001789998553556297
0
0.002066429650413017
0.00169436930144331
0
0.0003407364806176519
0.001964132507634137
-0.0006591776292060523
-0.0002567223238874675
0.000417453532230882
0.0004782656491029537
9.019999545753359e-05
0.0002140658328551113
-3.223808862342241e-05
0.001238821811111859
0.001602187703043172
0.001562126241846949
0.0004329889037131016
0.001778109926317994
0.001272264290485259
0.001805291122707037
0.001852159187120206
0.002264495320832526
0.002025436508394778
0.001563291175178062
0.001282845627108051
0.001797950933653118
0.001798410498566491
0.00180248788876712
0.001802642710868396
0.001789388510167493
0.001794975259981006
0.001788651007549706
0.001807872974244105
0
0.001780163859030533
0
0.001807804555566873
0.001733644540016056
0.001761088396275226
0
0.001797386293297154
0.001766397817350353
0.001686782171389538
0.001650187846851045
0.001671737329492009
0.001791580437665983
0.001195091029557209
0.001758262175472621
0.001395477425044765
0.001712918616154544
0.001728750384773668
0.001696022121474543
0.001589146351038183
0.001746317642777996
0.001081917310210841
0
0.001431861833093356
0
0.001526163368162326
0
0.001014694461555773
0.0008168232353422314
0.001652041926721595
0.0008010899332452091
0.001720170058788058
-0.0001589471465255357
0.0002190689152303505
0
0
