0
0
0
0
0
0
0
0
0
0.001078956854387886
0.001085148027273345
0.001203571794730016
0
0.0001451595902292041
0.001248411277780182
0.001731887188108746
0.002056850585247486
0.001837023496021625
0
0.001490679314063496
0.001527831416785888
0.001197840232680807
0.0008991309491585309
0.001143123627967612
0.0007190916411400373
0.0009537706470893421
0.0015707354663473
0.001207057785607826
0.001387742867139706
0.001354275832903912
0.001561188326456715
0.0009418026270762114
0.001411998095511216
0.001039210879842399
0.001122048265002343
0.001653113109002862
0.001709700420018198
0
0
0.0009141241025754696
0.001711283208573115
0.001170946380134139
0.0005156256540767363
0.0009295773799551574
0.001672019311418543
0.001707644328082189
0.001621369516619707
0.001633896241418638
0.001522505147917143
0
0.001681274454698646
0.001219219364586626
0.001408984974135025
0.0008912283785463066
0.0009516024273567734
0.0002325091780907943
0.001129478556044998
0.0006833915047806316
0
0
0.0002337075387803461
0.0004909832721607157
0.001748253707821224
0.001541297137787751
0.002042889990958018
0.001693251881146664
0.001663747443739758
0.001692596720523925
0
0.001740970392633076
0.001294787846970949
0.001351258795015095
0
0.001220637109895195
6.589378692376941e-06
0.001359662167709612
0.001170033720444523
0
0.001669407508544793
0.001344400010954835
0.001701502026611499
0
0.001432829236615628
0.001710034313431047
0.001564116609419791
0.0009992127298310057
0.001644096335080912
0.0009440523380051546
0.001345378149903125
0
0
0.0007281095788502803
0.001623884167829583
0.001674084447562469
0.0002754900159578974
0.001127770189668072
-9.743111264659851e-07
0.0004115920569679195
-0.005965122588383513
0
0.001414350352171146
3.108676472871073e-06
0
0.001530282321559946
0
0.001825338273544013
0.001330722032781353
0
0
0.001861062063506625
0.001849541926663529
0.001261946247270325
0.001483367570874339
0.00156893534787589
0.001210324498343996
0
9.231321529929441e-05
0.0005850861303138682
-0.0006646091350568287
0.0009059088308155289
0.0009723332232465209
0.0005987474975459359
0.0008136908799751394
0.0007963658426975681
0.0004433531330907046
-3.32609782173588e-05
4.43092633252932e-05
1.476157374093967e-05
0.0001460838342636156
3.135745562110939e-05
0.0002875415276647257
0.0003575683673611496
0.0001373548936460356
0.0005239679257561141
0.000471892635128506
-1.575198825920043e-05
9.136786037362993e-05
0.0002629587744102787
-5.646056838434353e-05
0.0002237126493316462
5.218510177872893e-05
9.976773495046822e-05
9.809580887129183e-06
-1.098037703986872e-05
2.530573049763186e-06
0
-0.0002525749472318272
0.001098326818669083
0.0006289741823572139
0.001151922342757475
0.001323708357622961
4.269595282612317e-05
-0.0003098136726670151
-6.417867467613253e-05
-0.0002131801906524473
-3.219143216377949e-07
-7.268274241402733e-05
0
-1.177770191520149e-06
0.0004112682467121674
-1.878740379135501e-05
4.34643136146577e-07
3.841797941749621e-06
-6.128619216414353e-08
4.057420256577493e-06
-1.006956746367767e-06
2.999168938015822e-05
0.0001743101523718849
1.934959411809116e-06
-2.27402040090165e-05
-7.560390311272997e-07
3.088989493089482e-06
8.594637490165367e-05
-1.698475891197161e-06
0.0008521831955083586
0
1.873031539193956e-06
4.914117902364377e-05
-3.386984140783624e-05
2.711453756900696e-06
1.48742879066713e-05
-5.456736348537412e-07
0
-2.878132771799159e-05
0.0002126644511653236
-6.888591130734786e-06
0.0001187970404487252
0.0005363059576942361
0.001083724271925475
0
5.934899990240382e-05
0.0003362608074195426
0
0
7.595485109440638e-05
1.603203229070864e-05
-0.0001180402985334188
0.0001274275985215517
0.0003101792976868515
0.0002749093703138926
0.001006993309836663
0.0002897282797646782
0
0.0003497733609623625
0.0007605517091294551
7.392403540946282e-05
0.0003427161989190621
0.0004441695839748933
0.0002009518965076939
0.0005641401508384977
-0.0003633103341857764
-0.0004797615363432074
0.0003256616303493152
-0.0002998324615957699
0.0007915243774424903
0.0002271720773573212
0.0004897354811700912
0.000814647735596676
0
0.0003666916513370133
0
0.0002036243496807328
0
0.000699136131824561
0
0.0007205242016009049
-8.492659987783179e-06
0.001499263575164254
0.0002208623041782232
0.001652769337983039
8.660366804899272e-05
0
0.0008744832313666446
0.001021819904063064
0.0001706320452076521
0.0004698395073884086
0.001486271862526526
0.0008145006337341997
0.0007115539472595246
0.00143342873470921
0.001666287553906278
0.00174964083017617
0.001747586594388562
0.001798255729275687
0.0008767710174903401
0
-0.0001362453930528516
0
-0.000758299125531024
0.001017552091001615
0.001594673988095257
0.00124825203135308
0.0003515459530184652
0.0008589883791823826
0.001670467996576717
0.001782346492582532
0.001858258218411568
0
0.001594056389008076
0.002059770214413169
0.001592253297295726
0.001488569626003115
0.001273874944884964
0.001540209775813265
0.001793964259509672
0.001392545029140137
0.001421522546612938
0.001808260740766363
0.001823387195931544
0.001041054831092243
0.001708014387517341
0.001800607213809885
0.001789989690506581
0
0.002066417740105987
0.001694359476415681
0
0.0003406154221281076
0.001964172283782907
-0.0006595228092886884
-0.0002568967524733049
0.0004177823373785327
0.000478209033536147
9.040949376531358e-05
0.0002139271883637031
-3.225530226358756e-05
0.001238748869830085
0.001602151146018437
0.001562115467141294
0.0004325218697058073
0.001778092795270295
0.001272245166550662
0.001805284756609903
0.001852146311700165
0.002264473415860003
0.002025385386090929
0.001563259598316615
0.001282791857377207
0.001797943285037175
0.001798400417916
0.001802478946796
0.001802634961119678
0.001789378515867222
0.001794967861586715
0.001788642980078051
0.001807864422399057
0
0.001780156164959206
0
0.001807793682936108
0.001733628626601241
0.001761082992172932
0
0.001797375686589152
0.001766389267885103
0.001686787871710407
0.001650207894815309
0.00167156656060923
0.001791573092504325
0.001195069477606346
0.001758257146329458
0.001395452327158912
0.001712919745277772
0.001728743941439944
0.001696022381329944
0.001589140044618678
0.001746327033504442
0.001081924335882808
0
0.00143183027627049
0
0.001526146690331059
0
0.001014640760506578
0.0008167978949121253
0.001652024236860383
0.0008010571455102114
0.001720166736426978
-0.000158947182457149
0.0002189120483403839
0
0
