0
0
0
0
0
0
0
0
0
0.001079035465055645
0.001087471281230788
0.00120455858818485
0
0.000144424901759118
0.001244200971404273
0.001731673673116998
0.002056806416442989
0.001836846924105491
0
0.001489662704145131
0.001527876045860842
0.001198220181971583
0.0009018914428208456
0.001144101330342585
0.0007185376969941927
0.0009565014128551985
0.001570902732343073
0.001207737284467198
0.001388140625898941
0.001354721713020974
0.001560746621425839
0.0009418480687680332
0.001412180671356363
0.001039508600877213
0.001121959585043726
0.001653051795113734
0.001709523713605129
0
0
0.0009141209572247475
0.001711078389220074
0.001171220471971657
0.0005149970662305109
0.0009294483731619791
0.001671827384973417
0.001707405132765352
0.00162120678694434
0.001633785157869499
0.001522453256071198
0
0.001680860596429409
0.00121930883990693
0.001408788856887408
0.0008909367210546865
0.0009511985857655203
0.0002318388071798412
0.001129146142776234
0.0006828858085268958
0
0
0.0002328323186638222
0.000490377071595857
0.001747946737593817
0.001540955119212387
0.002042680959155723
0.00169310922523102
0.001663577729980833
0.001692722996211411
0
0.001740914742180716
0.001294398169221949
0.00135067588836996
0
0.001220702599936711
6.75411357571564e-06
0.001358613908142041
0.00116868583464039
0
0.001669253408252264
0.001345445623563022
0.001701123417799408
0
0.001432492054888056
0.001709856609280313
0.001564011553740869
0.0009990770544298533
0.001645484937818232
0.0009437193351113075
0.001345425506046692
0
0
0.0007280840384016575
0.001623706297534006
0.001673852251763466
0.0002754317992405566
0.001128857919801328
-9.573121456261295e-07
0.0004110614527042821
-0.005965112527404376
0
0.00141455312297316
3.068620141370014e-06
0
0.001529523425059411
0
0.001824327408392024
0.001330459413159187
0
0
0.001860665328812012
0.001848215833819073
0.001259773673394115
0.001482691124639128
0.001567345172374786
0.001209063024102975
0
8.954168055342991e-05
0.0005814618688941519
-0.0006645688691856074
0.0009039660734775801
0.0009718949160291801
0.0005969856758785447
0.0008130026550902658
0.0007946931006246639
0.0004404604887834277
-3.286067743728962e-05
4.116749809415942e-05
1.230419737801715e-05
0.0001427341611581186
2.998412750234433e-05
0.0002861800967574367
0.0003556939021987796
0.0001352716713037194
0.000522828975493245
0.000471031056288002
-1.43516619654962e-05
9.059291904247144e-05
0.0002623072775469662
-5.652213738102213e-05
0.0002227451711142163
5.187542443270321e-05
9.846427028648046e-05
9.116455627509582e-06
-1.104150397381726e-05
2.536577170322127e-06
0
-0.0002525852964113814
0.0010960842697546
0.0006258514281006832
0.001151291320843912
0.001322833639239284
4.033635139176915e-05
-0.0003067814964131684
-6.423474388529781e-05
-0.000216987009820606
-3.214377143117335e-06
-7.154984735436723e-05
0
-1.193818612216507e-06
0.0004148644403575644
-1.607669275576761e-05
1.349091701814494e-06
3.191984611924231e-06
1.50202222990476e-07
3.984265205242439e-06
-1.007254731768111e-06
2.95433062434171e-05
0.0001765324282578566
2.053664696208613e-06
-2.297559000322735e-05
-8.706389221901746e-07
3.193006579893301e-06
9.178788991543985e-05
-1.63013575035595e-06
0.000854215180224324
0
1.820765253897791e-06
4.907036404079533e-05
-3.390535847881683e-05
3.322840454377729e-06
1.475058924351293e-05
-5.36385884737696e-07
0
-2.824116381481604e-05
0.0002235464434006757
-7.367591181365096e-06
0.0001188895796641612
0.0005355938452704304
0.001084770394442613
0
6.084464639050048e-05
0.0003482328541861307
0
0
8.077072859879999e-05
1.592216114848834e-05
-0.0001168632380774399
0.00012852151276457
0.0003157419261046703
0.0002836049977057005
0.001008238928189752
0.0002975444497933749
0
0.0003515299406484885
0.0007668523489611664
7.392380669156727e-05
0.0003492467573443049
0.0004461134858278247
0.0002077086097248932
0.0005749419270873828
-0.0003617179196485861
-0.0004611881360193285
0.000326768569524924
-0.0003010236853490574
0.0007928563757969842
0.0002342050815625061
0.000490972148236184
0.0008153035833591578
0
0.000368277347119994
0
0.0002079472701481443
0
0.0007038232908600197
0
0.0007212467953747401
-7.836418883896542e-06
0.001499566327492388
0.0002214931790614885
0.001653116272647699
8.659847429041024e-05
0
0.0008747621822459571
0.001022696015518246
0.0001748059385407899
0.0004732285027685958
0.001487139147737893
0.0008162865773073201
0.0007129250894967584
0.001434462816990756
0.001666852100167173
0.001749745159057159
0.001747901757428829
0.00179840543678721
0.0008790516113655887
0
-0.0001361856765468838
0
-0.0007356717019289255
0.00101855301724712
0.001595079614234338
0.001248124903170442
0.0003523654832329802
0.0008598639792088609
0.001670781329272239
0.001782471105956068
0.001858438862189128
0
0.00159443217711958
0.002059968970628131
0.001592689429076097
0.001489073718307993
0.001274823525180814
0.001540774603554514
0.001794120509740629
0.001392983410018083
0.001422068079200736
0.001807923659623631
0.001823502681062188
0.00104290680514906
0.001708144379377689
0.001800676784646093
0.001790134415475392
0
0.002066613418508952
0.001694526701664267
0
0.0003424796191155518
0.001963512424028794
-0.0006542775874034084
-0.0002543316196268032
0.0004117090778780228
0.0004789670764658433
8.638299588190162e-05
0.000216730701707082
-3.179010735909984e-05
0.001239797921432084
0.001602624856258821
0.001562196257003702
0.0004400907665956127
0.001778373821036853
0.001272560480328359
0.001805386379837974
0.001852357513837344
0.002264831909908733
0.002026234822227767
0.001563745393332932
0.001283596983291043
0.001798069827542638
0.00179856659302464
0.001802626401777676
0.001802754002542101
0.001789545457426462
0.001795093778561636
0.001788771677313137
0.001808002419282123
0
0.001780283074779982
0
0.001807969554266349
0.001733877041751066
0.001761165451468345
0
0.001797546515921741
0.001766497728966508
0.001686706833349317
0.001649920064625581
0.001674290148145316
0.001791691582063546
0.001195318455874417
0.001758343189503167
0.001395786453787796
0.001712913486054956
0.001728858107146073
0.001696024689724255
0.001589237515822721
0.001746205583806702
0.001081765830286619
0
0.00143230690288571
0
0.001526348094627311
0
0.001015437830966851
0.0008171340171101308
0.001652320794704866
0.000801483310875673
0.001720216343035211
-0.0001589466240658474
0.000221332346218686
0
0
