0
0
0
0
0
0
0
0
0
0.001078096927883667
0.001088342606226614
0.001204844700354298
0
0.0001439393061440667
0.001241967787838614
0.001731348438167886
0.002056538095928454
0.001836510015749259
0
0.001488527650067842
0.00152767297790003
0.001197938597002381
0.0009030576444647821
0.001144215899587171
0.0007160309630571205
0.0009576795274081034
0.001570757272808396
0.00120769725828516
0.00138806624670485
0.001354644495711773
0.001560343477896569
0.000940748251939729
0.001411996414363959
0.001038897032150799
0.001121609107188794
0.001652799394644674
0.001709215017363143
0
0
0.0009131028729661322
0.001710756626024861
0.001170855971922229
0.0005121152990994284
0.000928484076387375
0.001671505030158258
0.00170706442923478
0.00162090900277566
0.00163349917607174
0.001522184944285152
0
0.00168042267555738
0.001218988688250093
0.0014084499099461
0.0008904853798752533
0.0009510068457131316
0.0002346693844937168
0.001128783860516881
0.0006830602251066608
0
0
0.0002349248978769671
0.0004906520453696786
0.001747537198925018
0.00154054779487024
0.00204225971401201
0.001692814621577596
0.001663275361923217
0.001692540344523804
0
0.001740652815162164
0.001293706402298942
0.001349396402374894
0
0.001219996752179179
8.821352994270044e-06
0.001358082680906695
0.001168068353390411
0
0.001668964139414733
0.001345771570733164
0.001700720893017967
0
0.001432164535731128
0.001709546987825282
0.001563745595986575
0.0009988368445461629
0.001645942540339956
0.0009434225328564198
0.001345447818051234
0
0
0.0007280712556457326
0.001623421853283261
0.001673518412814253
0.0002753297141598798
0.001128998107619014
-1.351392209609692e-06
0.0004107387015117256
-0.005965107013981565
0
0.001414497242895147
3.629084084123713e-06
0
0.001528444042481684
0
0.00182323607931854
0.001329643018405231
0
0
0.001859861100580843
0.001846924872166868
0.001257882333460869
0.001481611018309801
0.001565940085032923
0.00120794387651811
0
8.808281448507174e-05
0.0005792532631079186
-0.0006645616709074026
0.0009011237197010062
0.00096982645988049
0.0005920945167877747
0.0008101298972387212
0.0007911627551111727
0.0004375803944946699
-3.274277930554393e-05
3.968562415766112e-05
1.092501085938303e-05
0.0001390940016443767
2.880021940103306e-05
0.0002761186158581446
0.0003492037425093308
0.0001311077573860865
0.0005172330408706
0.0004650016359581252
-1.356906745051123e-05
6.637379095015536e-05
0.0002523850142618902
-5.65510218605422e-05
0.0002085501271661845
1.488058276257023e-05
9.141487045496535e-05
8.382659008896499e-06
-1.108286972444847e-05
2.224710230637856e-06
0
-0.0002525856649620325
0.001093842926561542
0.0006233123851267998
0.001149537417920486
0.001321370803597977
3.893093394703379e-05
-0.0003054935702146553
-6.426103303303938e-05
-0.0002187966864337796
-4.981684130180615e-06
-7.104458750906416e-05
0
-1.198286025060926e-06
0.0004163096829299813
-1.478759324308212e-05
1.805295316345271e-06
2.718480506088179e-06
2.631394071158602e-07
4.24117538533446e-06
-1.007158007464108e-06
2.897080735016097e-05
0.0001772782931786091
2.712593670771773e-06
-2.308289752888134e-05
-1.656647241354968e-06
3.48800269840754e-06
9.495249325959096e-05
-1.231337495312815e-06
0.0008552187888148091
0
2.11248639960351e-06
4.944219404687975e-05
-3.391833133005972e-05
3.640903531278414e-06
1.493289386436579e-05
-5.174532360045704e-07
0
-2.853134488648509e-05
0.0002292345636018334
-7.511483737034808e-06
0.0001189338122274552
0.0005345455764274054
0.001084820805697863
0
6.22078956959306e-05
0.0003542337304877163
0
0
8.355956306586455e-05
1.754046194595823e-05
-0.0001163358536335044
0.0001290776060925675
0.0003180744751051023
0.0002882635165246485
0.001009068166200741
0.0003012711097841189
0
0.0003523740144849784
0.0007701532889649063
7.392367980370849e-05
0.0003527090412694058
0.0004470097773382944
0.0002111562142477449
0.0005804381631217122
-0.0003605617323583719
-0.0004516167727976783
0.0003272330977079646
-0.0003015221142497401
0.0007936922942058724
0.0002377605802226161
0.0004916780620682052
0.0008159030884150018
0
0.0003691583628147407
0
0.0002101633799048417
0
0.0007063302480638823
0
0.0007215910845717484
-7.491530685139472e-06
0.001500134547059145
0.0002218512798916788
0.001653744473865099
8.660067766705159e-05
0
0.0008751355569069214
0.001023460905115675
0.0001763622838590698
0.0004746701337933549
0.00148763034429997
0.0008169075184950694
0.0007131862216164939
0.001434842681218634
0.001667242957049207
0.001750214164929716
0.001748350330093705
0.001798997680600573
0.0008800345276097875
0
-0.0001361567783268502
0
-0.0007234526044100853
0.001019357754242433
0.001595729814042146
0.001248391895518036
0.000352882330527565
0.0008605897021620132
0.001671370074298655
0.001782962929768051
0.001859093823617543
0
0.001595426896682844
0.002060755697623463
0.001593359258150497
0.001489752908264297
0.001275553953231641
0.001541342290809923
0.001794682238006779
0.001393611497415117
0.001422757789579474
0.00180819457144625
0.001824029353221802
0.001043821938525476
0.001708673345682222
0.001801149268522295
0.001790674454061337
0
0.002067185990001476
0.001694995397312811
0
0.0003433085944736195
0.001962653294901771
-0.0006517969724198984
-0.0002531888985195227
0.0004084141519455192
0.0004792506952126506
8.411545397040462e-05
0.0002181506758943876
-3.154087010777085e-05
0.001240624621635369
0.00160266066181522
0.001562186860032853
0.0004441211334717603
0.001778979189540387
0.001273081307091306
0.001805897444656847
0.001852928135342964
0.002265606652270785
0.002027293573845123
0.001564405487562888
0.001284354755141369
0.001798563027365373
0.001799118782230129
0.001803165850224962
0.001803237456934999
0.001790096110429537
0.001795643207727131
0.001789272922546931
0.001808510159161207
0
0.001780755739152264
0
0.001808494615198499
0.001734406194993186
0.001761592520332674
0
0.001798092371007175
0.001766942986229649
0.001687029351399575
0.001650186484058004
0.001676048915104379
0.001792171806489917
0.001195727719653291
0.001758779842849637
0.001396254194598981
0.001713286765403962
0.001729309895729302
0.001696392232959663
0.001589620306372202
0.001746538690472294
0.001081905536963829
0
0.001432805733032962
0
0.001526779646904138
0
0.001015989998075659
0.0008177153290037048
0.001652990769262482
0.000801876818472046
0.001720610314006091
-0.0001589463570576289
0.0002225118459822165
0
0
