0
0
0
0
0
0
0
0
0
0.001079018646782689
0.00108674290985355
0.001204249926532789
0
0.0001446647674732154
0.001245548639596913
0.001731745735728957
0.002056825100132394
0.001836907886221726
0
0.001489991335580373
0.001527867082614818
0.001198107044165181
0.0009010248049546509
0.00114380033789355
0.0007187146521707873
0.0009556403251410335
0.001570854129519966
0.001207530758065545
0.001388021719466977
0.001354586941808165
0.001560889285619883
0.0009418401642966149
0.001412129509011259
0.001039422434599356
0.001121991936656399
0.00165307553721898
0.001709584107567423
0
0
0.0009141274286245981
0.001711147607290676
0.001171141170408366
0.0005151990954873142
0.0009294938000548844
0.001671892543658978
0.001707485359529819
0.001621262574576525
0.001633824873964185
0.001522475695997518
0
0.001680996330878711
0.00121928644640939
0.001408855156482205
0.000891032913355918
0.0009513278102974615
0.0002320696344446791
0.001129254021003075
0.0006830450311243421
0
0
0.0002330775798921502
0.0004905742265157818
0.001748048376867587
0.001541067082104023
0.00204275143536157
0.001693158286132596
0.001663636509273138
0.001692685121015481
0
0.00174093638841496
0.001294527876067928
0.001350871903189129
0
0.001220689799523884
6.682555037798243e-06
0.001358946507796388
0.001169137259267873
0
0.001669307080699069
0.001345119835575228
0.001701248083248976
0
0.001432602561919232
0.001709917434535387
0.001564050849400591
0.0009991261627411013
0.001645049995675652
0.0009438327712638124
0.001345410600556775
0
0
0.0007280923649320172
0.001623768162921218
0.001673930573324224
0.0002754514123435894
0.001128521685865371
-9.617185936389263e-07
0.000411229354175916
-0.005965115918829816
0
0.001414494642347164
3.088546537337379e-06
0
0.001529771489144745
0
0.00182465820497798
0.001330550057687714
0
0
0.001860798776631971
0.001848653802476034
0.001260502338747667
0.001482920646450192
0.001567874752028194
0.001209519396250437
0
9.045546437797135e-05
0.0005826972977513115
-0.0006645756776315997
0.0009046092936584341
0.0009720397880977616
0.0005975672561780139
0.0008132247773981269
0.000795242785842685
0.0004414288870951211
-3.296373394366817e-05
4.222613105961627e-05
1.31120323427777e-05
0.0001438830661620675
3.043671232516525e-05
0.0002866300658581105
0.0003563204480919931
0.0001360042111031915
0.0005231996620523062
0.0004713090129676537
-1.48316942163067e-05
9.084701353752324e-05
0.0002625214823137803
-5.650206394188601e-05
0.0002230611557988832
5.198755561956623e-05
9.891923416738689e-05
9.368448980723088e-06
-1.101849791630107e-05
2.527167580295979e-06
0
-0.0002525820090182104
0.00109683129890669
0.0006268926611522288
0.001151503549073949
0.001323131084238822
4.112296002203649e-05
-0.0003077081340677892
-6.421822313874551e-05
-0.0002159177423964229
-2.155818407337155e-06
-7.189797282654091e-05
0
-1.188685248053818e-06
0.0004136918829872607
-1.693840849018922e-05
1.047726840982396e-06
3.417326430466336e-06
8.242251641481931e-08
3.976850065267236e-06
-1.007155723220837e-06
2.969429023022701e-05
0.0001758074595644098
1.978481301921333e-06
-2.290240192039103e-05
-7.958691952694828e-07
3.131883505827761e-06
8.982979973290294e-05
-1.655377412286702e-06
0.0008535832849100706
0
1.834913748657438e-06
4.90696226994547e-05
-3.389462338082844e-05
3.06297793110707e-06
1.476414016183287e-05
-5.400165987979481e-07
0
-2.837804420288271e-05
0.0002199118929023856
-7.190423447153606e-06
0.0001188603916212941
0.0005357393178206371
0.001084414521393785
0
6.033729658066897e-05
0.0003442525029771592
0
0
7.913143839233932e-05
1.594547122118395e-05
-0.0001172225727975093
0.0001281632455480604
0.0003139160963414698
0.0002807269961428706
0.001007875651276824
0.0002949555374645984
0
0.0003509968957065368
0.0007648021355157043
7.392388267169927e-05
0.0003470832710582296
0.0004455149853903925
0.0002054868683604465
0.0005713945443237331
-0.0003621918074085723
-0.0004672188431936384
0.0003264385308873085
-0.0003007410557874057
0.0007924663532418841
0.0002318872304530101
0.0004906113835887273
0.0008151342980214957
0
0.0003677912868126314
0
0.0002065461222790702
0
0.0007023243341525972
0
0.0007210187684645368
-8.025298054113005e-06
0.00149951392212539
0.0002213029448027048
0.001653050941239089
8.659692453950268e-05
0
0.0008747004595224052
0.001022461299737062
0.0001734359764954073
0.0004721332558822899
0.001486880375057111
0.0008157106799009025
0.0007124732887738931
0.001434135948484975
0.001666687093292394
0.001749750738013607
0.001747833539189699
0.001798402985207808
0.0008783239451835181
0
-0.0001362046775929314
0
-0.0007435818160051176
0.001018276761352527
0.001594997399965847
0.001248228343664924
0.0003521343593497524
0.0008596253595209798
0.001670723840016754
0.001782471213428196
0.001858428923755968
0
0.001594368290141816
0.002059964009816635
0.001592600909785089
0.001488960066539511
0.001274555376534094
0.001540627348620842
0.001794112699901084
0.001392891108358071
0.001421943597429828
0.001808069283655885
0.001823506606007568
0.001042330384139761
0.001708146322001632
0.001800692311494187
0.001790129782425016
0
0.002066592789018078
0.001694512072739124
0
0.0003418835724645255
0.001963728558472983
-0.0006559319629456626
-0.0002551220290779171
0.0004138913545542096
0.0004787511142273213
8.785185445991967e-05
0.000215805708029117
-3.19726957181408e-05
0.001239497763603499
0.001602463188047119
0.001562200149204116
0.0004376003140405964
0.001778328180552593
0.001272502472398742
0.00180539516172026
0.001852333189059795
0.002264774722090566
0.002026030388318602
0.001563634698769913
0.001283383920273447
0.001798067179701792
0.001798555721717967
0.001802620448205284
0.001802754200686804
0.001789534512726287
0.001795096646855087
0.001788769238437293
0.001807997202720622
0
0.001780278587771462
0
0.001807952043412995
0.001733834661508738
0.001761173918729811
0
0.001797533566802758
0.001766499805178058
0.00168676385322087
0.001650044923610403
0.001673455356477585
0.001791690998774515
0.001195271293018299
0.001758350029642323
0.001395711766739555
0.001712947713283642
0.001728855943916798
0.001696055732163914
0.001589235544138592
0.001746276261963326
0.001081835690086151
0
0.001432178203045263
0
0.001526319059592019
0
0.001015198922806136
0.0008170667421308886
0.001652272045329778
0.0008013712638318084
0.001720233445110397
-0.0001589468016800256
0.0002205596153968591
0
0
