0
0
0
0
0
0
0
0
0
0.001078951207007258
0.001085205697730936
0.001203594159307344
0
0.0001451458775808454
0.001248309071739418
0.001731879918218687
0.002056847424351501
0.001837016767649996
0
0.001490648678594527
0.001527830380792631
0.001197846020464045
0.0008991999397067446
0.001143145349648325
0.0007190641805425889
0.0009538375761261613
0.001570737052543411
0.001207071788200928
0.001387750201879819
0.001354284213396133
0.001561177120773614
0.0009417948668909216
0.001411999772988585
0.001039211970636184
0.001122040245503886
0.001653109186622422
0.001709693949859153
0
0
0.0009141153043840822
0.001711276065398268
0.001170948422408329
0.0005155964509457881
0.0009295656691928113
0.001672012186276768
0.001707636250234584
0.0016213631164622
0.001633891059693858
0.001522501457370631
0
0.001681261663907535
0.001219216883619872
0.001408976743388724
0.0008912143156649971
0.0009515906999849655
0.0002324830935501111
0.001129466721495784
0.0006833727190833214
0
0
0.0002336769049067991
0.0004909570471034713
0.001748242965622984
0.001541285424526954
0.00204288083330037
0.001693246003345401
0.00166374153558482
0.001692595973122679
0
0.001740966674941004
0.001294774090991209
0.0013512378315791
0
0.001220632704414931
6.590434349930689e-06
0.001359634620723151
0.001170010972385855
0
0.00166940211366213
0.001344423327052598
0.00170149099518866
0
0.00143281987976397
0.001710027833792775
0.001564113190702079
0.0009992087350987201
0.001644128861383049
0.0009440431283409641
0.001345379304353592
0
0
0.0007281090343963976
0.001623878573554361
0.001674076987876063
0.0002754897200604087
0.001127794541316709
-9.738497026053571e-07
0.0004115816004735595
-0.005965122367701146
0
0.001414354446638259
3.107866747819192e-06
0
0.001530257886265812
0
0.001825308771695874
0.001330709930171721
0
0
0.001861047751062142
0.001849505538964768
0.001261890651615907
0.001483346631582933
0.001568893641012385
0.001210294855735479
0
9.224521255523406e-05
0.0005850022094535034
-0.0006646075064140861
0.0009058528941238108
0.0009723108434778051
0.0005986925003335086
0.0008136603338880184
0.0007963136486370848
0.0004432784526115902
-3.324865947771854e-05
4.424092285180598e-05
1.470125173032575e-05
0.0001460002584020114
3.132751719195575e-05
0.0002874970185285783
0.0003575112617798403
0.0001372966584799098
0.0005239265983635367
0.0004718578080545296
-1.572189600228798e-05
9.133621690780751e-05
0.0002629328109790672
-5.646077496162783e-05
0.0002236782948787791
5.217096873748605e-05
9.973160728195973e-05
9.795638126619154e-06
-1.098149263358595e-05
2.530307196099121e-06
0
-0.0002525751499630722
0.001098267510241538
0.0006288958271059859
0.00115189810262501
0.001323681531924196
4.266537275113121e-05
-0.0003097355009540013
-6.418017858514134e-05
-0.0002132655421949653
-4.07862536550184e-07
-7.265417881496873e-05
0
-1.178173974725034e-06
0.0004113343118642208
-1.872312368981439e-05
4.551138934090498e-07
3.845138146741045e-06
-5.624311915573391e-08
4.053884235638083e-06
-1.006964484095754e-06
3.000030581919659e-05
0.0001743502881213606
1.93658980387285e-06
-2.274613322759078e-05
-7.579384614773124e-07
3.089995577616851e-06
8.60586503067117e-05
-1.697238240936547e-06
0.000852223639627539
0
1.87163158035648e-06
4.913397400994733e-05
-3.387073716427553e-05
2.7176923839791e-06
1.486805138580962e-05
-5.454134553837264e-07
0
-2.876446739353135e-05
0.0002128724129643287
-6.894430494460367e-06
0.0001187992995506284
0.0005362972115266695
0.001083757535269302
0
5.937398844286464e-05
0.0003364851776705864
0
0
7.604605768833371e-05
1.602335834470613e-05
-0.0001180103610362946
0.0001274527763252119
0.0003102797950701682
0.000275067265618609
0.001007016383408536
0.0002898709249497067
0
0.0003498028116648721
0.0007606568474991556
7.392403505059117e-05
0.0003428347353798204
0.0004442058672142975
0.0002010764543052031
0.0005643420341895959
-0.0003632695669037036
-0.0004793371143622371
0.000325690805669097
-0.0002998789230616399
0.0007915478980768752
0.0002272989277977264
0.0004897538906341744
0.0008146563536198196
0
0.0003667145542744851
0
0.0002037004867507138
0
0.0006992069370514082
0
0.0007205417591361252
-8.486212207340875e-06
0.001499267382480981
0.0002208634729765088
0.001652773016936301
8.660274552129724e-05
0
0.0008744854816047008
0.00102183294401958
0.0001707083884082094
0.0004699022547130142
0.001486294600990035
0.0008145412060899409
0.0007115913243059754
0.001433457297672254
0.001666302188481305
0.001749642801346432
0.001747595929300043
0.001798254733529976
0.0008768186929547274
0
-0.0001362439515348846
0
-0.0007578328321706589
0.001017568328717966
0.001594679182696926
0.001248250065548142
0.0003515539339045413
0.0008590005042850836
0.00167047129693884
0.001782346759341001
0.00185825607996804
0
0.001594036378647168
0.002059768097821289
0.001592260466430896
0.001488576629121038
0.001273893367947534
0.0015402210906955
0.001793963543616211
0.001392551961711506
0.001421531108960084
0.001808249628531359
0.001823385653624805
0.001041094265738191
0.001708013690875348
0.001800605456216164
0.001789988736622439
0
0.002066419028944967
0.001694363850465517
0
0.0003406613959445453
0.001964151349002728
-0.0006593954645245056
-0.0002568322855821643
0.0004176584579429897
0.00047822992618061
9.034806605225259e-05
0.0002139641092676387
-3.224802242847647e-05
0.001238728246769318
0.001602164346380971
0.001562119423337437
0.0004326590589353013
0.00177809534808058
0.001272249832024707
0.001805283363715383
0.001852147917130115
0.002264476625569829
0.002025398166898983
0.001563265940233369
0.00128280498045535
0.001797943045562766
0.001798400829066211
0.001802478957137725
0.001802635677094541
0.001789378769952526
0.001794966949948229
0.001788642769237408
0.001807864639904848
0
0.00178015614648306
0
0.001807794585260596
0.001733631739570091
0.001761082828659804
0
0.001797376465817178
0.001766390360453265
0.00168678270101395
0.001650195583004629
0.001671619509873417
0.001791572900940663
0.001195076350675573
0.00175825603147158
0.001395461543464705
0.001712916187398737
0.001728743196901318
0.001696019430956183
0.001589139902532477
0.001746319718750228
0.001081919886065663
0
0.001431840090637555
0
0.001526153038806492
0
0.001014660495486327
0.0008167990430691237
0.001652023577143879
0.0008010704897262467
0.001720165559056112
-0.0001589471692006261
0.0002189698886449444
0
0
