0
0
0
0
0
0
0
0
0
0.001078916875818058
0.001087982651017511
0.001204756314205466
0
0.0001441879399664458
0.001243090121038307
0.001731566131944932
0.002056735703243949
0.001836742006030787
0
0.001489298011912635
0.001527830755633095
0.001198223467683309
0.0009025277995565213
0.001144261893347293
0.0007182513352533544
0.0009571428502727604
0.001570889368646214
0.001207821855553396
0.001388168995606642
0.00135476352339918
0.001560592562870662
0.0009417208049103682
0.001412153150007152
0.001039461922306664
0.00112184589068968
0.001652982281446829
0.00170942562110783
0
0
0.0009139924454618798
0.001710972952356374
0.001171189610686903
0.0005147175813281659
0.0009293005402037694
0.001671725289810481
0.001707291249172362
0.001621112148436357
0.001633700489290451
0.001522373053032062
0
0.001680700910616082
0.001219241820669199
0.001408670774528665
0.0008907713953095263
0.0009510414151488398
0.0002315961738785624
0.001128992706632241
0.0006826775625275072
0
0
0.0002326597545470962
0.0004901238573297497
0.001747809986652935
0.001540810860074239
0.002042562004150632
0.001693020289975973
0.001663482448595928
0.001692698876043091
0
0.00174084625371744
0.00129420804925868
0.00135038246956739
0
0.001220596683882584
6.847510287933076e-06
0.001358314470439314
0.00116831022281324
0
0.001669163409519881
0.001345665460487612
0.001700975808021354
0
0.001432368570382104
0.001709758720528991
0.001563933210341119
0.0009989997055430636
0.001645782065334597
0.0009436010391401855
0.001345437161044828
0
0
0.0007280774164825062
0.001623614090472309
0.00167374121946172
0.0002754009166405673
0.001129044013782015
-9.589079245850221e-07
0.0004109156024696384
-0.005965109715352026
0
0.001414567201089391
3.046001793583591e-06
0
0.001529213502748408
0
0.001823956664295042
0.001330277214859285
0
0
0.001860451794334489
0.001847749132091006
0.001259081294939933
0.001482386422803852
0.001566817281155383
0.001208605542694268
0
8.884394267044129e-05
0.0005804495183702174
-0.0006645649448517862
0.000903294481956694
0.0009716094379158885
0.0005963392228994628
0.0008126538657016232
0.0007940786085763038
0.0004395796369647952
-3.279323963577242e-05
4.035210990400442e-05
1.169539646046544e-05
0.0001417458251577747
2.952226567756994e-05
0.0002856538111252737
0.0003550305830786647
0.0001344452407232744
0.0005223670245806754
0.0004706665884427036
-1.395351935588626e-05
9.02724574012741e-05
0.0002620253430774429
-5.653744504174337e-05
0.0002223502377402605
5.169597452516279e-05
9.78917147480238e-05
8.858340410115446e-06
-1.106375689248206e-05
2.561007477865509e-06
0
-0.000252585417680428
0.001095357521671441
0.0006249154830356925
0.001150958630529487
0.001322454993241833
3.957882925140532e-05
-0.0003060954062456231
-6.424838363897418e-05
-0.0002178768377762437
-4.032799425393383e-06
-7.128379453989811e-05
0
-1.19682645364845e-06
0.0004159134125111429
-1.54013916841441e-05
1.588989818537345e-06
2.952745550415904e-06
2.062844342055813e-07
4.039255124431136e-06
-1.007284468254232e-06
2.925209463675246e-05
0.0001771326731228185
2.207524046645818e-06
-2.303087581262287e-05
-1.043682851733721e-06
3.313394104389497e-06
9.350634251265052e-05
-1.581445926736788e-06
0.0008548878243833616
0
1.820563692170312e-06
4.907730282091977e-05
-3.39133605993367e-05
3.542570555621885e-06
1.485595516405041e-05
-5.331454859094838e-07
0
-2.839471833526218e-05
0.0002266964509244543
-7.468001408394384e-06
0.0001189124927256084
0.000535286519829964
0.001084999664032667
0
6.132322623031913e-05
0.0003516889858605126
0
0
8.225204847405495e-05
1.590147905243852e-05
-0.0001165848434895266
0.000128808945761354
0.0003173861697376029
0.0002861242964853611
0.001008731644986865
0.0002998595482522583
0
0.0003522019936187865
0.000768824081114664
7.392374215050406e-05
0.0003510867992518336
0.0004467869373293688
0.0002097701160105031
0.0005780490872777136
-0.0003611063217979801
-0.0004563780048039799
0.0003270159058256173
-0.0003013856813469604
0.0007933876894539013
0.0002363635688504565
0.0004915005694905125
0.0008156405414827136
0
0.0003689070002423629
0
0.0002093107691547651
0
0.0007053922201618997
0
0.0007214260442206098
-7.53717048343673e-06
0.001499795439123677
0.0002218175831441056
0.001653367885632679
8.659955102736041e-05
0
0.0008749548637795471
0.00102310891662089
0.0001759862160467891
0.0004742504985747488
0.001487467128673585
0.0008167845001091192
0.0007132518516061037
0.001434790510610929
0.001667099831907341
0.001749921627093882
0.001748120355770015
0.001798603479776534
0.0008797368392853987
0
-0.0001361706037227099
0
-0.0007296016739698298
0.001019000066510153
0.00159534569776139
0.001248205383423173
0.0003527674339177231
0.0008602790276479349
0.001671017975950067
0.001782645359103739
0.001858653826502685
0
0.001594674319148402
0.00206022705860393
0.001592947327470993
0.001489370941062839
0.001275223606478499
0.001541057287569519
0.001794313251017961
0.001393249815404636
0.001422370724123973
0.001807979404181964
0.001823684160716491
0.001043511776059322
0.001708323185319089
0.001800837520977835
0.001790321717950606
0
0.00206681691505315
0.001694706202649634
0
0.0003429326044860164
0.001963242930303358
-0.0006529838897152397
-0.0002537311081065065
0.0004099942717380094
0.000479122826003489
8.515815570538522e-05
0.0002174118370545524
-3.156250618763392e-05
0.001240539476577721
0.001602754391260797
0.001562192214320424
0.0004422683202625371
0.001778605788847398
0.001272779829937975
0.001805569006333634
0.001852565139506661
0.002265121336002812
0.002026631971689907
0.001564034307875255
0.001283978972258525
0.001798241891395185
0.001798761630979729
0.001802813859087908
0.001802923463421437
0.001789742135253086
0.001795280695291776
0.001788947064346095
0.001808180365678286
0
0.00178044857866149
0
0.001808156024140786
0.001734069825485577
0.001761315228919471
0
0.001797741931456632
0.001766657536489084
0.001686803628958245
0.001649971111307165
0.001675085153653804
0.001791859349008976
0.001195480031596062
0.001758493621459238
0.001395981306220991
0.001713033484184791
0.00172901284881174
0.001696144951118967
0.001589373355943181
0.001746299401597805
0.001081808937220443
0
0.001432519069814522
0
0.001526516614334513
0
0.00101570158450039
0.0008173298911835205
0.001652545549057557
0.0008016646248773471
0.001720351376073468
-0.0001589464847185799
0.0002219445793262975
0
0
