0
0
0
0
0
0
0
0
0
0.001078995673060509
0.001086073670997401
0.001203968209913009
0
0.0001448784518004407
0.001246775419270538
0.001731814944908486
0.002056846004731933
0.001836967336128169
0
0.00149028649487634
0.00152786012870277
0.001198002377560831
0.000900228461420633
0.001143525251499324
0.0007188601326973959
0.0009548538373322812
0.001570811157550906
0.001207341213353473
0.001387913549931303
0.001354464080283649
0.001561024425098812
0.0009418243189280001
0.001412083413991844
0.00103933830586558
0.001122017931436448
0.001653099479828705
0.001709642587822643
0
0
0.0009141249780966633
0.001711214080993622
0.001171065663385573
0.0005153635817010564
0.0009295268947452042
0.001671954608244839
0.001707561945180732
0.001621315958195179
0.00163386333143857
0.001522497722419836
0
0.001681122498283301
0.001219263946511509
0.001408916307889878
0.0008911129507817133
0.0009514464871585706
0.0002322408818114721
0.001129351831775431
0.0006831846042232906
0
0
0.0002333255180324385
0.0004907336665500332
0.001748143083909858
0.001541170612571957
0.002042817962932327
0.00169320668271068
0.001663693327943011
0.001692652669650176
0
0.001740959206906192
0.001294644541997175
0.001351040143573474
0
0.001220672709982519
6.638046439833659e-06
0.001359254369592169
0.001169548095915553
0
0.001669359399226011
0.001344820372540926
0.001701365738249641
0
0.001432706456513733
0.001709976044680902
0.001564089702858121
0.000999173663422508
0.001644654546416922
0.0009439320290260052
0.001345396864437018
0
0
0.0007280999239401719
0.001623825295301065
0.001674005400712504
0.0002754720354612767
0.001128214452766769
-9.673901554986629e-07
0.0004113876777890378
-0.00596511886117379
0
0.001414435414730044
3.102027376834668e-06
0
0.001529991729601107
0
0.001824953053784406
0.001330628003905088
0
0
0.001860914876867986
0.001849040394044789
0.001261140218550107
0.001483118817031496
0.001568339851700856
0.001209876062647909
0
9.125214843945737e-05
0.0005837595897725664
-0.0006645856407208999
0.0009051728325444945
0.0009721574385088089
0.0005980771115743993
0.000813411375632624
0.0007957246055663903
0.0004422736176254506
-3.307663680647387e-05
4.315510642960102e-05
1.381666914752079e-05
0.0001448564844941279
3.084618682575267e-05
0.0002870294035985853
0.0003568651022290759
0.0001365941804080384
0.0005235221791471131
0.0004715466327890768
-1.524184972676208e-05
9.106717846940877e-05
0.0002626973284264783
-5.648310954640305e-05
0.000223341880128313
5.207756872108967e-05
9.928943166392037e-05
9.567352678250372e-06
-1.100051195548692e-05
2.526944500557108e-06
0
-0.0002525786263468472
0.001097486606688065
0.0006278057108212676
0.001151682214491502
0.001323386014341972
4.182554359851929e-05
-0.0003085831363706268
-6.420351265089856e-05
-0.0002148079862452346
-1.32780347795974e-06
-7.222555215765871e-05
0
-1.184143824966261e-06
0.0004126581491229374
-1.773148450245851e-05
7.779688268231198e-07
3.617494687715368e-06
2.130657612027771e-08
4.007308811608295e-06
-1.007072105541644e-06
2.978489987927415e-05
0.0001751870235653629
1.953542204817353e-06
-2.283444351803607e-05
-7.701921969068664e-07
3.107101024841981e-06
8.808166459440262e-05
-1.675506643386395e-06
0.0008529952600742033
0
1.851794145067361e-06
4.909696274626886e-05
-3.388432022054091e-05
2.871839730451112e-06
1.4793703907332e-05
-5.43152919168282e-07
0
-2.85277490291447e-05
0.0002166605034981203
-7.042518457885256e-06
0.0001188335585086362
0.0005359826776619797
0.001084140017428095
0
5.988789021956097e-05
0.0003406848325117005
0
0
7.769287847571433e-05
1.598585434023849e-05
-0.0001175625685073325
0.0001278451620980453
0.0003122734929495013
0.0002781290181463834
0.001007505395119004
0.0002926337239165313
0
0.0003504908840024432
0.0007629161051922947
7.392395597657803e-05
0.0003451380820187427
0.0004449565257892671
0.000203484330544866
0.0005681735088050453
-0.0003626508466537224
-0.0004726316187473206
0.0003261188289707392
-0.0003004449584911507
0.0007920736179412703
0.0002297999301758866
0.0004902508656386681
0.0008149353382680395
0
0.0003673251297991439
0
0.0002052668144034817
0
0.0007009219021280639
0
0.0007208089517491947
-8.214362646936153e-06
0.001499407803016584
0.000221115980152488
0.00165292792748505
8.659617098549618e-05
0
0.0008746105596863494
0.001022193789450967
0.0001721976926096755
0.0004711543966300539
0.001486627134292234
0.0008152090944052408
0.0007121008467132378
0.001433845383991064
0.001666520549690934
0.001749697956504869
0.00174772702361943
0.001798331552397744
0.0008776706484367748
0
-0.0001362219382687007
0
-0.000750373235247764
0.001017973731287721
0.001594858324952077
0.001248260997939984
0.0003518942424998322
0.000859360492131007
0.00167061069823511
0.001782411568132076
0.001858345559635717
0
0.001594219695700921
0.002059868865578578
0.001592453795496723
0.001488793512691724
0.001274267920318658
0.001540449034684024
0.001794041464389815
0.00139274689595812
0.001421766853467882
0.001808144566334227
0.001823448378313909
0.001041794533398339
0.001708085575163292
0.001800648463579971
0.001790063259664194
0
0.002066510768980213
0.001694445515740326
0
0.0003413467830468724
0.001963920957070259
-0.0006574558447957961
-0.0002558641171007993
0.0004157385286950057
0.0004785329134362954
8.906779929981699e-05
0.0002149702478695723
-3.21192198342442e-05
0.001239158501393331
0.001602337794330018
0.001562177851747385
0.0004353550842657961
0.001778224957424048
0.001272397107576819
0.001805342357280688
0.001852248484102047
0.002264642070507931
0.002025754328087899
0.001563473372762711
0.001283133912798858
0.001798007615298369
0.001798482884958475
0.001802552704911242
0.001802696930115683
0.001789463080560759
0.001795034040613565
0.00178870876497764
0.00180793375188368
0
0.001780219988692991
0
0.001807877639590164
0.001733739466257168
0.001761128970937572
0
0.001797460297236663
0.001766446317774292
0.001686768436554666
0.001650106173225451
0.001672647704415662
0.001791634239767072
0.001195179273704882
0.001758304327251301
0.001395595091457441
0.001712929871338353
0.001728801683363578
0.001696035725497939
0.0015891895289143
0.00174629184200805
0.001081870550348511
0
0.001432026029549508
0
0.001526238955484913
0
0.001014957124560631
0.000816944319855736
0.001652157974775467
0.0008012330761168133
0.001720199060980115
-0.0001589469651930631
0.0002198565087461915
0
0
