0
0
0
0
0
0
0
0
0
0.001079041997975923
0.001087292514797482
0.001204485944526247
0
0.0001444880852518685
0.00124454969106739
0.001731699826478167
0.002056820053768926
0.001836871411792026
0
0.001489751761026681
0.001527880994538155
0.001198200274712771
0.0009016767302480881
0.001144035145720797
0.0007185892075241543
0.0009562890140814824
0.001570897393494619
0.001207694884704965
0.001388119271828715
0.001354695656323283
0.001560791321953882
0.0009418564700120167
0.00141217608892048
0.001039497517697097
0.001121975323031193
0.001653065367325988
0.001709546851338371
0
0
0.0009141320370666046
0.001711103598513777
0.001171209946350802
0.000515053154975875
0.0009294679741208813
0.001671851689025439
0.001707433393866927
0.001621228478593665
0.001633802627492769
0.001522466988641521
0
0.001680902587418518
0.001219311588390311
0.00140881297452236
0.0008909671360455857
0.0009512360628217347
0.000231908950043646
0.001129179183982321
0.000682927581819885
0
0
0.0002328871925586136
0.0004904331090814774
0.001747980061253406
0.001540990168775634
0.002042707050460912
0.00169312967635261
0.001663600627070878
0.001692718953241379
0
0.001740927676102364
0.001294438331282423
0.001350734536556161
0
0.001220709073452239
6.734047854421057e-06
0.001358703092993794
0.001168811931283476
0
0.001669275277327207
0.001345368539844005
0.001701163492550892
0
0.001432526478715367
0.001709880017266529
0.00156402989522398
0.0009990962043348718
0.001645382790172855
0.0009437507453326985
0.001345421726332589
0
0
0.0007280861622595338
0.001623728229679679
0.001673880362920105
0.0002754407560927167
0.001128782661003935
-9.583280461461834e-07
0.0004111089012213118
-0.005965113407356296
0
0.001414536682873095
3.074901806175614e-06
0
0.001529592998450143
0
0.001824417914638967
0.001330490652767629
0
0
0.001860705091836536
0.001848335813798966
0.001259971057955717
0.001482757841330526
0.00156748970362077
0.001209198148806433
0
8.979395210433328e-05
0.0005817959259399183
-0.0006645703751876152
0.0009041371470737832
0.0009719410939411885
0.0005971358795364708
0.000813066325361634
0.0007948380355563296
0.0004407150799269398
-3.288484137844712e-05
4.145977507982229e-05
1.253207015124712e-05
0.0001430576163453486
3.011563505827872e-05
0.0002862910006467337
0.0003558584604958744
0.0001354960984187123
0.0005229250947864399
0.0004711036640797776
-1.447654401896119e-05
9.067121049051594e-05
0.000262360762097266
-5.651710136746312e-05
0.0002228232735144366
5.190572195954466e-05
9.860232346431343e-05
9.190414586578481e-06
-1.103484900873348e-05
2.532432647104726e-06
0
-0.0002525849842476508
0.001096283936443694
0.0006261234406210563
0.001151354924834617
0.001322919066199949
4.053347390391859e-05
-0.0003070110167677948
-6.423050102281509e-05
-0.0002167660213251562
-2.866284601329274e-06
-7.163712148551924e-05
0
-1.192472990319063e-06
0.0004146030324158867
-1.629639629833291e-05
1.271358186999949e-06
3.228333022675464e-06
1.327365506894195e-07
3.977874340971591e-06
-1.007228747834158e-06
2.958018753757574e-05
0.0001763796736180661
2.029140940501924e-06
-2.295739832320055e-05
-8.388448199914254e-07
3.17028019458878e-06
9.13262380097949e-05
-1.639002915168817e-06
0.0008540780653934049
0
1.824090539576695e-06
4.907704128066737e-05
-3.390268186592009e-05
3.241439116900931e-06
1.47479106382875e-05
-5.37408376259816e-07
0
-2.826720552074085e-05
0.0002226915479357732
-7.31549110245446e-06
0.0001188821654858728
0.0005355808915732575
0.001084654504596569
0
6.072473335899449e-05
0.0003473082927748325
0
0
8.037401532302009e-05
1.593244298491473e-05
-0.0001169533257660861
0.0001284294819508427
0.000315334272224747
0.0002829297567744524
0.001008172524088965
0.0002969557430912833
0
0.000351428944677618
0.0007664027673251207
7.392382503470455e-05
0.000348723396710916
0.0004459900215051993
0.0002072075286746947
0.0005741206494085315
-0.0003618424893165049
-0.0004627438138285047
0.0003266861727291707
-0.0003009427149204781
0.0007927862898637775
0.0002336827005023988
0.0004909130820371138
0.0008152839495861111
0
0.0003681894605625012
0
0.0002076394878516054
0
0.0007035107677215091
0
0.0007211889272839117
-7.865952124378432e-06
0.001499574256936873
0.0002214704261910821
0.001653123741737966
8.659804896820898e-05
0
0.0008747632985042981
0.001022664059256669
0.0001744990668095193
0.0004729855375986492
0.00148708137854514
0.00081614118012186
0.0007127939547201019
0.001434376440585574
0.001666815520687151
0.001749767776687263
0.001747900032335831
0.001798429779095328
0.0008788821940018529
0
-0.0001361905315295378
0
-0.000737707764849984
0.001018511073019151
0.001595082579969986
0.001248159501392147
0.0003523351532145985
0.0008598313307283984
0.001670789375259415
0.0017824893974709
0.001858463937458915
0
0.001594451931415365
0.002060001842780857
0.001592686769954376
0.001489069476540213
0.001274777517024386
0.001540755147898925
0.00179414224210412
0.001392980994387481
0.001422059399571518
0.001807981756123201
0.001823527206001366
0.001042777580566304
0.001708166187172978
0.001800702428748931
0.001790156584877136
0
0.002066630616824184
0.00169453922827173
0
0.0003423317276585414
0.001963572750693885
-0.0006546964125051503
-0.000254530173161664
0.0004122843825758789
0.0004789138640631515
8.677827067242074e-05
0.000216472272323414
-3.184546880160318e-05
0.001239793429783207
0.00160257238044297
0.001562197362717029
0.0004394969752809406
0.001778385977955449
0.001272564065127715
0.001805412082723651
0.001852374037504301
0.002264847006315992
0.002026212443549244
0.00156374070555566
0.001283568308305106
0.00179808985172214
0.00179858692954129
0.001802647618147681
0.001802774019045533
0.001789565998292249
0.001795118112808058
0.001788792133720001
0.001808022329974203
0
0.001780301440018882
0
0.001807986097637146
0.00173388446003235
0.001761185748264236
0
0.001797566275878953
0.001766515080652859
0.001686738720726162
0.001649972175884728
0.001674102855599171
0.001791711638801853
0.001195314204996427
0.001758363736636112
0.001395779857709484
0.00171294002099619
0.001728876506057202
0.001696049783606526
0.001589252539213214
0.001746242515605958
0.001081793630874615
0
0.001432286885462385
0
0.001526352816706101
0
0.00101538397421234
0.0008171287900117034
0.001652331308503682
0.0008014611271606805
0.001720237711278904
-0.0001589466684360354
0.0002211354857333718
0
0
