0
0
0
0
0
0
0
0
0
0.001079010326664009
0.001086285126070366
0.001204056214768824
0
0.000144801176489883
0.00124638039620922
0.001731793279204734
0.002056840340445862
0.001836949140916022
0
0.001490198548665774
0.001527861630807588
0.00119803729962534
0.0009004795174170924
0.001143612410428929
0.0007188287836498588
0.0009551038387124862
0.001570824468119818
0.001207401653903706
0.001387947755977333
0.001354502653315096
0.001560980196330431
0.0009418380702758786
0.00141209864662268
0.001039369872418667
0.001122014265864837
0.00165309177237864
0.001709624454671649
0
0
0.0009141338493120942
0.001711193177953868
0.001171092524202931
0.0005153259170235176
0.0009295241619294051
0.001671934908120181
0.001707538002822613
0.001621298650370909
0.00163385137182371
0.001522491148502185
0
0.001681082052551419
0.001219274116669622
0.001408898191655985
0.0008910937293450311
0.0009514100177015619
0.000232204213122705
0.001129323004990833
0.00068314351302761
0
0
0.0002332291333290269
0.0004906953146218286
0.001748113400477819
0.00154113840384346
0.002042796870069509
0.001693191519103276
0.001663676535082401
0.001692660189817191
0
0.001740952247684829
0.001294610149111703
0.00135099685069636
0
0.001220683148649764
6.650989736535698e-06
0.001359154783160491
0.001169403292855773
0
0.001669343959336007
0.001344918898513792
0.001701328825277516
0
0.001432674401940113
0.001709958014649624
0.001564079094185409
0.0009991608958948349
0.001644782692820133
0.0009439029832162962
0.001345401281385479
0
0
0.000728097506035411
0.001623808490982469
0.001673982879477542
0.0002754643914006716
0.001128312505141948
-9.65550397454738e-07
0.0004113367860587886
-0.005965117934183345
0
0.0014144536624689
3.099680517696518e-06
0
0.001529928087712512
0
0.001824865634124168
0.001330608186285172
0
0
0.001860883125876235
0.001848926002659891
0.001260957526586725
0.001483065469088725
0.001568203358641505
0.001209769519700456
0
9.101421095230171e-05
0.0005834468113040472
-0.0006645819432340242
0.0009050203325099027
0.0009721353236041249
0.0005979478172182904
0.0008133699961746263
0.0007955988550648863
0.0004420438122281127
-3.303816235783939e-05
4.289922258855606e-05
1.360760988212006e-05
0.0001446023478785674
3.074768180700979e-05
0.0002869381844907585
0.0003567329122598722
0.0001364739850880719
0.0005234450133013725
0.0004714927218665394
-1.511359228209305e-05
9.104839651967716e-05
0.0002626602930151501
-5.648928567231781e-05
0.0002232844192346585
5.207627384360598e-05
9.922347343993811e-05
9.508453320304417e-06
-1.100599830281399e-05
2.526374729856068e-06
0
-0.0002525796706775974
0.001097302119849207
0.0006275493776248491
0.001151640733155113
0.001323319782133397
4.169954447764188e-05
-0.0003083031888202128
-6.420832054925178e-05
-0.0002151989513848047
-1.631405975370113e-06
-7.211949309479874e-05
0
-1.18561519716338e-06
0.000412998295936456
-1.747855527979546e-05
8.627906012732433e-07
3.577059141488268e-06
4.091281470540812e-08
3.991314086166416e-06
-1.007098623352368e-06
2.984361004745903e-05
0.0001754068940925023
1.961628485731061e-06
-2.285633775159229e-05
-7.787842016000274e-07
3.11388645285648e-06
8.861522338498086e-05
-1.669490301034503e-06
0.00085318843855636
0
1.846387389018957e-06
4.907559389518488e-05
-3.388767506390162e-05
2.920670036609929e-06
1.478081430992308e-05
-5.42567197110818e-07
0
-2.847645363679816e-05
0.0002176517805024951
-7.085836395664009e-06
0.000118842167568791
0.000535899467080042
0.00108423308925821
0
6.002388124170177e-05
0.0003417636631401875
0
0
7.813443898166099e-05
1.596390568961348e-05
-0.0001174522830434055
0.000127946319785102
0.0003127823190737349
0.0002789166019541582
0.001007626299571734
0.0002933444871199353
0
0.0003506627692547524
0.0007634972084485764
7.392393218673781e-05
0.0003457177262239818
0.0004451433883101791
0.0002041016344387133
0.0005691517938493712
-0.0003625002557052588
-0.0004709122311192853
0.0003262228785548369
-0.0003005981577521665
0.0007922042489115151
0.0002304414204970287
0.0004903751047636723
0.0008150038705495582
0
0.0003674806396458754
0
0.0002056678781476675
0
0.000701366115943064
0
0.0007208763277684632
-8.142692612906294e-06
0.001499438818610203
0.0002211821254780868
0.001652962729140936
8.659635860545585e-05
0
0.0008746401761719864
0.001022282533346903
0.0001725804394094299
0.0004714729825281289
0.001486706372038419
0.0008153780365464562
0.0007122299984213178
0.001433938608415943
0.001666570024025675
0.001749708016718858
0.001747755346728975
0.001798347477017098
0.0008778857484503552
0
-0.0001362164092061875
0
-0.0007484739540848798
0.001018073576951683
0.001594900080243233
0.001248260261175231
0.0003519816023895282
0.0008594497415225283
0.00167064182647242
0.001782423361201607
0.001858364672073701
0
0.001594265735119978
0.002059890513003126
0.001592499912991247
0.001488844387389047
0.001274359423859173
0.001540502652165096
0.00179405751445285
0.001392792293588495
0.001421823744782561
0.001808113532806192
0.001823461293253856
0.001041969268021349
0.001708098149236366
0.001800656638828726
0.001790079411262313
0
0.002066529490894817
0.001694454927381082
0
0.0003415152424833918
0.001963864394275744
-0.0006569663136462922
-0.0002556240630999828
0.0004152538599435022
0.0004786049015904317
8.876873241255258e-05
0.0002152382165258991
-3.207620553899535e-05
0.001239281789780455
0.001602375445666482
0.001562191581565554
0.0004360378623459113
0.001778253636381468
0.001272430279719578
0.001805352891010746
0.001852270264955003
0.002264680222146714
0.002025846272339285
0.001563521354439876
0.001283213579537167
0.001798020043068086
0.001798499688084464
0.001802567605436569
0.001802707743683137
0.001789479370971062
0.001795047369963749
0.001788721561821787
0.001807947270740736
0
0.001780232297093486
0
0.001807894907639417
0.001733764116318125
0.001761136964581471
0
0.001797477335120694
0.001766456430015578
0.001686762098175001
0.001650084320982047
0.001672900609474878
0.001791645854219135
0.001195202172539745
0.001758313027226071
0.001395627320342272
0.001712930260960308
0.001728813247878092
0.001696036910555605
0.001589199499744333
0.00174628142057983
0.001081857964025556
0
0.001432071173437352
0
0.001526257765576176
0
0.001015031630895549
0.000816974710903774
0.001652187377036543
0.0008012742441919226
0.001720204440707199
-0.0001589469128548551
0.0002200815728525096
0
0
