0
0
0
0
0
0
0
0
0
0.001079019333070468
0.001087513704772129
0.001204573225576859
0
0.0001444043654737269
0.001244101592337361
0.00173166052909699
0.002056795910801346
0.001836833354690163
0
0.001489624846071632
0.001527868422926592
0.001198215248973872
0.0009019455698425497
0.001144111235735429
0.0007185026812532341
0.0009565552376719276
0.001570897644975335
0.001207740926895665
0.001388139862616163
0.001354721475412346
0.001560729910424106
0.0009418305011276601
0.001412175435741615
0.001039499145935534
0.001121945361607882
0.00165304168485949
0.001709511501702605
0
0
0.0009141029489918914
0.001711065549303334
0.001171213488054316
0.0005149608020606585
0.0009294286874296519
0.001671814730485938
0.001707391501217174
0.001621194439366524
0.001633774275825718
0.001522443652436991
0
0.001680843021554068
0.001219299209977863
0.001408775618627466
0.0008909172067131052
0.0009511829102414028
0.0002318034757343149
0.001129129855115508
0.0006828692275733376
0
0
0.0002328261761417257
0.000490349011455638
0.001747931066987054
0.001540938948457859
0.002042666533092132
0.001693097989452414
0.001663565798331362
0.001692716321239474
0
0.001740905020658166
0.001294376039336648
0.001350646383532236
0
0.001220687544983249
6.766450875949149e-06
0.001358582423035591
0.001168652259888566
0
0.001669241473698416
0.001345461560924172
0.001701106475206763
0
0.001432478625368344
0.001709844462128087
0.00156400044107638
0.0009990680555176208
0.001645506684968465
0.0009437059536635341
0.001345426528200398
0
0
0.0007280834622743592
0.001623693988823458
0.001673839260683131
0.0002754290893994542
0.001128869464178121
-9.572367397371515e-07
0.0004110469439002779
-0.005965112286706832
0
0.001414546133839234
3.066489745131394e-06
0
0.001529490762754454
0
0.001824290250754587
0.001330437594213723
0
0
0.001860640487257875
0.001848172734569931
0.001259717942568847
0.001482662836047041
0.001567299529084162
0.001209026803818238
0
8.948741957807539e-05
0.000581381526444217
-0.0006645684694002889
0.0009039097209955156
0.0009718641497652376
0.00059692453720924
0.0008129641345465278
0.0007946377624095914
0.0004403913364968753
-3.28543103184885e-05
4.10972595055138e-05
1.225419547470227e-05
0.0001426600230059034
2.994913671278449e-05
0.0002861153452677186
0.0003556299109031183
0.0001352263910930144
0.0005227766436859458
0.0004709847001031881
-1.431749631251237e-05
9.055623736223428e-05
0.000262262592700431
-5.652349246865085e-05
0.0002226901983311971
5.184557092255646e-05
9.842524055634662e-05
9.09679115355464e-06
-1.104341144040718e-05
2.537716340889912e-06
0
-0.0002525853019328798
0.001096026094632156
0.0006257803893035189
0.001151259550916336
0.001322800896565862
4.025792209730427e-05
-0.0003067200376756856
-6.42359033940634e-05
-0.0002170573857249159
-3.261691019411131e-06
-7.15263442379769e-05
0
-1.194121753614951e-06
0.0004149956208247184
-1.601739462697613e-05
1.37011134631664e-06
3.167318956716582e-06
1.549713774790536e-07
3.986511926209759e-06
-1.007260678053621e-06
2.950553284426157e-05
0.000176615418446272
2.062141741032017e-06
-2.298039775496839e-05
-8.787949039141294e-07
3.200141559231051e-06
9.196675108196466e-05
-1.62741728679587e-06
0.0008542921465210269
0
1.820164718535246e-06
4.908437432645811e-05
-3.39060782489868e-05
3.329780486785211e-06
1.475802980559559e-05
-5.359229290806562e-07
0
-2.825471208598764e-05
0.0002238769236454582
-7.369346057123032e-06
0.0001188915848798434
0.0005355853802467739
0.00108480407555688
0
6.089173338595306e-05
0.0003486132991746955
0
0
8.09174529327341e-05
1.593450135010184e-05
-0.0001168390012893944
0.0001285465049703428
0.0003159421493570877
0.0002838753194170836
0.001008291978540855
0.0002978110645694304
0
0.0003516166650708981
0.0007670852043793822
7.39238012653259e-05
0.000349449735963859
0.0004461961449676544
0.0002079427514482613
0.0005752841732817155
-0.000361663458231231
-0.0004607620982954998
0.0003267906419192149
-0.0003010353930804139
0.0007929168478554878
0.0002344530647162654
0.0004910391845235202
0.0008153381029575361
0
0.0003683564354890263
0
0.0002081071534789192
0
0.0007040179451543943
0
0.0007212624609587272
-7.795831409518223e-06
0.001499582855695996
0.0002215417204964055
0.001653135074840769
8.659858796849809e-05
0
0.0008747805842252327
0.001022738347394458
0.0001749506699664064
0.000473353149483469
0.001487172546965507
0.0008163463815341354
0.0007129681527022903
0.001434500198012916
0.001666877886310403
0.00174975529649112
0.001747918429924445
0.001798417235737066
0.0008791306171728306
0
-0.0001361843620358549
0
-0.0007351159102030648
0.001018599870771074
0.001595099662965326
0.001248124073077312
0.0003524176149977361
0.0008599086367431474
0.001670799392553986
0.001782482162759131
0.001858452561742481
0
0.001594454128399496
0.002059984578901413
0.001592706569130609
0.001489098277796553
0.00127486338975933
0.001540800267928526
0.001794132599725089
0.001393003896912458
0.0014220924194603
0.001807923477804342
0.001823514009655438
0.001042973931938069
0.001708155114351492
0.001800685882079506
0.001790146293695528
0
0.00206662523860566
0.001694536185125104
0
0.0003425185075332395
0.001963483716838646
-0.0006541643039685985
-0.0002542781188552274
0.0004115722103381204
0.0004789811982381484
8.629237807822387e-05
0.000216767194825629
-3.17795107703184e-05
0.001239924358269953
0.001602646550054214
0.001562195946770947
0.0004403312213404099
0.001778390348218568
0.001272576109735014
0.001805397879925941
0.001852370974094698
0.002264852429183614
0.002026266254042274
0.001563769735618866
0.001283633500423705
0.001798079877874371
0.001798578485780896
0.001802637592385825
0.001802763518479116
0.001789557298354055
0.001795104952539273
0.001788782204653651
0.001808012823980433
0
0.00178029263934379
0
0.001807980730611496
0.001733888749497542
0.001761173436266092
0
0.001797558369903613
0.001766506739564134
0.001686711168206164
0.001649920838524606
0.001674358538917765
0.001791701280561077
0.001195329178200195
0.001758351643055368
0.001395798192087177
0.001712919569227417
0.001728867012012314
0.001696030720493937
0.001589245097781114
0.001746209609679989
0.001081766710335222
0
0.001432321917457723
0
0.001526357124652381
0
0.001015457423420563
0.0008171507010506995
0.001652336986856159
0.0008014955811767325
0.001720223381234917
-0.0001589466120415866
0.000221385712363318
0
0
