0
0
0
0
0
0
0
0
0
0.001078983647852468
0.001085798895548621
0.001203849726831053
0
0.0001449608650992213
0.001247259782146795
0.0017318356524946
0.002056846689484226
0.00183698312700027
0
0.001490402906314149
0.001527850612798096
0.001197952580645998
0.0008999025596002682
0.001143404088665663
0.000718927448830484
0.0009545316143436392
0.00157078736305563
0.00120725562113741
0.001387861692846323
0.001354406694641248
0.001561068853621675
0.0009418172422815476
0.001412057208125118
0.001039299458587528
0.001122026432968424
0.001653102220517033
0.001709659020083134
0
0
0.0009141239707074909
0.001711233881976585
0.001171029377858122
0.0005154391534176731
0.0009295411042019233
0.001671972554642635
0.001707585483610642
0.001621330456328072
0.001633872027240911
0.001522499065166922
0
0.001681166121379446
0.001219250033882899
0.001408935821765761
0.0008911470700629924
0.0009514924518549173
0.000232325580756257
0.001129389020047916
0.0006832473463155845
0
0
0.0002334354163430683
0.0004908085350056024
0.001748174613665787
0.00154120698476721
0.002042837624128291
0.001693218801658078
0.001663709001621446
0.001692633303238729
0
0.001740961331283036
0.001294685825848244
0.001351105746347401
0
0.00122066153050162
6.623661309339483e-06
0.001359372508088441
0.001169690645090002
0
0.001669373161570206
0.001344694303622372
0.001701405249381607
0
0.001432742498899844
0.001709992448151976
0.001564097859831638
0.0009991873393385231
0.001644487906181776
0.0009439681598963088
0.0013453913389764
0
0
0.0007281029340407202
0.001623842408859942
0.001674028010238584
0.0002754736061436768
0.001128080476137316
-9.695093583114265e-07
0.0004114427843056203
-0.0059651199951423
0
0.001414410918326757
3.104965554786578e-06
0
0.00153007812637139
0
0.001825067835117241
0.001330655311908441
0
0
0.001860958668939863
0.001849190130345173
0.001261378428728398
0.001483193696590232
0.001568516674627464
0.001210006815785379
0
9.156519555631913e-05
0.0005841480269717949
-0.0006645912554381735
0.0009053908139214262
0.0009722098952966027
0.0005982742164599258
0.0008134936132470268
0.0007959143035659452
0.0004425914529324643
-3.312751167624555e-05
4.349696088742364e-05
1.409440514006472e-05
0.0001452128258997205
3.09913205532727e-05
0.0002871792839044453
0.0003570718161576587
0.0001368200793926838
0.0005236517274192433
0.0004716464294396007
-1.539747589790047e-05
9.116056232425715e-05
0.0002627707647061039
-5.647517912174125e-05
0.0002234495689938599
5.210355081880045e-05
9.9436042003324e-05
9.643840285156855e-06
-1.099403620055725e-05
2.527410829566297e-06
0
-0.0002525773933370908
0.001097735199914191
0.0006281515236052296
0.001151754449579977
0.001323482650671664
4.209808458387514e-05
-0.000308938507992625
-6.419699719616709e-05
-0.0002143295774330232
-1.038099274245988e-06
-7.235905787335908e-05
0
-1.182275045006578e-06
0.0004122690083338118
-1.804555635437014e-05
6.741365863469696e-07
3.70198262775187e-06
-3.1769635619049e-09
4.020015887083345e-06
-1.007038507425929e-06
2.987022119247368e-05
0.0001749405452257306
1.947465744285694e-06
-2.280697362893132e-05
-7.624242272531003e-07
3.099860237428493e-06
8.746619329708802e-05
-1.682906855583894e-06
0.0008527734751122471
0
1.858324911814417e-06
4.911702899687882e-05
-3.388007905130112e-05
2.813341548680642e-06
1.481363127220295e-05
-5.441264820511171e-07
0
-2.859845802581568e-05
0.0002155112240086744
-6.991125783718426e-06
0.0001188227859682486
0.0005360879955400607
0.001084030816869784
0
5.973153306477933e-05
0.000339422354658074
0
0
7.718823367755411e-05
1.600586941149382e-05
-0.0001177019555329018
0.0001277198165031525
0.0003116877386017411
0.000277203825320409
0.001007368496924433
0.0002918110306837832
0
0.0003502991617266816
0.0007622465737096536
7.392398971744329e-05
0.0003444316929312292
0.0004447433065608829
0.0002027666494625528
0.0005670206808567866
-0.0003628423297442276
-0.0004747485849217286
0.0003259874178088619
-0.0003002405372933494
0.0007919264434018031
0.0002290574952608234
0.0004901149521516516
0.0008148566962089877
0
0.0003671532740504703
0
0.0002048015831721822
0
0.0007004193845197411
0
0.0007207248608781013
-8.292494986314423e-06
0.001499371284693012
0.0002210500724298341
0.001652889901272387
8.65959084198861e-05
0
0.0008745780981418968
0.001022093628789742
0.0001717575392971599
0.0004707882519504866
0.001486536878580634
0.0008150159029794406
0.0007119551745535136
0.001433738154228698
0.00166646465893024
0.001749691507358186
0.001747698123590627
0.001798317727644006
0.0008774229086658232
0
-0.0001362288753757301
0
-0.0007527133950492099
0.001017861484491722
0.001594811599179781
0.001248253500733619
0.0003518005676147733
0.000859260030222534
0.001670578259250193
0.001782400101168614
0.001858328026720029
0
0.001594164135942286
0.002059850023997013
0.00159239831472124
0.001488735872898368
0.001274165156829592
0.00154039031346193
0.001794027134553475
0.00139269241791424
0.001421701389689713
0.001808187864121163
0.001823438946574484
0.001041593706926575
0.001708069693483045
0.001800645737584784
0.001790049660221699
0
0.002066492672751649
0.001694428978143567
0
0.0003411241255585652
0.001963995767002639
-0.0006580671260076431
-0.0002561661145689913
0.0004163513449625291
0.0004784412274348675
8.947587903644856e-05
0.0002146358076241811
-3.215951769168049e-05
0.001239056861192029
0.001602294031220104
0.001562160082669036
0.0004345299156667274
0.001778193228482553
0.001272356873831199
0.001805334576426241
0.001852226515194694
0.002264600217738992
0.00202564360129982
0.001563420269511091
0.001283044229263873
0.001797997347218628
0.001798467424852568
0.001802539805163248
0.001802687679376643
0.00178944648226214
0.001795023265396733
0.001788697825900378
0.001807922223149072
0
0.001780209665179139
0
0.001807861429623053
0.001733714461386877
0.001761124479992428
0
0.001797444320941012
0.00176643857985638
0.001686781731956206
0.001650143412414381
0.00167233133029605
0.00179162474960665
0.001195154403466604
0.001758298526751214
0.001395564178023847
0.00171293446605216
0.001728792800737421
0.001696039555485776
0.001589182227680305
0.001746309553153752
0.001081893826757138
0
0.001431974550944796
0
0.001526222774138883
0
0.001014870165835281
0.0008169001900211479
0.00165212316939824
0.0008011910931674823
0.001720197994761897
-0.0001589470300869732
0.000219576215168775
0
0
