0
0
0
0
0
0
0
0
0
0.001078961086527127
0.001087717646036739
0.001204648227773626
0
0.0001442946308590379
0.001243635903937588
0.001731609439104756
0.002056759613692915
0.001836782728017461
0
0.001489468877898941
0.001527843230238278
0.001198210132807271
0.0009022018289531184
0.001144169449430522
0.0007183767516675893
0.0009568152518963223
0.001570886267974923
0.001207767135162317
0.001388143580162522
0.001354731519115205
0.001560657937094054
0.0009417681278434035
0.001412155970292626
0.001039470059557517
0.001121889313991241
0.001653007056107343
0.001709464370385967
0
0
0.0009140401568888152
0.001711015345751255
0.00117119154543972
0.0005148390503197073
0.0009293586139661449
0.001671766256050888
0.001707337811162508
0.001621149599623022
0.001633732850996435
0.001522402985787018
0
0.001680770450576949
0.001219262645851893
0.001408719189860433
0.0008908405060059327
0.0009511107125245475
0.0002317027178244276
0.001129058955295952
0.0006827708993562637
0
0
0.0002327349038928985
0.0004902344723477627
0.001747867792881337
0.001540872841779865
0.002042609431268906
0.001693054343794356
0.001663520164071515
0.001692699177844192
0
0.001740870180419494
0.001294291813548307
0.001350516190648487
0
0.00122063569317409
6.802376565993259e-06
0.001358454457955585
0.001168492795864184
0
0.001669197961222033
0.00134554764474664
0.001701038698513545
0
0.001432422588826516
0.001709797589686295
0.001563961457323338
0.0009990308291039154
0.001645622692969589
0.000943655588169945
0.00134543135395234
0
0
0.00072808073065194
0.001623651937083582
0.001673787079741325
0.000275411900518978
0.00112893925388821
-9.567163791700051e-07
0.0004109824806243724
-0.005965111134666112
0
0.001414554016366246
3.055459596426911e-06
0
0.001529356327269165
0
0.001824129907794077
0.001330355313933663
0
0
0.001860546552343062
0.001847969217293871
0.001259413693578314
0.001482526799598015
0.001567068210163631
0.001208822115440535
0
8.917960277577993e-05
0.0005809410845768107
-0.0006645668260104563
0.0009036226637140132
0.0009717377666224658
0.0005966614467282979
0.0008128136007950014
0.0007943803967562954
0.0004400149044781409
-3.282518555882347e-05
4.074287772658773e-05
1.198317731097187e-05
0.0001422339721123006
2.975310701142156e-05
0.0002859190350393448
0.000355365631364039
0.0001348901367029339
0.0005225896027783933
0.000470836161406641
-1.415400854068155e-05
9.043981676728641e-05
0.0002621560673642378
-5.652986369853495e-05
0.0002225468141169046
5.179985039591004e-05
9.820586039586308e-05
8.991201152398167e-06
-1.105252480479933e-05
2.54603959601109e-06
0
-0.0002525853688175642
0.001095709925565027
0.0006253770709356747
0.001151111967588973
0.001322631959986455
3.996616096588208e-05
-0.0003064330499491652
-6.42414791165812e-05
-0.0002174389271732642
-3.589363176104974e-06
-7.141572428041808e-05
0
-1.195109222489069e-06
0.0004154062429752427
-1.573776580066709e-05
1.469356643006217e-06
3.065732127845804e-06
1.778450229956553e-07
4.009973581211702e-06
-1.007280844847005e-06
2.940804249206769e-05
0.0001768391936222288
2.108903792240593e-06
-2.300319028966616e-05
-9.335832333578648e-07
3.242140110089345e-06
9.266476372649046e-05
-1.611001370343497e-06
0.0008545678957960012
0
1.817530154792257e-06
4.908658413116853e-05
-3.390944399504006e-05
3.43290940494997e-06
1.480377897168467e-05
-5.3415777859408e-07
0
-2.831850704485963e-05
0.0002251583983556728
-7.416615812281436e-06
0.0001189010515108485
0.0005354048838740362
0.001084866782309781
0
6.108815924875856e-05
0.0003500147679342614
0
0
8.151550948096593e-05
1.592609694032334e-05
-0.0001167230086255742
0.0001286650108381298
0.0003166066708110509
0.0002849084468492397
0.001008507173158138
0.00029874889239545
0
0.0003518951084784171
0.0007678940348800405
7.392377202885389e-05
0.0003502008512114136
0.0004464723653297876
0.0002087824225992444
0.0005765546757933334
-0.000361408297692436
-0.0004587890506247507
0.0003268938704710841
-0.0003011957568693606
0.000793146983403822
0.0002353306913149759
0.0004912657726171717
0.0008154959732525972
0
0.0003686234699593589
0
0.0002086651118886269
0
0.0007046654005611304
0
0.000721336554107608
-7.666376072438692e-06
0.001499701961264963
0.0002216791845579416
0.001653264662518474
8.659904642561603e-05
0
0.0008748745211585823
0.001022929389588434
0.0001754308821137447
0.0004737597784819821
0.001487308469759245
0.0008165328289079855
0.0007130764662586994
0.00143462343296664
0.001666981829727336
0.001749851008050971
0.001748023562622991
0.001798527615481793
0.0008794012048300931
0
-0.0001361781384998963
0
-0.0007326347118977566
0.001018802966324547
0.001595235761499471
0.001248183173477907
0.0003525946695019564
0.0008600988198217735
0.001670920593440012
0.001782575515113075
0.001858572285495038
0
0.001594600098198972
0.002060129178323933
0.001592840774854139
0.00148924603098913
0.001275042320523106
0.001540931490084274
0.001794238708327526
0.001393138845123217
0.001422242939961751
0.001807970050824887
0.001823615064629051
0.001043220487611187
0.001708255684784694
0.001800776063647406
0.001790250069102698
0
0.002066735229824823
0.001694628887067845
0
0.0003426998396636835
0.001963366096681627
-0.0006536289173757127
-0.0002540288268877217
0.0004108545565594631
0.0004790459239958171
8.58031462857814e-05
0.0002170571623924104
-3.167715564764546e-05
0.001240241067527892
0.00160268115787411
0.001562194354126051
0.0004412216532790313
0.001778512488239708
0.00127268912485521
0.001805498439411416
0.001852482422416049
0.002265006410347462
0.002026472724380992
0.001563911890141029
0.001283811808145702
0.00179817432434555
0.001798684902959531
0.001802740637774043
0.001802855811929528
0.001789664498778429
0.001795208943811724
0.001788878399342096
0.001808110002248839
0
0.001780383162732377
0
0.001808081741581487
0.001733991399266913
0.001761256300866181
0
0.001797664500491585
0.001766592512038252
0.001686771692948454
0.001649966094345275
0.00167471121781172
0.001791793493086546
0.001195406542129386
0.001758435567909925
0.001395895050736843
0.001712990255783969
0.001728952276907457
0.00169610113238068
0.001589320543156222
0.001746270315905294
0.001081800177351322
0
0.001432425763102163
0
0.001526442545982029
0
0.001015575168136193
0.000817249327511243
0.00165245741411142
0.0008015805044074936
0.001720299595712822
-0.0001589465548430608
0.0002216385050163938
0
0
