0
0
0
0
0
0
0
0
0
0.001078997354007671
0.001087592325491657
0.001204604267549577
0
0.0001443579226677981
0.001243918183195789
0.001731642841614089
0.002056784897784019
0.001836816538965111
0
0.001489567947489161
0.001527860484368595
0.001198212596167894
0.0009020452488909047
0.001144131206028978
0.000718459244584486
0.0009566571185913766
0.00157089518255609
0.001207748870531031
0.00138814029410071
0.001354725235025967
0.00156070151896686
0.0009418070319179347
0.001412167218770173
0.001039487055573855
0.001121923288468551
0.001653030036225916
0.001709495553656991
0
0
0.0009140790744368107
0.001711048218609128
0.0011712039111389
0.0005149197338254968
0.0009294022782124095
0.001671797468084437
0.001707372916895669
0.001621178648157598
0.001633759687511099
0.001522427945331997
0
0.001680815956967154
0.001219284286798827
0.001408753907538581
0.0008908876670787572
0.0009511539801409036
0.0002317759450371168
0.001129101944145155
0.0006828260815928148
0
0
0.0002327745663222729
0.0004903063515430677
0.001747908324126856
0.001540914900129691
0.002042646520212388
0.001693082699602904
0.001663551925774378
0.001692710665306204
0
0.00174089382764214
0.001294344227052396
0.001350598357120325
0
0.001220667862135632
6.7789107441889e-06
0.00135853382610073
0.001168580560653433
0
0.001669228411275464
0.001345501652180493
0.001701082807908481
0
0.001432459583664475
0.001709828568633201
0.001563991478550043
0.0009990624252912326
0.001645557184839422
0.000943693519359966
0.001345428452205299
0
0
0.000728082375702978
0.001623681402164558
0.001673821197784406
0.0002754221002125939
0.001128894278864259
-9.568171476274146e-07
0.0004110203334642481
-0.005965111830309754
0
0.001414559641376755
3.062549638210532e-06
0
0.001529441665622679
0
0.001824230352983029
0.001330407208264615
0
0
0.001860607402928935
0.001848094049954878
0.001259598551710019
0.00148261064240839
0.00156720897116171
0.001208944774589221
0
8.938046917715694e-05
0.0005812093969148279
-0.0006645677546688734
0.0009038057916256909
0.0009718205195736523
0.0005968414238885483
0.0008129133175943176
0.0007945499212823011
0.0004402566563330178
-3.284250270446837e-05
4.096542336304929e-05
1.216351091627855e-05
0.0001425240566641675
2.989314727083192e-05
0.0002860665334762273
0.0003555537449586653
0.0001351469133066805
0.0005227192828000352
0.0004709393777696349
-1.425274945155426e-05
9.053926878229522e-05
0.0002622345078004978
-5.652604438259288e-05
0.0002226578067778509
5.185336242027475e-05
9.838041292300973e-05
9.058552830454228e-06
-1.104702701631166e-05
2.540719423100026e-06
0
-0.0002525853160622953
0.001095904727547668
0.0006256262190314754
0.00115120617499561
0.0013227362799577
4.015001431980641e-05
-0.0003066049847025311
-6.423810343367668e-05
-0.000217212448256244
-3.379561436529117e-06
-7.148218062454151e-05
0
-1.194653336583094e-06
0.000415167769388262
-1.590603205945047e-05
1.409581852486788e-06
3.124243002726195e-06
1.64007625622144e-07
3.992485538301866e-06
-1.007271227524529e-06
2.948484680966488e-05
0.0001767156632133047
2.080222056560303e-06
-2.298945974027976e-05
-8.989983977913899e-07
3.215196521038388e-06
9.225086671643631e-05
-1.621904612025353e-06
0.0008543930942220215
0
1.818817873306038e-06
4.907914125785024e-05
-3.390742690914475e-05
3.373815880408719e-06
1.477702838755986e-05
-5.354290099494878e-07
0
-2.828020684844881e-05
0.0002243967795410607
-7.391527949488027e-06
0.0001188953527773591
0.0005355504221603753
0.001084847033398373
0
6.09748320175503e-05
0.000349178310688517
0
0
8.116599677778679e-05
1.592450924835241e-05
-0.0001167927133448898
0.0001285936312462716
0.0003162132991254451
0.0002842885886003593
0.00100835853659216
0.000298189096484409
0
0.0003517175513244025
0.000767404123087947
7.392379074925877e-05
0.0003497392912816983
0.0004462984583767824
0.0002082718594773681
0.0005757930268937687
-0.0003615613448307853
-0.0004599839443668052
0.0003268320041423029
-0.0003011055858394014
0.0007929909986914254
0.0002347996201554573
0.0004911159818937269
0.0008153815819196082
0
0.000368451843034517
0
0.0002083230784882895
0
0.0007042691469012523
0
0.0007212919608455778
-7.749406547143135e-06
0.00149960456414816
0.0002215929837046344
0.001653158193318548
8.659879359804396e-05
0
0.000874802764538935
0.001022790842680022
0.0001751502273146374
0.000473517459887577
0.001487215400577119
0.000816426229142293
0.0007130250586918921
0.001434548442586198
0.001666907631499364
0.001749766679595853
0.001747938284770165
0.00179843096810276
0.0008792373535136507
0
-0.0001361818857094861
0
-0.0007341408729824735
0.001018657563101954
0.001595125593786948
0.001248123902781897
0.0003524766992365766
0.0008599634449528883
0.001670820472325202
0.001782494242838782
0.00185846776200571
0
0.001594476683492593
0.002060001965426322
0.001592731974365414
0.001489129399804352
0.001274913963309586
0.001540831613043498
0.001794146306775073
0.00139303157980722
0.001422125122883329
0.00180791624772449
0.001823527061878677
0.001043063784094658
0.001708168668046814
0.001800696262676829
0.001790160497073778
0
0.002066640952452162
0.001694546279886473
0
0.0003425858829402323
0.001963440522091035
-0.0006539510158777394
-0.0002541784500274417
0.0004112856518624443
0.0004790075167304879
8.60835679176847e-05
0.000216898574902771
-3.173638696817405e-05
0.001240035167463726
0.001602668459346103
0.001562195309593221
0.0004406770601245054
0.001778411367643149
0.001272597984270845
0.00180541081061724
0.001852387242169702
0.002264878440156403
0.002026311347717719
0.001563798953315206
0.001283679151396031
0.001798091890695025
0.001798592789091495
0.001802650990728282
0.001802775024320599
0.00178957176306782
0.001795117625727552
0.001788794432556258
0.001808025340014412
0
0.001780304317525717
0
0.001807995070577752
0.001733906503440405
0.001761183641616099
0
0.001797572918745105
0.001766518431908752
0.001686713705708297
0.001649915926849889
0.00167447001631632
0.001791712924694994
0.001195346552624287
0.001758361704659042
0.001395820489744371
0.001712925518407064
0.001728877473059286
0.001696037273590662
0.001589255752604118
0.001746210553426369
0.001081768081497811
0
0.001432347676379455
0
0.001526373859205337
0
0.001015495696579185
0.0008171696995053674
0.001652356520541686
0.0008015207674268936
0.001720232222665872
-0.0001589465893410829
0.0002214863131192262
0
0
