0
0
0
0
0
0
0
0
0
0.001078078866298678
0.001088277543244625
0.001204802410741499
0
0.0001439279505295643
0.001242005709393173
0.001731316708462748
0.002056500723985848
0.001836473396819377
0
0.001488521848067758
0.001527640141098991
0.00119789947273047
0.0009029899373181394
0.001144158974685747
0.000716142098742192
0.0009576115709719074
0.001570723784348074
0.001207644703032026
0.00138801894242359
0.001354601945239443
0.001560318207402027
0.000940744167701632
0.001411951684551608
0.001038863682292061
0.001121565308128561
0.001652767686696558
0.00170918294306787
0
0
0.0009130983088850484
0.001710725165848889
0.001170813867193199
0.000512291523651288
0.0009284815458339515
0.001671475196482464
0.001707033378604078
0.001620878915210462
0.001633466801673709
0.001522145269175482
0
0.001680396393441932
0.001218945442338163
0.001408413817160684
0.0008904535799758764
0.0009509673956164935
0.0002344267560908925
0.001128749664921209
0.0006829831622232977
0
0
0.0002347035829136576
0.0004905708067814711
0.001747507955495617
0.001540520480602556
0.002042228060027113
0.001692782734278106
0.001663243191469177
0.001692510061215847
0
0.00174062064167328
0.00129368416176956
0.001349394558980064
0
0.001219967881158019
7.971036361024543e-06
0.001358062536479669
0.001168051610282412
0
0.001668931872396475
0.001345729962456334
0.001700690617976567
0
0.001432143000306893
0.001709515118032973
0.001563712288821039
0.0009988118398854794
0.001645887652745813
0.0009434138220022314
0.001345447131700323
0
0
0.0007280716553044285
0.00162339573028749
0.001673486674963285
0.0002753211712883319
0.001128942142464062
-1.296933308313401e-06
0.000410729987428741
-0.005965107191274785
0
0.001414486598910935
3.518177255501709e-06
0
0.00152843480618929
0
0.001823224770826125
0.001329621143782913
0
0
0.001859841049838556
0.001846916606403153
0.001257904441203479
0.001481600469718745
0.001565941293145803
0.001207944057528309
0
8.811441162677848e-05
0.0005793022641663287
-0.0006645619137347865
0.0009012205282283838
0.0009698817664087023
0.0005923655578844735
0.0008102499025469662
0.0007913195417041697
0.0004376817093379096
-3.274607957891194e-05
3.970479254418907e-05
1.095124176725994e-05
0.0001392282266902803
2.883053608767824e-05
0.000276851378334962
0.0003496157945046622
0.0001313006771391033
0.0005175825898049492
0.0004654144780544166
-1.359711542735511e-05
6.837650885068937e-05
0.00025320645516718
-5.655015494546547e-05
0.0002096668949313131
1.818074056122226e-05
9.191769497861851e-05
8.420263926919574e-06
-1.108167966620509e-05
2.26981897882671e-06
0
-0.0002525856420401404
0.001093890162022873
0.0006233846889477747
0.001149564322306716
0.001321378013194548
3.89800602454056e-05
-0.0003055315920685543
-6.426024000294965e-05
-0.0002187204070983343
-4.916958918579192e-06
-7.105985169453564e-05
0
-1.198286025060926e-06
0.0004164130043485121
-1.482714175141074e-05
1.791469255365637e-06
2.73933535807505e-06
2.59199962417185e-07
4.211163348892105e-06
-1.007168314516517e-06
2.900278265006413e-05
0.000177348448247286
2.64565491097186e-06
-2.307946651396544e-05
-1.571797356254552e-06
3.471973436100152e-06
9.491324876709132e-05
-1.294769062070724e-06
0.0008552946880042378
0
2.072198395278103e-06
4.926909859721867e-05
-3.391804863823866e-05
3.697259438038046e-06
1.493895471008113e-05
-5.133223148281412e-07
0
-2.85225887652761e-05
0.0002291829134690398
-7.537474604736466e-06
0.0001189324123634911
0.0005346509966093273
0.001084909692122102
0
6.196582620212647e-05
0.0003542299658801648
0
0
8.348457809223003e-05
1.680721742961458e-05
-0.0001163520293801473
0.0001290599223020364
0.0003182062113739604
0.0002881577766948301
0.00100912140392681
0.0003013505879662189
0
0.0003524912953601885
0.0007702033024395278
7.392368445589637e-05
0.0003526043187088796
0.0004471100576966829
0.0002112050175364721
0.0005804029914822086
-0.0003605964847791153
-0.0004520291104330657
0.0003272195000919757
-0.000301583683102234
0.000793758291887644
0.0002378274187660427
0.0004917701851000904
0.0008159379790671878
0
0.0003692440694383052
0
0.0002102157721530488
0
0.0007064139476631444
0
0.0007215804767283482
-7.435868433284587e-06
0.001500139414868454
0.0002219211680677976
0.001653751466994329
8.660059562576746e-05
0
0.0008751564445415109
0.001023496952406555
0.0001764717996395519
0.0004747712021418609
0.00148768973339571
0.0008169808991828351
0.0007132626116796107
0.001434919944298201
0.001667296404954848
0.001750227843109284
0.001748384622764
0.001798992178522774
0.0008801094758802662
0
-0.0001361576852131977
0
-0.0007240372260684715
0.001019400247659006
0.001595735732379956
0.001248392215440299
0.0003529566644499053
0.000860631487917915
0.001671379487131077
0.001782965793574578
0.00185908234541054
0
0.001595332611398551
0.002060742194170695
0.001593350716599673
0.00148976609881454
0.001275593597459061
0.001541371523978453
0.001794680185205268
0.001393616254792345
0.00142276575673093
0.001808203914414367
0.001824030547975004
0.001043890558334556
0.001708670624005906
0.001801152931235823
0.001790674110909548
0
0.002067188440543728
0.001695000428538477
0
0.0003432701953899905
0.001962639578755959
-0.0006518728147018799
-0.0002532235693133965
0.0004085091888167758
0.0004792439663543938
8.419003665631787e-05
0.0002181231830144289
-3.150015097007073e-05
0.001240790383726194
0.001602725024040674
0.001562187181310114
0.0004440285569890154
0.001778981279601253
0.001273088558226787
0.00180590278092106
0.001852928126984967
0.002265604511690104
0.00202726171664215
0.001564419498364396
0.001284383642762301
0.001798565467596343
0.001799119842580401
0.001803166317430576
0.001803240226264121
0.001790097976925949
0.001795642281694119
0.00178927561466756
0.00180851219867235
0
0.001780758727987542
0
0.001808496000878388
0.001734405673141398
0.001761598237157825
0
0.001798094796531678
0.001766947706263864
0.00168703716108273
0.001650191348981177
0.001675991944531533
0.001792175064779972
0.001195721595555643
0.001758784441858635
0.001396257600607731
0.001713292642073244
0.001729311391318111
0.001696398912222439
0.00158962654108086
0.001746544854165781
0.001081920650904563
0
0.001432806798210315
0
0.001526781331408754
0
0.001015984623731894
0.0008176867494653155
0.001652971650376931
0.0008018753373688448
0.001720616596204561
-0.000158946365053272
0.000222475151270865
0
0
