0
0
0
0
0
0
0
0
0
0.002177785621098784
0.001837222240489814
0.002031017194047907
0
0.0007019128609249258
0.002091912474443344
0.002851370153073047
0.003037555402750807
0.002990803505613512
0
0.002720267014557794
0.002491807661189183
0.002181490574760608
0.001478793316567734
0.002089781770315398
0.001115654439555708
0.001563493689934011
0.002550574140559394
0.002166011596118863
0.002329315799824375
0.002315735386118426
0.002660025153080141
0.001925529486527021
0.002403403526355762
0.002087880248698564
0.00208038663962662
0.002697328650687354
0.002823395249931503
0
0
0.001815426558229155
0.002812587972847437
0.002174373492142581
0.001059461545771412
0.001807694329952205
0.002738034693262384
0.002820343805533432
0.00264585239380248
0.002674739307258721
0.002551912386897426
0
0.002759259239116002
0.002210817777999968
0.002426149069802848
0.00170072832315734
0.001821213081695566
0.0007066469071541689
0.002046506010876566
0.00129739533303362
0
0
0.0004658274085626656
0.001057796024429063
0.002883597956746838
0.002636239947958315
0.003327856133347739
0.00281441958758991
0.002737604167177239
0.002623077069209378
0
0.002830927687186797
0.002339154252274075
0.002531182965362787
0
0.002337594873331917
0.0003792959572618657
0.002123335504179479
0.001446455226406382
0
0.00278239409170341
0.002258221690379298
0.002850144113785818
0
0.002419078970464732
0.0028161188180789
0.002672022387724859
0.001704354639448213
0.002768798340986453
0.001512199557093836
0.001358058330475692
0
0
0.0007500631942454408
0.002462658116461681
0.002755112506879943
0.0008003039618368903
0.002054834773058895
0.0002006731432793023
0.0009362796021106111
-0.005965105853069853
0
0.001656494751684751
0.0004167175511506189
0
0.002727787641639017
0
0.002941275755111374
0.002474146431292124
0
0
0.003377105445663174
0.003061537985390269
0.002477145273550559
0.002695322720378803
0.002757800613461322
0.002046226676673442
0
0.0009895850723866315
0.001594590336451531
0.00023569796668828
0.002002790182327059
0.001971660579058956
0.001564284785608868
0.001642065593516924
0.001817993722031159
0.00147810869820678
0.0004729326086559568
0.00052491147822943
0.0008797477194515133
0.001086420693187644
0.0004226391527952086
0.0009986566277285203
0.001215754392981594
0.0009438962235372321
0.001325501087314098
0.001082959884227751
0.0001859767086572117
0.0004025046487105208
0.0007083328653079565
-1.504180003254048e-05
0.0007154253387880429
0.0003406380401119299
0.0007512536029167492
0.0004532844743894663
0.0002721777777354373
0.0003062514655812877
0
0.0003703640261393095
0.002261210854234913
0.00172288947910473
0.002271655738372249
0.002514527087207374
0.0003701878057744031
0.0002862735885675542
0.0004113805833838271
0.0008415879945302166
0.0006782864420427256
0.0005359875715665944
0
0.0005860876820898041
0.001623425728206681
0.0009136783886465433
0.0007275134446216055
0.001092361475861938
0.0004847043666846191
0.0007570325805025547
9.324464735053996e-05
0.0002911605900595377
0.001275337093645564
0.0005527148234965908
0.0009809977239420039
0.001060424284712869
0.0004111656868058305
0.001045123895912793
0.000884524979976357
0.002129339663145666
0
0.0002380509110267713
0.000181901515713635
8.11567304561411e-05
0.0001868584296594467
8.232383098102715e-06
0.0001332991552118484
0
-2.852573994404536e-05
0.001170388509028555
3.852175142180553e-06
0.001286092420870659
0.001382827817978679
0.002170132115885847
0
0.0004599420084957062
0.00141478634962035
0
0
0.0007375489362813421
0.0002494740371640713
4.670322611664116e-06
0.0001293168280495148
0.001551811506298723
0.0009005252250643256
0.002202090810042894
0.00147368748194815
0
0.001570600934068925
0.0015581140090799
0.0003415259496092504
0.0006064302986920468
0.001701837076244876
0.001243838350666612
0.00140247464511773
-6.044495494763231e-05
3.093888915844238e-06
0.000327397944190306
-5.097179875396543e-05
0.001970467327393034
0.001381810062406667
0.001567490825537691
0.001755875700156739
0
0.001318526852954719
0
0.0009524473552354338
0
0.001475825284232141
0
0.0007217078274883285
0.0004954113678764499
0.002624271530438225
0.0007755922526233763
0.002861571114535319
0.0004148023399349792
0
0.001717719668993901
0.002057573611162117
0.001310609693660204
0.001724471003906729
0.002755522011875731
0.002006840047375108
0.001840398027833366
0.002683921091403361
0.002959495208343242
0.003017657967458133
0.0030004059429313
0.003048791672417705
0.002139801305961866
0
-0.0001372764563855238
0
-6.052877470662591e-05
0.002154644523935821
0.002619333499160433
0.001707720894354235
0.001155192792594873
0.001845341061112895
0.002921513909765805
0.002844531207513957
0.003139290580054455
0
0.002615319603897459
0.003406998939411668
0.002561903669756015
0.002588099112704394
0.002455360741369226
0.002788142145105225
0.00305032513751356
0.002392249611146538
0.002221487475590614
0.003085358585693131
0.003103484452681503
0.002325723217297673
0.002864332634416136
0.003066150568558832
0.003027797902286156
0
0.003484781047744222
0.002630378539562456
0
0.0008659332257098644
0.002753386666037408
-0.000200448020000009
5.994411840299513e-05
0.0004412924712569717
0.0004794077008819694
0.0003902557494984267
0.000215353774226351
4.651454234282987e-05
0.001946364059926689
0.002658000293764431
0.001861787040204174
0.0007735777219445911
0.003208974792857861
0.00242530021852011
0.00310632065226066
0.002983327976832415
0.003725691570514227
0.003190794923547236
0.002791367401504008
0.002460859004847024
0.003045544481605189
0.003062291111462599
0.003060432527212488
0.003061943869212466
0.003040886359496584
0.003045507838362341
0.003034181318496254
0.003063516012429165
0
0.003016222016729178
0
0.003061279369115985
0.002957880609380673
0.002773320643991279
0
0.003061288425055862
0.002705666617496484
0.002827276678417525
0.002848460911990541
0.00302887709073939
0.003017043770999858
0.001355115969962575
0.002935393223602842
0.002512163752608643
0.002923958321753734
0.002947986037578387
0.002862388277635723
0.002540364349126093
0.002981909976569395
0.001592315978343499
0
0.001972871629104267
0
0.001971655116270352
0
0.001256794162672631
0.001270168416048592
0.002676400658385151
0.001356545810367399
0.002768717934909842
-0.0001589459875824904
0.0002229527352297968
0
0
