0
0
0
0
0
0
0
0
0
0.001079036126735678
0.001086929947524469
0.001204332050204049
0
0.000144606088111049
0.00124522224543295
0.00173173713968164
0.002056830995077257
0.001836903280852338
0
0.001489917218494334
0.001527877068453454
0.001198146010371806
0.0009012443290851091
0.001143887376416952
0.0007186778888461821
0.0009558593841920164
0.001570873479634687
0.00120759414155547
0.001388061699196326
0.00135462982788881
0.001560861928042846
0.0009418550451215123
0.00141215249709685
0.001039457069522274
0.001121993581156977
0.001653077945118248
0.001709578383846789
0
0
0.0009141375011665983
0.001711139493522209
0.001171172580251469
0.0005151523415739333
0.0009294923104886073
0.001671885203512802
0.001707474740386941
0.001621256797826365
0.001633823631434748
0.001522479811221465
0
0.001680971211382263
0.001219302577434035
0.00140884760216227
0.0008910165476049588
0.0009513026305388889
0.0002320090690841332
0.001129235177612602
0.0006830110669163831
0
0
0.0002330136610558448
0.000490529041861186
0.001748031903468253
0.001541047347943072
0.002042742793944342
0.001693155271584993
0.001663631537684865
0.001692698963085219
0
0.001740939423362423
0.001294505205770579
0.001350834038799306
0
0.001220705100862608
6.700508220035995e-06
0.001358870073001685
0.001169038557306809
0
0.001669303179876873
0.00134520449040143
0.001701227036114868
0
0.001432582639060536
0.001709911689057506
0.00156405024466904
0.0009991208025622678
0.001645166497898174
0.0009438056305778058
0.00134541428212079
0
0
0.0007280903206557375
0.0016237606546259
0.001673921251415928
0.0002754487681803145
0.00112861722789299
-9.606142854341728e-07
0.0004111936404565297
-0.005965115101032089
0
0.0014145062384328
3.084733535360048e-06
0
0.00152971815179069
0
0.001824583913667854
0.001330537925914209
0
0
0.00186077368539736
0.001848555254210543
0.001260336838044333
0.001482873877995267
0.001567754994036998
0.001209428131768813
0
9.025563332737131e-05
0.000582413522893037
-0.000664573675219951
0.0009044607664282394
0.0009720148611461681
0.0005974287480091068
0.0008131784541547724
0.0007951144922786837
0.0004412021208137085
-3.293643854458359e-05
4.19922033467237e-05
1.293670254405503e-05
0.000143620586982437
3.033673475769084e-05
0.0002865261970449009
0.0003561739306711972
0.0001358301934126105
0.0005231133192007128
0.000471244127318806
-1.471620011993244e-05
9.079191754345042e-05
0.0002624704062148009
-5.650706866452002e-05
0.0002229897588125387
5.196738468535934e-05
9.881492542502289e-05
9.313596903087047e-06
-1.102375569367162e-05
2.528386510359102e-06
0
-0.0002525829740621826
0.001096660135877164
0.0006266498879152655
0.001151462413407039
0.001323069529866292
4.093690761630009e-05
-0.0003074741638995972
-6.422222741602898e-05
-0.0002161745227487493
-2.433537649912197e-06
-7.181103638453736e-05
0
-1.189922513472575e-06
0.0004140072873476545
-1.672577087309952e-05
1.121376294029492e-06
3.376477041844546e-06
9.893938146167063e-08
3.97515713223259e-06
-1.007179744438202e-06
2.965748556959079e-05
0.0001760057220942685
1.991917896157285e-06
-2.292063671767728e-05
-8.034004008849574e-07
3.141216563913869e-06
9.033912477201872e-05
-1.650987990779499e-06
0.0008537618136343532
0
1.831513783136703e-06
4.907535601756452e-05
-3.389731960411168e-05
3.109870759047211e-06
1.47564142560223e-05
-5.392866756259104e-07
0
-2.834045374322075e-05
0.0002208565216931465
-7.226351684117263e-06
0.0001188676001838137
0.0005356951751192776
0.001084504079513104
0
6.047020538909384e-05
0.0003452915000679014
0
0
7.955089117124874e-05
1.59422573537885e-05
-0.0001171327983179402
0.000128250509860001
0.0003144041130849988
0.0002814744654175458
0.001007988840520133
0.0002956405649234904
0
0.0003511553295042618
0.0007653578177142702
7.392386318299245e-05
0.00034763130583911
0.0004456867843049849
0.0002060787121942861
0.0005723238342932594
-0.0003620738927155062
-0.0004657532566258056
0.0003265213635362879
-0.0003008029363931778
0.0007925873852487202
0.0002325039367943645
0.0004907257869302343
0.000815196167856451
0
0.0003679372495859864
0
0.0002069256244260366
0
0.0007027409082928532
0
0.0007210750358784532
-7.967523768520719e-06
0.001499546157216553
0.000221369058837454
0.001653088910309143
8.659726869058696e-05
0
0.0008747314725173815
0.001022542968636635
0.0001738020325616735
0.0004724302118119294
0.001486959543858815
0.0008158636597646006
0.0007125891232686919
0.001434228082195983
0.001666743966941273
0.001749769221570363
0.00174786889417532
0.001798424924716226
0.0008785217932635022
0
-0.0001362000158854055
0
-0.0007416544572292762
0.001018369419684707
0.001595038801974426
0.001248211709388569
0.0003522114882265741
0.0008597077212276166
0.001670759053605887
0.001782489645571272
0.001858453741843352
0
0.001594405770841792
0.002059992984268906
0.001592639801537388
0.001489010012158166
0.00127464328722972
0.001540682742324817
0.001794135052269833
0.00139293262494122
0.001421994499416441
0.001808052674187869
0.001823526011190916
0.001042492698841902
0.001708162861221276
0.00180070830747299
0.001790150829493294
0
0.00206661828088213
0.001694532467993289
0
0.0003420339203664975
0.001963681311125895
-0.0006555225748263182
-0.0002549250888035638
0.000413381780440954
0.0004788061655664283
8.75071021789365e-05
0.000216017701626673
-3.193735183469304e-05
0.001239618315153886
0.0016025095833313
0.001562199320436342
0.0004382360294362016
0.001778360729144468
0.001272534379880328
0.001805414110342658
0.001852359587376877
0.002264814134951744
0.002026100431039409
0.001563684110702282
0.001283459745542945
0.001798086554268918
0.001798579008438221
0.001802641918994217
0.001802772183609629
0.001789558259277901
0.001795116594501652
0.001788788825009277
0.001808017646390556
0
0.001780297376281713
0
0.001807975260429328
0.001733861481924784
0.001761188536144631
0
0.001797557567175801
0.001766516073001552
0.001686765494988817
0.001650031672811491
0.001673682669242349
0.001791709420981613
0.001195293653207719
0.001758365476683068
0.001395742789506128
0.001712955536024607
0.00172887348856805
0.001696063880644961
0.001589250559941363
0.001746275905654781
0.001081828729850924
0
0.001432222115504365
0
0.001526339456304214
0
0.00101526460131205
0.0008170970333529957
0.001652303577463618
0.0008014060161428895
0.001720245140154157
-0.0001589467574531506
0.0002207495604455694
0
0
