0
0
0
0
0
0
0
0
0
0.00107895181818926
0.001088832809849389
0.001205228601157702
0
0.0001441667207381962
0.001242137262764203
0.001731767567338206
0.002057010004325734
0.001836986499496907
0
0.001489123098881876
0.001528082324105085
0.001198544331348703
0.0009034673013328448
0.001144838740682256
0.0007168365704181548
0.0009580814977152784
0.001571165384904869
0.001208323841636118
0.001388600900370701
0.001355149772643135
0.001560699517034566
0.0009416176259246238
0.001412537904718417
0.001039702550674122
0.001122265555556253
0.00165320770626753
0.001709635484877179
0
0
0.000913923814534957
0.001711173702097184
0.001171549547432311
0.0005127123689544269
0.0009292315394277936
0.001671914542489989
0.00170748379926227
0.001621311562014407
0.00163392476603528
0.001522679860411625
0
0.001680829653974181
0.001219628301223048
0.001408951228384586
0.0008911113860178079
0.0009514329253448411
0.0002353500344766856
0.001129278577571134
0.0006836547920567364
0
0
0.0002354591105948345
0.0004913993153721497
0.001747981324795621
0.001540976775169584
0.002042755874683062
0.001693232468096604
0.001663697410546569
0.00169294319199892
0
0.0017410745239103
0.001294270132909326
0.00135020992793739
0
0.001220755558174466
1.318663091181085e-05
0.00135840049068128
0.001168213870114806
0
0.001669382769781042
0.001346159940072135
0.001701139759608029
0
0.001432479481849228
0.00170996593864886
0.001564177386494274
0.0009991957014285518
0.00164641105983133
0.0009436474624470292
0.001345449551553085
0
0
0.0007280702484044903
0.001623785280141481
0.00167393827477549
0.0002754669566461038
0.001129620658292713
-1.593454000347424e-06
0.0004108492456146179
-0.005965106563991111
0
0.001414705405534366
4.527533603745522e-06
0
0.001529098180387123
0
0.001823865631723203
0.00133033436352439
0
0
0.001860498080849909
0.001847650067655006
0.001258708140566428
0.001482362474296858
0.001566653602525171
0.001208553639832005
0
8.827908255841743e-05
0.0005797079376144706
-0.0006645612608729503
0.0009018908305533476
0.0009707763420740317
0.0005925269552551294
0.0008110091922747017
0.0007918521009705227
0.0004380017522580244
-3.273455711597467e-05
3.975097232084791e-05
1.106896059045652e-05
0.0001391314898743289
2.875732913415217e-05
0.0002757929616139504
0.0003492319802040758
0.0001309057827766374
0.000517638656096241
0.0004653001923368077
-1.349554734491366e-05
6.432594575115208e-05
0.0002520083732031693
-5.655320630942253e-05
0.0002077719556206426
1.167811413343884e-05
9.089034830802109e-05
8.302150781715475e-06
-1.10861618537964e-05
2.154640078213851e-06
0
-0.0002525857205127993
0.001094664824290596
0.0006239051967293052
0.001150469040814761
0.001322236747976174
3.890212072774365e-05
-0.0003053978274771302
-6.42629918823605e-05
-0.0002190590851179935
-5.244359611060573e-06
-7.100621310905206e-05
0
-1.198286025060926e-06
0.0004141434226553001
-1.468777733940748e-05
1.84029150825e-06
2.640646755431833e-06
2.731566281660632e-07
4.36019947077264e-06
-1.007131747647005e-06
2.885760313912056e-05
0.0001760491779478627
2.941121604387258e-06
-2.309163629472482e-05
-2.029432011862967e-06
3.535951977450262e-06
9.368492971391217e-05
-9.788034711399356e-07
0.0008535870666599888
0
2.296638241594044e-06
5.009979229040646e-05
-3.391921211482785e-05
2.639368633344503e-06
1.47336648798955e-05
-4.918552666553222e-07
0
-2.855434373730376e-05
0.0002270655413569383
-6.995299260106453e-06
0.0001189373819994847
0.0005338529167176119
0.001083802773743029
0
6.281583567460809e-05
0.000351206640026607
0
0
8.262942397508139e-05
2.109188571697558e-05
-0.0001162944106452936
0.0001291223624413292
0.0003149537021612844
0.0002868951480787039
0.001007769471016265
0.000298138257398247
0
0.0003499277547760307
0.0007671909697585871
7.39236676066456e-05
0.0003526937245684643
0.0004449451559153984
0.0002084122703276266
0.0005779358477669562
-0.0003604751175196041
-0.0004487215382843968
0.0003272666533127649
-0.0002996520737816693
0.0007921221196198203
0.0002346920050896465
0.0004896468499000097
0.0008148068207122423
0
0.0003670716348466375
0
0.0002078722077908657
0
0.0007030903875235453
0
0.0007216179046031708
-8.859381969659415e-06
0.001499641561394421
0.0002202237001420244
0.001653226418601926
8.660082381104238e-05
0
0.0008744790032008895
0.001022316447763806
0.0001741051056849402
0.0004724750636287249
0.001486667839375658
0.0008157041997712419
0.0007121585614796634
0.001433759177975305
0.001666398591629654
0.001749789652600276
0.001747703865765015
0.001798679420026618
0.0008785644338922033
0
-0.0001361545165947665
0
-0.0007182875719625266
0.001018135029286217
0.001595194351145381
0.001248000686814879
0.0003511159556320329
0.0008593216436393624
0.001670858840488317
0.001782627868482721
0.001858787907207766
0
0.001595618637208857
0.002060386781151616
0.001592991549342264
0.001489096709691094
0.001274564829156753
0.001540633915267481
0.001794345294922903
0.001393057954636964
0.001422128772423591
0.001807846431649725
0.001823661502977502
0.001042418138913743
0.001708346315893146
0.001800806512611271
0.001790315354533765
0
0.002066825214228256
0.001694641968365737
0
0.0003435058746752714
0.001963205291765056
-0.0006516063190980412
-0.0002531015490163803
0.0004084034014446238
0.0004792693059838347
8.42241674098567e-05
0.0002179918530564266
-3.135452765315768e-05
0.001236463703412051
0.001601886563382409
0.001562186044836177
0.000443540121796365
0.001778525383386354
0.001272580287929034
0.00180547865389657
0.001852539571519321
0.002265079410174829
0.002026911852235508
0.001563767798930384
0.001283425905941832
0.0017982329241909
0.001798755941817716
0.001802823246341831
0.001802907086796608
0.001789716914375976
0.001795296944348945
0.001788931924333795
0.001808174276094014
0
0.001780436182185213
0
0.001808164390682465
0.001734114406844268
0.001761275145474546
0
0.00179771882155461
0.001766628452512457
0.001686728359843696
0.001649896989153154
0.001675951015611254
0.001791842252319591
0.001195568023890125
0.001758464248324255
0.001396019643816857
0.001712985603647638
0.001729013388560517
0.001696093894452394
0.001589343940239623
0.00174623337231478
0.001081668296188389
0
0.001432588050835613
0
0.001526540066278939
0
0.001015871681882028
0.0008176257718533423
0.001652752063353479
0.0008017602412053417
0.001720309395597293
-0.0001589463374022509
0.0002226044585021367
0
0
