0
0
0
0
0
0
0
0
0
0.001208390178971177
0.001145188823199217
0.001284792550318406
0
0.0001617171054916086
0.001322122891202566
0.001850801238340354
0.002191366047310182
0.00197042488479465
0
0.001617600583168066
0.001628866112510207
0.001303152687854318
0.000945276714617221
0.00124785499707541
0.0007439365656716914
0.001012871933549153
0.001673067465084464
0.001316721622708009
0.001496860546885614
0.001457078989436812
0.001671636349045533
0.001059366968374964
0.001525079267718407
0.001161723204517815
0.001230460760739441
0.001761886346507474
0.001828240652645076
0
0
0.001018835226209995
0.001828139890583461
0.001287878864382285
0.000581919949881831
0.001031038364925328
0.001783538727177676
0.00182606890901829
0.001728273117757992
0.001743770587016024
0.001635694304787686
0
0.001792502894986069
0.001332953972490558
0.001517827833844481
0.0009867417745867935
0.001037592945007921
0.0003416885205458919
0.001227555276461748
0.0007625921006388553
0
0
0.0002638350105175854
0.000576899539172819
0.001866581399643928
0.001651786242700339
0.002173852554351373
0.001809804040908939
0.001784117391086567
0.001791589267333137
0
0.001854252952717413
0.001404030152140227
0.001494506070723548
0
0.001345349347836709
4.219325373093269e-06
0.001435927458815917
0.001164176109609295
0
0.001789835920766528
0.001443755741216511
0.001823830585034049
0
0.001527999003942091
0.001827891699263554
0.001692539698253533
0.00110925078608142
0.001768139110282908
0.001004010732991837
0.001345456263508245
0
0
0.0007280669169751085
0.001721167488909488
0.001794004539937766
0.0003182182555341259
0.001228764401440201
2.081013272858166e-07
0.0004551325832128264
-0.005965105004398338
0
0.0014430733704477
0.0001403360455456465
0
0.001659747624996936
0
0.00196188692426966
0.001455484959297434
0
0
0.001981636621230567
0.0019946548908544
0.001466217253155244
0.001628341919959881
0.00172417503697219
0.00133329460499176
0
0.0002205460497966578
0.0007632536504661843
-0.0006391467923947744
0.001094078252136352
0.001101576608098406
0.0007628395859462565
0.0009194064865362498
0.0009661419064756583
0.0006244316418937285
-3.267771813879208e-05
0.0001218937156207429
0.0001421163381471304
0.0003268749299085452
0.0001011774294371504
0.0004111103904650297
0.0005099696953218833
0.0003221073225698425
0.0006446090146731129
0.0005537078456269499
-1.320594736069926e-05
0.0001540877427669711
0.0003298680986234558
-5.656667197352342e-05
0.0003117170664291621
8.629484068411443e-05
0.0002200446564462337
1.723098708734617e-05
-1.110335256380395e-05
2.977043336713146e-07
0
-0.0002128461073268785
0.00130298788621017
0.0008249952966901311
0.001304395620117405
0.001488873185225164
4.808317924814413e-05
-0.0003050584229971374
-6.425256849803553e-05
-4.306106766946356e-05
4.132627437969947e-05
-7.084358300069207e-05
0
2.609176037312581e-06
0.0006644660762564477
4.55990388040591e-05
3.880981368607816e-06
0.0002795952403521787
2.794230735343113e-07
7.693501276585998e-06
-9.874776601505086e-07
1.748698915760952e-05
0.0004081356961289039
1.03322807177304e-05
8.434979472272387e-05
0.0001244942675989147
3.015681542083716e-06
0.0003015809922911589
0.0001419563948119894
0.001068418872040434
0
2.926937642268523e-06
0.0001141847068259609
-3.390154764716868e-05
2.866927165168584e-07
1.289037954751743e-05
1.37714951433159e-05
0
-2.855872506347254e-05
0.0004619229912902618
-3.36328144362343e-06
0.0004497082447229051
0.0006635118703077051
0.001273830888207174
0
9.174043273524687e-05
0.0006047710968704604
0
0
0.0002110763363259529
3.530607622913756e-05
-0.0001161597829736284
0.0001293040166719986
0.0005724038153184435
0.0004213531160047911
0.001187220983975444
0.0005558592134042862
0
0.000559506090531616
0.0009086620299576833
8.812684665436164e-05
0.0003975648104593482
0.0006648435846773414
0.0004125216679620968
0.0007607309832275836
-0.0003605064311152263
-3.806979952225889e-05
0.0003273871783090956
-0.0001328541264986164
0.0009692021117032603
0.0004700459539641739
0.0006457730790406428
0.0009061471569425702
0
0.0004969497363767538
0
0.0003248972764902172
0
0.0008196844504369019
0
0.0007217074997048722
2.484278670752234e-05
0.001609030986324524
0.0002769409159360273
0.001792893589391656
8.659994314778088e-05
0
0.000948429363849783
0.001151510033046085
0.0003863925846696935
0.0007178856626019456
0.001667812518890634
0.001041923156013679
0.0009370905121436294
0.001629225589439127
0.001842517491302328
0.00188589900179388
0.001902935699322995
0.001932421706183696
0.001105740159989572
0
-0.0001361442165814817
0
-0.0006805151077549321
0.001170339262599425
0.001720565447980432
0.00125917818031568
0.0004364947327467028
0.0009722909821898307
0.001815572108323079
0.00190731667471609
0.0019982133096597
0
0.001696938850546221
0.002220243922869707
0.001688640500618496
0.001623586625594747
0.00144800193154081
0.001701989366321881
0.001930111757926787
0.001492763954692474
0.001524875645034081
0.00194357319492969
0.001962520196612427
0.001254588672882315
0.001830054529487712
0.001937968244239024
0.001924169224803623
0
0.002220025231279813
0.001810058267275122
0
0.0003857406580036242
0.002089734948195726
-0.0006509606513676338
-0.0002527952180704034
0.000441305638869384
0.0004794078314416246
0.0001369944318964253
0.0002153472496455093
-1.781984871759712e-05
0.001308760894837832
0.001740790182853687
0.001562189389554268
0.000535716067933278
0.001904712597067181
0.001367387705015615
0.00194399168363918
0.001982510129587715
0.00241761899279354
0.002128570837058637
0.001712503357312365
0.001438138767025276
0.001931387408507679
0.001935648884236765
0.00193814170709554
0.00193575887497293
0.001926399217876787
0.001930415302030271
0.001922017160760593
0.001942647126752695
0
0.001911586629135483
0
0.001942629212092581
0.001860122264958755
0.001882903190181373
0
0.001934748170098679
0.001881432409299136
0.001810080070474246
0.001773317693625339
0.001824041487216812
0.001922906459231367
0.001225471641915199
0.001887493717523497
0.001452527553057499
0.001838725960582246
0.001856933235268518
0.001816823585646039
0.001701232081378559
0.001876258800553927
0.001142882850339612
0
0.001514694941023028
0
0.001588911050371376
0
0.001050693544920927
0.0008725794259749227
0.001768200169763761
0.0007851249220514698
0.001836785312220869
-0.0001589462956484366
0.0002229343967855967
0
0
