0
0
0
0
0
0
0
0
0
0.001078948577328169
0.001085113883279748
0.001203555555590569
0
0.0001451686421129252
0.001248470119300631
0.001731888302979041
0.00205684918682211
0.00183702385348224
0
0.001490687837121545
0.001527828681945287
0.001197831885779069
0.0008990909742971224
0.001143108406350371
0.0007190888379511014
0.0009537321528468557
0.001570730782337189
0.001207046160695617
0.001387735249976478
0.001354267452337124
0.001561193879384597
0.0009417942288165564
0.001411993050423383
0.001039201115461378
0.001122044429269772
0.001653111700873878
0.001709700917384467
0
0
0.0009141168452751078
0.001711284175356469
0.001170938360058599
0.0005156238226050779
0.0009295722887827698
0.001672019903626389
0.001707645625716429
0.001621369603122279
0.001633895557235127
0.001522503551718639
0
0.001681277929928364
0.001219213911767175
0.00140898469204375
0.0008912264800267854
0.0009516056718339217
0.0002325022867972226
0.001129480175494495
0.0006833929186085721
0
0
0.0002337183281016333
0.000490980155282653
0.001748255158073792
0.00154129904564194
0.002042889387012491
0.001693251849823225
0.00166374798587369
0.001692591813364381
0
0.001740969242591541
0.001294789400206619
0.001351259357063662
0
0.001220630530635704
6.588245477952326e-06
0.001359675470327035
0.001170058453886914
0
0.001669407800143578
0.001344383146464577
0.001701505384364152
0
0.001432832908200404
0.001710034771239449
0.001564116571085811
0.0009992138485225516
0.001644074424773433
0.0009440568454344619
0.001345377449777334
0
0
0.0007281099086225212
0.001623885356323019
0.001674085856674773
0.0002754926468405776
0.001127753558130213
-9.745017048865716e-07
0.000411600458126321
-0.005965122721721502
0
0.00141434777911156
3.108748467379112e-06
0
0.001530286957867561
0
0.001825347367496916
0.00133072022826935
0
0
0.001861061779279023
0.001849555136755774
0.001261971460695205
0.001483370895125851
0.001568953077719713
0.001210343531284489
0
9.234850824963149e-05
0.0005851392429474766
-0.0006646100586965374
0.000905925864647192
0.000972328802152936
0.0005987620334205721
0.0008136897705113339
0.0007963783231676393
0.0004433829996231555
-3.326851989322004e-05
4.436121797785782e-05
1.47946717685825e-05
0.000146114574192127
3.137158378631157e-05
0.0002875616157406593
0.0003575860812624097
0.0001373487121123545
0.0005239764108067285
0.0004718978642625742
-1.577014413111682e-05
9.136923201192107e-05
0.000262968801808776
-5.646045892095083e-05
0.0002237294922740845
5.21946637539141e-05
9.976880517623884e-05
9.818092591874563e-06
-1.097970511455392e-05
2.530985356716917e-06
0
-0.0002525748160247199
0.00109835086450732
0.0006290096437495099
0.00115192135478165
0.001323712804499903
4.273031612883526e-05
-0.0003098612977112559
-6.417785203563002e-05
-0.0002131165099614775
-2.862547943593699e-07
-7.270009821537978e-05
0
-1.177531935212304e-06
0.000411218648325156
-1.88261913426292e-05
4.223172881746849e-07
3.847926956535829e-06
-6.434117790830752e-08
4.05950592793858e-06
-1.00695217605567e-06
2.998864980400536e-05
0.0001742785323714419
1.933379221561199e-06
-2.273659653577824e-05
-7.544740768474138e-07
3.088189141053334e-06
8.588011966523396e-05
-1.698981390072287e-06
0.0008521564908548061
0
1.873795506866455e-06
4.913883976241967e-05
-3.386929800081009e-05
2.703066517875681e-06
1.487739317218542e-05
-5.457965507185046e-07
0
-2.879158586319939e-05
0.000212533237262671
-6.882836440220991e-06
0.0001187956695124405
0.0005363169065394641
0.001083708367722597
0
5.933346052495908e-05
0.000336109698242991
0
0
7.590070556997376e-05
1.602863457085327e-05
-0.0001180584939983271
0.0001274123622198318
0.0003101061061141657
0.000274795358661249
0.001006978375354019
0.0002896294542513012
0
0.0003497526200611888
0.0007604728266443468
7.392403568505019e-05
0.0003426166603254739
0.0004441451166157267
0.0002008680795376458
0.0005639973070948317
-0.0003633351715608082
-0.0004800336737063838
0.0003256438627998355
-0.0002998229398040939
0.0007915082971550897
0.00022708510497719
0.0004897209498897506
0.0008146397146551573
0
0.0003666729569535799
0
0.0002035700249620424
0
0.0006990772777592059
0
0.0007205135655878437
-8.502636858678204e-06
0.001499262741041161
0.0002208548268260351
0.001652768202128784
8.6604224515486e-05
0
0.0008744815602440415
0.001021809616085583
0.0001705777011822673
0.0004697937153834988
0.001486262773977861
0.0008144751463467281
0.0007115321965115731
0.001433416256834599
0.001666283315119313
0.00174964403973518
0.001747586828064268
0.001798258082416195
0.0008767397936341177
0
-0.0001362462656259006
0
-0.0007586216730078321
0.001017540679055601
0.001594671384717353
0.001248251918392534
0.0003515360612607082
0.000858977871277659
0.001670467399626415
0.001782348966412616
0.001858260330918514
0
0.001594051061685166
0.002059773123213098
0.001592249258711042
0.001488565656860531
0.001273864758086056
0.001540205341482927
0.001793966397814907
0.001392541748568766
0.001421517108511273
0.001808269969272192
0.001823389278483119
0.001041030769428446
0.001708017058320994
0.001800609591107347
0.00178999096348814
0
0.002066419401124499
0.00169436620567411
0
0.0003405896877290102
0.001964177071877018
-0.000659600150417202
-0.0002569359205337312
0.0004178712904146609
0.0004781964093871078
9.048397859915002e-05
0.0002138987909795937
-3.226252751068599e-05
0.001238738023147283
0.001602146716338645
0.001562113083614415
0.0004324097115371011
0.001778092602297533
0.001272243215507748
0.001805287352988567
0.001852147970156276
0.002264472504271097
0.002025376113124671
0.001563255989319418
0.0012827835050453
0.001797945553447117
0.001798402544765559
0.001802481323779765
0.001802638175711954
0.001789380870750438
0.001794970567147373
0.001788645310239629
0.001807866864535395
0
0.001780158303222619
0
0.001807795251856451
0.001733628154463125
0.001761085787006231
0
0.001797377884159821
0.001766391938952884
0.001686791824134061
0.001650212978020822
0.001671531024176949
0.001791575470125481
0.001195070002875996
0.001758259412897376
0.001395450329632006
0.001712922825964057
0.001728745928650852
0.001696025159654667
0.00158914091540515
0.001746331782771261
0.001081926887522449
0
0.001431825042609451
0
0.001526148261706261
0
0.001014631028867798
0.0008167960648411795
0.001652023687541658
0.0008010528497821436
0.001720169231230278
-0.0001589471904830064
0.0002188769924348168
0
0
