0
0
0
0
0
0
0
0
0
0.001078958850576323
0.00108772965248648
0.001204651515707295
0
0.0001442911727721501
0.001243612642727156
0.001731606649646243
0.002056757565837911
0.001836779875632413
0
0.001489461902832251
0.001527841863303122
0.001198210740770715
0.0009022158080572905
0.001144173008689684
0.0007183703907280016
0.0009568295175876692
0.001570885181723351
0.001207768813970877
0.00138814354100811
0.001354732164230656
0.001560654439944883
0.0009417654431557764
0.001412154411636845
0.001039469036103544
0.001121886051346386
0.001653004623384388
0.001709461618802037
0
0
0.0009140373422719532
0.001711012545971183
0.001171190401668759
0.0005148329546924216
0.0009293552353602085
0.001671763175416099
0.001707334651442259
0.00162114672236974
0.001633730011942624
0.001522399994758778
0
0.00168076611241012
0.00121926031498536
0.001408715214413437
0.0008908365689182324
0.0009511051742938924
0.0002316995728349938
0.001129054238272256
0.0006827659872885812
0
0
0.0002327322152838956
0.0004902293598511662
0.001747863551278545
0.00154086840426368
0.002042605085124406
0.001693051622687146
0.001663517498846087
0.001692698081853675
0
0.001740867774708333
0.001294288341907593
0.001350510997808513
0
0.001220634111627392
6.806297828698643e-06
0.001358446112778305
0.001168487015581831
0
0.001669195447991486
0.001345551728817441
0.001701034908239326
0
0.001432419011086757
0.001709794690479555
0.001563959690384499
0.000999029776846627
0.001645628086654567
0.0009436538838006487
0.001345431587038132
0
0
0.0007280805982032444
0.001623649119261822
0.001673783560276729
0.0002754113352608188
0.00112894379710396
-9.567900743584009e-07
0.0004109791619282126
-0.005965111078270172
0
0.001414555022564782
3.054965680645813e-06
0
0.001529350929926731
0
0.001824123655622837
0.001330352266954969
0
0
0.001860543250281601
0.001847961759786745
0.001259400687942073
0.001482521866966646
0.001567059427527089
0.001208817346444462
0
8.915951410102285e-05
0.0005809221024283943
-0.000664566748729185
0.0009036082232100664
0.0009717317827811456
0.0005966458427147747
0.0008128058967142984
0.000794366357219144
0.0004399943492992317
-3.282382163328676e-05
4.072796473188023e-05
1.19665600226177e-05
0.000142208972509145
2.974134765225799e-05
0.0002859037739089841
0.0003553476789128439
0.0001348652846850997
0.000522578655159706
0.0004708279987762761
-1.414603469553795e-05
9.043070474921927e-05
0.0002621517103041873
-5.653016981123554e-05
0.0002225360316210541
5.179518635120141e-05
9.81863508670821e-05
8.985986641518197e-06
-1.105297461343769e-05
2.54657120985244e-06
0
-0.0002525853702121109
0.001095695435161541
0.0006253561765171508
0.001151105608947937
0.001322625211112413
3.995115198476415e-05
-0.0003064193238205606
-6.424175060744818e-05
-0.0002174466545048873
-3.611353397120637e-06
-7.141039682621598e-05
0
-1.195181496702169e-06
0.0004154243286633435
-1.572425907682701e-05
1.474156453028703e-06
3.063622100741413e-06
1.789661156735526e-07
4.010584042799727e-06
-1.007282293819843e-06
2.939884895246279e-05
0.0001768481390634637
2.111907283773887e-06
-2.300429625188861e-05
-9.372278802881023e-07
3.24451783008269e-06
9.269317100444162e-05
-1.610243431971179e-06
0.0008545780823312998
0
1.817589646103136e-06
4.907876826760107e-05
-3.390960547876098e-05
3.439350573608136e-06
1.480638602207584e-05
-5.341101227680911e-07
0
-2.832155686531775e-05
0.0002252076168224271
-7.420503811996032e-06
0.0001189015095316469
0.000535405018850826
0.001084874039048636
0
6.110028136233033e-05
0.0003500711436424001
0
0
8.154273443848372e-05
1.591814505148326e-05
-0.0001167174301263663
0.0001286707566540901
0.0003166363399496958
0.0002849387399502548
0.001008513490606322
0.0002987886609652217
0
0.0003519057270878396
0.0007679233328202608
7.392377084375259e-05
0.0003502218815772912
0.0004464830290070106
0.0002088159990452737
0.0005766004706191385
-0.0003613960653600628
-0.0004587011648783051
0.0003268988063925004
-0.0003012188939916742
0.0007931535087742547
0.0002353653302655636
0.0004912719035504561
0.0008154984191416815
0
0.0003686306318053845
0
0.0002086861294034453
0
0.0007046899018235141
0
0.0007213401396259565
-7.663741680440387e-06
0.001499702199949773
0.0002216817083285756
0.001653266322477136
8.659906526731258e-05
0
0.0008748743264436777
0.001022933665594955
0.0001754507160501248
0.0004737770934328602
0.001487312921902677
0.0008165423942826778
0.0007130848384379449
0.001434629599057965
0.00166698594175208
0.001749851654485236
0.001748025091498426
0.001798528563337618
0.0008794126831892366
0
-0.0001361778370132191
0
-0.0007325376218121085
0.001018807708288444
0.001595237673700929
0.00124818172552238
0.0003525973209741129
0.000860102399008291
0.001670922259554828
0.001782577518852492
0.001858573310425221
0
0.001594603618146583
0.002060130567840531
0.00159284279081766
0.001489248730012651
0.001275047177333156
0.001540934432905218
0.001794239569497648
0.001393140064190134
0.001422245499846904
0.001807968031248942
0.001823615425570552
0.001043230028505693
0.001708255382633695
0.001800776475401662
0.001790250707846455
0
0.002066736196886222
0.001694627182628287
0
0.0003427090329891703
0.001963361884860469
-0.0006536030201318841
-0.0002540168340846742
0.0004108193722642275
0.0004790490560230361
8.577693909370455e-05
0.0002170834637858722
-3.167107414664546e-05
0.001240248915285276
0.001602685067422361
0.001562194271298959
0.0004412468284257129
0.001778512826185583
0.001272689124811934
0.00180549820795895
0.001852482988705961
0.002265007431074481
0.002026476992714638
0.001563914320110462
0.001283815771466825
0.001798174847762624
0.001798685625670045
0.001802741233837811
0.001802856048179763
0.001789664872779976
0.001795209612722438
0.001788879093111473
0.00180811060931951
0
0.001780383767196623
0
0.001808082503387008
0.001733992175507877
0.001761256296286064
0
0.001797665215078643
0.00176659357975906
0.001686771636509177
0.001649965495743669
0.001674725619471949
0.001791793991610898
0.001195409743273317
0.00175843594151268
0.001395896891050084
0.001712990393950873
0.001728953059485717
0.001696101351092384
0.00158932122680708
0.001746270079869285
0.001081799466251309
0
0.001432428420030922
0
0.001526443541655127
0
0.001015579539666864
0.0008172548765355153
0.001652459693528003
0.0008015828678620041
0.001720299948921915
-0.0001589465520401025
0.0002216507492774141
0
0
