0
0
0
0
0
0
0
0
0
0.001079019982045005
0.001086752653733535
0.001204254219036397
0
0.0001446612987334343
0.001245530609558959
0.001731745149402796
0.002056825520811285
0.001836907546086523
0
0.001489987037998566
0.001527867397592675
0.001198109097354206
0.0009010364118178393
0.001143804866677865
0.000718714172581463
0.0009556517172646471
0.00157085492445154
0.001207534068356242
0.001388023708309031
0.001354589017899672
0.001560887506911155
0.0009418418105174899
0.001412130946980193
0.001039424802593208
0.00112199272076492
0.001653075362586191
0.001709583632102759
0
0
0.0009141289884310694
0.001711147056145342
0.001171143211871228
0.0005151975789024095
0.0009294945924793559
0.001671891930357585
0.001707484587991746
0.001621261881588315
0.001633824781456502
0.001522476053011808
0
0.001680994652061254
0.0012192877481815
0.001408854819549946
0.0008910327224335218
0.0009513267972724389
0.0002320616161170538
0.001129253386085822
0.0006830441386772353
0
0
0.0002330760644767552
0.000490572098816691
0.001748047201709825
0.001541065787917382
0.002042750268086656
0.001693158124196451
0.001663636194511538
0.001692683944287218
0
0.001740936094869689
0.001294526556497589
0.001350869485544847
0
0.00122069072904315
6.684840600932499e-06
0.001358942753417556
0.001169129386103478
0
0.001669306612692711
0.001345121814734668
0.00170124684995719
0
0.001432601845952341
0.001709917040541811
0.001564050019197316
0.0009991249983312054
0.001645056171578982
0.0009438281200869799
0.001345410804463455
0
0
0.0007280922518734045
0.00162376702697117
0.001673930433432603
0.0002754511327705709
0.001128526769833693
-9.615904229440678e-07
0.0004112287416932039
-0.005965115873669546
0
0.001414489972460397
3.088275716464703e-06
0
0.001529768298479591
0
0.00182465353741019
0.001330549331799404
0
0
0.001860796814217131
0.001848647452531893
0.001260490341810454
0.001482917146750197
0.001567866609265409
0.001209513732255642
0
9.043274188522679e-05
0.0005826786203683449
-0.0006645755502029519
0.0009045989521574481
0.0009720391641367745
0.000597558664526698
0.0008132233892779694
0.0007952345659858157
0.0004414101363583581
-3.296219219434776e-05
4.221338236597767e-05
1.308989737696231e-05
0.0001438580229123624
3.043455542010344e-05
0.0002866281482295053
0.0003563122612035824
0.0001359943797370269
0.000523196256224775
0.0004713076279580831
-1.482535295925323e-05
9.085909259753135e-05
0.0002625202750573538
-5.650234421892286e-05
0.0002230639483612731
5.199474896226474e-05
9.891828399830742e-05
9.365317600310838e-06
-1.101878547971334e-05
2.527198738752688e-06
0
-0.0002525820605061093
0.001096818667458187
0.0006268745490364628
0.001151501069033741
0.001323126370267319
4.113750431827022e-05
-0.0003076951085844192
-6.421845096382539e-05
-0.0002159260500353998
-2.154034780495561e-06
-7.189314806924518e-05
0
-1.188761012652713e-06
0.0004137150909381929
-1.692663494104613e-05
1.051786763190402e-06
3.40936816523039e-06
8.333479837052663e-08
3.977057738720975e-06
-1.007157200164068e-06
2.969623057826944e-05
0.0001758262971703562
1.979158408613177e-06
-2.290341204653329e-05
-7.964948736012664e-07
3.132537331711491e-06
8.986204720150117e-05
-1.655038840283115e-06
0.0008535952287106095
0
1.834672841526666e-06
4.908082833917248e-05
-3.389477344896798e-05
3.06502581358806e-06
1.476384326039942e-05
-5.400458605904702e-07
0
-2.837594638163841e-05
0.0002199712687665788
-7.192404788346363e-06
0.0001188607910809215
0.0005357383943750345
0.001084418581091929
0
6.034857401934145e-05
0.0003443184655272756
0
0
7.91617109808035e-05
1.595035597788629e-05
-0.0001172175792999083
0.0001281680602117532
0.0003139466946836755
0.0002807736603934129
0.00100788297903336
0.0002949992899159649
0
0.0003510092361866069
0.0007648388392684397
7.392388165428547e-05
0.0003471066345859315
0.0004455277341877341
0.0002055273940050142
0.0005714526595187626
-0.0003621852251368531
-0.0004671418686834176
0.0003264431537884516
-0.0003007454649651942
0.0007924748667722353
0.0002319285256677301
0.0004906206072106048
0.0008151404715403819
0
0.0003678028431250779
0
0.0002065721543698946
0
0.0007023520275825237
0
0.0007210218819933856
-8.021210953989244e-06
0.001499516431504079
0.0002213094836399297
0.001653052668689021
8.659694374367538e-05
0
0.0008747043956656485
0.001022467422446205
0.000173457402074539
0.0004721545364927553
0.001486883240829909
0.0008157203830089029
0.0007124786382504671
0.001434139740873986
0.001666690214709415
0.001749751164451316
0.001747833972437458
0.001798404011019956
0.0008783371343545085
0
-0.0001362044195409351
0
-0.0007434877088002451
0.001018283332999667
0.001594999437738154
0.001248226855017037
0.0003521409377018425
0.0008596325151176116
0.001670725476455205
0.001782473174975913
0.001858430085731525
0
0.001594373720902571
0.002059964966786198
0.001592602722842277
0.001488962913250952
0.001274560243268736
0.001540629578999038
0.001794113773081865
0.001392893819304361
0.001421946316729547
0.001808068524902763
0.00182350789074931
0.001042340264157896
0.001708147789535462
0.001800693165131635
0.001790130982363669
0
0.002066594060621116
0.001694513476977187
0
0.0003418926440476665
0.001963725294166494
-0.0006559092861723976
-0.0002551110948209365
0.000413876678134628
0.0004787542184983451
8.787955405919761e-05
0.0002158235538329963
-3.19669995401271e-05
0.001239506713420628
0.001602466207446232
0.001562200113143065
0.0004376302010284068
0.001778331160425798
0.001272505187170354
0.001805396936332343
0.001852334704603033
0.002264777727532349
0.002026033317991584
0.001563637410216006
0.001283388647053527
0.001798068119530964
0.001798556570407924
0.001802621319283904
0.001802755473545829
0.001789535423880296
0.001795097505468382
0.001788770261143627
0.001807998209506655
0
0.001780279534551536
0
0.001807953281139864
0.001733836041594495
0.001761174174543503
0
0.001797534471651776
0.001766500853130904
0.00168676374139707
0.001650043322301294
0.001673470357169476
0.001791691890378324
0.001195273497643505
0.00175835068572354
0.001395712635346713
0.001712947959725422
0.001728856865139145
0.001696055900398969
0.001589235997473019
0.001746276055772887
0.001081833891861007
0
0.001432180206873729
0
0.001526319744961149
0
0.001015201666682665
0.0008170706643608466
0.001652274933234884
0.0008013721418617583
0.001720233830033478
-0.0001589467992259754
0.0002205701200125746
0
0
