0
0
0
0
0
0
0
0
0
0.001079028731511024
0.00108645024355286
0.001204130499859843
0
0.0001447502979592828
0.001246091879988985
0.001731784523806783
0.00205684372906426
0.001836943590500339
0
0.001490138243151026
0.001527870638862319
0.001198071757311218
0.0009006738591078889
0.001143687334674673
0.0007188076103482226
0.000955296356375718
0.001570842372582051
0.001207456273016364
0.001387981973542865
0.001354540466349966
0.001560957592166098
0.0009418546476629087
0.001412117766340229
0.001039401956680016
0.001122017469110715
0.001653093963124481
0.001709618092813452
0
0
0.0009141464907141465
0.001711185038515944
0.001171120728844956
0.0005152971199509527
0.0009295271470811284
0.001671927973333433
0.001707527285132615
0.001621293623140561
0.001633849788708644
0.001522493580490515
0
0.00168106004424368
0.001219288818216979
0.001408891563942207
0.0008910829788397557
0.0009513881291283703
0.0002321640554087529
0.001129307104757298
0.00068311866942546
0
0
0.0002331906714354692
0.0004906657311976033
0.001748099053425037
0.001541121507254019
0.002042790594739354
0.001693187952988187
0.001663669118135522
0.00169267758582411
0
0.001740954338877217
0.001294591682975491
0.001350968407256722
0
0.001220699050523297
6.658858393321833e-06
0.001359090018768082
0.001169309079381572
0
0.001669337743581129
0.001344991981525666
0.001701308232777258
0
0.001432654699861135
0.001709951450360972
0.001564074690068056
0.0009991503058886199
0.001644884276374487
0.0009438750735568545
0.001345404584629246
0
0
0.0007280956894439281
0.001623799153560338
0.001673972100103231
0.0002754633528891771
0.001128394802407707
-9.642673231505546e-07
0.0004113053802495046
-0.005965117231391447
0
0.001414465132203018
3.095881499312307e-06
0
0.001529886116461579
0
0.001824804884112922
0.001330600697975404
0
0
0.001860865780563988
0.001848843619356965
0.001260812696281498
0.001483027847467636
0.001568100814260881
0.001209691947038915
0
9.082845846620123e-05
0.0005831929956151403
-0.0006645796206014458
0.0009048939997775044
0.0009721216162010598
0.0005978306830303171
0.0008133392243021198
0.0007954918453708596
0.0004418468123176974
-3.301079005515994e-05
4.267919030623577e-05
1.344690384969153e-05
0.0001443793257606918
3.065861938075786e-05
0.0002868348180079666
0.0003566024363807143
0.0001363445267513622
0.0005233731985133649
0.0004714412696477793
-1.501536082029152e-05
9.09883104789037e-05
0.0002626112222475374
-5.649383139319649e-05
0.0002232069698403188
5.203058961449518e-05
9.91360091326493e-05
9.460652025289103e-06
-1.101029794365831e-05
2.526133677423661e-06
0
-0.0002525804836446524
0.001097153274544634
0.0006273336369123259
0.001151610847744893
0.001323269225107661
4.151550016554254e-05
-0.0003080959209801449
-6.421177578460807e-05
-0.000215432244995171
-1.919525486167809e-06
-7.204066522042111e-05
0
-1.186734533985932e-06
0.0004131935478553056
-1.728748569066127e-05
9.277557954114484e-07
3.565880909127334e-06
5.560882933364409e-08
3.983247081633354e-06
-1.007118821429794e-06
2.979954127837515e-05
0.0001755058932725806
1.965800315858164e-06
-2.287267293934582e-05
-7.851262269077845e-07
3.119087729600575e-06
8.900718378427699e-05
-1.664615311296858e-06
0.0008532997197905423
0
1.842369794423678e-06
4.90687307790678e-05
-3.389015886361841e-05
2.975252417069649e-06
1.477510126951704e-05
-5.416934018106457e-07
0
-2.844091992372447e-05
0.000218383516824113
-7.125905961258116e-06
0.0001188486236892097
0.0005358573991272922
0.001084301088370838
0
6.01263130368828e-05
0.0003425630010899927
0
0
7.845850556367713e-05
1.595151319699219e-05
-0.0001173704195071595
0.0001280226104096327
0.0003131216733089785
0.0002795057291556529
0.001007691428782182
0.0002938435284399206
0
0.0003507428570174305
0.0007638971505900529
7.392391486688836e-05
0.0003461704876348004
0.0004452417730253625
0.0002045330987439797
0.0005698762191970043
-0.0003623892681985261
-0.0004696072437079774
0.0003263001112477886
-0.0003006451983877831
0.0007922701384915403
0.000230888110592609
0.0004904264119860964
0.0008150321202658001
0
0.0003675565161613369
0
0.0002059354637042548
0
0.0007016430655349208
0
0.0007209268262558194
-8.121337315551148e-06
0.001499455323391445
0.0002211979635330151
0.001652982543826825
8.659651067659539e-05
0
0.0008746501590588912
0.001022325668952956
0.000172839827569888
0.0004716610910230396
0.001486754018283169
0.0008154808734254209
0.0007123174343321576
0.001433997947833782
0.001666601764827587
0.001749712370603203
0.001747771351447961
0.0017983577677831
0.0008780151171315477
0
-0.0001362122627517294
0
-0.000746741112047246
0.00101812413746731
0.001594923302207727
0.001248247245304274
0.0003520083345196702
0.000859490125194601
0.001670659270740234
0.001782430694335074
0.001858377849010436
0
0.0015943035391225
0.002059904548007834
0.001592528594404254
0.001488872085444061
0.001274410843795554
0.001540533423440741
0.001794067782679457
0.001392816902420784
0.001421854180627943
0.001808088934953029
0.001823468011174838
0.001042073557685596
0.001708108527481725
0.001800659514112071
0.001790088316910025
0
0.002066542067836045
0.001694467220976677
0
0.0003416546671159653
0.001963827875092518
-0.0006565996725775096
-0.000255445405816524
0.0004147815711606561
0.0004786577515243264
8.845322960197491e-05
0.0002154459881953837
-3.203594156084416e-05
0.001239287967031178
0.001602404470898736
0.001562200698504265
0.0004365497984674243
0.001778270025521446
0.001272446408527817
0.001805357224263126
0.00185228336723367
0.002264702671928604
0.002025910449271358
0.001563547837169161
0.001283256423708691
0.001798027829331573
0.00179851015221471
0.001802577171328746
0.001802715303579145
0.001789489339072122
0.001795055613120115
0.001788729441512327
0.001807955833288288
0
0.001780240185808391
0
0.001807906113683723
0.001733781306678736
0.001761141756478883
0
0.001797487771980461
0.001766462797097097
0.001686755555450745
0.001650062907220837
0.001673092284004469
0.001791653097940579
0.001195219151850961
0.001758317973931877
0.001395649339692143
0.001712928891554796
0.001728820500688534
0.001696036076366662
0.00158920528393984
0.001746272170568017
0.001081845301757702
0
0.001432103120738723
0
0.001526271097501603
0
0.00101508632507593
0.000817001630647711
0.001652209590063111
0.0008013031281370029
0.001720206828643562
-0.0001589468735355945
0.0002202505676840194
0
0
