0
0
0
0
0
0
0
0
0
0.001078949865350218
0.001084972256680239
0.001203495989024976
0
0.0001451972979976443
0.001248713485023799
0.001731905013497574
0.00205685645673441
0.001837039158816901
0
0.001490748142955901
0.001527827320574978
0.0011978117078211
0.000898922646333438
0.001143054069331903
0.0007191323645457466
0.0009535733238272719
0.001570722089712358
0.001207010216365996
0.001387715400285445
0.001354242988287663
0.001561223191717289
0.0009417997750021068
0.001411986887842694
0.001039190211533879
0.0011220578891168
0.001653117731685093
0.001709715442931647
0
0
0.0009141261349009385
0.001711300104779281
0.001170928334217729
0.0005156731512765198
0.000929589365656727
0.001672033946747224
0.001707663725337873
0.001621381580416468
0.001633904998196519
0.001522510830922055
0
0.001681304769540497
0.00121921533121193
0.001409001197999995
0.0008912532329086179
0.0009516359121396526
0.0002325560316714083
0.001129506193158438
0.0006834366995988486
0
0
0.000233791691862971
0.0004910303197830528
0.001748276429254758
0.001541322654389444
0.002042905017112842
0.001693263702321132
0.00166376284055678
0.001692585771941559
0
0.001740975865692387
0.001294814227081032
0.001351294435328696
0
0.001220630547687244
6.582358976579554e-06
0.001359739217265747
0.001170125667320497
0
0.00166942203272023
0.001344327802830887
0.00170153229948465
0
0.001432856744851241
0.001710049241012381
0.001564129565921187
0.0009992295859594614
0.001643997708417614
0.0009440820492092885
0.001345374627912768
0
0
0.0007281112345039342
0.001623899389122816
0.001674103772320246
0.0002754967763575247
0.001127692380787475
-9.755583794339874e-07
0.0004116310628757872
-0.005965123255642805
0
0.001414337221484982
3.108949053121689e-06
0
0.001530331968858263
0
0.001825404125775864
0.001330737935164576
0
0
0.001861084537024514
0.00184962873458537
0.001262084324491132
0.001483407884970198
0.001569037920091189
0.001210398758706681
0
9.248379748481236e-05
0.0005853156537442662
-0.0006646135542636718
0.0009060334973481544
0.0009723605019548942
0.0005988588494626289
0.0008137369183457181
0.0007964734071775002
0.0004435364234569745
-3.32993323169822e-05
4.449416941669005e-05
1.490702532477515e-05
0.0001462643552879614
3.142146004454445e-05
0.0002876253499001496
0.0003576782004787875
0.0001374341965265363
0.0005240423962625178
0.0004719517959461488
-1.584266330989004e-05
9.139944292090443e-05
0.0002630049226972592
-5.646006631035542e-05
0.0002237729397083123
5.219158184249736e-05
9.982231866037083e-05
9.853974839691807e-06
-1.097705545224202e-05
2.531530814434043e-06
0
-0.0002525742572360744
0.00109847115501806
0.0006291792672004608
0.001151960208571389
0.001323760744518751
4.284852211729132e-05
-0.0003100545507394338
-6.417485410638807e-05
-0.0002128523575751509
-1.425714872884275e-07
-7.27702429546679e-05
0
-1.176615948185092e-06
0.000410979150388318
-1.898196443635888e-05
3.729301378463775e-07
3.872978274164289e-06
-7.662791236155787e-08
4.065407087466414e-06
-1.006934579793655e-06
3.002581631984146e-05
0.0001741165951147392
1.931864829047015e-06
-2.272200393063272e-05
-7.530862431940671e-07
3.08535395147371e-06
8.552874625828847e-05
-1.702992576295999e-06
0.0008520165028909353
0
1.876967934910994e-06
4.91520962627784e-05
-3.386712240407655e-05
2.680895003943656e-06
1.489155582234126e-05
-5.460044946659382e-07
0
-2.883337903559529e-05
0.0002118794542021094
-6.858176927416576e-06
0.0001187901126206881
0.0005363632329966045
0.001083639970304054
0
5.924280123240552e-05
0.0003353832294350077
0
0
7.562960865838062e-05
1.604018711912977e-05
-0.000118132112001274
0.0001273511276509207
0.0003097523473926808
0.0002742729999493619
0.001006886947282531
0.0002891448234126222
0
0.0003496236897055443
0.0007600693355165457
7.392403716837647e-05
0.0003422394351435383
0.0004440068345249808
0.0002004476391674779
0.0005633343593145381
-0.000363435659133492
-0.0004810856134220341
0.0003255719898535826
-0.0002997322016385898
0.0007914102150360584
0.0002266476448730525
0.0004896269568678189
0.0008145877430252672
0
0.0003665591877059318
0
0.0002032933313247775
0
0.0006987650414373577
0
0.0007204707501630021
-8.552317923979605e-06
0.00149923290348597
0.0002208029252461084
0.001652735112805762
8.660646725903891e-05
0
0.0008744562941225562
0.001021741964426453
0.0001703136875082136
0.0004695686316709437
0.001486197700796481
0.0008143556193373738
0.0007114424177596656
0.00143334260621443
0.001666238197555719
0.001749626088593705
0.001747555055755027
0.001798237390178508
0.0008765865472303905
0
-0.0001362497692150296
0
-0.0007597825537211577
0.001017464335020642
0.00159463524048455
0.001248252119316348
0.000351470632959564
0.0008589103933389523
0.00167043609421451
0.001782331187202827
0.001858237560666082
0
0.001594022820570525
0.002059746307255443
0.001592212350798831
0.001488522598927719
0.00127379276889202
0.001540158493188034
0.001793945850351852
0.001392503462932223
0.001421472597505261
0.001808279063989504
0.001823371391295732
0.00104090301851068
0.001707996252119694
0.001800595853631795
0.001789971616964228
0
0.002066396935940221
0.001694340726813775
0
0.000340478607063668
0.001964214032297465
-0.0006599118935819074
-0.000257094125077095
0.0004181484354381108
0.0004781455199647455
9.065645570962498e-05
0.0002137190070955814
-3.228007939115863e-05
0.001238634395485191
0.001602110336002033
0.00156210343435167
0.00043196075646055
0.001778064153386064
0.001272214508361951
0.001805269730961843
0.001852123216879034
0.002264436654738145
0.00202531114470918
0.001563213651910304
0.001282720370103296
0.00179792785680933
0.001798381387774637
0.001802461319305031
0.001802619684111952
0.001789359619735485
0.00179495142467532
0.00178862717665242
0.001807848060839406
0
0.001780141021177958
0
0.001807774509842993
0.001733603616081466
0.001761071218257509
0
0.001797356644064574
0.001766375486462799
0.001686788816694004
0.001650224700658264
0.001671362390767025
0.001791558336827547
0.001195046303056519
0.001758245357601871
0.001395420741744296
0.001712915093255248
0.00172873016094522
0.001696017019473902
0.001589128047170956
0.00174633111876368
0.001081931494268064
0
0.001431790931325906
0
0.001526125653576943
0
0.001014579088749542
0.0008167697132987747
0.001651995696981461
0.0008010191012835845
0.001720157637683449
-0.0001589472227274697
0.0002187358853160001
0
0
