0
0
0
0
0
0
0
0
0
0.001079026177976251
0.001086484214573205
0.001204143002401852
0
0.0001447411597880202
0.00124602576134406
0.001731778003539902
0.00205683948700647
0.001836937165551107
0
0.001490120565472171
0.001527868449882599
0.001198074034138609
0.0009007147036202267
0.001143697708346675
0.000718794503489092
0.0009553359995444916
0.001570842012780751
0.001207462162694882
0.001387984299644881
0.001354543831738047
0.001560947454797411
0.000941851157591302
0.001412117086873224
0.001039402104200589
0.001122012197755264
0.001653089925530963
0.001709612187917749
0
0
0.0009141419473744538
0.001711178695331716
0.001171120698477095
0.0005152809052571858
0.0009295206529566416
0.001671922046177124
0.001707520511009896
0.001621287903072735
0.001633845258794029
0.001522489751065715
0
0.001681051033950346
0.001219286339471857
0.00140888564940185
0.0008910740541457772
0.0009513790770436762
0.0002321431945915481
0.001129298673364305
0.0006831056763575823
0
0
0.0002331747353811871
0.0004906495880325043
0.001748091733206551
0.001541113721978871
0.002042785060307595
0.001693182716746391
0.001663663574081153
0.001692678010511523
0
0.001740950896185311
0.00129458281410654
0.001350957060745471
0
0.001220696519453783
6.66143927735428e-06
0.001359072484671993
0.001169287583048561
0
0.001669332170532307
0.001345006806474304
0.0017012989887165
0
0.001432647111721518
0.001709945637227866
0.001564069946492841
0.0009991466377903748
0.001644902443346048
0.0009438710381950807
0.001345405302100466
0
0
0.0007280952939019428
0.001623794233858512
0.001673965156543758
0.0002754618781020851
0.001128407225695954
-9.639885366959213e-07
0.0004112930682002759
-0.005965117076839041
0
0.001414470549180376
3.094964217249165e-06
0
0.001529872206961864
0
0.001824787678781286
0.001330593592091507
0
0
0.001860857330270954
0.001848822094899517
0.001260780663983625
0.00148301574641415
0.001568076424776332
0.001209676264237818
0
9.079587252018174e-05
0.0005831434920923848
-0.000664579119160702
0.0009048639181671831
0.0009721121749853585
0.0005978028730563161
0.0008133255388573482
0.0007954650303651178
0.0004418048351061713
-3.300500587800884e-05
4.263645364547348e-05
1.342146740291479e-05
0.0001443469157801162
3.063966795611699e-05
0.0002868141714909461
0.0003565771909190977
0.0001363310744294123
0.0005233532089548665
0.00047142397702021
-1.499379040931624e-05
9.097844879409863e-05
0.0002625978160790219
-5.649481619530204e-05
0.0002231912175562488
5.202740574269962e-05
9.912489649369377e-05
9.450924238828444e-06
-1.101125200914648e-05
2.526087189760123e-06
0
-0.0002525806606839913
0.001097119300337963
0.0006272856400083631
0.001151599016407684
0.001323254272327466
4.146183330076217e-05
-0.0003080492985771383
-6.421253334030466e-05
-0.0002154937625667668
-1.974204898580232e-06
-7.202359855273183e-05
0
-1.186977869304997e-06
0.0004132540194339681
-1.724576000738081e-05
9.420405843832432e-07
3.558536317288481e-06
5.880223705546177e-08
3.980849303722654e-06
-1.007123227056569e-06
2.978730332799482e-05
0.0001755444509711953
1.967149872621469e-06
-2.287621308778178e-05
-7.85984587010584e-07
3.120163142050621e-06
8.909952919656841e-05
-1.663755033250403e-06
0.0008533298858801395
0
1.841595740697867e-06
4.907935348341973e-05
-3.389069613393657e-05
2.985567369024578e-06
1.477379440036263e-05
-5.414511606119057e-07
0
-2.84332754325417e-05
0.0002185614990772132
-7.133965834858278e-06
0.000118850025883417
0.000535842447813597
0.001084313979855085
0
6.014607808836192e-05
0.0003427693060619608
0
0
7.853103586053492e-05
1.59605401191252e-05
-0.0001173527233720153
0.0001280392688883231
0.0003132190215133795
0.0002796562396368212
0.001007709079826013
0.000293978747163254
0
0.0003507699605384937
0.0007640106366511641
7.392391113658254e-05
0.0003462927137717484
0.0004452708610598821
0.0002046487611028606
0.0005700649811523879
-0.0003623653527499481
-0.000469320193255733
0.0003263167623360952
-0.0003006485081847403
0.0007922892817209422
0.0002310096431688701
0.000490444786216513
0.0008150422419578546
0
0.0003675821051014203
0
0.0002060107446520747
0
0.0007017306676774501
0
0.0007209378007505383
-8.107079608470195e-06
0.001499458663975566
0.0002212131374211325
0.001652986681637662
8.659654907480514e-05
0
0.0008746542249159304
0.00102233823064792
0.0001729122742186289
0.000471716916595773
0.001486765292793207
0.0008155068392536845
0.0007123376885322381
0.001434010852847293
0.001666607672017422
0.001749712728032013
0.001747774210338414
0.00179835912771148
0.0008780495181941544
0
-0.0001362113602668247
0
-0.0007463482022924996
0.001018138028386722
0.001594928260546455
0.001248244503138322
0.0003520224331131334
0.00085950348629693
0.0016706631332097
0.001782432228347015
0.001858380130546959
0
0.001594311534398614
0.002059906791461209
0.001592533853743303
0.001488878713729919
0.001274423461469143
0.001540540669256554
0.00179406947171874
0.00139282239094769
0.001421861322833354
0.001808083799333599
0.001823468467264721
0.001042100334461212
0.001708108950580162
0.001800660098330865
0.001790088947006032
0
0.002066545360621616
0.001694471495577128
0
0.0003416820277123814
0.001963816064603211
-0.0006565200708669519
-0.00025540672890587
0.0004146773335578528
0.0004786691202717858
8.837100797312418e-05
0.0002154890722888462
-3.203128280760444e-05
0.001239323771708272
0.001602408451739975
0.001562200659751323
0.0004366875033465356
0.001778272770340359
0.001272450150207149
0.001805357734342833
0.001852285689509575
0.002264706050452206
0.002025917982467098
0.001563554478752325
0.001283267561856197
0.001798029607892082
0.001798511770100056
0.001802578634270641
0.001802717367960451
0.001789491097301625
0.001795056511686995
0.001788730937913669
0.001807957681969583
0
0.001780242245918734
0
0.001807908520327712
0.001733784740232168
0.001761142760516
0
0.001797489452187368
0.001766464308011462
0.001686754518419739
0.001650057436591064
0.001673137562002125
0.001791654703538451
0.0011952229676731
0.001758319370865524
0.001395653499549667
0.001712929058154872
0.001728822526467864
0.001696036292632271
0.001589206874122354
0.001746270723146055
0.001081840438764645
0
0.00143211014318756
0
0.001526273223905243
0
0.001015097826543626
0.0008170095701153376
0.00165221433273755
0.0008013077160969412
0.001720207650959255
-0.0001589468649768566
0.0002202873418633175
0
0
