0
0
0
0
0
0
0
0
0
0.001078997090172859
0.001086018850539127
0.001203944824151663
0
0.000144898156164978
0.001246874891516534
0.001731819035286721
0.002056846023323307
0.001836970354545953
0
0.001490312204380019
0.001527858139714902
0.001197993914892897
0.000900163026552696
0.001143501431763062
0.000718881290373488
0.0009547877650842898
0.001570806538037359
0.001207324860271496
0.001387903740150533
0.001354453009600455
0.00156103479040121
0.0009418275862469035
0.001412078884096564
0.001039333478063209
0.001122021985435039
0.001653099973753183
0.001709645959123207
0
0
0.0009141295134647191
0.001711218063064335
0.001171060416712072
0.0005153882189042856
0.0009295343568979578
0.001671958318660287
0.00170756679649045
0.00162131881842626
0.00163386521786604
0.001522498390099476
0
0.00168113151248321
0.001219263014672602
0.001408920625744069
0.0008911234237019486
0.0009514547733969694
0.0002322771403205616
0.001129359561910314
0.0006831969391606829
0
0
0.000233331909784142
0.0004907577089220833
0.00174814974577959
0.001541178189282725
0.002042822216088946
0.001693209372468808
0.001663696231883557
0.001692648608283444
0
0.001740959652220973
0.001294654650379581
0.001351056588952297
0
0.001220673511846956
6.63118350173787e-06
0.001359276950354531
0.001169578028091411
0
0.001669362064559157
0.001344794868214823
0.001701373779061959
0
0.001432713965944138
0.001709979511863044
0.001564090577925191
0.0009991738520884845
0.001644620891280924
0.0009439378328169697
0.00134539574453906
0
0
0.0007281005355198419
0.001623828567977593
0.001674010291436921
0.0002754728328722326
0.001128188031994511
-9.678592440932378e-07
0.000411400016999269
-0.005965119093241351
0
0.001414427674706642
3.103044302290699e-06
0
0.001530011637536
0
0.001824978186801294
0.001330636140256119
0
0
0.0018609260803042
0.001849073024519888
0.001261191188930599
0.00148313624920245
0.001568378102909894
0.001209906928795697
0
9.131190316940489e-05
0.000583841929094898
-0.000664586773493234
0.000905219547945299
0.0009721737400203166
0.0005981198536394394
0.0008134345479923033
0.000795766395871346
0.0004423376711942146
-3.308672747795513e-05
4.32281572534324e-05
1.387049045234658e-05
0.0001449308477863396
3.087699454594237e-05
0.0002870639885284751
0.0003569100660601107
0.0001366523924322187
0.0005235543958340409
0.0004715746829644457
-1.527376559649447e-05
9.109679044418176e-05
0.0002627243264709549
-5.648150956624707e-05
0.0002233705968743341
5.209327512901459e-05
9.933230237420706e-05
9.583170056265756e-06
-1.099916333771879e-05
2.527003367469987e-06
0
-0.0002525783773739237
0.001097539198223794
0.0006278752317441343
0.001151700976654042
0.001323408372612506
4.19308715770477e-05
-0.0003086546380395791
-6.420216760685097e-05
-0.0002147172835612286
-1.266498200076642e-06
-7.225254058991817e-05
0
-1.183744706499692e-06
0.0004125689177859746
-1.779531417077035e-05
7.567649222011822e-07
3.632513176464276e-06
1.63430288005597e-08
4.009851336987045e-06
-1.007064926223843e-06
2.987870386070248e-05
0.0001751203544496741
1.951260295316727e-06
-2.282888789977782e-05
-7.672852055113248e-07
3.10533863033003e-06
8.796743256688699e-05
-1.676841582239966e-06
0.0008529447195294819
0
1.853223810716738e-06
4.909034776840576e-05
-3.388346289287633e-05
2.859141837102627e-06
1.479750586762954e-05
-5.434466266487179e-07
0
-2.854189820375302e-05
0.0002164419265894312
-7.031490760463567e-06
0.0001188313781969964
0.0005359974904536757
0.001084112080998593
0
5.985662793061549e-05
0.0003404358668797292
0
0
7.759203187304676e-05
1.598193404190396e-05
-0.0001175906845028446
0.0001278196486553174
0.000312156472774592
0.000277950386952137
0.001007474608415489
0.000292470773714375
0
0.0003504493488692152
0.0007627868428920197
7.392396183130758e-05
0.0003449983989632935
0.0004449081529181977
0.0002033423404123885
0.0005679476799570698
-0.0003626893505551625
-0.0004730515508168129
0.0003260923294975539
-0.0003004004923768592
0.0007920405402250104
0.0002296529953763041
0.0004902216192207376
0.0008149190667373631
0
0.0003672912809205805
0
0.0002051757176902334
0
0.0007008276882879146
0
0.0007207918934316646
-8.226837349393242e-06
0.001499400065561706
0.0002211056652540961
0.001652919925425419
8.659611237137228e-05
0
0.0008746038119072033
0.001022172352199729
0.0001721145193851094
0.0004710721548193489
0.001486605293482837
0.0008151634865047516
0.0007120652032712232
0.001433818997119631
0.001666506009865757
0.001749696553001203
0.001747719746242771
0.001798330640196576
0.0008776135904502116
0
-0.0001362233431373276
0
-0.0007508412143881679
0.001017949396715387
0.001594848769699908
0.001248260465519958
0.0003518774218536761
0.0008593391914544323
0.001670604436595261
0.001782409001078884
0.001858344876052108
0
0.001594219635701961
0.002059868369681122
0.001592443463881192
0.001488780994509858
0.001274244976310506
0.00154043614410652
0.001794040151009539
0.001392735556442981
0.00142175356400007
0.001808154261466854
0.001823447878444904
0.001041748600608229
0.00170808449163662
0.001800649094423154
0.001790062024729392
0
0.002066508379546051
0.001694439207061212
0
0.0003413033719395717
0.001963937714225943
-0.0006575798089294502
-0.0002559251685138783
0.0004158657344462807
0.0004785144434588982
8.917825257783703e-05
0.0002149008388022134
-3.212847222695034e-05
0.001239149542262914
0.001602325772204131
0.001562174287143703
0.0004351920912379581
0.001778218747319008
0.001272388371375116
0.001805341131657481
0.001852244591614126
0.002264634906159922
0.002025737837891691
0.001563461982507972
0.001283114513751936
0.001798006415784699
0.00179848060935558
0.0018025514189622
0.001802696489212483
0.001789459427774784
0.001795033423253311
0.001788707420097486
0.001807932415734204
0
0.001780218853435719
0
0.001807875257692332
0.001733737527116475
0.001761128835097241
0
0.001797457483919129
0.001766444910526797
0.001686772071743039
0.001650115957601074
0.001672584146203719
0.001791633235530924
0.001195173730334191
0.001758303910553805
0.001395588745632392
0.001712931627315395
0.00172880143062023
0.001696037061990275
0.001589188122989746
0.001746295882336067
0.001081872596516459
0
0.001432014851693895
0
0.001526235815910906
0
0.001014939242164345
0.0008169348437721562
0.001652152809035205
0.0008012238449475206
0.001720199383485102
-0.0001589469784331701
0.0002197995802896515
0
0
