0
0
0
0
0
0
0
0
0
0.001078955957277769
0.001085344380781177
0.001203656074066002
0
0.0001451075379144524
0.001248064723186016
0.001731870005532787
0.002056847778407284
0.001837009392278678
0
0.001490591738415005
0.00152783613028081
0.001197869251886476
0.0008993651785644543
0.001143203156018112
0.0007190304433603149
0.000953998853131002
0.001570750048918781
0.001207112461753113
0.001387775350987223
0.001354312533406606
0.001561154730655333
0.000941797313324375
0.001412012318603176
0.001039229690645386
0.001122035522013193
0.001653108297268198
0.001709686177879698
0
0
0.000914115092579518
0.00171126664451706
0.001170965404687575
0.0005155582228590327
0.0009295581700042754
0.001672003570667644
0.001707624841682369
0.001621356222606121
0.001633887052320511
0.00152250039959428
0
0.001681240174565807
0.00121922307757417
0.001408966942209506
0.0008911972451006512
0.0009515662203342821
0.0002324409395808268
0.001129448068586821
0.0006833395896418407
0
0
0.0002336130281104474
0.0004909182670703968
0.001748227594143827
0.001541267582950124
0.002042872067476093
0.001693240527206946
0.001663733964961903
0.00169260791631363
0
0.001740966194089505
0.001294752742083641
0.001351204590598308
0
0.001220637526401441
6.601582370689441e-06
0.001359572618695203
0.001169928257562696
0
0.001669395582273289
0.001344488846155161
0.001701471263263797
0
0.001432802100402998
0.001710019972248623
0.001564109516433764
0.0009992023325275567
0.001644214523568304
0.0009440269613645249
0.001345382149693108
0
0
0.0007281076878247453
0.001623869857347949
0.001674065646207669
0.0002754880658134203
0.001127858488473048
-9.726476699167546e-07
0.0004115498535383329
-0.005965121818606096
0
0.001414366917227609
3.107604991297154e-06
0
0.001530215912389149
0
0.001825252316684087
0.001330696250602586
0
0
0.001861027160662299
0.001849429230870505
0.001261760399371682
0.001483307974686004
0.001568799904816089
0.001210216305172627
0
9.207118580082337e-05
0.0005847850573659383
-0.0006646031034037073
0.0009057387791814229
0.0009722839599900175
0.00059859314499543
0.0008136194012363498
0.0007962171492696739
0.0004431055426244874
-3.321886237854865e-05
4.405659860202246e-05
1.453976238456464e-05
0.0001457850693083197
3.124279206456115e-05
0.000287428798588764
0.0003574047569352575
0.0001371608847906981
0.0005238641727531647
0.0004718111175974234
-1.564692831552759e-05
9.130261865233913e-05
0.0002629044167545652
-5.646143868778907e-05
0.0002236362678699431
5.217509526432587e-05
9.965243874859219e-05
9.759600091068992e-06
-1.098428504466027e-05
2.529795975402584e-06
0
-0.000252575613475473
0.001098133997942627
0.0006287132619707305
0.001151860575526486
0.001323629996382236
4.254035849524171e-05
-0.0003095443093680818
-6.4184430153473e-05
-0.0002135086926550155
-5.617656473021986e-07
-7.25839213872529e-05
0
-1.179162752716743e-06
0.0004115672129248913
-1.856349196544904e-05
5.061418752541382e-07
3.820216955187367e-06
-4.37585886650168e-08
4.046399732005902e-06
-1.006983058775577e-06
2.996536174692423e-05
0.0001744880729064525
1.937628549915175e-06
-2.276067963040842e-05
-7.574709713531225e-07
3.092224103492329e-06
8.643369051171473e-05
-1.693102755292419e-06
0.0008523558370983685
0
1.868233796947311e-06
4.912717349543951e-05
-3.38729514480411e-05
2.742434906159488e-06
1.485420354298955e-05
-5.452340773943795e-07
0
-2.872372804821447e-05
0.0002135675735753569
-6.919904117470424e-06
0.0001188048633166714
0.0005362607514070879
0.001083826725418991
0
5.947275001061363e-05
0.0003372541513746117
0
0
7.634728863950284e-05
1.601927207993781e-05
-0.0001179368807468394
0.000127515163284005
0.0003106474522951741
0.0002756251942090084
0.001007098933694419
0.0002903796669494976
0
0.0003499270077630656
0.0007610873650547331
7.392403387518412e-05
0.0003432286990431947
0.0004443366162518111
0.0002015167814040403
0.0005650423554383095
-0.0003631698919040315
-0.0004782777527087245
0.0003257622251618331
-0.0002999532147167051
0.000791637510640315
0.0002277591437710929
0.0004898428979157867
0.0008146995625624107
0
0.0003668266510392795
0
0.0002039901404413699
0
0.0006995398051914662
0
0.0007205850416730047
-8.438505725957913e-06
0.001499287220871256
0.0002209178798390253
0.001652797439128943
8.660043761982101e-05
0
0.0008745045542044081
0.00102189226897986
0.0001709859755440262
0.0004701231625684069
0.0014863508701554
0.0008146573396338896
0.0007116833486492441
0.001433525416025392
0.001666342847701321
0.00174965129713374
0.001747617356202689
0.001798267491493707
0.0008769653551509356
0
-0.0001362403927714311
0
-0.000756646924321392
0.001017636191176378
0.00159470621062162
0.00124823563648756
0.0003516146752321821
0.0008590600069476536
0.001670494416996243
0.001782358299452544
0.001858271447761949
0
0.001594073237154011
0.002059785099141329
0.001592286630304671
0.001488610353503389
0.001273956181477125
0.001540259552644572
0.001793976696534169
0.001392579293918983
0.001421565752590508
0.001808232818855382
0.001823396433022828
0.001041213970952006
0.001708024476457552
0.001800613016577946
0.001790001169516271
0
0.00206643388491171
0.001694372219132484
0
0.0003407728594157131
0.00196411608506452
-0.0006590813838939754
-0.0002566737882618942
0.0004173583933054734
0.000478281451571046
9.017658501181473e-05
0.0002141452396442152
-3.222774355693061e-05
0.001238844808300983
0.001602201512197543
0.001562129241465182
0.0004331285847152227
0.001778114720495409
0.001272268735801989
0.001805293019300004
0.001852163087339031
0.002264500959740211
0.00202545055387711
0.001563300095702927
0.001282859379493292
0.001797953688105381
0.001798413957902761
0.001802491070357269
0.001802645511525639
0.001789391603705451
0.001794978107280674
0.001788653739670612
0.001807875960987342
0
0.001780166795468766
0
0.00180780810723577
0.001733649516044389
0.001761089835686604
0
0.001797389622523815
0.001766399442599428
0.00168678104574206
0.001650183036135623
0.001671789870962026
0.001791582974093966
0.001195093459721144
0.001758264032832688
0.001395481259710628
0.001712918815544416
0.001728753727794488
0.001696022178803101
0.001589147480736565
0.001746315775759812
0.001081909653334645
0
0.00143186908952879
0
0.001526165135087993
0
0.001014707254954286
0.0008168276696055015
0.001652047299046483
0.000801094017437005
0.001720170853614599
-0.0001589471364637773
0.0002191127295095938
0
0
