0
0
0
0
0
0
0
0
0
0.001078942453046691
0.001087839754830594
0.001204695385905341
0
0.0001442429124456332
0.001243379673364769
0.001731584911410763
0.002056743464842664
0.001836758736111599
0
0.001489390845071342
0.001527834010906927
0.001198214785088031
0.0009023514833612231
0.00114420901722398
0.0007183221905784207
0.0009569647892772981
0.00157088410157137
0.001207789350425939
0.001388151630820681
0.001354743256541517
0.001560617953209089
0.000941747754101219
0.001412150985163503
0.001039465999414267
0.001121867209676949
0.001652991582963468
0.0017094423113089
0
0
0.0009140186028978311
0.00171099142375812
0.00117118872699948
0.0005147843806872975
0.0009293314115276852
0.001671743351304579
0.001707312133511349
0.001621128171769938
0.001633713998768016
0.001522385282514236
0
0.00168073428705476
0.0012192505665604
0.001408693285087408
0.0008908071568428529
0.0009510763475744358
0.0002316614765900633
0.001129025197581864
0.0006827288332998082
0
0
0.0002327083945652387
0.0004901861985738929
0.001747837361594711
0.001540840790979203
0.002042582830331218
0.001693034112306053
0.001663498106963587
0.001692693781519459
0
0.001740854861498462
0.001294252173852784
0.001350458827540561
0
0.001220618307377896
6.831085373892214e-06
0.001358388290474049
0.001168408743873571
0
0.00166917696514751
0.001345598070874477
0.001701004245732619
0
0.00143239361826924
0.001709775467124075
0.001563941542503876
0.000999011465924298
0.001645688958071128
0.0009436282983951342
0.001345434046378609
0
0
0.0007280791971214111
0.001623631719004702
0.001673761866237607
0.0002754007136485296
0.001128985078041227
-9.57605633264361e-07
0.0004109434944174632
-0.005965110480080494
0
0.001414559033534937
3.051281753071349e-06
0
0.001529291938801173
0
0.001824052140630674
0.001330319769113314
0
0
0.001860503770034441
0.001847872747947736
0.001259273626007082
0.001482467156982445
0.001566960537913442
0.001208734675714199
0
8.903404572142451e-05
0.0005807321511954262
-0.0006645659264907697
0.0009034812617168866
0.0009716850785117802
0.0005965160405140156
0.0008127454789262377
0.0007942479715120583
0.0004398264610997801
-3.281020061439727e-05
4.058676898951608e-05
1.186278586722199e-05
0.0001420260886307414
2.966438653051719e-05
0.0002857872660949104
0.000355211848149649
0.0001346998754192993
0.0005224864637293615
0.0004707559107159877
-1.40614594468712e-05
9.03546901971465e-05
0.0002620853383311639
-5.653339535276953e-05
0.0002224429668815359
5.173264689742725e-05
9.806470911872796e-05
8.930606852292397e-06
-1.10577464795516e-05
2.552137993974687e-06
0
-0.0002525853845203797
0.001095560206695848
0.0006251767584325925
0.001151048617539159
0.001322558316027631
3.984281462217487e-05
-0.0003062754902258234
-6.424467419136107e-05
-0.0002176268822416073
-3.737630670506065e-06
-7.135440690026409e-05
0
-1.195973476384439e-06
0.0004156459277108001
-1.558198363622183e-05
1.524698978122594e-06
3.002315000921522e-06
1.908935542919499e-07
4.02263106994249e-06
-1.007298212199331e-06
2.937647363764908e-05
0.0001769855893386967
2.147895751484149e-06
-2.301599118438144e-05
-9.777234784314915e-07
3.271858462192253e-06
9.306040934572291e-05
-1.599781186514351e-06
0.0008547122118667776
0
1.818479195856046e-06
4.906357975761841e-05
-3.391130110433183e-05
3.483305861721086e-06
1.482783604039606e-05
-5.336711004945647e-07
0
-2.835385047521632e-05
0.0002258808888801652
-7.441022706487288e-06
0.0001189063456221746
0.000535372085484292
0.001084939675674673
0
6.120393353832464e-05
0.000350790786669801
0
0
8.186610751619013e-05
1.590664633108237e-05
-0.0001166587002433825
0.0001287315593285365
0.0003169688121339648
0.0002854776859452491
0.00100860360510747
0.0002992640042406891
0
0.0003520310316407053
0.000768326542334976
7.392375870558939e-05
0.0003506200384503077
0.0004466133224980885
0.0002092346798239617
0.0005772520841930914
-0.0003612675961920567
-0.0004576616496925663
0.0003269507973920593
-0.0003012870933877701
0.0007932513435699547
0.0002358037759637197
0.0004913687839927462
0.0008155546633176412
0
0.0003687491955015799
0
0.000208960188019537
0
0.0007050007163105578
0
0.0007213780056194071
-7.610557603626468e-06
0.001499733701989119
0.0002217392223025855
0.001653300520064856
8.659927930285308e-05
0
0.0008749050069674816
0.001023002663678209
0.0001756924120331384
0.0004739878837010167
0.001487378684629809
0.0008166542094121596
0.0007131652219362004
0.001434703410206469
0.001667035313486226
0.001749872024518804
0.001748059376554329
0.001798549572886843
0.0008795575906051353
0
-0.0001361746450431444
0
-0.0007312183295694756
0.001018884468540202
0.001595274947070267
0.001248184827835651
0.0003526683541676793
0.0008601733494271653
0.001670954181173931
0.00178259641316401
0.001858595643908211
0
0.001594622550035167
0.002060156742829212
0.001592878390506744
0.001489292275390445
0.001275117960824569
0.001540981397316077
0.001794260846738328
0.001393178699540182
0.001422290963813563
0.001807963021645665
0.001823635336160956
0.001043352281261314
0.00170827379762828
0.001800793773606817
0.001790271800273993
0
0.002066760794965939
0.001694649575736281
0
0.0003427978815771757
0.001963310099176973
-0.000653330031596887
-0.0002538905258658562
0.0004104744196349511
0.000479081997207152
8.554011555115981e-05
0.0002172292466981545
-3.162218219714933e-05
0.001240374070666596
0.001602722581353047
0.001562193426657813
0.0004417148264537443
0.001778543455387416
0.001272721046994073
0.001805519275449825
0.001852507936506637
0.0022650442354791
0.00202652906016743
0.001563957235476898
0.0012838787034563
0.001798194331271387
0.00179870824685428
0.001802762324274977
0.001802875012611069
0.001789688152863554
0.00179522957687691
0.001788898805642019
0.001808131009246155
0
0.001780402738785422
0
0.001808104832221368
0.001734016432651234
0.001761272761739815
0
0.001797688474336152
0.00176661148203383
0.001686777562344538
0.001649960923199014
0.001674877472272246
0.001791812865855783
0.001195430802498999
0.001758452251922654
0.001395924330418154
0.001713000832130667
0.001728970682506656
0.001696111972519075
0.001589336045743502
0.001746274398841166
0.001081796825698145
0
0.001432461733136728
0
0.001526464850264168
0
0.001015628212367268
0.0008172761046784995
0.001652485700175584
0.0008016110510498712
0.001720313582930324
-0.0001589465223503611
0.0002217801804331219
0
0
