0
0
0
0
0
0
0
0
0
0.001080372793607149
0.001089295137802165
0.001205690073375345
0
0.0001442804887933118
0.001242485429182924
0.001732376309311471
0.002057688332405383
0.00183767879546468
0
0.001490097759634011
0.001528641879185872
0.001199406521399475
0.0009037986207149484
0.001145664995899326
0.0007189626001079252
0.0009584735025866003
0.001571729992339512
0.001209191879287108
0.001389335466939804
0.001355838603358979
0.001561235488270793
0.0009432037827342806
0.001413310677812304
0.001041012236379825
0.001123396642209055
0.001653790442311498
0.001710244902316259
0
0
0.0009154931985023348
0.001711778582734069
0.001172636281588669
0.0005150300926378014
0.0009307348991686137
0.001672508332509332
0.00170809405699525
0.001621885821501411
0.001634536222212946
0.001523388647445769
0
0.001681429642369466
0.001220650875310142
0.001409729677972732
0.0008924006479908024
0.0009521359019826431
0.0002375596870366126
0.001130115701963179
0.0006848460911715797
0
0
0.0002362509246186736
0.000493376765863388
0.001748644593611664
0.001541640754475918
0.002043500296594546
0.001693837165919581
0.001664303915321961
0.001693516300983348
0
0.001741681218200087
0.001295132877685679
0.001351543750436368
0
0.00122193588931463
1.343070029405217e-05
0.001358893612603299
0.001168043887199191
0
0.001669986001215009
0.00134667036021825
0.001701754227945744
0
0.001432949236451563
0.001710573392402076
0.001564792591646561
0.000999694494584924
0.001647034510659605
0.0009439574249042266
0.00134545043470986
0
0
0.000728069725913393
0.001624306024187993
0.001674548430489717
0.00027566625143245
0.001130442254175709
-2.533216064754127e-06
0.0004110464671060995
-0.005965106330112106
0
0.00141497046616128
7.678700088362651e-06
0
0.00153014667742806
0
0.001824831361289164
0.001331415034936022
0
0
0.001861449822689912
0.001848763676052402
0.001260096158055488
0.001483512049107979
0.001567781434011207
0.001209490138111917
0
8.872405367789491e-05
0.0005805986794558955
-0.000664561340931811
0.0009034933353687925
0.0009726560006938754
0.0005941807814844089
0.0008130785566007302
0.00079356683717555
0.0004390653648826638
-3.273024509421341e-05
3.996445505286387e-05
1.142606051420233e-05
0.0001396910490192366
2.884586769348788e-05
0.0002775234090475516
0.0003505896134776496
0.0001311823961282693
0.000519632056035366
0.0004674933826860789
-1.345600973279665e-05
6.667580440124141e-05
0.0002545659031756252
-5.655427169234913e-05
0.0002099642231183223
1.581088694676718e-05
9.1425580702978e-05
8.302466895875976e-06
-1.108806264316069e-05
2.236532837794921e-06
0
-0.0002525857462684765
0.001096149397318505
0.0006251231459469969
0.001152126022412431
0.001323648202280643
3.898103240928606e-05
-0.0003053469057896965
-6.426389091428221e-05
-0.0002192777746444073
-5.330757450030294e-06
-7.098618564963794e-05
0
-1.198286025060926e-06
0.0004112745468487981
-1.463615459992894e-05
1.858536802470858e-06
2.554817418784959e-06
2.732609976455574e-07
4.453350602629867e-06
-1.002111821054283e-06
2.862685853052377e-05
0.000174517769572258
3.123696208580207e-06
-2.309626364124619e-05
-2.38538459952353e-06
3.490440738258414e-06
9.192674661127901e-05
-7.407549855882166e-07
0.0008514596755820758
0
2.592953243423949e-06
4.974894504570332e-05
-3.391826348446143e-05
1.671237445791462e-06
1.456144246183786e-05
1.33746986140423e-06
0
-2.856529590745975e-05
0.0002241181314690702
-6.646234885956054e-06
0.0001189392708292144
0.0005331500318325479
0.001082625055915397
0
6.21484331520905e-05
0.000346977323112943
0
0
8.173953018488797e-05
2.085271493152709e-05
-0.0001162724611722788
0.0001291485319423953
0.0003107373972869104
0.0002845125715160402
0.001006065608675327
0.0002938585596467113
0
0.0003466482367376361
0.0007630865838594103
7.39236613853538e-05
0.0003524285310072558
0.000442195789462426
0.0002046305596855094
0.0005742581637523497
-0.0003604314712983171
-0.0004455867018853427
0.0003272825472388103
-0.0002969217379378278
0.0007900313463393471
0.0002304921801083771
0.000486908632035362
0.0008133121898772804
0
0.00036424509901549
0
0.0002047355025620331
0
0.0006986788575234
0
0.0007216319128645034
-1.069200302383738e-05
0.001498979605642644
0.0002180494731819157
0.001652553211324033
8.66008627511182e-05
0
0.0008735908229233778
0.001020771661395657
0.0001711089277502072
0.0004695585948790723
0.001485522154167258
0.0008142198614469904
0.00071091430545916
0.001432491540958615
0.001665418836670738
0.001749287632183161
0.001746949479892173
0.001798265901471027
0.0008766965967650499
0
-0.0001361533644922616
0
-0.0007121615192330974
0.001016499871177252
0.001594484501856073
0.001247436366569851
0.0003487225475471394
0.000857598201028658
0.001670208148825081
0.001782210962993424
0.001858371074444367
0
0.001595612771162767
0.002059892052192404
0.001592480392473481
0.001488227409777025
0.00127329500030125
0.00153975815004507
0.001793912568684613
0.001392303267886996
0.001421278618191858
0.001807427069763696
0.001823190255290259
0.00104062631883941
0.001707913061204576
0.001800383759763537
0.001789851103435472
0
0.002066379277151743
0.001694195767743069
0
0.0003437354611904087
0.001964052852936752
-0.0006515070239902913
-0.0002530556539471658
0.0004086494654713537
0.0004792799025518357
8.456434100457973e-05
0.0002173551235610232
-2.14012052822331e-05
0.001230917873789791
0.001601008089567427
0.001562185226690293
0.0004425073345238092
0.001777919601534284
0.001271901645697423
0.001804942325062376
0.001852033958927395
0.002264365280465073
0.002026308348348946
0.001562944160352563
0.001282203416893371
0.00179782244823653
0.001798295824673297
0.001802390360986828
0.001802498940436533
0.001789233076231764
0.001794855348302031
0.001788506726136149
0.001807755667599803
0
0.001780041608097264
0
0.001807750669383637
0.00173374699099687
0.001760886648823957
0
0.001797246609217931
0.001766240757478664
0.001686369868970663
0.001649544784995886
0.001675721363816264
0.001791434135741922
0.001195338548895208
0.001758077215205567
0.001395725153620904
0.001712620959192062
0.001728648110603278
0.001695734161955332
0.001589011459779892
0.001745863601981898
0.001081391210133369
0
0.001432318187621107
0
0.00152623130225866
0
0.001015712788370384
0.0008174311772984695
0.001652398908414552
0.0008015927667612768
0.001719944463671669
-0.0001589463279210975
0.0002226525270018699
0
0
