0
0
0
0
0
0
0
0
0
0.001078970078600394
0.001085412735296143
0.001203684251100564
0
0.0001450788946894919
0.001247943148542775
0.001731867160443166
0.002056849988711718
0.00183700817191756
0
0.001490572455693397
0.001527839578358277
0.001197887117073813
0.0008994441052429356
0.001143237229136179
0.0007190275262917598
0.0009540808485693362
0.0015707567935467
0.001207138068564463
0.001387791171128898
0.00135432913633368
0.001561140434554818
0.0009418103955341018
0.00141202248634603
0.001039248099436437
0.001122039992860647
0.001653108938530174
0.001709684514216394
0
0
0.0009141253837400725
0.001711264012959815
0.001170980816435275
0.0005155491530286732
0.0009295636284931798
0.001672000796002937
0.001707621313527303
0.001621353697030989
0.001633886948026295
0.001522503276692494
0
0.001681230878774401
0.001219232367135888
0.001408965632239833
0.0008911952665106097
0.0009515584131846204
0.0002324228403019403
0.001129443173977488
0.0006833317649967928
0
0
0.0002335917701436518
0.0004909078020868601
0.001748222170988227
0.001541261161810866
0.00204286909477501
0.001693239122771969
0.001663733023765526
0.001692611612034099
0
0.001740967566637345
0.001294748931720552
0.001351201780484428
0
0.001220649470878844
6.603227663227363e-06
0.001359545925731203
0.001169886541877526
0
0.00166939444989403
0.001344520704443161
0.001701463591990891
0
0.001432794904096879
0.0017100182438683
0.001564110167969668
0.0009992041238215969
0.001644256888664657
0.0009440190242700952
0.001345383525920743
0
0
0.0007281070341542866
0.001623868585645813
0.001674062726763572
0.0002754851241146738
0.001127896479905893
-9.721468844870696e-07
0.0004115333965787884
-0.005965121550472284
0
0.001414376754672288
3.107477223179317e-06
0
0.001530204597255401
0
0.001825233788240437
0.001330698378130055
0
0
0.001861025562394091
0.00184940455494275
0.001261715960416608
0.00148330199308171
0.001568768068005491
0.001210188606738396
0
9.199689940550036e-05
0.0005846913561171367
-0.000664600961263843
0.0009057041446450532
0.0009722882553707727
0.0005985642876488792
0.0008136165390718233
0.0007961901519047135
0.0004430428837048495
-3.320465292070091e-05
4.395839569375246e-05
1.447009168352512e-05
0.0001457014666346825
3.120216326397507e-05
0.0002874104865950631
0.0003573717150626573
0.0001371220258305249
0.0005238485515439256
0.0004717994853772042
-1.561027118100101e-05
9.130420213236664e-05
0.0002628886173979983
-5.646357376400817e-05
0.000223623849846166
5.217111494517348e-05
9.963796695119976e-05
9.742340125574306e-06
-1.098566284776961e-05
2.529347079395523e-06
0
-0.0002525758447641027
0.001098090010441186
0.0006286455880662377
0.001151859964520991
0.001323621875496858
4.246693517544995e-05
-0.0003094524104843068
-6.41865964874979e-05
-0.0002136584460367045
-5.402041190139499e-07
-7.255002079194465e-05
0
-1.179587057266133e-06
0.0004116857974314915
-1.848625285512746e-05
5.308822794834043e-07
3.754533877118064e-06
-3.767461301465305e-08
4.044498138267745e-06
-1.006990586555357e-06
2.996746806165027e-05
0.0001745765726542822
1.938674830647738e-06
-2.276769837730626e-05
-7.578327623293139e-07
3.093430272108287e-06
8.657744581498239e-05
-1.6915840513474e-06
0.0008524298951703751
0
1.86683888755145e-06
4.913654165869529e-05
-3.387402572734614e-05
2.751881949738198e-06
1.484817517455919e-05
-5.452760700642186e-07
0
-2.870433978917352e-05
0.000213846188009208
-6.932155444744157e-06
0.0001188075472909776
0.0005362117796039151
0.001083845384484854
0
5.950752467472068e-05
0.0003375749659690166
0
0
7.646153591330464e-05
1.602486311530114e-05
-0.0001179014622664793
0.0001275454644743227
0.0003108055583669768
0.000275859850122305
0.001007151681146545
0.0002905938554374445
0
0.0003499917676363172
0.0007612553821248931
7.392403184988389e-05
0.0003434186279619606
0.0004444083450407537
0.0002017043085565474
0.0005653352487854972
-0.0003631200916692709
-0.0004777341464844206
0.0003257966339865741
-0.0002999779503744245
0.0007916932028176848
0.00022795471470172
0.0004898937702177413
0.0008147329744595359
0
0.0003668828366008875
0
0.0002041104727511286
0
0.0006996659595294409
0
0.0007206059893787449
-8.41471256869599e-06
0.00149931083917659
0.0002209392885803434
0.001652823945390896
8.659930589760015e-05
0
0.0008745232869355951
0.001021933913878913
0.0001710997266452196
0.0004702349502108861
0.001486386521395869
0.0008147130773031001
0.0007117105549563179
0.001433559734116027
0.001666366568641539
0.001749668612306881
0.001747639707336562
0.001798286462083745
0.000877042673798405
0
-0.0001362386722487367
0
-0.0007560225554320459
0.001017681925382403
0.001594734381092593
0.001248246978646655
0.0003516493187466119
0.0008591006523397433
0.001670518633949578
0.001782374764553843
0.001858292133845816
0
0.001594093467738992
0.002059809427871375
0.001592313961863133
0.001488641799417947
0.00127399899837138
0.001540289563690439
0.00179399543367589
0.001392607252679472
0.001421597890960071
0.001808237124353182
0.001823413850718488
0.001041280400002532
0.001708042074257451
0.001800628574083649
0.001790019218048794
0
0.002066454692255937
0.001694395399657051
0
0.0003408240316457427
0.001964105141966631
-0.000658929457790585
-0.0002565972989649127
0.0004171934121066049
0.0004783060562838356
9.00423005028913e-05
0.0002142426378193322
-3.221571987969163e-05
0.001238871402436808
0.001602213146485492
0.001562133992131708
0.0004333456358484071
0.001778138055788715
0.001272292115193806
0.001805310820129566
0.00185218450933001
0.002264529924474159
0.002025491582795584
0.001563330370935194
0.001282899431540329
0.001797970914532423
0.001798433631228585
0.001802509517603349
0.001802662567168063
0.001789412845943135
0.001794996090732223
0.00178867105610167
0.001807893779688891
0
0.0017801833890973
0
0.00180782678847227
0.001733668019735796
0.001761105173833974
0
0.001797409764050137
0.00176641522391459
0.001686789777605562
0.001650184925991731
0.001671881670394418
0.001791599755469405
0.001195108883638413
0.001758279130630526
0.001395501356961932
0.001712930372914753
0.001728768734838928
0.001696033862252737
0.001589161206134417
0.001746324548448006
0.001081914377491226
0
0.001431892184242629
0
0.001526182481542032
0
0.001014735983518053
0.0008168446053549985
0.001652068402672598
0.000801113299032339
0.00172018419556961
-0.0001589471207058296
0.0002191819550924542
0
0
