0
0
0
0
0
0
0
0
0
0.001078966294778384
0.00108545553114207
0.001203704037349405
0
0.0001450762713896295
0.001247876691044111
0.001731864955513606
0.002056851057264207
0.00183700677372219
0
0.001490548502740006
0.001527842015195454
0.001197892367329992
0.000899495528154527
0.001143254804786726
0.0007190051585141504
0.0009541285252401985
0.001570760985113207
0.001207150100579523
0.001387798982117681
0.001354337597469242
0.001561138438657999
0.0009418050528314289
0.001412025867879568
0.001039249615727009
0.001122035331308246
0.001653109365605997
0.00170968283775524
0
0
0.0009141192425630968
0.001711261827102995
0.001170983553126539
0.0005155258036637319
0.0009295552995591625
0.001671998953902417
0.001707618615611667
0.001621352450982832
0.001633886053128308
0.001522502851648192
0
0.001681225165124826
0.001219232170374063
0.001408961745968257
0.000891185192228548
0.000951550376699724
0.000232402021245585
0.001129435351656476
0.0006833168299528572
0
0
0.000233574702495744
0.0004908877544991217
0.001748217655783254
0.001541255401457803
0.002042866448870153
0.001693238305364041
0.001663731830160715
0.001692615264192313
0
0.001740967819248735
0.001294739309473527
0.001351184234066998
0
0.001220646688687249
6.605863149412262e-06
0.001359527608029664
0.001169880600043482
0
0.00166939414739957
0.001344541735707437
0.001701459328276963
0
0.001432790844622418
0.001710016579961365
0.001564111895436899
0.000999203587864788
0.001644283983281995
0.0009440152541987493
0.001345384326749507
0
0
0.0007281066532460916
0.00162386633985107
0.001674060077254201
0.0002754874074072602
0.001127915347718316
-9.71926782977959e-07
0.000411528944920168
-0.005965121393630872
0
0.001414378577101469
3.106140401310657e-06
0
0.001530185169197935
0
0.001825210282591855
0.001330689282663096
0
0
0.00186101324147757
0.001849374924837256
0.001261673177895555
0.001483284027625708
0.001568735123732257
0.001210167281996531
0
9.194445086575337e-05
0.0005846315378974243
-0.0006645998876551049
0.0009056602357009739
0.0009722691223490889
0.0005985212681295456
0.0008135908757674147
0.000796148839145718
0.0004429881140419135
-3.319637749903822e-05
4.391957339140517e-05
1.442646592980789e-05
0.0001456521661683664
3.119345470603655e-05
0.0002873729623495279
0.0003573302283412102
0.0001370954954326762
0.0005238147780299942
0.0004717705023059618
-1.55888292651854e-05
9.127859872090703e-05
0.0002628630039956532
-5.646478150041165e-05
0.0002235921836585784
5.215615130513259e-05
9.96201344716864e-05
9.733245944425117e-06
-1.098648530971852e-05
2.529126073036291e-06
0
-0.0002525759955846571
0.001098043527225933
0.0006285843753847069
0.001151838934040038
0.001323599007824771
4.245040263416797e-05
-0.0003093990546102203
-6.418770151328736e-05
-0.0002137396236975891
-6.002340110242921e-07
-7.253031566767552e-05
0
-1.179855874414166e-06
0.0004117380157022805
-1.844155456637754e-05
5.45236105371078e-07
3.754601708726771e-06
-3.413924050787849e-08
4.042078488072681e-06
-1.00699533067194e-06
2.997615507229916e-05
0.0001746064189585709
1.940694549167812e-06
-2.277179669461204e-05
-7.591166883874963e-07
3.094113191375448e-06
8.666279504674883e-05
-1.691188344174131e-06
0.0008524608527406828
0
1.866007002204906e-06
4.912511734415733e-05
-3.387464935879288e-05
2.757455159166808e-06
1.484407651502937e-05
-5.448331621731515e-07
0
-2.869321778236577e-05
0.0002140038976294369
-6.93498345329258e-06
0.0001188091041715813
0.0005361968511866202
0.001083863141133773
0
5.953209804096079e-05
0.0003377479171601124
0
0
7.653306996799672e-05
1.601666021619157e-05
-0.0001178808966459207
0.0001275631619531173
0.0003108876699088857
0.0002759912082810868
0.001007170917126539
0.0002907070591918861
0
0.0003500233748947539
0.0007613539543812677
7.392403020134534e-05
0.0003435164711027555
0.0004444412336092084
0.0002018044208275233
0.0005654990182395225
-0.0003630912523625004
-0.0004774396672707295
0.0003258164753779303
-0.0003000291131359367
0.0007917155029504702
0.0002280591542699621
0.0004899171685269001
0.0008147474483228291
0
0.0003669111306779255
0
0.0002041779354896326
0
0.0006997413990620349
0
0.0007206181802428371
-8.399560462627473e-06
0.001499314196058593
0.0002209511620295819
0.001652825810246061
8.659866674631872e-05
0
0.0008745285271728143
0.001021949104561595
0.0001711615606239118
0.0004702854279211512
0.001486396489548288
0.0008147401018797855
0.0007117356767332922
0.001433573164826844
0.001666371259222093
0.001749665588900666
0.001747640139103764
0.001798284812481406
0.000877076540846357
0
-0.0001362376709688031
0
-0.0007557138086943578
0.001017698364894323
0.001594738363292208
0.001248251594690459
0.0003516671254862783
0.0008591172455342956
0.001670519471270666
0.001782372592163287
0.001858290643148745
0
0.001594099404431531
0.002059807598324599
0.001592319973470647
0.001488647506423889
0.001274012028527555
0.001540294564006771
0.001793993750351514
0.001392614280435652
0.001421606156155308
0.001808227443610684
0.001823410883320009
0.00104130790152789
0.00170804018253149
0.001800625169020263
0.001790016871904851
0
0.002066453137260414
0.001694395971394113
0
0.0003408576278838439
0.001964088748693556
-0.0006588410475520813
-0.0002565528667996306
0.0004171089033017091
0.0004783201537758572
9.000176983902392e-05
0.0002142500155714149
-3.221434283122266e-05
0.001238893168712566
0.001602217629429999
0.001562136700807067
0.0004334622151532365
0.001778139891691091
0.001272297733995828
0.001805307819965118
0.001852184392611401
0.002264532198320855
0.002025504907691589
0.001563334484096876
0.001282910502655012
0.001797968751599513
0.001798432186378779
0.001802507754138989
0.001802660631759864
0.001789411265971917
0.001794994079326458
0.001788668951963119
0.001807891927028554
0
0.001780181349602653
0
0.001807825427073501
0.001733668168347609
0.001761102517260441
0
0.00179740853629152
0.001766413029235598
0.001686784379943352
0.001650175590395344
0.001671924195623752
0.00179159746823005
0.001195110683827989
0.001758276325748802
0.001395504123876125
0.001712926119408404
0.001728766773835054
0.001696029757093568
0.001589158888411974
0.001746318254088019
0.001081907779768988
0
0.001431896762720301
0
0.001526183183893527
0
0.001014747531533107
0.0008168456121153177
0.00165207000058872
0.0008011190922208022
0.001720181021675644
-0.0001589471114944782
0.0002192222617740243
0
0
