0
0
0
0
0
0
0
0
0
0.001078944115518266
0.001084961128818164
0.001203491527291945
0
0.0001452017177524585
0.001248730218865089
0.001731904680649365
0.002056855317527799
0.001837038595883728
0
0.001490749225460258
0.001527825930222165
0.001197807166233737
0.0008989105895714321
0.001143046987916116
0.0007191307732087569
0.0009535600786441411
0.001570720118421542
0.001207004378005535
0.001387711452919955
0.001354239286339848
0.001561225519044662
0.0009417943357578662
0.001411983734073382
0.001039184440557778
0.001122054844230959
0.001653116240719514
0.001709715017067659
0
0
0.0009141216841569095
0.001711299751498295
0.001170923679463515
0.0005156745437424056
0.0009295860194635237
0.0016720331695913
0.001707663566792057
0.001621380494232227
0.001633903873443877
0.001522508830231478
0
0.001681304897443268
0.001219211680935773
0.001408999399344372
0.0008912516079863914
0.0009516345721554115
0.0002325613172994493
0.001129504858140721
0.0006834357012383734
0
0
0.0002337869057552122
0.0004910315254839983
0.001748275774375597
0.001541322131062518
0.002042903683447433
0.001693263108806317
0.001663762874188102
0.001692584420610743
0
0.00174097470173238
0.001294813212931051
0.001351291392116913
0
0.001220625779878584
6.58432251396237e-06
0.001359740913024333
0.001170126714587772
0
0.001669422089458642
0.001344324051549168
0.00170153304673257
0
0.001432857926290108
0.001710048762612343
0.001564130698007283
0.0009992320019346144
0.001643992534215542
0.0009440849034357202
0.001345374434895381
0
0
0.000728111324978406
0.001623899096192064
0.001674103303277799
0.000275498473815916
0.001127684679918464
-9.755334364141161e-07
0.0004116339892865242
-0.00596512329185008
0
0.001414337013671395
3.109914888814628e-06
0
0.001530331600001027
0
0.00182540470466145
0.001330735256201936
0
0
0.001861083050887729
0.001849628963735656
0.00126208427922937
0.001483405075582951
0.001569038280874311
0.001210398736689706
0
9.249877963279805e-05
0.0005853244394130039
-0.0006646137870957292
0.0009060346658689004
0.0009723558769427342
0.0005988643522148385
0.0008137344423780774
0.0007964754828510841
0.000443544106656015
-3.33014699232243e-05
4.450937568082173e-05
1.492359244873318e-05
0.0001462872852530907
3.142754482072722e-05
0.0002876357023270447
0.0003576899999350442
0.0001374598231481603
0.0005240462059792967
0.0004719554566091829
-1.584758373145141e-05
9.14181897970316e-05
0.000263011341221683
-5.646004080822098e-05
0.0002237839076994397
5.221059571840996e-05
9.983672024177103e-05
9.857132783303252e-06
-1.097687526023523e-05
2.531679856771636e-06
0
-0.0002525742197098681
0.001098471510012501
0.000629184119305358
0.001151955963367123
0.001323757096051612
4.283278861303858e-05
-0.0003100678638810553
-6.417465931668756e-05
-0.0002128551830176821
-1.420321544339782e-07
-7.277506571063143e-05
0
-1.176536047824839e-06
0.0004109731016100317
-1.899257821237287e-05
3.69576507824904e-07
3.877782461173641e-06
-7.746642940298403e-08
4.065801232399754e-06
-1.00693308473412e-06
3.000804957293692e-05
0.000174112413512967
1.931711988949469e-06
-2.272100403971698e-05
-7.527087496075321e-07
3.085229052261589e-06
8.551463894345313e-05
-1.703079637363101e-06
0.0008520101990400266
0
1.877115602427127e-06
4.915700731603005e-05
-3.38669736880481e-05
2.67704409125229e-06
1.489228105552446e-05
-5.463183899668553e-07
0
-2.883630101029828e-05
0.0002118551891007894
-6.85734917972939e-06
0.0001187897325431879
0.0005363568300293835
0.001083630822337751
0
5.924112792081779e-05
0.0003353623986654353
0
0
7.562040409803152e-05
1.604412151364165e-05
-0.0001181371568481541
0.0001273469613769316
0.000309745512495481
0.0002742507804185501
0.001006882939798968
0.0002891333118134634
0
0.0003496203675135258
0.0007600602398482104
7.392403713431374e-05
0.0003422209054977349
0.0004440015850421151
0.0002004366715787702
0.0005633122536758395
-0.0003634425955411768
-0.0004811584982716265
0.0003255670531703511
-0.0002997204218875185
0.0007914059559630565
0.0002266365288000016
0.0004896233772326051
0.0008145855007259199
0
0.0003665556837607972
0
0.0002032859519370489
0
0.0006987605576947882
0
0.0007204678218267088
-8.554820065307792e-06
0.001499232467920981
0.0002208038910302713
0.001652733427417489
8.66066191082367e-05
0
0.0008744555814458106
0.001021739488896856
0.0001703079386140267
0.0004695621426608385
0.00148619366283394
0.0008143481965000199
0.000711434494010622
0.001433336644273358
0.001666234410231834
0.001749625994452469
0.001747553668382694
0.001798237413639501
0.0008765793156936935
0
-0.0001362500080927093
0
-0.0007598590446814764
0.001017461498236755
0.001594633086256102
0.001248249728969957
0.0003514683623036097
0.0008589079702651217
0.001670435251032782
0.001782330689799389
0.00185823769244986
0
0.001594022430596362
0.002059747294065673
0.001592210884845624
0.001488520229654147
0.001273789281445528
0.001540156477094273
0.001793945618229594
0.001392502174154676
0.001421470042063219
0.001808279915014566
0.001823371807535914
0.001040896704271507
0.001707998134240868
0.001800595448892262
0.001789972131244553
0
0.002066395869404292
0.001694336558066608
0
0.0003404721676264645
0.001964213970719327
-0.0006599332123162374
-0.0002571049713187086
0.0004181697247525598
0.000478141990876496
9.065892667343383e-05
0.0002137384820471897
-3.228263837651917e-05
0.001238641641305399
0.001602105761830734
0.001562102774167446
0.0004319410310911623
0.001778064319490434
0.001272213301775881
0.001805270040749703
0.0018521223028926
0.002264436867740044
0.002025311451115665
0.001563212141045042
0.001282717805612661
0.001797927203744859
0.001798380396223411
0.001802460894900069
0.001802619042851409
0.001789357753306907
0.001794951283511867
0.001788626703454295
0.001807847279568908
0
0.001780140370093769
0
0.001807773874250717
0.001733604051446844
0.001761070682149724
0
0.001797355085954069
0.001766374892504121
0.001686789006444798
0.001650226476057425
0.001671346443913723
0.001791557809888989
0.001195045839916635
0.001758244749663155
0.00139542000031433
0.001712914847456561
0.001728729753392599
0.001696016684906955
0.001589127151197602
0.001746330786924147
0.001081931759647347
0
0.001431788450451736
0
0.001526125123017361
0
0.001014576235430741
0.0008167693967244007
0.001651995103680197
0.0008010186907900392
0.001720157217708139
-0.0001589472249473496
0.0002187262440732714
0
0
