0
0
0
0
0
0
0
0
0
0.001078962911854974
0.001087706423315523
0.001204642818909215
0
0.0001442925073182488
0.001243652179112483
0.001731611083086779
0.002056760549124855
0.001836784329003801
0
0.001489473851011159
0.001527843020646566
0.001198209226021941
0.0009021885407941777
0.001144166333384696
0.0007183838800529681
0.0009568047239916621
0.001570885324284198
0.001207765598616483
0.001388142732487006
0.001354730141012065
0.001560660057177123
0.0009417708835105045
0.001412156225892804
0.001039471226176433
0.001121891935982485
0.001653007371005078
0.001709465784187148
0
0
0.0009140435665576792
0.001711016910668355
0.001171192190476361
0.0005148488561453082
0.0009293627258088712
0.001671767422659429
0.001707339445980059
0.001621150180614075
0.001633733727794035
0.001522403765895608
0
0.001680772638539527
0.001219263976711433
0.001408720631057811
0.0008908451139562489
0.0009511128107742613
0.0002317128939055818
0.001129061183541656
0.0006827761700196805
0
0
0.0002327412478150407
0.0004902436011929056
0.001747869746911498
0.001540874968275946
0.00204261105099292
0.001693055452633684
0.001663521409527262
0.001692699108759069
0
0.00174087098331781
0.001294294253577918
0.001350519415774867
0
0.001220637043801994
6.800304779791792e-06
0.001358458953496802
0.001168496847657031
0
0.001669199063842363
0.001345543686506327
0.001701040869050456
0
0.001432424369774007
0.001709798873831724
0.001563962334490391
0.0009990318297642407
0.001645617107753599
0.0009436574617914203
0.001345431154093697
0
0
0.0007280808441467748
0.001623653118527514
0.001673788442914277
0.0002754122445325502
0.001128935558220483
-9.567292427956518e-07
0.0004109849138028341
-0.005965111182953069
0
0.001414553843783242
3.055970892543578e-06
0
0.00152936015127769
0
0.001824134340474078
0.001330357553892033
0
0
0.001860548099933228
0.001847974858648793
0.001259422193970815
0.001482529663863911
0.001567074704602658
0.001208828933716055
0
8.919246893429615e-05
0.0005809575156939702
-0.0006645668910794418
0.0009036299975810335
0.0009717414329350492
0.0005966676403871774
0.0008128189363318957
0.0007943867022072308
0.0004400281602247839
-3.282635840027108e-05
4.076198250119008e-05
1.199623646840458e-05
0.0001422532694821544
2.976015910560318e-05
0.0002859188607416758
0.0003553700875097488
0.0001349047251124843
0.0005225957746777295
0.0004708439810852038
-1.416083886607199e-05
9.044344349385931e-05
0.0002621667047315465
-5.652960114928579e-05
0.0002225494615571569
5.180033381521535e-05
9.820316652658298e-05
8.995596211790586e-06
-1.105213882815081e-05
2.545652879851154e-06
0
-0.0002525853678860176
0.001095718440288684
0.0006253895929884485
0.00115111537018979
0.001322635555999302
3.999350115762239e-05
-0.0003064448284117019
-6.424124641848041e-05
-0.000217415203101671
-3.572469814585892e-06
-7.142029263288931e-05
0
-1.195043297982873e-06
0.0004153865845463866
-1.574934563076951e-05
1.46524198554894e-06
3.070573362000001e-06
1.768852371178855e-07
4.008449318061058e-06
-1.007279528871377e-06
2.943824596731923e-05
0.0001768281326021191
2.106686624212768e-06
-2.300224235823983e-05
-9.30839815711702e-07
3.24001038859734e-06
9.263312980519089e-05
-1.611963155449976e-06
0.0008545551802884936
0
1.817597874793837e-06
4.908571700646766e-05
-3.390930580938991e-05
3.425781472042444e-06
1.480170760833733e-05
-5.342498521528966e-07
0
-2.831589355294284e-05
0.0002251009345078516
-7.414162390510082e-06
0.0001189006588602289
0.0005354102923914019
0.001084863877439367
0
6.10821823206798e-05
0.0003499565503398247
0
0
8.148948737615073e-05
1.592495213088634e-05
-0.000116727793845378
0.0001286600848875478
0.0003165777845282763
0.0002848605441468226
0.001008498585249415
0.0002987095223904218
0
0.0003518827019918225
0.0007678567530913354
7.392377301212107e-05
0.0003501691058841552
0.0004464592991826821
0.0002087482477186812
0.0005764974748900972
-0.0003614187918725339
-0.000458863756790532
0.0003268896315637986
-0.0003011852381124504
0.0007931374443002033
0.0002352946407120323
0.0004912557060164758
0.0008154905948204268
0
0.000368611984774167
0
0.0002086416041372067
0
0.0007046361431431887
0
0.0007213334806681475
-7.672168407143435e-06
0.001499699661281575
0.0002216719413083975
0.001653262027132767
8.659902989942533e-05
0
0.0008748718871204706
0.001022922658985897
0.0001754090685389668
0.0004737404091587493
0.001487303840771128
0.0008165230780657635
0.0007130702324375688
0.001434618792898931
0.001666979205606597
0.001749850087185247
0.001748021596452755
0.001798526425181144
0.0008793879406956095
0
-0.0001361783967093922
0
-0.0007327289013458911
0.001018795366921594
0.001595232785753538
0.001248183708841331
0.0003525872922357716
0.0008600918307894309
0.001670918306407809
0.00178257474359023
0.001858570684063405
0
0.001594597433299373
0.002060127513562405
0.001592838188232517
0.001489242540297925
0.001275035980803901
0.001540927992578314
0.001794237426412565
0.001393135872728121
0.001422239300710992
0.001807971209428286
0.001823613507885333
0.001043209469156971
0.001708254314734493
0.001800775103920892
0.001790248280944235
0
0.002066734161514719
0.001694630222095938
0
0.0003426919285898682
0.001963368893177685
-0.0006536511245198319
-0.0002540391136691926
0.0004108868896085238
0.0004790432301357677
8.582677134997982e-05
0.0002170456748465794
-3.168286730490158e-05
0.001240225710436587
0.001602679734520569
0.001562194427013763
0.0004411836985111535
0.001778510302090272
0.001272686826072056
0.001805496937538685
0.001852481046163757
0.00226500381536495
0.002026468204229842
0.001563908521339243
0.001283806005130207
0.00179817343669423
0.001798683544471684
0.001802739441480325
0.001802855351822821
0.001789662953387995
0.001795207760984414
0.001788877411639328
0.001808109138108955
0
0.001780382421653436
0
0.001808080576965498
0.001733990134694083
0.001761255929057107
0
0.001797663172626684
0.001766592407140358
0.001686771508983619
0.001649965902880238
0.001674698649410291
0.001791792686887966
0.001195406978773781
0.001758434878664008
0.001395894412634234
0.001712989899607858
0.001728951570855967
0.001696100815876055
0.001589319876565117
0.001746270398331326
0.001081799183859418
0
0.001432423112088701
0
0.001526443130650295
0
0.001015572061982615
0.0008172467737671618
0.001652455131242552
0.0008015793405002841
0.001720299317840713
-0.000158946557249434
0.0002216280098598764
0
0
