0
0
0
0
0
0
0
0
0
0.001078960248345954
0.001085265763748314
0.001203621162326545
0
0.0001451299442606126
0.001248211365688735
0.001731879222711477
0.002056851216027186
0.001837017563066599
0
0.001490629694356716
0.001527835729482219
0.001197860381253836
0.0008992695680538466
0.001143174635928009
0.0007190537078869516
0.0009539073371573267
0.001570745008395021
0.001207093949020912
0.001387764968082421
0.001354299780588984
0.001561168619926274
0.0009418022485186082
0.001412009449554274
0.001039225643435947
0.00112204238179654
0.001653111659779497
0.001709694046827206
0
0
0.0009141204657422719
0.001711275501230841
0.001170960790254612
0.000515581887913477
0.0009295669132318864
0.001672011569598622
0.001707634784043015
0.001621363183567661
0.001633892591040253
0.001522505204176126
0
0.001681255787459759
0.001219224084404248
0.001408976377881192
0.0008912108420433658
0.0009515832367035064
0.0002324721810158644
0.001129462337592076
0.0006833644020568145
0
0
0.0002336606424073523
0.0004909443939669
0.001748239880648621
0.001541281083011793
0.002042880707259347
0.001693246670513453
0.00166374183454056
0.001692603198780447
0
0.001740969616680552
0.001294769591106602
0.001351232473244665
0
0.001220640834970235
6.595842166721206e-06
0.001359611353103841
0.001169982430632962
0
0.001669402712210277
0.001344452468510448
0.001701486118964861
0
0.001432814897135024
0.00171002776552092
0.001564115334811415
0.00099921029292386
0.00164416634656068
0.000944039644803575
0.00134538045749391
0
0
0.0007281084894940408
0.001623878112918973
0.001674075368407908
0.0002754883198796131
0.001127826448324277
-9.734034147934941e-07
0.0004115660859547112
-0.005965122145937229
0
0.001414364101539886
3.108169353670277e-06
0
0.001530245761540682
0
0.001825291824031791
0.001330709704243128
0
0
0.001861044140278034
0.001849484374709693
0.001261862276126962
0.001483340921810173
0.001568870341912684
0.001210281471922579
0
9.219250152651243e-05
0.0005849446708016481
-0.0006646057397793225
0.0009058245311171619
0.0009723075647585828
0.0005986605064028909
0.0008136498752825891
0.0007962872045621679
0.0004432277680020783
-3.32364892384611e-05
4.418250639757943e-05
1.464848841664927e-05
0.0001459237904887912
3.130258813344962e-05
0.0002874680676809911
0.0003574724910638361
0.0001372499903482933
0.0005239039009935088
0.0004718386189220981
-1.569164549091359e-05
9.131908931069932e-05
0.0002629148430469557
-5.646100670667412e-05
0.0002236563347038898
5.215836602060698e-05
9.970100311374968e-05
9.781488322272782e-06
-1.098261495740891e-05
2.530043630134931e-06
0
-0.0002525753396205138
0.00109823776014559
0.0006288503741224047
0.001151893099376848
0.001323674675840019
4.263783995083307e-05
-0.0003096578289813529
-6.418184796264448e-05
-0.0002133515316601319
-4.851184590834361e-07
-7.262568453817101e-05
0
-1.178576126327419e-06
0.000411424594038367
-1.865856638330012e-05
4.757198701421516e-07
3.841945343795418e-06
-5.119700440504182e-08
4.050851475938416e-06
-1.006972185613429e-06
2.999451745570224e-05
0.0001743842037637342
1.936912642064595e-06
-2.275203558408436e-05
-7.579506099299164e-07
3.090860309248201e-06
8.622842879411233e-05
-1.695272788703104e-06
0.0008522765924306849
0
1.870278539435601e-06
4.913599393291882e-05
-3.387163251030841e-05
2.720301409801324e-06
1.486136681854402e-05
-5.454386503380534e-07
0
-2.874779265885562e-05
0.0002131855345455004
-6.901693907947402e-06
0.0001188015563105446
0.000536288681841982
0.001083787075827997
0
5.942198404517483e-05
0.0003368327594049584
0
0
7.618256387770646e-05
1.602421488814172e-05
-0.0001179805276110204
0.000127478024129005
0.0003104406767338595
0.0002753231445490087
0.00100705007897516
0.0002900985468442511
0
0.000349853352885469
0.0007608632794586545
7.392403466210937e-05
0.000343006337968611
0.0004442571147000946
0.0002012749996073281
0.0005646625312476826
-0.0003632290676987882
-0.0004789063810807918
0.0003257198146650643
-0.0002998928418173657
0.0007915844083308124
0.0002275068249797382
0.0004897909153844039
0.0008146721195844124
0
0.0003667631344627368
0
0.0002038334900829378
0
0.0006993697097220999
0
0.0007205592935260446
-8.466184421679564e-06
0.001499274439242852
0.0002208906575033329
0.001652783057325369
8.660181506367518e-05
0
0.0008744921224087476
0.001021856427202751
0.0001708310001534173
0.0004699913008617667
0.001486317865051487
0.00081458763453933
0.0007116304817795863
0.001433485841728164
0.001666319695508833
0.001749647369857753
0.001747605561617239
0.001798261113465151
0.0008768770544670957
0
-0.000136242508106651
0
-0.000757353589138511
0.001017595572980653
0.001594689753911079
0.001248237534599002
0.000351578822740633
0.000859023978723997
0.001670481248586077
0.001782353169403503
0.001858263753815117
0
0.001594050521009222
0.002059776585030082
0.001592269721364036
0.001488589732649951
0.001273919044276309
0.001540237264856509
0.001793970063977496
0.001392561656056785
0.00142154418622858
0.001808244193238174
0.00182339057787201
0.001041142121395805
0.001708018364163997
0.001800609603013309
0.001789994185037915
0
0.002066426419751558
0.001694370159643878
0
0.000340705476250662
0.001964141376755205
-0.0006592681586103496
-0.0002567680139069856
0.0004175620612311957
0.0004782508443317862
9.031816181098425e-05
0.0002140420087968652
-3.224608026635896e-05
0.001238801581778896
0.001602181334475116
0.001562123411699901
0.0004328677295532057
0.001778102752220252
0.001272255355090393
0.001805287415686247
0.001852154842435803
0.002264485945201871
0.002025419348345135
0.001563279758754978
0.001282826854825496
0.001797948564099066
0.001798407225182337
0.001802485122473798
0.001802641040602997
0.001789384768662064
0.001794972728782226
0.001788648415647769
0.001807870415782094
0
0.001780161614685252
0
0.001807801251601085
0.001733640230644264
0.00176108702090434
0
0.001797382786617835
0.0017663956012161
0.001686783025907159
0.001650191321861614
0.00167168961031576
0.00179157817130557
0.001195085463006522
0.001758260416402504
0.001395472031864431
0.001712918328826268
0.001728748456419905
0.001696021684937204
0.001589144152157172
0.001746319086223063
0.001081917982613937
0
0.001431853346322548
0
0.001526160162458433
0
0.001014681413198203
0.0008168114815346128
0.001652034795451793
0.0008010828672099857
0.001720169003278561
-0.0001589471559328275
0.0002190277284012679
0
0
