0
0
0
0
0
0
0
0
0
0.001078968831851754
0.001088841797503526
0.001205236384950154
0
0.0001441716515060792
0.00124214280747355
0.001731775280988706
0.002057018444390941
0.001836995143826016
0
0.001489135074912759
0.00152809025183281
0.001198556093241611
0.00090347472458671
0.001144850445645306
0.0007168569419158072
0.0009580872357868048
0.001571173472212597
0.00120833559190194
0.001388610805723126
0.001355159575984042
0.001560706127230806
0.0009416355850966259
0.001412547832359202
0.00103971855957376
0.001122278407321563
0.001653215698311864
0.001709643256511523
0
0
0.0009139411381070732
0.001711181492826798
0.001171562945926289
0.0005127311528917941
0.0009292476370580491
0.001671922356144401
0.001707491539758777
0.001621319488176823
0.001633932903105694
0.001522689087406514
0
0.001680837468361443
0.001219640447880345
0.001408960884284648
0.0008911244561483153
0.0009514409741334574
0.0002353645805493638
0.00112928833081232
0.0006836665875626205
0
0
0.0002354677321489955
0.000491415493647211
0.001747989786829701
0.001540984991714799
0.002042765403828696
0.001693240136822836
0.001663704787357569
0.00169295073733764
0
0.001741082213908919
0.001294281229501984
0.001350226662421184
0
0.001220770258095624
1.322338504437867e-05
0.001358406845323372
0.001168217555845824
0
0.001669390118698421
0.001346164979306248
0.001701147364870145
0
0.001432485207153174
0.001709973657229002
0.001564184694226522
0.0009992009505796352
0.001646418714873368
0.0009436493822781616
0.001345449567897167
0
0
0.0007280702389171081
0.001623791817703308
0.001673945965798305
0.0002754687511466397
0.001129632379478712
-1.598922228617177e-06
0.0004108519664323621
-0.005965106559734973
0
0.001414708642624101
4.548877988623631e-06
0
0.001529111350922356
0
0.001823878654565656
0.001330347951459367
0
0
0.001860510389336874
0.001847665373394963
0.00125872690790279
0.001482378071763573
0.001566669168783712
0.001208567789206047
0
8.828550600009382e-05
0.0005797219010114618
-0.0006645612602289169
0.0009019089779393626
0.0009707974346163853
0.0005925417832074333
0.0008110307667829404
0.0007918698959612293
0.0004380128416996481
-3.27344798357997e-05
3.975365098965502e-05
1.107280484559459e-05
0.0001391337584926269
2.875402469051759e-05
0.0002758020460833168
0.0003492407739980438
0.0001308999186566475
0.0005176555209393536
0.0004653171678191787
-1.349483851868288e-05
6.432820443075162e-05
0.0002520226842573564
-5.655322658837006e-05
0.0002077816663869887
1.168742991644742e-05
9.088273986373152e-05
8.301430905869304e-06
-1.108619511204959e-05
2.154446003769078e-06
0
-0.000252585720995889
0.001094683495361736
0.0006239207835368938
0.001150489068747043
0.00132225515027828
3.890276108262612e-05
-0.0003053969176472082
-6.426300963804454e-05
-0.0002190606619639656
-5.244887074355589e-06
-7.100585086870116e-05
0
-1.198286025060926e-06
0.0004140993629242294
-1.468683729148813e-05
1.840622521266094e-06
2.639262747290313e-06
2.732507414991616e-07
4.361779757189039e-06
-1.007131505143198e-06
2.885464380257347e-05
0.0001760249008891777
2.943881630196168e-06
-2.309171932902e-05
-2.034711222870908e-06
3.536159736220666e-06
9.366050179360956e-05
-9.751999474283906e-07
0.0008535544340601241
0
2.299700469191277e-06
5.009604438160589e-05
-3.391921593353879e-05
2.622135886267941e-06
1.472969347762562e-05
-4.878294592211369e-07
0
-2.855456765423063e-05
0.0002270242161368149
-6.985609577860233e-06
0.0001189374160647356
0.0005338416868003089
0.001083783737601019
0
6.281670967784592e-05
0.0003511461737183099
0
0
8.261762648872712e-05
2.110781174504977e-05
-0.0001162940074555677
0.0001291228116086668
0.0003148920206017652
0.0002868649988704303
0.00100774318517457
0.0002980762642945375
0
0.0003498779576849402
0.0007671316716125121
7.392366749225556e-05
0.0003526946720526024
0.0004449033647418622
0.0002083557653080024
0.0005778846573666671
-0.000360474300009316
-0.0004486684183125647
0.0003272669639255439
-0.000299611817854069
0.0007920904268139016
0.0002346293991643249
0.0004896055944249693
0.0008147841504294567
0
0.0003670296374492483
0
0.0002078245714168067
0
0.0007030258440534569
0
0.0007216181577451022
-8.886608157858677e-06
0.001499631319632517
0.0002201921229126589
0.001653216224176518
8.660082477078484e-05
0
0.0008744655882961947
0.001022292352958544
0.0001740612831522247
0.0004724307909308317
0.001486649685598265
0.0008156806321253957
0.0007121387207070433
0.001433738881624212
0.00166638304169917
0.001749781790964271
0.001747691938953821
0.001798673149355644
0.0008785354308844904
0
-0.0001361544949881663
0
-0.0007181889686464032
0.001018109658112392
0.001595183499727939
0.001247992454205902
0.0003510804949425166
0.0008592950639467912
0.001670848819794354
0.00178262179181675
0.001858781582982255
0
0.001595619606982596
0.002060379094375182
0.001592983659681474
0.001489083248113091
0.001274545204711488
0.001540620216776793
0.001794338730118873
0.001393046235870692
0.001422115755552911
0.001807840056931862
0.001823654484504225
0.001042390627373187
0.001708340116991652
0.001800800162362627
0.001790308479239275
0
0.002066818587503239
0.001694634070301281
0
0.0003435098976004065
0.001963216621940675
-0.0006516045283510198
-0.0002531007238604739
0.0004084070312073784
0.0004792694973597491
8.423018791949154e-05
0.0002179866440109548
-3.132160748884016e-05
0.00123638209194316
0.00160187220811707
0.001562186036777353
0.0004435278799327711
0.001778515911227982
0.001272569719101353
0.00180547050941527
0.00185253166898665
0.002265068409034695
0.002026902675312177
0.001563755115707469
0.001283406810842717
0.001798226623985273
0.001798749035113176
0.001802816690993375
0.001802900593085133
0.001789709616156212
0.001795290284995786
0.001788925492663728
0.001808167859128117
0
0.001780430087876532
0
0.001808158176253715
0.001734108823132639
0.001761269171960825
0
0.001797711709681087
0.001766622546596621
0.001686722748729901
0.001649892197915948
0.001675946675580792
0.001791836004747541
0.001195564722878825
0.00175845827015688
0.001396015064687728
0.001712979937518105
0.001729007781376009
0.001696088283940756
0.001589338758107871
0.001746227565921676
0.001081664253507319
0
0.001432583876939811
0
0.001526535413630026
0
0.001015869090423214
0.0008176234899942522
0.001652747047867843
0.0008017577195660301
0.001720303689641358
-0.0001589463372239105
0.0002226053323445952
0
0
