0
0
0
0
0
0
0
0
0
0.001079007627945905
0.001086149166065446
0.001204001503367342
0
0.0001448512875822944
0.00124663342271531
0.001731809595502806
0.002056846903390854
0.001836963575061067
0
0.001490261781570452
0.001527862156314414
0.001198015993335779
0.0009003178889785202
0.001143555190255165
0.0007188650520969581
0.0009549429682177615
0.001570817588122612
0.001207362758948447
0.001387926429474876
0.001354478581345393
0.001561010968433421
0.0009418375765790087
0.001412090693106762
0.001039354249809298
0.001122022678644713
0.001653098167827449
0.001709638577552585
0
0
0.0009141367055624667
0.001711209008902757
0.001171078666894376
0.0005153673271123114
0.0009295347612267438
0.001671949298005291
0.001707555815483439
0.001621310965540617
0.001633861122116972
0.001522497474752669
0
0.001681110109058988
0.001219271737001502
0.001408912988660648
0.0008911141019360596
0.0009514371047510906
0.000232249154316174
0.001129345567259096
0.0006831769197717294
0
0
0.0002332901875910509
0.0004907359683894896
0.001748135271604438
0.001541162217425858
0.002042813853235577
0.001693203647813432
0.00166369059548952
0.001692658368084292
0
0.001740959200850571
0.001294635192567736
0.001351032956685945
0
0.001220681255452701
6.642150420130079e-06
0.001359221639133044
0.001169481781902079
0
0.001669356624033685
0.001344859757101514
0.001701355129759633
0
0.00143269746181959
0.001709971975272115
0.001564090102643657
0.0009991749636318712
0.001644704847028431
0.0009439247922280715
0.001345398482642556
0
0
0.0007280990392704934
0.001623821404243303
0.001673999812742751
0.0002754709759330747
0.001128248348936125
-9.669416564872755e-07
0.000411371245523864
-0.005965118523459129
0
0.001414444153173162
3.103716501669911e-06
0
0.001529975708277676
0
0.001824928019400311
0.001330626037214889
0
0
0.001860909778005036
0.001849006407572862
0.001261085952723695
0.001483106410811949
0.001568298929857849
0.001209845256828907
0
9.117552294399637e-05
0.0005836601702311913
-0.0006645841229630629
0.0009051317788843171
0.0009721633379396882
0.0005980438656747729
0.0008134124164124156
0.0007956938584092717
0.0004422053822771545
-3.306230273170023e-05
4.307392465381561e-05
1.375232928108442e-05
0.0001447871308071858
3.081978142802018e-05
0.000287000098014436
0.0003568286615688684
0.000136578711734422
0.0005235070249682082
0.0004715406885080843
-1.519541592568162e-05
9.10687966183388e-05
0.0002626929185129614
-5.648539763541274e-05
0.0002233237809276593
5.20706528651232e-05
9.927568927583818e-05
9.5455213701987e-06
-1.100248913242272e-05
2.526501088472733e-06
0
-0.0002525789975036692
0.001097432555281755
0.0006277254839818085
0.001151678961220801
0.001323371389263689
4.178308992680956e-05
-0.0003084802245868023
-6.420535377182001e-05
-0.0002149412715445319
-1.466077687750651e-06
-7.21866585114854e-05
0
-1.184689690275917e-06
0.0004127628646916571
-1.763906912903518e-05
8.08818414253884e-07
3.614751687074589e-06
2.848037940170418e-08
4.001464613578913e-06
-1.007081951011912e-06
2.980347060868825e-05
0.0001752406975284044
1.956177378015616e-06
-2.284246453099589e-05
-7.740623719826483e-07
3.10977265244801e-06
8.82918087234335e-05
-1.672749350120506e-06
0.0008530553697632103
0
1.850145372515311e-06
4.908905667355345e-05
-3.388555512944321e-05
2.879589173302736e-06
1.478696902798701e-05
-5.434033381569987e-07
0
-2.850739177668196e-05
0.0002170482847051076
-7.057001440152007e-06
0.0001188367087866959
0.0005359547381849306
0.001084169921560554
0
5.993908662409074e-05
0.0003410960247984915
0
0
7.786812774632804e-05
1.597972056676613e-05
-0.0001175220300028585
0.000127882120269474
0.0003124509785107906
0.0002784390413710092
0.00100754233448874
0.0002928939967554171
0
0.0003505394809254084
0.0007631371353279216
7.392394724868985e-05
0.0003453598121156675
0.0004450105118123682
0.0002037125309324604
0.0005685504099126404
-0.0003625954116474158
-0.0004719799331993571
0.0003261568866449705
-0.0003004743709009833
0.0007921123302798105
0.0002300372759989359
0.0004902854578263504
0.0008149538857087946
0
0.0003673733944676607
0
0.00020541270325964
0
0.0007010866858555533
0
0.0007208336081320672
-8.194445650485961e-06
0.001499416842335735
0.0002211360700768305
0.00165293898146879
8.659625321243349e-05
0
0.0008746184548392287
0.001022219424899772
0.0001723353567424085
0.0004712544062599686
0.001486653132677072
0.0008152624120628026
0.0007121431509286023
0.001433875345809261
0.001666534729579844
0.001749701479864223
0.001747736879138273
0.001798337122425798
0.000877739022908446
0
-0.0001362199082695196
0
-0.0007496490499068327
0.001018003228836747
0.001594871102833849
0.001248252524088905
0.0003519176792283581
0.0008593859237690419
0.001670620786848253
0.001782415018929292
0.001858352428741194
0
0.001594231292412074
0.002059876617381392
0.001592467761777457
0.001488809061033373
0.001274296576372754
0.001540466422022959
0.001794046849377002
0.001392760128172093
0.001421783584943162
0.001808133108893696
0.001823452259458183
0.001041849874058247
0.001708090159519746
0.001800650618446903
0.001790067898736063
0
0.002066517553218668
0.001694454351474151
0
0.000341410561720005
0.001963906590892493
-0.0006572768314985214
-0.0002557760791500609
0.0004155755305010193
0.0004785594544614806
8.896962295836056e-05
0.0002150876944111372
-3.210681035594651e-05
0.001239198102027719
0.001602348604270713
0.001562182968549752
0.0004356178534297226
0.001778233563783517
0.001272406011092982
0.001805345255839494
0.001852256304082771
0.002264653344947045
0.002025784377656261
0.001563488528174361
0.001283158260394565
0.001798012016206967
0.001798488706640622
0.00180255795190516
0.001802701753826831
0.001789468735610426
0.001795038615038895
0.00178871297758932
0.001807938699132417
0
0.00178022446351339
0
0.00180788368420725
0.00173374853033281
0.001761132227972933
0
0.001797466116745454
0.001766450515763995
0.001686765076575953
0.00165009454245084
0.001672738499335568
0.001791638334102231
0.001195190103145343
0.00175830708073011
0.001395608708093017
0.001712929250111657
0.001728805695811305
0.001696035474414598
0.001589192433743383
0.00174628690014473
0.001081863325602257
0
0.001432041628554942
0
0.001526248651012633
0
0.001014985714535305
0.0008169545167255396
0.00165216748449725
0.0008012504314072096
0.00172020086155517
-0.0001589469460466901
0.0002199388323800423
0
0
