0
0
0
0
0
0
0
0
0
0.001078905671616147
0.00108811869683589
0.001204811663633889
0
0.0001441158161028418
0.001242800517386998
0.001731544543020596
0.002056725030612595
0.001836722108507367
0
0.001489219379065825
0.00152782450493553
0.001198234541683081
0.0009026937013844229
0.001144310946210725
0.0007182028880433455
0.0009573123519746191
0.001570891939408138
0.001207851840721153
0.001388182860329491
0.001354781070538665
0.001560556753212128
0.0009417084806609652
0.001412153507060476
0.001039466299329407
0.001121831102067411
0.001652970340317336
0.001709406608034894
0
0
0.0009139791857424901
0.001710951956930374
0.001171194262721561
0.0005146679425475849
0.0009292809538740096
0.001671704619739188
0.001707267993121414
0.001621093673700591
0.001633684721761871
0.001522359268013863
0
0.001680665147194517
0.001219236606305147
0.001408649098916803
0.0008907445878296676
0.0009510117047308711
0.0002315643493095923
0.001128964007198985
0.0006826477837902421
0
0
0.0002326487173297275
0.0004900868610444027
0.001747781403366429
0.001540780767880511
0.00204253817260062
0.001693003053258498
0.001663463933899363
0.001692697174771579
0
0.001740834335091714
0.001294170368302308
0.00135032697837019
0
0.001220585552449534
6.8290612830083e-06
0.001358245166198989
0.001168201500932434
0
0.001669146485207383
0.001345729883791085
0.001700943266264864
0
0.001432341677528981
0.001709739566779327
0.001563919967927594
0.0009989863540684006
0.001645865568481216
0.0009435762927266443
0.001345440197144134
0
0
0.0007280756720568145
0.001623595474860574
0.001673718546257017
0.0002753942037344289
0.001129100272239579
-9.605194904439066e-07
0.0004108780551222965
-0.005965108960096793
0
0.001414573237686645
3.042402223606083e-06
0
0.001529150067265833
0
0.00182387629627951
0.00133024556459253
0
0
0.001860411903166929
0.00184764584143632
0.001258913533156618
0.001482325473106107
0.001566694020645171
0.001208482214973569
0
8.865101409795466e-05
0.0005801694288593141
-0.000664564003020782
0.0009031399412757413
0.000971561604456367
0.0005961821445906849
0.0008125888325014902
0.0007939376031237527
0.0004393682703065816
-3.27785553104413e-05
4.011883591287242e-05
1.152169620873135e-05
0.0001414870229337664
2.939371847845687e-05
0.0002854955860674185
0.0003548566025162377
0.0001342456217994869
0.0005222548897473497
0.0004705796715046395
-1.384750954000555e-05
9.016621840957952e-05
0.0002619363444009747
-5.654135952778769e-05
0.0002222178529285409
5.159811651124373e-05
9.7745510536713e-05
8.779296921480258e-06
-1.106961307489893e-05
2.570595310040698e-06
0
-0.0002525854256458942
0.001095185815165091
0.0006246918081372915
0.001150897348721683
0.001322377697273804
3.940115710563344e-05
-0.0003059217231054682
-6.42520220413367e-05
-0.0002180997780821128
-4.279803329881232e-06
-7.121527101766224e-05
0
-1.198028298920484e-06
0.0004161685105032944
-1.522636058779042e-05
1.651034978488555e-06
2.895023468943851e-06
2.216966838221108e-07
4.064635012937744e-06
-1.007264660831309e-06
2.923315393935976e-05
0.0001772895327420316
2.287534449960774e-06
-2.30454906264145e-05
-1.136068368908887e-06
3.364732118137248e-06
9.396123722476489e-05
-1.550384128471661e-06
0.0008550243437233181
0
1.822822369798907e-06
4.904964061308915e-05
-3.391506035844107e-05
3.616937782414109e-06
1.488656971378347e-05
-5.328854812157707e-07
0
-2.84340532109596e-05
0.0002275118975480387
-7.506084748581652e-06
0.0001189184996181955
0.0005352723634038479
0.001085085904576866
0
6.143645476451924e-05
0.0003525428991570056
0
0
8.266098170100498e-05
1.583659219063428e-05
-0.000116513422460633
0.0001288846849327244
0.0003177583690803773
0.0002867446178860758
0.001008808480910651
0.0003004106188571344
0
0.0003523214366534787
0.0007692763489466659
7.392372949216235e-05
0.0003515320259094339
0.0004469161089754789
0.0002102511268040661
0.0005788046372071492
-0.0003609499764968542
-0.0004550969494486316
0.0003270787562079797
-0.0003014805117728392
0.0007934720051753673
0.0002368683440701511
0.000491583795484766
0.0008156754098373875
0
0.0003690198161881135
0
0.000209616158212781
0
0.000705732477084625
0
0.0007214729684447183
-7.489276697158994e-06
0.001499798274254982
0.0002218673069850372
0.001653374049957961
8.659983650965769e-05
0
0.0008749651456894018
0.001023156581953391
0.0001762530365658249
0.0004744863609758096
0.00148752027025647
0.0008169132920243497
0.0007133565275181738
0.001434863162238922
0.001667134185829194
0.001749910689677311
0.001748127170787263
0.001798594845503912
0.0008798956300874799
0
-0.0001361666707610448
0
-0.0007279940543953863
0.001019056858392311
0.001595356114740222
0.001248177725526678
0.0003528254702381038
0.0008603295789481215
0.001671022641104938
0.001782636154422485
0.001858647021830613
0
0.001594693005983685
0.002060216072615105
0.001592957875355729
0.001489388717040527
0.001275278041524074
0.001541083885220047
0.00179430671244002
0.001393261910142685
0.001422390998520896
0.001807940661720484
0.001823676130477526
0.001043636212329258
0.001708313911954597
0.001800827069554885
0.001790315836783745
0
0.002066812663177283
0.001694692368146017
0
0.0003430485961682695
0.001963187132762451
-0.0006526457356991037
-0.0002535761355989032
0.0004095213624009143
0.0004791626395229283
8.478002176829321e-05
0.0002176525650789349
-3.148844841722345e-05
0.001240639989302047
0.001602796595889867
0.001562190802161834
0.000442795493302773
0.001778607240304302
0.001272784867170637
0.001805558461128128
0.001852561666134861
0.002265124242255222
0.002026672400724077
0.001564050762787699
0.001284019971209256
0.001798234552785948
0.001798755470787269
0.001802806692183342
0.001802914579581836
0.001789735399608575
0.00179527152459687
0.001788939663188447
0.001808173188770244
0
0.00178044225200709
0
0.001808151523048124
0.001734071632297339
0.00176130539712646
0
0.001797736181277981
0.001766647687220043
0.00168678691758302
0.001649943104637623
0.001675256378014746
0.00179185163972519
0.001195477817627421
0.001758485552558575
0.001395986001855861
0.00171302078721746
0.001729007484998969
0.001696132659621674
0.001589367897043709
0.001746279896542159
0.001081787610648531
0
0.001432539930289541
0
0.001526509828407709
0
0.001015744756862554
0.000817336706076965
0.001652548934210689
0.0008016770075133644
0.001720340941168808
-0.0001589464474766521
0.0002221054580141546
0
0
