0
0
0
0
0
0
0
0
0
0.001078974949415571
0.001085538086696069
0.001203736987236575
0
0.0001450422713476143
0.001247724062912777
0.001731856189206271
0.002056847742298714
0.001836998975988396
0
0.00149051641089896
0.001527842540225745
0.001197909029049595
0.000899592635146992
0.001143292703874639
0.0007189927052391255
0.0009542261848313101
0.001570766224478503
0.001207177251703463
0.001387814488334494
0.001354354560784259
0.001561116513338705
0.0009418125648376375
0.001412033803382947
0.001039265335156566
0.001122034989924304
0.001653106534934531
0.001709675572758231
0
0
0.000914124583493514
0.0017112535865925
0.001170996896860706
0.0005155110550937207
0.000929555513311571
0.001671991359070244
0.001707609102779269
0.001621345943109535
0.001633881834526238
0.001522501838308889
0
0.001681209806769196
0.001219237982035723
0.001408955669306149
0.0008911788294787483
0.0009515366594934601
0.0002323937699176994
0.001129424694260974
0.000683302649016432
0
0
0.0002335407003850921
0.0004908754240829415
0.001748206486645009
0.00154124323417557
0.002042858592668406
0.001693232060334536
0.001663724009299916
0.001692618281207462
0
0.00174096491632124
0.001294728446725053
0.00135117065477341
0
0.001220653858160657
6.608438940590387e-06
0.001359489793081697
0.001169830052616972
0
0.001669386573305217
0.001344574929908232
0.00170144388872341
0
0.001432777163420496
0.001710009261189278
0.001564103758248718
0.0009991947626607695
0.0016443289864668
0.0009440002720431873
0.001345386031446157
0
0
0.0007281058121590796
0.001623859428210432
0.001674050977223354
0.0002754788371859668
0.001127957418676489
-9.714540705328949e-07
0.0004115039110205819
-0.005965121058464111
0
0.001414384720034614
3.10659180218429e-06
0
0.001530162837663886
0
0.001825179765187099
0.001330684284408932
0
0
0.001861002280810241
0.001849335665635318
0.001261611626931295
0.001483267566080257
0.001568689066977639
0.001210135257572786
0
9.187212156424503e-05
0.0005845271986199053
-0.0006645976158068139
0.0009056038018328678
0.0009722616493941302
0.0005984683841507168
0.0008135741226789211
0.0007960995139584263
0.0004429056510384201
-3.317917051612454e-05
4.38321346953199e-05
1.43703740985294e-05
0.000145581658911846
3.115228991537728e-05
0.0002873275439432273
0.0003572782354898503
0.0001370551361028331
0.0005237798360424005
0.0004717447415200058
-1.554290622047009e-05
9.125430893044244e-05
0.0002628447823955414
-5.646734230679151e-05
0.0002235570605393744
5.213459276253919e-05
9.958159735854323e-05
9.712031251872878e-06
-1.098826103067588e-05
2.528573680902902e-06
0
-0.0002525763178181422
0.001097978238783973
0.0006284882328167119
0.001151825582364127
0.001323577888203994
4.234021490433171e-05
-0.0003092861338742081
-6.419007375592127e-05
-0.0002138666512708104
-7.855466015250046e-07
-7.248852285675181e-05
0
-1.180463189972978e-06
0.000411873391621503
-1.834563808151808e-05
5.762442248781129e-07
3.785981206696575e-06
-2.66171859437681e-08
4.03599563351788e-06
-1.007006082790956e-06
2.990974385465342e-05
0.0001746975947324377
1.943134642054059e-06
-2.278050729520118e-05
-7.605388388544474e-07
3.095401096556016e-06
8.686432124178889e-05
-1.689335380453997e-06
0.0008525390852548547
0
1.86429212668215e-06
4.910548871512973e-05
-3.387597485204194e-05
2.774273406318283e-06
1.483697465959021e-05
-5.448227657929735e-07
0
-2.866977441998818e-05
0.0002143783491804734
-6.948824125065534e-06
0.0001188124310778309
0.0005361822295448608
0.0010839148669887
0
5.958331342163506e-05
0.0003381527329545734
0
0
7.669978631605904e-05
1.599996051237207e-05
-0.0001178372175831121
0.0001276009685714506
0.0003110809614507774
0.0002762802912137375
0.001007218329594934
0.0002909745540003173
0
0.0003500864063660238
0.0007615670513443517
7.392402384065217e-05
0.0003437262312213483
0.0004445133385329878
0.0002020346720560454
0.0005658648367255274
-0.0003630300666333303
-0.0004768010089401527
0.0003258585575519942
-0.0003000859434877432
0.0007917647356271735
0.0002282971697328944
0.0004899611501524677
0.0008147705291810806
0
0.0003669663596001021
0
0.0002043260295332911
0
0.0006999044565088152
0
0.0007206441222883527
-8.374510155093294e-06
0.001499326283794312
0.0002209741047095693
0.001652840185122213
8.659732977784199e-05
0
0.0008745384902957084
0.001021981664434617
0.0001713063857129966
0.0004704114217279985
0.001486433582822515
0.000814814896350336
0.0007118010811319862
0.001433618476252324
0.001666397107237874
0.001749672000511026
0.00174765538981819
0.001798291742438162
0.0008771666064664272
0
-0.0001362355340200197
0
-0.0007550077202682533
0.001017736093047954
0.001594754636992046
0.001248248723597899
0.000351696415974678
0.0008591486284657431
0.001670533307597004
0.00178237824485879
0.001858298040498842
0
0.001594109938864317
0.002059816508982032
0.001592337599599171
0.001488667465882535
0.001274049383141748
0.00154031860133075
0.001794000873395593
0.001392630854063109
0.001421627319487019
0.001808216532535664
0.001823417293659467
0.001041380793883618
0.001708047509832978
0.00180062924508341
0.001790024683020304
0
0.002066461570105974
0.001694401461268397
0
0.0003409185249683249
0.001964068933465507
-0.0006586530359389004
-0.0002564584885123892
0.0004169263850061284
0.0004783500787702706
8.98494261605049e-05
0.0002143421811177539
-3.219736780278166e-05
0.001238932186860939
0.00160223973056597
0.001562142463626806
0.0004337078500489583
0.001778151148549652
0.001272309573298759
0.001805313656007437
0.00185219304938107
0.002264547295630171
0.00202553792798913
0.001563354614723633
0.001282942171495826
0.001797974732702401
0.001798439701934646
0.001802514643036523
0.001802666211795456
0.00178941823259579
0.001795000286452751
0.00178867513568346
0.001807898261466418
0
0.001780187352775713
0
0.001807833372745014
0.001733679145653159
0.001761107028584768
0
0.001797415941798856
0.001766418383575301
0.00168678338231369
0.001650167852667715
0.001672018324223881
0.001791603239009688
0.001195120272569053
0.001758280917309166
0.001395519361656416
0.001712927499069926
0.0017287722951734
0.001696031616276762
0.001589164181550742
0.001746315143160411
0.001081904306742054
0
0.001431915178589717
0
0.001526192218035814
0
0.001014777859940222
0.0008168546890036076
0.001652080435309959
0.0008011375015361216
0.001720184635480154
-0.0001589470917835267
0.0002193081294869394
0
0
