0
0
0
0
0
0
0
0
0
0.001078707438034596
0.001088288240239468
0.001204843818088369
0
0.0001439853070019861
0.001242277874948573
0.001731432420549334
0.002056620918399258
0.00183660203692855
0
0.001488967013043663
0.001527744583778545
0.001198147283333792
0.0009029261989358713
0.001144298405599237
0.000717790117884257
0.0009575483790663567
0.001570826137135897
0.001207805241641745
0.001388125277989325
0.001354729323909586
0.001560426624355419
0.0009414894423921659
0.001412071287654503
0.001039321437054742
0.001121726314128879
0.00165287911321322
0.001709297973490046
0
0
0.0009137766852864862
0.00171084140297548
0.001171087031117065
0.0005142645464474026
0.0009290901898627743
0.001671597317508449
0.001707152327221157
0.001620992535147616
0.00163358459607397
0.001522258264276711
0
0.001680533437006213
0.001219135122810198
0.001408537268111205
0.0008906431259178011
0.0009509333715034639
0.0002322577182323653
0.001128849649569632
0.000682641100930447
0
0
0.0002328905134503143
0.0004901908978245463
0.001747655660793556
0.001540659078260742
0.002042409240159307
0.001692898627569553
0.001663356093456118
0.001692628836172687
0
0.001740739388595385
0.001293999759360955
0.001350075297298874
0
0.001220421261305547
6.928510178670422e-06
0.001358098919784798
0.001168038785091778
0
0.001669040196937032
0.00134576748663945
0.001700810994046156
0
0.001432236080608136
0.001709630932729889
0.001563816564219574
0.0009988989005580821
0.001645921962563157
0.0009434946332288362
0.001345445072646674
0
0
0.0007280728535747933
0.00162350006700844
0.001673603242505782
0.000275357901540323
0.001129097792660216
-1.027624773421405e-06
0.0004107857210243343
-0.005965107721894181
0
0.001414560331508109
3.21169285141403e-06
0
0.001528913361894075
0
0.001823638051183019
0.001330057571975665
0
0
0.001860232293030236
0.001847388659613141
0.001258626937951529
0.001482120138574966
0.00156644797870543
0.001208332960585926
0
8.842953367868886e-05
0.0005798545481451433
-0.0006645626562945756
0.0009026502291147277
0.0009711961560431211
0.0005952878957029838
0.0008120907187781482
0.0007933083171139848
0.0004388525618215417
-3.275584487009299e-05
3.986809396255974e-05
1.130189654626471e-05
0.0001407631554042501
2.914788658806907e-05
0.0002837109854095425
0.0003536560225686573
0.0001333570193125242
0.0005212700632913769
0.0004695794841915789
-1.367525810459393e-05
8.633710437457856e-05
0.0002605016753668309
-5.654756340517538e-05
0.0002198682129373709
4.640142747312067e-05
9.646313981877056e-05
8.596827182107434e-06
-1.107838626422522e-05
2.526151599837943e-06
0
-0.0002525855718883103
0.001094832141742608
0.0006242781388576096
0.00115058391513877
0.001322125518630201
3.917091534251862e-05
-0.0003056466304486822
-6.425782440012423e-05
-0.0002185290828084528
-4.691801236969828e-06
-7.110588000892125e-05
0
-1.19828602506093e-06
0.0004160854525184997
-1.494567462864652e-05
1.749998976367515e-06
2.775809268148141e-06
2.476312489376806e-07
4.141776064755818e-06
-1.007198693961586e-06
2.914629182211385e-05
0.0001771941250371569
2.487280632835708e-06
-2.306925382335927e-05
-1.392578069922169e-06
3.457704110501272e-06
9.439116928684429e-05
-1.43073346406023e-06
0.0008550191959847873
0
1.883528996425806e-06
4.898103212966843e-05
-3.391698237093723e-05
3.519797654884628e-06
1.489585537478805e-05
-5.39978103917349e-07
0
-2.849626989361281e-05
0.0002283300314777559
-7.463309470473522e-06
0.0001189282420311661
0.000534796752776197
0.00108487021885399
0
6.147466032895848e-05
0.0003532871579126591
0
0
8.304939048286795e-05
1.58794103441405e-05
-0.0001163998803019419
0.0001290075050385142
0.0003177159646069171
0.0002874027944317271
0.001008865255088394
0.0003006681282198918
0
0.0003521377883177126
0.0007694966569591382
7.392369777055305e-05
0.0003522304840369729
0.0004468036968061286
0.0002105383432755789
0.000579523442286968
-0.0003607009507576001
-0.0004527227447316678
0.0003271782488410837
-0.0003012337463633655
0.0007934728046572598
0.0002371212626277092
0.0004914522643166165
0.0008157067172052461
0
0.0003689006556433385
0
0.0002097169793077046
0
0.0007057501121490251
0
0.0007215484633654011
-7.636573643355864e-06
0.001499965975232435
0.0002216936726648062
0.00165356850049328
8.660035585774743e-05
0
0.0008750093783163909
0.001023238779004699
0.0001761696668584796
0.0004744270752994357
0.001487545559443404
0.0008168316151373527
0.0007131869624573125
0.001434801435230418
0.001667167412367464
0.001750089928558633
0.001748246753581784
0.00179882655990334
0.0008798790145244873
0
-0.0001361603641896953
0
-0.0007246750751181895
0.00101913511392276
0.001595546540761626
0.001248256623131819
0.0003526803568919789
0.0008603665303079035
0.001671206827475961
0.001782824334665123
0.001858900689336462
0
0.001595069910426013
0.002060525712454874
0.001593171299855445
0.001489562673927199
0.001275378776584266
0.001541204988042606
0.00179452136377409
0.001393427608184533
0.001422562377186302
0.001808084478209714
0.001823873807326719
0.001043653301085416
0.001708513314745112
0.00180101348547816
0.001790515633120181
0
0.002067032079822671
0.001694868938469318
0
0.0003432187765665872
0.001962989032415589
-0.0006521021064181928
-0.0002533281463385085
0.0004089013666846275
0.0004792216340634393
8.445620817189452e-05
0.0002179925921193878
-3.15536480609755e-05
0.001240167877993385
0.001602674254111602
0.001562188375242434
0.0004435255603351087
0.001778802757522726
0.00127292531976889
0.001805744609942606
0.001852764205739024
0.002265378015710451
0.002026990425973036
0.001564226291326731
0.001284152912255997
0.001798425518834931
0.001798962822998958
0.001803013471756324
0.00180310333709712
0.001789939862322267
0.001795483664048946
0.001789132201664217
0.00180836890349243
0
0.001780625301046941
0
0.001808350874265868
0.001734266917962505
0.001761473957882641
0
0.001797939316928263
0.001766820097912616
0.001686928873227465
0.0016500781216277
0.001675736115173462
0.00179203802543059
0.001195617288556208
0.001758657578556162
0.001396148314113662
0.001713176367205687
0.00172918397346596
0.001696285330587104
0.001589518671689915
0.001746429627530821
0.001081858812922827
0
0.001432702633336237
0
0.00152666812073091
0
0.001015898415316402
0.0008175342603395665
0.001652793343816267
0.0008017963652895426
0.001720499711695264
-0.0001589463892662786
0.0002223650528767158
0
0
