0
0
0
0
0
0
0
0
0
0.001079018689649703
0.001086763972186388
0.00120425936341507
0
0.0001446603158796248
0.001245508253163306
0.001731743319384244
0.002056824456962329
0.001836905732491855
0
0.001489981470328249
0.001527866876605828
0.001198109499539031
0.0009010503112814537
0.00114380754814665
0.0007187098101292373
0.0009556646783242604
0.001570855257665769
0.001207535387543681
0.00138802437876237
0.001354589987449685
0.001560884295727504
0.000941840306450839
0.00141213095561805
0.00103942433194848
0.001121991476305808
0.001653074465534983
0.001709582202550792
0
0
0.0009141271632288922
0.001711145320693972
0.001171142977774832
0.0005151923323905122
0.0009294924082538471
0.001671890448721833
0.001707482909132035
0.001621260455433777
0.001633823699675959
0.001522475287324831
0
0.001680992253329056
0.001219287334691847
0.001408853635075978
0.0008910298597894609
0.0009513255607012255
0.0002320521740773748
0.001129251515881384
0.0006830402192283352
0
0
0.0002330692440372416
0.0004905662924309988
0.001748045572568339
0.00154106412478884
0.002042749763138191
0.001693157051503931
0.001663634845755957
0.00169268546140434
0
0.001740935860362369
0.001294523527545261
0.001350864992909343
0
0.00122068945913699
6.686465293732563e-06
0.001358938667246137
0.001169120954366487
0
0.001669305055872708
0.001345127465543869
0.001701244277468532
0
0.001432599326078515
0.00170991565158602
0.001564048519616402
0.0009991239628304965
0.001645062594958085
0.0009438255909602076
0.001345411059257153
0
0
0.0007280921105663682
0.001623765367830277
0.001673928588245771
0.0002754511236929501
0.001128530088714136
-9.614733681389998e-07
0.0004112256881494955
-0.005965115817251253
0
0.001414491977108773
3.0874638666528e-06
0
0.001529763487331663
0
0.001824647156749717
0.00133054678893283
0
0
0.001860795027138969
0.001848638815125953
0.00126047579180384
0.001482911821176394
0.001567856056326244
0.001209504612700784
0
9.041559570875844e-05
0.0005826551057857971
-0.0006645753953524286
0.0009045862391795318
0.0009720357655899574
0.0005975466303322542
0.0008132187367400755
0.0007952236599100323
0.000441389283807073
-3.296026443823802e-05
4.219534037320018e-05
1.307339276077928e-05
0.0001438224162557649
3.042435845403371e-05
0.0002866186745222937
0.0003562954288194385
0.0001359522677352569
0.0005231889847039687
0.0004713015263724841
-1.481741624468296e-05
9.083901726205113e-05
0.0002625152002787553
-5.650269363627148e-05
0.0002230563605037058
5.19893263408542e-05
9.889485152845203e-05
9.360898754778205e-06
-1.101914421437139e-05
2.527387273449393e-06
0
-0.000252582126426744
0.00109680389598402
0.0006268542749404161
0.001151496249261762
0.001323119650031801
4.113889497190263e-05
-0.0003076788412326081
-6.421873431878063e-05
-0.0002159453956246497
-2.147988423004787e-06
-7.188711884797871e-05
0
-1.188843126395319e-06
0.0004137276570323148
-1.691194116488536e-05
1.056852221690756e-06
3.397326194688077e-06
8.447549491010219e-08
3.977007728409467e-06
-1.0071588110448e-06
2.970067467897268e-05
0.0001758351387451536
1.98001801256049e-06
-2.290467473960891e-05
-7.970502911753957e-07
3.133125188249819e-06
8.989285048883612e-05
-1.654810655875606e-06
0.0008536013593635735
0
1.834307918539121e-06
4.906947642405754e-05
-3.389496063579445e-05
3.068475652612236e-06
1.476313635162928e-05
-5.39849270002915e-07
0
-2.837332351211089e-05
0.0002200321048931338
-7.194174128739823e-06
0.00011886128982062
0.0005357314485603299
0.001084419728040671
0
6.035901653046901e-05
0.0003443842936580295
0
0
7.919055512410352e-05
1.594308830065843e-05
-0.0001172113420598353
0.0001281740785452605
0.0003139713974225191
0.0002808227110907965
0.001007887404578218
0.0002950390139121161
0
0.0003510115915939074
0.0007648742610595244
7.392388027645275e-05
0.0003471482289303445
0.0004455315343191875
0.0002055611000060242
0.0005715141620976407
-0.0003621770059872658
-0.0004670458034194638
0.0003264489313051681
-0.000300758591175203
0.0007924787328759551
0.0002319629260140802
0.0004906225949637069
0.0008151427081953028
0
0.0003678083796185556
0
0.0002065951635162362
0
0.0007023772416871425
0
0.000721025773686735
-8.017854440687603e-06
0.001499517093141968
0.0002213131233927811
0.001653054596527147
8.659696663464752e-05
0
0.0008747049712077744
0.001022470691729585
0.000173476598960874
0.0004721660503076476
0.001486885613632684
0.0008157245686240027
0.0007124801657574021
0.0014341423016715
0.001666691452810411
0.001749751580362731
0.00174783483880339
0.001798404540426246
0.0008783439147662544
0
-0.0001362040971683502
0
-0.0007433603090128092
0.00101828694585168
0.001595001755861407
0.001248225338354962
0.0003521437069837
0.0008596356269324537
0.00167072615693011
0.001782472287297568
0.001858430426595634
0
0.001594375116970474
0.002059965120127955
0.001592603816144126
0.00148896492382994
0.001274564025742069
0.001540631222330081
0.001794114429139324
0.001392895148454319
0.001421949124504067
0.001808067063650682
0.001823508432287575
0.001042346163431679
0.001708145383943251
0.001800694462739904
0.00179013166511018
0
0.002066595403804908
0.001694511094944979
0
0.0003419033957797203
0.001963720527352169
-0.0006558809569832398
-0.0002550974345835829
0.0004138356650299702
0.0004787580645138119
8.785248603649322e-05
0.0002158178944010365
-3.196551416419475e-05
0.001239511942612087
0.001602466094388127
0.001562200067429392
0.0004376772905029424
0.001778332021247103
0.001272506311364842
0.001805397052457366
0.001852335473060848
0.002264778538116183
0.002026035917379793
0.001563638631880285
0.00128339159531959
0.001798068907445691
0.00179855801117052
0.001802622215738322
0.001802754954223281
0.001789537535993491
0.001795098054850249
0.001788770924165394
0.001807998980901051
0
0.001780280226895908
0
0.001807954229275561
0.001733836076107728
0.001761174761273799
0
0.001797536415073039
0.001766500476151541
0.001686763950064212
0.001650044672082604
0.001673488290808773
0.001791692515886999
0.001195271008779525
0.001758351541331195
0.001395713698940308
0.001712948496938631
0.001728857817405978
0.001696056476614015
0.001589237280272925
0.001746276550422966
0.00108183512900071
0
0.001432184382410668
0
0.001526318618777746
0
0.001015206587185154
0.0008170675704800778
0.001652275144031572
0.0008013734375112655
0.001720234308725959
-0.0001589467961728883
0.0002205832505856588
0
0
