0
0
0
0
0
0
0
0
0
0.001078990289583631
0.001085781081346658
0.001203840504212052
0
0.0001449594478469197
0.001247289364132403
0.001731837606550587
0.002056847805964021
0.0018369850942425
0
0.001490415785469622
0.001527849727092972
0.001197953282173063
0.00089988013652355
0.001143399391867479
0.0007189416527767883
0.0009545121593471297
0.00157078595714124
0.00120725294848754
0.001387859895779305
0.00135440442663965
0.001561075413724689
0.0009418245535604054
0.001412057168849885
0.001039302847758774
0.001122030809106215
0.001653102811060868
0.00170966082438131
0
0
0.0009141307987660251
0.001711235626138915
0.00117103094570088
0.0005154522048436955
0.0009295481009684964
0.001671974544264859
0.001707587931242552
0.001621331665137051
0.001633873308616325
0.001522500489634439
0
0.001681169866509944
0.001219252324290605
0.001408939047961946
0.0008911541021871152
0.0009514979046247168
0.0002323340281378879
0.001129394087561874
0.0006832574723162001
0
0
0.0002334525905599803
0.0004908204840430313
0.001748177891382594
0.001541210795878579
0.002042840277619569
0.001693220751112691
0.001663710938906138
0.00169263270339979
0
0.001740962783818641
0.001294692482473088
0.001351118727277152
0
0.001220666745392053
6.62203596887643e-06
0.001359382417788863
0.0011696944742031
0
0.00166937523364403
0.001344688606656535
0.001701408900971191
0
0.00143274580223983
0.001709994488037757
0.001564099354525482
0.0009991878475834556
0.001644479241780251
0.000943972020084552
0.001345390975427954
0
0
0.0007281031315295574
0.001623844109190245
0.001674030553149414
0.0002754773738868061
0.001128075715449761
-9.697001615379109e-07
0.0004114512638355886
-0.005965120068871468
0
0.001414409373065345
3.105092985040774e-06
0
0.001530089476170149
0
0.00182508124187623
0.001330662575934664
0
0
0.001860966404804713
0.001849208545073981
0.001261413829149521
0.001483207356544893
0.001568540501665882
0.001210030014986864
0
9.161147222208788e-05
0.0005841989012251651
-0.0006645916757290428
0.0009054214455958435
0.0009722248100663366
0.0005982988117984468
0.00081351052367373
0.0007959400641759513
0.0004426359321907966
-3.313095495294095e-05
4.354721767109047e-05
1.414286433664975e-05
0.0001452870168632923
3.102712468013384e-05
0.0002871899156169692
0.0003570987020568207
0.0001368844379616283
0.0005236686046316186
0.000471659925010756
-1.540756039093682e-05
9.117112778659577e-05
0.000262776618427105
-5.647464540337032e-05
0.0002234546519554627
5.209407676893518e-05
9.946535569210658e-05
9.649079680129125e-06
-1.099362837193495e-05
2.52742045766112e-06
0
-0.0002525773174629734
0.001097771028950516
0.0006281945618334492
0.001151770957911698
0.001323501425134924
4.211723621532092e-05
-0.000308962091142234
-6.419653362662444e-05
-0.0002142996361503245
-1.020014848542935e-06
-7.236787931982799e-05
0
-1.182152450526794e-06
0.0004122152692414058
-1.806617949938394e-05
6.673686055732967e-07
3.705706461433782e-06
-4.784623239151244e-09
4.021823294395632e-06
-1.007036311834475e-06
2.987403730497391e-05
0.0001749056107695415
1.946955456924478e-06
-2.280516552880997e-05
-7.627544573464883e-07
3.099527997853294e-06
8.742112488212824e-05
-1.683224894123244e-06
0.0008527399255789347
0
1.858784094383788e-06
4.909809265187789e-05
-3.387979921584566e-05
2.811087667246761e-06
1.481522387417538e-05
-5.442083248767548e-07
0
-2.860326491914568e-05
0.000215418743502319
-6.988462541743456e-06
0.000118822077584288
0.000536090320831279
0.001084016011075739
0
5.972280882807888e-05
0.0003392956042415805
0
0
7.715434177759208e-05
1.598932323728481e-05
-0.000117711185020756
0.0001277116199224432
0.0003116099691746714
0.0002771149812978932
0.001007344833987153
0.0002917170918878276
0
0.0003502595541947919
0.0007621662183882919
7.39239920478823e-05
0.000344354881045189
0.0004447055405273334
0.0002026839880617965
0.0005669045930685448
-0.0003628550348811379
-0.0004749026809501636
0.0003259786838566501
-0.0003002453026070581
0.0007918991887929839
0.0002289689621496201
0.0004900843261836155
0.0008148414886896819
0
0.0003671205489164333
0
0.0002047445298578903
0
0.0007003497721361452
0
0.0007207193295287614
-8.309116698033289e-06
0.001499363250012376
0.0002210302985819998
0.001652881899129063
8.65958953599818e-05
0
0.0008745691395053144
0.001022074649093956
0.0001717051327834462
0.0004707364866564903
0.001486521844601517
0.0008149899026363365
0.0007119339649101199
0.001433721458390093
0.001666453930425028
0.001749686279625513
0.001747689963375656
0.001798312485693471
0.0008773897182568288
0
-0.0001362293325308952
0
-0.0007529050720384861
0.001017840448608345
0.001594803140493107
0.001248252234069266
0.0003517782294517998
0.0008592403992791141
0.001670570364310066
0.00178239636172848
0.001858322349873632
0
0.00159416033163052
0.002059843098727358
0.001592390956876165
0.001488725388627898
0.001274147333329618
0.001540378845790305
0.001794021923711049
0.001392683080229537
0.001421690915517913
0.001808187056978312
0.001823433659914229
0.001041564335549978
0.001708063638213914
0.00180064189151156
0.001790044098345823
0
0.002066487659014756
0.001694423864323883
0
0.0003411131130995908
0.001964005089695913
-0.0006581072792128417
-0.0002561860624152432
0.000416404304276951
0.0004784350651520337
8.950436967802559e-05
0.0002146124974362345
-3.216262060364104e-05
0.001239008337978639
0.00160228512758172
0.001562158889305611
0.0004344429865045568
0.00177818533594188
0.001272348645087103
0.001805328818275352
0.00185222073657933
0.002264590873103574
0.002025630948309939
0.001563409869065871
0.001283028182120195
0.001797992885020561
0.001798462231129234
0.001802534764904414
0.001802683459903142
0.00178944139821439
0.001795018184659857
0.001788693238893631
0.001807917682361947
0
0.001780205395409726
0
0.001807856441376957
0.001733709575270511
0.001761120403595668
0
0.001797439198017286
0.001766434762616018
0.00168677943235791
0.001650142744080114
0.001672308459405631
0.001791620376442421
0.001195150696172251
0.00175829459870171
0.00139555799864696
0.001712931525105952
0.001728789108125923
0.001696036497836536
0.00158917845979437
0.001746307311124328
0.001081888830757576
0
0.001431967695733588
0
0.001526218069247605
0
0.001014861620887903
0.0008168969689844251
0.001652117917279137
0.0008011842552161163
0.001720194517655252
-0.000158947034324444
0.000219557818992294
0
0
