0
0
0
0
0
0
0
0
0
0.001079019589050786
0.001086584009133789
0.001204184696941381
0
0.0001447117021277411
0.001245841863367261
0.001731765438168537
0.002056834074430113
0.00183692570764726
0
0.00149006692372198
0.001527868135271596
0.001198085868578644
0.000900834886987552
0.00114373744366986
0.0007187563237134237
0.0009554533498238807
0.001570846968976425
0.001207488184381038
0.001387998618067754
0.001354560457477299
0.001560924807388444
0.0009418427770157882
0.001412121413921437
0.001039407207432561
0.001122001565100974
0.001653084646213719
0.001709601262851359
0
0
0.0009141323266959914
0.001711166636794625
0.001171126682008796
0.0005152430903400101
0.0009295063703195987
0.001671910805897749
0.001707506836497045
0.001621278443899941
0.001633837466754208
0.001522483934942054
0
0.001681029936464293
0.001219284500806127
0.001408872657789052
0.0008910544796621842
0.0009513570930866572
0.0002321159945585569
0.001129278993049097
0.0006830761974666848
0
0
0.0002331373091294103
0.0004906146396565634
0.001748074688372945
0.001541095006621302
0.002042771529742759
0.001693173292422993
0.001663652843713662
0.001692680243807915
0
0.001740945065141731
0.001294559938350813
0.001350918593400115
0
0.001220691147770363
6.668085985281978e-06
0.001359023773529699
0.001169239269498177
0
0.001669322147132622
0.001345049202281549
0.001701279136026504
0
0.001432629545594153
0.001709934667218118
0.001564061729456236
0.0009991375451594842
0.001644958526561354
0.0009438547590431779
0.001345407349436327
0
0
0.0007280941637269148
0.001623783955856784
0.001673951835257754
0.0002754571600732433
0.001128451415387786
-9.631483425318691e-07
0.000411269783407941
-0.005965116633401199
0
0.001414477611336534
3.092602492027432e-06
0
0.001529829219562455
0
0.001824733268039484
0.0013305738215664
0
0
0.00186083129783931
0.001848750743768995
0.001260660822300189
0.001482973549749016
0.001567990089345886
0.001209603762082027
0
9.065150995456392e-05
0.0005829536312238358
-0.0006645777428314045
0.0009047535939799768
0.0009720762736479389
0.0005976984870022437
0.0008132776093078601
0.0007953676750748003
0.000441644395751177
-3.298877721465157e-05
4.246140470343106e-05
1.328372087073277e-05
0.0001441301658357098
3.054270096206442e-05
0.0002867258187545981
0.0003564586650233161
0.0001361605772088527
0.000523282389832517
0.0004713697148810397
-1.493177700156795e-05
9.090273161599276e-05
0.0002625602928954571
-5.64976147394834e-05
0.0002231245393382939
5.199282304383733e-05
9.901204420844304e-05
9.41818354690112e-06
-1.101401163713248e-05
2.526485632284757e-06
0
-0.0002525811756668004
0.001096995853047408
0.0006271230639887838
0.001151554329960803
0.001323199099095095
4.132881097839268e-05
-0.0003079169200727778
-6.421469355872525e-05
-0.0002156639603090083
-2.038172378339948e-06
-7.197500789695764e-05
0
-1.187633706207657e-06
0.0004134292587435367
-1.712662017390831e-05
9.829360596825696e-07
3.501557255092883e-06
6.791844688010211e-08
3.977249228139013e-06
-1.007135374780767e-06
2.973839472944123e-05
0.0001756481181349282
1.970122171440999e-06
-2.288632144492947e-05
-7.885600728577899e-07
3.124019136853334e-06
8.938981830667521e-05
-1.660341820676265e-06
0.0008534360747648101
0
1.839027599700119e-06
4.907229746702283e-05
-3.389222205585954e-05
3.014460791501829e-06
1.4769767145162e-05
-5.408936889171432e-07
0
-2.841175248435317e-05
0.0002190916881615012
-7.153301054771315e-06
0.0001188540265017489
0.0005358037641482498
0.001084358387952731
0
6.021999087480357e-05
0.0003433434688993743
0
0
7.8763877202044e-05
1.595201239505001e-05
-0.0001173023282537353
0.0001280869550366684
0.0003134953975174416
0.0002800696023294714
0.001007781515742651
0.0002943616761992274
0
0.0003508673776526555
0.0007643152446666291
7.392390020255905e-05
0.0003465918982631177
0.0004453746062185856
0.0002049761089204558
0.000570578591245493
-0.0003622976191000659
-0.0004685106140157977
0.0003263641671683475
-0.0003006859155206659
0.0007923663015420154
0.0002313523005407546
0.0004905174558357892
0.0008150841470501
0
0.0003676691536107328
0
0.0002062202534962477
0
0.0007019594001709806
0
0.0007209691185866463
-8.07315432507261e-06
0.001499485993069586
0.0002212512137042698
0.001653017612256274
8.659666557700725e-05
0
0.0008746769978987788
0.00102239289375888
0.0001731216911822453
0.000471884952772988
0.001486818279479621
0.0008155917330166576
0.0007123940965927308
0.001434067768815271
0.001666646185151719
0.001749733295726751
0.001747804772415588
0.001798380488243535
0.0008781629300905101
0
-0.0001362087812073107
0
-0.0007452839534144727
0.001018199375078273
0.001594960649451527
0.001248242328295315
0.0003520706351390983
0.0008595577177669329
0.00167069239723093
0.001782451491270864
0.001858402879099533
0
0.00159432764600363
0.002059934185619706
0.001592564070330239
0.001488916364254674
0.00127448200173474
0.00154058102617723
0.001794090464176442
0.001392854797588656
0.001421898751265691
0.001808083115306334
0.001823487258002355
0.00104219743030867
0.001708126778535903
0.00180067686141333
0.001790108404592466
0
0.002066567818028889
0.001694497456512677
0
0.0003417589239513679
0.001963778563737884
-0.0006562929370436227
-0.0002552965844520966
0.0004143668521374329
0.0004787012556641139
8.816840540489774e-05
0.0002155954264833293
-3.200591249647513e-05
0.001239389430272327
0.001602435302505372
0.001562200547235774
0.0004370347223858762
0.00177829958197272
0.001272476091556801
0.001805377599994207
0.001852309505300074
0.002264738139445464
0.002025961424084419
0.001563592067424863
0.001283319614775942
0.001798048402499166
0.001798533755401804
0.001802599290816561
0.001802736325755273
0.001789513732592945
0.001795076566013586
0.001788750025986469
0.00180797753893375
0
0.001780260156657134
0
0.001807929504815051
0.001733806108929656
0.001761158356153956
0
0.001797511905621349
0.001766481715935817
0.001686760844169119
0.001650053378951066
0.001673266535189333
0.001791672807387577
0.001195243326076165
0.001758334626260115
0.00139567823959524
0.001712939110278407
0.001728838807344241
0.001696046514249057
0.001589220244372043
0.001746275930113044
0.001081839607770584
0
0.001432138554833357
0
0.001526293552678933
0
0.00101513842496446
0.0008170316350646962
0.001652239060898197
0.0008013331915653471
0.001720220511699864
-0.0001589468405698669
0.0002203924058857437
0
0
