0
0
0
0
0
0
0
0
0
0.001115071943924275
0.001102895252017854
0.001223994847369656
0
0.0001483335500549784
0.001260175276115311
0.001759284293638737
0.002087807637190133
0.001868248833368053
0
0.001517215201853833
0.001551993164732446
0.001226098461769928
0.0009141551892864291
0.001173613261464176
0.0007398050768994909
0.0009724474151527211
0.00159478392988645
0.001238552650499497
0.001416902194531547
0.001381089302366269
0.001585108831042697
0.0009789297411848048
0.001442128937950714
0.001075850710240173
0.001156936197423349
0.001678215137955856
0.00173709597703346
0
0
0.0009507738426181428
0.001738251212935798
0.001205390648979962
0.0005609280574895368
0.0009668059953105376
0.001697538062792751
0.001734910699260651
0.001646028520771879
0.001659909476773986
0.001551077972338747
0
0.001706289604717087
0.001252988857777648
0.001437249152458379
0.0009285928782726718
0.0009762784334352726
0.0003270304711418259
0.001157420211824732
0.0007188823526946934
0
0
0.0002579603253180798
0.000549042358641759
0.00177523388516405
0.001567131750704431
0.002072424395235932
0.001720005176663193
0.001691715630198907
0.001714743885277435
0
0.001767158389218423
0.00132138262943846
0.001382479079472454
0
0.00125362372917664
-4.122114867828034e-06
0.001377448494209515
0.001168002604734994
0
0.00169736542283407
0.001368535479021766
0.001729562961367226
0
0.001454345830498951
0.001737245208110272
0.001593861158398294
0.001024943206518095
0.001674536347857755
0.0009572492577148759
0.001345455160606829
0
0
0.0007280671515608868
0.001646898117470261
0.001701912545406397
0.0002844327845888584
0.001157227419646988
-5.368308384526305e-06
0.0004199859067075875
-0.005965105148476533
0
0.001421795042502779
0.0001222246025769128
0
0.001558188991642344
0
0.001851778937108293
0.001361150086053035
0
0
0.001887382292855341
0.001877149943818312
0.0012872541675326
0.001510803868012671
0.001593677871113121
0.001227558359253771
0
9.607365655652821e-05
0.0005955580470802497
-0.0006645637187084356
0.0009325837015268116
0.001006578678132945
0.0006225174374882252
0.0008444847918080579
0.0008234328852155512
0.0004577047062376304
-3.269410138291467e-05
4.315635000000384e-05
1.77310241788028e-05
0.0001502433755028255
2.725185787249224e-05
0.0003011424424493342
0.0003720861424131431
0.0001394106180904898
0.0005523116039629072
0.0005026254739903056
-1.322839407262823e-05
8.206540657574648e-05
0.0003023995558606514
-5.656267693050094e-05
0.0002367621852847268
4.274302936260791e-05
9.835142016104546e-05
8.320059632376921e-06
-1.110117713302323e-05
1.39149347336432e-06
0
-0.0002525855813990215
0.001123913130764817
0.0006460614313690797
0.001185042546853102
0.001353323040468888
3.450466779402975e-05
-0.0003050824003104165
-6.42679003854e-05
-0.0002141180396396351
6.303341643881021e-06
-7.088671375695973e-05
0
-1.198338195889385e-06
0.0004111066370107091
-1.440403495205768e-05
1.955895256644161e-06
-3.754425188696068e-06
2.765431688627283e-07
5.629617303979211e-06
-9.875532952431073e-07
1.608854583334281e-05
0.0001656062816843908
4.345812326635511e-06
-2.312065524545923e-05
-4.253786746326275e-06
2.454382307968119e-06
0.0001044031523543747
1.171974345918392e-05
0.0008623196959735396
0
5.295475995358963e-06
4.547378993092393e-05
-3.39066795067133e-05
-5.009852629761412e-07
1.377900582741852e-05
1.233880653230921e-05
0
-2.858900556924984e-05
0.0002377048745116716
-4.683641984672814e-06
0.0001189497738389846
0.0005400501418593454
0.001094531514047444
0
5.38063136402085e-05
0.0003549744780474136
0
0
8.579430508682965e-05
9.002664240982301e-06
-0.0001161559181367869
0.0001293002240402364
0.0003108708125341116
0.0002874610647996418
0.001018607669623373
0.000297642103602393
0
0.0003513399931544945
0.0007613008164622856
7.392365252114687e-05
0.0003550810825795215
0.0004486334814945518
0.0002084335976342246
0.0005776514768025862
-0.0003602336742119435
-0.0004397784819689297
0.0003273578033126471
-0.0002814678380299453
0.0008000578286492937
0.0002353212526064723
0.0004921750187912414
0.000819928006431764
0
0.0003672264083675835
0
0.0002037679377702965
0
0.0006937651207273783
0
0.0007217012558223097
-1.37635465800842e-05
0.001511264589041544
0.0002177776202076821
0.001667969788713042
8.660007933758785e-05
0
0.0008808638630081272
0.001030614103050124
0.0001704118831668595
0.0004728905748722972
0.001505424029073516
0.0008229072538160729
0.0007171143673092309
0.001451947690422797
0.001685790266401199
0.001766404151349744
0.001767882526849502
0.001813847685323282
0.0008866994533462716
0
-0.0001361459162231671
0
-0.0006919899608195998
0.001027685508026886
0.001608514681087853
0.001250094294702955
0.0003501087268060707
0.0008651667303010602
0.001686183070842255
0.001797529741272971
0.00187449749307675
0
0.001599612809129137
0.002078188929880495
0.001602692895030889
0.001502152700147407
0.001288284819223408
0.001556680063853603
0.001809891224908812
0.001402882488398088
0.001432959450676539
0.001824377871756281
0.001839278700806776
0.001054090287904543
0.001721093470245799
0.001817652890319416
0.001805190198625357
0
0.002085748619273526
0.00170868072214443
0
0.0003521446695800464
0.001989013148555413
-0.0006510392746189844
-0.000252825567534025
0.0004164702769056716
0.000479333737138855
9.098931773231206e-05
0.0002153446266043248
-7.886720489583077e-06
0.001218531865829891
0.001614563234730127
0.001562190488204958
0.0004455390376059101
0.001792093595653011
0.001282879093723957
0.001821719999907461
0.00186682795580639
0.002280331787348866
0.002028034768161772
0.001578480103418305
0.001295970615010384
0.001814485040006373
0.001814705301195219
0.001818751217920374
0.00181923186964106
0.001805603710199006
0.001810854002488585
0.001804867547676726
0.001824486785758143
0
0.00179665158036311
0
0.00182440242084225
0.001749302063750733
0.001777042600964511
0
0.001813876495589671
0.001781312442432938
0.001702383468032307
0.001664488539403429
0.001692668636113001
0.001807994682790315
0.001199442921608166
0.0017745762763271
0.001404809699166731
0.001728747535865248
0.001744865174767174
0.001711542368498225
0.001603911320294575
0.001762346760578731
0.001089675197712366
0
0.00144374083492191
0
0.001535836718766035
0
0.001021909682223021
0.0008165071473695363
0.001661657828823651
0.0008012808866839512
0.001735480872669831
-0.0001589462931477813
0.0002228975802742932
0
0
