0
0
0
0
0
0
0
0
0
0.00107900747304722
0.00108621845657079
0.001204030149115269
0
0.0001448169949997481
0.001246497470675359
0.001731801771829225
0.002056844665472528
0.001836957032673303
0
0.001490225312733845
0.001527862105891484
0.001198026856694053
0.0009004015963101083
0.001143585821426586
0.0007188450296561946
0.0009550288134907299
0.001570821625469082
0.001207383569451465
0.001387937907916761
0.001354491590988475
0.001560995388689378
0.0009418369073457041
0.001412094927908154
0.001039362294620353
0.001122018645818759
0.00165309547695064
0.001709631779027528
0
0
0.0009141352278820853
0.001711201368936268
0.001171085934524088
0.0005153471229075577
0.0009295297206787188
0.001671942248882532
0.001707546960457558
0.001621305089158981
0.001633856322894284
0.001522494003114195
0
0.001681095514986273
0.00121927302905167
0.001408905195857037
0.0008911040927826852
0.000951422492546292
0.0002322226254191806
0.001129334047726606
0.0006831602020757477
0
0
0.000233259861937217
0.0004907143857677158
0.001748123895299126
0.001541149747262654
0.002042804831075785
0.001693197783502257
0.001663683775234351
0.001692659031613493
0
0.001740955922045852
0.00129462097645791
0.00135100801900336
0
0.001220680921656244
6.645502632960517e-06
0.00135918609023488
0.001169441310593592
0
0.001669350851584357
0.00134489128295434
0.001701342047598422
0
0.001432686041392106
0.00170996515960318
0.00156408550673144
0.0009991680591639796
0.001644747936157115
0.0009439130092880227
0.00134539997755529
0
0
0.0007280982209164428
0.001623815074905382
0.001673991345607995
0.0002754673796776577
0.001128282480487173
-9.661877692654169e-07
0.0004113526523503909
-0.005965118209507192
0
0.001414449545583158
3.101709208428682e-06
0
0.001529946855289332
0
0.001824889604225937
0.001330614620289353
0
0
0.001860892808109576
0.001848955634924565
0.001260998534183959
0.001483077014015215
0.001568236117906451
0.001209789545386729
0
9.107832690115911e-05
0.0005835202753886369
-0.0006645829290079151
0.0009050587501830204
0.0009721427759984184
0.0005979858026137595
0.0008133852819007593
0.0007956332552614901
0.0004421046119598772
-3.304931952732e-05
4.29625799940098e-05
1.366458722298646e-05
0.0001446708369471776
3.07722320474648e-05
0.0002869706087893876
0.0003567732011645519
0.0001365057263945127
0.000523472161580032
0.0004715162907395919
-1.515188463636246e-05
9.105614597508998e-05
0.0002626812711860483
-5.648748087278054e-05
0.0002233080189972651
5.207764650082098e-05
9.923997650524783e-05
9.526506430110451e-06
-1.100434859720378e-05
2.526506377611092e-06
0
-0.0002525793541768689
0.001097345063268525
0.000627614514822024
0.00115165060535477
0.001323333374199817
4.172356557040586e-05
-0.0003083854082143384
-6.420695102679154e-05
-0.0002150847968793972
-1.53629181131656e-06
-7.215074000971963e-05
0
-1.185178316769801e-06
0.0004128719142241954
-1.755337940999455e-05
8.375830704419512e-07
3.586453381165283e-06
3.511883171153417e-08
3.995340607442228e-06
-1.007090755316492e-06
2.984270220518531e-05
0.0001753161911116491
1.959625783029695e-06
-2.284987688804071e-05
-7.774799653919634e-07
3.112020864829271e-06
8.844602784719727e-05
-1.671224832064029e-06
0.0008531149066591879
0
1.848147183898001e-06
4.908134734532453e-05
-3.388669027896747e-05
2.901842601946349e-06
1.478362480152611e-05
-5.430327531438304e-07
0
-2.849077943603054e-05
0.0002173385290668811
-7.073402361569129e-06
0.0001188396253994995
0.0005359167640864498
0.001084194478067472
0
5.998055605717369e-05
0.0003414207732006758
0
0
7.799794750116152e-05
1.596885098289354e-05
-0.0001174847293626601
0.0001279163709986518
0.0003126110600533941
0.0002786683392018129
0.001007578388599778
0.0002931113433168811
0
0.0003505970507678961
0.000763302116480328
7.392393912828634e-05
0.0003455413518675835
0.0004450723138530417
0.0002039010540826499
0.0005688398947548975
-0.0003625444194291154
-0.0004714062008178521
0.0003261921912559575
-0.0003005495022920723
0.0007921524950113051
0.0002302321349547914
0.0004903250882857888
0.0008149757959464395
0
0.0003674217920421424
0
0.0002055355096918942
0
0.0007012106751399613
0
0.0007208564148740718
-8.171441444918921e-06
0.001499425325588764
0.0002211525430850582
0.001652947393911683
8.65963060202563e-05
0
0.0008746264641846214
0.001022246978259625
0.0001724531236752695
0.0004713561010376205
0.001486672671285041
0.000815312221969227
0.0007121787334287682
0.001433899273552006
0.001666545904449936
0.001749700448105137
0.001747739963603579
0.001798339457506623
0.0008778042064154136
0
-0.0001362180404403448
0
-0.0007490249074111016
0.001018033877122481
0.001594882254040803
0.001248256542257006
0.0003519456868933257
0.0008594138043241468
0.0016706274510625
0.001782415271075916
0.00185835578507556
0
0.001594255721167742
0.002059879811934869
0.001592481952851577
0.00148882298907702
0.001274322499236458
0.001540479476021698
0.00179404933782753
0.001392774116424213
0.00142180072794916
0.001808119707839212
0.001823453113990039
0.001041902357573352
0.001708092627837994
0.001800649871534434
0.001790070158359536
0
0.002066520507797322
0.001694453621007893
0
0.000341468303455619
0.001963880215231715
-0.0006571110379469977
-0.0002556948084503118
0.0004153786764774552
0.0004785838172223799
8.881402695319135e-05
0.0002151768705192939
-3.209098984410964e-05
0.001239216424081639
0.001602355665796513
0.001562187582114732
0.000435827154588538
0.001778240547474119
0.001272416165084155
0.001805345037584169
0.001852260270180296
0.002264663307023564
0.002025817437710008
0.001563500943492772
0.001283181609457366
0.001798013070208822
0.001798491080509183
0.001802559785637112
0.001802701719457798
0.001789471075229916
0.001795039891073637
0.001788714276522552
0.001807939903579981
0
0.001780225508473434
0
0.001807886470008897
0.001733753527328518
0.00176113164610683
0
0.001797468543104094
0.001766449918681991
0.001686760639016407
0.001650085777893524
0.001672825759776769
0.001791639130767894
0.001195192569308464
0.001758307237313397
0.001395615134943118
0.001712926960649501
0.00172880676587728
0.00169603337286178
0.001589193468135418
0.001746281370298227
0.001081857386806749
0
0.001432055240349115
0
0.001526249842050509
0
0.001015008093177538
0.0008169616173362295
0.001652175408473325
0.0008012604543941828
0.001720199681799533
-0.0001589469283359013
0.0002200150210847477
0
0
