0
0
0
0
0
0
0
0
0
0.00108891132869057
0.001090045730469237
0.00120713330353284
0
0.0001433570937305478
0.00124367505471824
0.001734575329264528
0.002060170466509828
0.00184021147459532
0
0.00149421510768705
0.001530618790064945
0.001203499260431591
0.0009040486308137616
0.001149749460677051
0.0007398051246017515
0.0009595245412372696
0.001573776395723699
0.001213806313332207
0.001392866966444235
0.001358909574231112
0.001563064520880392
0.0009550637347520487
0.001417269848684509
0.00104963570397022
0.001133255349373641
0.001655872723977784
0.00171242495933602
0
0
0.000928987127114369
0.001713964243237437
0.00117982151213311
0.000549479431070445
0.0009452933192475603
0.001674625827901813
0.001710271343382014
0.001623965915862704
0.001636836829082302
0.00152662563193409
0
0.001683570417510027
0.001228033459607559
0.001414188755645734
0.0009084469684913087
0.0009577544259896135
0.0003149461154953024
0.001136405277326837
0.0007013198440303391
0
0
0.0002493496626731584
0.0005337246721398557
0.001751170490973565
0.001544697303028493
0.00204626130822422
0.0016959757940335
0.001666438906016633
0.001695516485415589
0
0.001743843156726124
0.001299134187051603
0.001357486575854886
0
0.001228163508268968
1.145027060501343e-06
0.001360909597269248
0.001162888410291865
0
0.001672097902452322
0.001348449850313869
0.001703914715663996
0
0.001434658086105034
0.001712734950723299
0.001566914791512165
0.001001417912600345
0.001649168472693087
0.0009450625691930284
0.001345453192842423
0
0
0.000728068147363556
0.001626178881449393
0.0016767134379786
0.0002763516771344481
0.001134361239026508
-4.530903231706087e-06
0.0004117065299134836
-0.00596510561640015
0
0.001416023502089602
0.0001164473572206297
0
0.001534560118251284
0
0.001827924156537888
0.001336627962870344
0
0
0.001865165214775061
0.001852086486915897
0.001264559694282902
0.001487348072128595
0.001571154385347703
0.001212395997578859
0
9.000896368481342e-05
0.0005834452013939168
-0.0006645631681253979
0.0009104374368626466
0.0009846210946044005
0.0006034076646981547
0.000828414852005459
0.0008024586874937594
0.0004431891120718825
-3.271685899299122e-05
4.028837551649025e-05
1.246500004491014e-05
0.0001420215552527107
2.861177641774693e-05
0.0002890443873384327
0.0003581608575835606
0.0001323304138193164
0.0005359616899474674
0.0004912578702818222
-1.332914583377536e-05
8.195989238346559e-05
0.0002956107607268645
-5.655796729170642e-05
0.0002291567407238323
4.433371557555265e-05
9.413052639440943e-05
8.126256001094187e-06
-1.109454694490331e-05
2.050167441032247e-06
0
-0.0002525857815890852
0.001101325332798033
0.0006293353594131537
0.001160399350722651
0.001328972820581034
3.766426396664626e-05
-0.0003051906035861822
-6.426786686504092e-05
-0.0002200091621587809
-3.892538431293383e-06
-7.092650102171652e-05
0
-1.198287252576034e-06
0.0004045005180506453
-1.448395290081095e-05
1.915463804461353e-06
1.746051225715697e-06
2.733056185050913e-07
4.965868138726053e-06
-9.886787495798523e-07
2.287765794121921e-05
0.0001704834192159758
3.797844702294557e-06
-2.311113831631752e-05
-3.6979198265484e-06
3.049947413554851e-06
8.909827035790377e-05
1.271844189750499e-06
0.0008468646309258177
0
3.904231075101366e-06
4.718983619629707e-05
-3.391407922008757e-05
-3.639086887920553e-07
1.426902315801987e-05
1.125840649467515e-05
0
-2.859845735179197e-05
0.0002187104238399308
-5.742269690031814e-06
0.0001189453358016442
0.0005315859551472949
0.001080251618369177
0
5.707964711967449e-05
0.0003380951375389795
0
0
8.008723599910041e-05
1.130837845481714e-05
-0.0001162022588460865
0.0001292433564637621
0.0003007879270969708
0.0002786510570908554
0.001002512814293763
0.00028430433580728
0
0.0003391274126316294
0.0007540631159155933
7.392364819479136e-05
0.0003514116909513209
0.0004358946131780725
0.0001963708481309386
0.0005661650706138085
-0.0003603012166944873
-0.0004394268769580054
0.0003273272136848987
-0.0002913072454416703
0.000785489965952158
0.0002213054335697693
0.0004807579548542098
0.0008101105329816106
0
0.0003579324982817308
0
0.0001978584392926548
0
0.0006890073521708163
0
0.0007216735591181743
-1.474443533295344e-05
0.001497813491424119
0.0002132624745871141
0.001651436332889805
8.660064595374095e-05
0
0.0008718026932467558
0.001017503312277622
0.0001639315205703248
0.0004627870948161323
0.00148358275083758
0.0008110096755342212
0.0007081301510629539
0.001430247754749148
0.001663866585799687
0.00174875569118053
0.001745949109032105
0.001797716656235651
0.0008726692597658253
0
-0.0001361489180093556
0
-0.0006990808927991265
0.001013052084689379
0.001593241588655964
0.001246216470150667
0.000343387588692203
0.0008538811055595743
0.001669158635589095
0.00178168911276
0.001857739321822835
0
0.001594606715626721
0.002059200968747178
0.001591531445643173
0.001486618667338142
0.001270829701528878
0.001538265770214939
0.001793321039340404
0.001390859488478066
0.001419653683075763
0.001806910676288123
0.001822503104589649
0.00103692899077604
0.001707192077756137
0.001799888034242185
0.001789153886729386
0
0.002065860827099069
0.001693630639790352
0
0.0003444733457707591
0.001966964761473284
-0.0006512252892855691
-0.0002529187050987484
0.0004093886881606314
0.000479314373517283
8.523356171872828e-05
0.0002165554836333452
-5.460671048875579e-06
0.001218604918962204
0.001599399296215224
0.001562187803156608
0.0004399355137621201
0.001776897710870156
0.001270693347826931
0.001804187755330765
0.001851233694126815
0.002263063921471389
0.002024482411098325
0.001561496259190944
0.00127978866122106
0.001797326753242317
0.001797685031088737
0.001801832562081879
0.001802019110100431
0.001788578013400083
0.001794259467733446
0.001787973652123132
0.001807248008925914
0
0.00177957430067163
0
0.001807239626757909
0.001733286450889251
0.001760440657953553
0
0.001796626029750314
0.001765794694736088
0.001685956070781445
0.00164905854481215
0.001675416528138386
0.001790942884288407
0.001194996310616562
0.001757620590649251
0.001395447951192753
0.001712194334448827
0.001728214747584929
0.00169532374662562
0.00158865447405406
0.001745416657187231
0.001081094305481048
0
0.00143206460787398
0
0.001525884503659944
0
0.001015617214545248
0.0008168411821039958
0.001651744281560833
0.0008014147459237186
0.001719535859903222
-0.0001589463023181218
0.000222799440163138
0
0
