0
0
0
0
0
0
0
0
0
0.001078981481840046
0.00108561372526005
0.001203770687040667
0
0.0001450204369280009
0.001247596730821831
0.001731852418282578
0.00205684952418929
0.00183699689950906
0
0.001490487769368633
0.001527846965058157
0.001197924629363035
0.0008996814726594578
0.001143327522631758
0.0007189755413255838
0.0009543132448726506
0.001570773788978878
0.001207202861708561
0.001387830705082458
0.001354371824651523
0.001561102428339762
0.0009418174316442518
0.001412043618725895
0.001039278798507325
0.001122034738645444
0.001653106628860519
0.001709672992664924
0
0
0.0009141273464952433
0.001711250070604048
0.001171009493919797
0.0005154913902017365
0.0009295538431512812
0.001671987671872738
0.001707604552822387
0.001621342977116129
0.001633880900429465
0.00152250385256086
0
0.001681199181690127
0.001219244281193991
0.001408951796375325
0.0008911717593541144
0.0009515252190982033
0.0002323790075527782
0.001129416117523529
0.000683287936640528
0
0
0.0002335062630985651
0.000490857707348023
0.001748199177291375
0.001541234476340406
0.002042853781594228
0.001693229992387089
0.001663722758535254
0.001692622616626
0
0.001740965227171543
0.001294719673070004
0.00135115713040919
0
0.001220659892486342
6.611350413490401e-06
0.001359458261229579
0.001169795328807311
0
0.001669385087594916
0.001344610795991121
0.001701435191500481
0
0.001432769379015489
0.001710006561286557
0.00156410565641999
0.0009991987509140171
0.001644375339795584
0.0009439947315595448
0.001345387508055172
0
0
0.00072810501245948
0.00162385754060476
0.001674047057763662
0.0002754782689503922
0.001127995409255423
-9.710211692812871e-07
0.000411484536231453
-0.005965120765373558
0
0.001414394285831313
3.106968851498584e-06
0
0.001530142517446963
0
0.001825152248276111
0.001330679817446176
0
0
0.001860993872801429
0.001849300428319774
0.001261558936798519
0.001483252283104983
0.001568648704156825
0.001210109389859818
0
9.180723905829407e-05
0.0005844401512933885
-0.0006645957439591092
0.0009055522460100498
0.0009722508587005266
0.0005984187707280178
0.0008135545120677159
0.0007960534611680703
0.0004428278766679775
-3.31645930638786e-05
4.375949154750535e-05
1.431274039572574e-05
0.0001454922270525328
3.111616340049886e-05
0.0002872909509868073
0.0003572245381248065
0.0001369863020111817
0.0005237476650402966
0.0004717193798559417
-1.550282734717209e-05
9.122697577448106e-05
0.0002628293834891496
-5.646954207345682e-05
0.0002235318379089895
5.213587472115027e-05
9.953376196047582e-05
9.693811880299555e-06
-1.098982539447118e-05
2.528398096200709e-06
0
-0.0002525766078269441
0.001097921908655942
0.0006284070919904349
0.001151810734259848
0.001323558225241359
4.227937359901629e-05
-0.0003091887780413252
-6.419206092204524e-05
-0.000214001266163695
-8.390862811888302e-07
-7.245239765720545e-05
0
-1.180968220064875e-06
0.0004119563223101869
-1.826209786645931e-05
6.034032181026485e-07
3.753847331763246e-06
-2.00994278005783e-08
4.031628215011299e-06
-1.007015102975169e-06
2.9908519396721e-05
0.000174744519152262
1.943999042563189e-06
-2.278788535340319e-05
-7.601877770240395e-07
3.096037042469535e-06
8.701354175342758e-05
-1.687796296301676e-06
0.0008525869485900485
0
1.862850025883578e-06
4.910978969851847e-05
-3.387712231409328e-05
2.781930265137801e-06
1.482983172285642e-05
-5.447622631258339e-07
0
-2.864966436841229e-05
0.0002146593907172859
-6.958852154705358e-06
0.0001188153195590529
0.0005361499555572121
0.001083936546464241
0
5.962228604375747e-05
0.0003384655603114658
0
0
7.682213510062224e-05
1.599810815156964e-05
-0.0001177994832996542
0.0001276338449482947
0.0003112197705326243
0.0002765074208788472
0.001007247377761376
0.0002911721190178205
0
0.0003501238801432443
0.0007617246358415529
7.392401429053642e-05
0.000343896858095937
0.000444558094720401
0.0002022067670197346
0.0005661503220427404
-0.0003629773793816616
-0.0004762348984928521
0.0003258947065038905
-0.0003001263021662787
0.0007917952064822016
0.000228473777095008
0.0004899855419876151
0.0008147848976818713
0
0.000366998238942188
0
0.0002044344211444943
0
0.0007000134295945422
0
0.0007206665835976854
-8.365437107312211e-06
0.001499334658264325
0.0002209795202153326
0.001652849309494317
8.659617680269401e-05
0
0.0008745437315738618
0.001022001822866549
0.000171412536065342
0.0004704909320607231
0.001486453732585636
0.0008148559618690491
0.0007118304672942581
0.001433641451943871
0.001666407724688012
0.001749673922253962
0.001747662258038029
0.001798295571529767
0.0008772210834161144
0
-0.0001362336830421509
0
-0.0007543852109405826
0.001017759057576798
0.001594765614570282
0.00124824670376611
0.0003517081314309656
0.0008591679645911892
0.001670540704634913
0.001782381949445712
0.001858302939367044
0
0.001594120685562113
0.002059821581468671
0.001592350859463417
0.001488680469433671
0.001274071888382473
0.001540331690955836
0.001794004744139042
0.001392643425634473
0.00142164200597248
0.001808206059146323
0.001823419461475043
0.001041425073143399
0.001708049925390433
0.001800630819048479
0.001790027477340333
0
0.002066467139961613
0.001694408810761529
0
0.0003409751416528967
0.001964051226171256
-0.0006584900915569929
-0.000256376905521437
0.0004167784582428034
0.0004783757195949658
8.974659675444782e-05
0.0002144294134266328
-3.218871244682859e-05
0.001238923596171574
0.001602248012864132
0.001562147407282697
0.0004339066917204378
0.001778158678750463
0.00127231850476099
0.001805315595464889
0.001852199541484476
0.002264556592714808
0.002025560728323648
0.001563366286041022
0.001282961118488562
0.00179797805119349
0.001798444271348053
0.00180251846279249
0.001802669785929557
0.00178942337606412
0.001795003285635461
0.001788678342025099
0.001807902068823307
0
0.001780190692344204
0
0.001807838069476247
0.001733685862598069
0.001761109071729966
0
0.001797420900265539
0.001766421696493118
0.001686779456435372
0.001650156425958008
0.00167210425289088
0.001791606269745372
0.001195129463505957
0.00175828276326743
0.001395528307715585
0.001712926228692424
0.001728775111359169
0.001696030565081816
0.001589165941416915
0.001746310369579295
0.001081897016201179
0
0.001431928688663643
0
0.001526198929486567
0
0.001014801017896911
0.0008168681630047432
0.001652089652712132
0.0008011493103628546
0.001720185203349677
-0.0001589470746883058
0.0002193826032321539
0
0
