0
0
0
0
0
0
0
0
0
0.001079015899326183
0.001086117604144797
0.001203988237041137
0
0.000144854871141955
0.001246695663184415
0.001731816907821961
0.002056852015183137
0.00183697099681626
0
0.001490283506061903
0.001527865103517968
0.001198017508706947
0.0009002782462188036
0.001143548069015658
0.0007188790290396
0.0009549070620173018
0.001570818739384181
0.001207359678881802
0.001387925970038237
0.001354477204460409
0.001561020058472674
0.0009418455018283363
0.001412092982385581
0.00103935846535469
0.001122028996049207
0.001653103270148642
0.001709645256957877
0
0
0.0009141440853859195
0.001711216115954673
0.001171081527387049
0.0005153787070373268
0.0009295425364896485
0.001671956434739706
0.00170756342960406
0.001621317446750384
0.001633866785825691
0.001522502573299609
0
0.001681120434477135
0.001219276002256589
0.001408920052309018
0.0008911223869942286
0.0009514455381669151
0.0002322632778795576
0.001129353817788882
0.0006831883694713548
0
0
0.0002333083286980672
0.0004907487741066237
0.001748144261464288
0.001541171298006583
0.002042821867895026
0.001693209788887192
0.001663696837041931
0.0016926604152913
0
0.00174096399645144
0.001294647584660785
0.001351050794829871
0
0.001220688961284617
6.638088251237358e-06
0.001359240072796093
0.0011695077595712
0
0.001669362854511278
0.001344847122755784
0.001701364753326803
0
0.001432705023816627
0.001709978585660575
0.001564095323724238
0.00099917974296493
0.001644687591317777
0.0009439313609498395
0.00134539777699472
0
0
0.0007280994251872135
0.001623826925042825
0.001674006946970966
0.0002754721363466021
0.001128239937279607
-9.674081482899491e-07
0.000411379280441205
-0.005965118670956134
0
0.001414443231193284
3.104145789002481e-06
0
0.001529994304797912
0
0.001824950188873707
0.001330637758400633
0
0
0.001860922294802853
0.001849034798990888
0.001261126866434716
0.001483125274814443
0.00156833070023219
0.001209868239888704
0
9.121266397455594e-05
0.0005837128772510055
-0.0006645847754639516
0.0009051691552175004
0.000972179243773149
0.0005980740849491581
0.00081343032287604
0.000795725522977448
0.0004422522107320647
-3.306851478074674e-05
4.311488486307208e-05
1.378313156116402e-05
0.0001448361054839671
3.084041974514546e-05
0.0002870161876312666
0.0003568581409735873
0.0001366224140968041
0.0005235258686311326
0.0004715534619346069
-1.521571124658075e-05
9.107704886600096e-05
0.0002626945490650787
-5.648440219198106e-05
0.0002233310251479234
5.206404665903432e-05
9.930544842541191e-05
9.555456821909376e-06
-1.10016229414511e-05
2.526462232868588e-06
0
-0.0002525788344431539
0.001097475168953472
0.000627778023881503
0.001151698504592586
0.001323394395368394
4.181633771360878e-05
-0.0003085250360022772
-6.420456134111359e-05
-0.0002148693196285354
-1.4010511286314e-06
-7.220360169541352e-05
0
-1.184456149589289e-06
0.0004127058938841665
-1.767939819894074e-05
7.953346280625165e-07
3.61531579322447e-06
2.535166610006853e-08
4.004158368199046e-06
-1.00707773231054e-06
2.980878065902602e-05
0.0001751995979249154
1.955110804809012e-06
-2.283896883094843e-05
-7.728241937487288e-07
3.108570808274385e-06
8.821629205032546e-05
-1.67378246509444e-06
0.0008530226141129876
0
1.851202556755031e-06
4.907593872724606e-05
-3.388501684609423e-05
2.880188094180298e-06
1.479046413453376e-05
-5.434449080160953e-07
0
-2.851633241033799e-05
0.0002168994389508909
-7.052884123661344e-06
0.0001188353353495642
0.0005359730206674342
0.001084157733160699
0
5.991985205442054e-05
0.0003409275096499783
0
0
7.780156162741361e-05
1.596764770150958e-05
-0.0001175397013119589
0.0001278659907734115
0.000312371822891588
0.0002783056054078807
0.001007522289580606
0.0002927850836111182
0
0.000350511539383928
0.0007630448562877707
7.392395106011279e-05
0.0003452550117363181
0.0004449789169409701
0.0002036159648536647
0.0005683916362287702
-0.0003626195552074021
-0.0004722690574112919
0.0003261403159889041
-0.0003004695476665643
0.0007920899857873544
0.0002299365563935286
0.000490263425111293
0.0008149401534060358
0
0.0003673466125502123
0
0.0002053500280781916
0
0.0007010190068036193
0
0.0007208228580947183
-8.206879578820488e-06
0.00149941108030675
0.0002211249470153036
0.001652934105572341
8.659621626629335e-05
0
0.0008746112987882018
0.001022204016373073
0.00017227669134223
0.0004712014072717184
0.001486641515664491
0.0008152336172439582
0.0007121217072061757
0.001433862654872709
0.001666530459577429
0.001749701747276143
0.001747734066529963
0.001798336369719799
0.0008777022509083178
0
-0.000136220793498271
0
-0.00074998744327618
0.001017986256447892
0.00159486464784651
0.001248250947966619
0.0003519012522633451
0.000859369578102071
0.001670616887446002
0.001782415379964788
0.001858351041421528
0
0.001594226033951643
0.002059875276460385
0.001592460204880734
0.001488800686019611
0.001274282273575542
0.001540458958516333
0.001794046038527367
0.001392751880598127
0.001421774117654329
0.001808139528258207
0.001823451300569803
0.001041821055980675
0.001708088848715243
0.001800651228502434
0.00179006662251334
0
0.002066515778641228
0.001694450569508454
0
0.0003413837221832892
0.001963922744194847
-0.0006573548465039308
-0.0002558144401213102
0.000415653942807746
0.0004785478682711186
8.901969140951576e-05
0.0002150450430263078
-3.211202449165988e-05
0.001239182882629177
0.001602346325334311
0.00156218074014436
0.0004354966443323485
0.001778228547696819
0.001272398924391669
0.001805344231502492
0.001852252900737071
0.002264647328254819
0.002025768994535271
0.001563481432843699
0.001283145289316552
0.001798011365312144
0.001798487427627047
0.001802557138588946
0.001802701047293443
0.001789467005063411
0.001795038178650063
0.001788712582289495
0.001807937817853675
0
0.001780223744003252
0
0.001807882280804104
0.001733745227726229
0.001761131482061698
0
0.001797464538368474
0.001766449499178056
0.001686767881603296
0.001650101301133679
0.001672701824857916
0.001791637774693186
0.001195185055301034
0.001758306907449346
0.001395602007626625
0.001712930586881067
0.001728805474651963
0.001696036482739614
0.001589191792073661
0.001746290306279681
0.001081866138553213
0
0.001432035058364549
0
0.001526243562497083
0
0.001014972807145109
0.0008169525431517514
0.001652164858266005
0.0008012410476089769
0.001720200745789536
-0.0001589469543996426
0.0002199029259901761
0
0
