0
0
0
0
0
0
0
0
0
0.001078190319097232
0.001088425215373226
0.001204906711506872
0
0.000143973528216409
0.001241967064353667
0.001731407463259117
0.002056606394852484
0.0018365777406198
0
0.001488590611498811
0.001527731941215454
0.00119801785392331
0.0009031339768524769
0.00114430531011088
0.0007160609196305639
0.0009577536471998705
0.001570816260901454
0.001207785104176056
0.001388143194717448
0.001354716444255218
0.001560389514726881
0.0009408370762311075
0.00141207282759727
0.001038992871255678
0.001121695360028203
0.001652856899594215
0.001709274577031344
0
0
0.0009131871707963867
0.001710815206635373
0.001170945509639434
0.0005120930333110635
0.000928560031701437
0.001671561642081016
0.001707123365000175
0.001620965356531879
0.001633558450329456
0.001522254422238591
0
0.001680476870583772
0.001219073515070056
0.001408518235598822
0.000890560644518553
0.0009510681379741778
0.0002348123421239579
0.001128850512488321
0.0006831503989320832
0
0
0.0002350657396447119
0.0004907511891633449
0.001747596686375828
0.001540604668208638
0.002042325420288803
0.001692873215575106
0.001663336589471579
0.001692595466078728
0
0.001740712135578796
0.001293773571937402
0.001349478284190639
0
0.001220085855105289
1.006332421062682e-05
0.001358123814794782
0.001168084856494144
0
0.00166902514441994
0.001345835933103283
0.001700779653761338
0
0.001432209076865963
0.001709606163352339
0.001563811138061588
0.0009988957743945752
0.001646020437886921
0.0009434570037585122
0.001345448357293537
0
0
0.0007280709418863568
0.001623473988356974
0.001673577674835024
0.000275349317605203
0.001129086802217611
-1.396283658292645e-06
0.0004107445360388217
-0.005965106874159123
0
0.001414530623288838
3.75915425057136e-06
0
0.001528514485325119
0
0.001823304510488478
0.001329722633396708
0
0
0.0018599363029724
0.001847000461496004
0.001257944658530004
0.00148168977452037
0.001566006618617294
0.0012079987630616
0
8.807134337699457e-05
0.0005792585140599473
-0.0006645615123202153
0.0009011533154606198
0.0009698967580662923
0.0005920208146818929
0.0008101645335843459
0.0007911617937724859
0.000437566776450615
-3.274020427716406e-05
3.966358385251805e-05
1.090910532818782e-05
0.0001390127303669211
2.877164401017176e-05
0.0002757802508078422
0.0003490298543567663
0.0001309950377974608
0.000517123598501907
0.0004648531654367555
-1.354641994725544e-05
6.53277785493285e-05
0.0002519940260062203
-5.655170611777158e-05
0.0002080035425206343
1.319103092115234e-05
9.115774735786977e-05
8.354606156597582e-06
-1.108385358521946e-05
2.196370864187642e-06
0
-0.0002525856829175688
0.001093895595910522
0.0006233294225976635
0.001149617909039621
0.001321451435090365
3.891909024024174e-05
-0.0003054637516797978
-6.426165024703535e-05
-0.0002188570888962851
-5.045278847301677e-06
-7.103261075839515e-05
0
-1.198286025060926e-06
0.0004160313214917674
-1.475652438999896e-05
1.816162810605683e-06
2.7009348955793e-06
2.662537471020034e-07
4.271176172637181e-06
-1.007149873864844e-06
2.896777646401787e-05
0.0001771204785610008
2.771321224920256e-06
-2.308560453633055e-05
-1.739943966745824e-06
3.505918067410818e-06
9.485718569846338e-05
-1.172379240239999e-06
0.0008550034862677249
0
2.14978866790537e-06
4.963448408389238e-05
-3.391859662813661e-05
3.50085658801338e-06
1.49098278257411e-05
-5.262333860015059e-07
0
-2.853837671143278e-05
0.0002290630813842434
-7.444846330749509e-06
0.0001189349159415516
0.0005344131433501679
0.001084659886546432
0
6.250750176420774e-05
0.0003539215729546497
0
0
8.364588113029304e-05
1.852057982510537e-05
-0.0001163231748060688
0.0001290913750175949
0.0003176748909538096
0.0002882037409353582
0.001008899691497159
0.0003009022809361237
0
0.0003520543991180548
0.00076981944471728
7.392367611026478e-05
0.00035276597239706
0.0004467383915229419
0.0002108401010663686
0.0005801985065331583
-0.00036053467471305
-0.0004511056373649414
0.000327243649624891
-0.00030129699738697
0.0007934899722901378
0.0002374032546319265
0.0004914168907985186
0.0008157677826747916
0
0.000368895642836307
0
0.0002098934366847218
0
0.0007059492472036874
0
0.0007215994456380872
-7.662250683539137e-06
0.001500075964614218
0.0002216452616672885
0.001653681145407463
8.660073573320266e-05
0
0.0008750537460372164
0.001023318572215447
0.0001760738136921061
0.0004743860745723724
0.001487489642156516
0.0008167392819510445
0.000713035039185755
0.001434678827343656
0.001667115997297595
0.001750156103978554
0.001748256352573258
0.001798961646527446
0.0008798373304264437
0
-0.0001361560772061428
0
-0.00072261530353199
0.001019203409231869
0.00159566597099796
0.001248349249201961
0.0003526600076067611
0.0008604324391281991
0.001671305439267632
0.001782920586805771
0.001859062691434234
0
0.001595497699925619
0.002060717031136507
0.001593320509253512
0.001489672872192167
0.001275423791152677
0.001541245655846032
0.001794642725510431
0.001393546884008904
0.001422683437528609
0.001808148485253305
0.001823984356647796
0.001043633131407414
0.0017086355314468
0.001801105878241029
0.001790631149418067
0
0.002067141783053431
0.001694953294895216
0
0.0003433471131467131
0.001962715589696965
-0.0006517373485599195
-0.0002531616612567579
0.0004083603709807386
0.0004792559807155912
8.410818225163826e-05
0.0002181514899139367
-3.162065164866537e-05
0.001240106498167193
0.001602536451262623
0.001562186568606256
0.000444108986227794
0.001778925405566189
0.001273021688226823
0.001805845065003669
0.00185288230685621
0.002265546129921775
0.002027265150951863
0.001564325188389243
0.001284237306469974
0.001798522071765586
0.00179907488623226
0.001803124378468814
0.001803195761122842
0.00179005049869029
0.001795601900593477
0.001789230580958972
0.001808468776390774
0
0.001780715682628568
0
0.001808454469509129
0.001734370744503045
0.001761551761428761
0
0.001798047113951427
0.00176690243551884
0.00168698906935327
0.001650148953578154
0.001676066198858882
0.001792130598553978
0.001195709909173813
0.001758739772655054
0.001396223052284039
0.00171324768805922
0.001729273123816338
0.001696352969860647
0.001589583761796498
0.001746498947073237
0.001081868368602103
0
0.00143277831003369
0
0.001526749208449242
0
0.001015977394493015
0.0008177160743550621
0.001652970846507024
0.0008018617863131493
0.00172057089510052
-0.0001589463508099506
0.0002225406766725121
0
0
