0
0
0
0
0
0
0
0
0
0.001079044001963096
0.001087330528923036
0.001204500483456676
0
0.0001444755310031373
0.001244476197955485
0.00173169448449757
0.002056817094864631
0.001836866224908141
0
0.001489734836854656
0.001527879730449169
0.001198206229180927
0.000901721646438169
0.001144050868582468
0.0007185820886689467
0.0009563342222735608
0.001570898371728756
0.001207705587632958
0.001388124797751537
0.001354701900837994
0.001560780744167867
0.0009418582158510964
0.001412178141040412
0.001039502857957627
0.001121973928980456
0.001653062661847348
0.001709542039058928
0
0
0.0009141327948694716
0.001711098516717914
0.001171214302712582
0.0005150436907475002
0.000929466265884654
0.001671846669796642
0.001707427356172662
0.001621223968236962
0.001633799212525846
0.001522464910121535
0
0.001680893764589905
0.001219312888272228
0.001408808620373197
0.0008909621227331845
0.0009512284991351973
0.0002318941806917176
0.001129172860687247
0.0006829209562212577
0
0
0.0002328750533305372
0.0004904243142076944
0.00174797327701441
0.001540982990521358
0.002042701475431563
0.001693125280384578
0.001663595395733981
0.001692718570021668
0
0.001740924851300575
0.001294431568557235
0.001350725626728655
0
0.001220710293437412
6.734505686128628e-06
0.001358684692097708
0.001168788285261785
0
0.001669270075376796
0.001345382843228631
0.00170115469193219
0
0.001432518753022162
0.001709875051849014
0.00156402469435831
0.0009990902568708224
0.001645402644542438
0.0009437414875738328
0.001345422516958293
0
0
0.0007280857187481147
0.001623723258016147
0.001673874887865328
0.0002754370100854247
0.001128800373383446
-9.581878107535898e-07
0.0004110983434668358
-0.005965113224323466
0
0.001414536611204558
3.073684546047478e-06
0
0.001529580468239827
0
0.001824400516765184
0.001330486298648725
0
0
0.001860698454359733
0.001848313136787549
0.001259932705743169
0.001482746748467571
0.001567461732458292
0.001209171033953172
0
8.97526527266879e-05
0.0005817258032810114
-0.0006645700530294011
0.000904107356976497
0.0009719363265312798
0.0005971111336961278
0.0008130575739472887
0.0007948133773713485
0.0004406747788627465
-3.287965628307908e-05
4.139918277512686e-05
1.249642917010648e-05
0.0001430173595665152
3.009252288517831e-05
0.0002862739673027587
0.0003558353011656094
0.0001354793855052381
0.0005229087820644002
0.0004710906862579579
-1.445059304364547e-05
9.066602003319189e-05
0.000262344909499656
-5.651816052694438e-05
0.0002228092648317356
5.190031262793543e-05
9.85920851168252e-05
9.176082603410591e-06
-1.103607767201146e-05
2.533013697348472e-06
0
-0.0002525851969943504
0.00109624688488285
0.000626074306205367
0.001151346555568271
0.001322905348707363
4.04839321880946e-05
-0.0003069626535500714
-6.423138826550814e-05
-0.0002168186087478567
-3.022221538272337e-06
-7.161879701296065e-05
0
-1.19277298907515e-06
0.0004146511354694867
-1.625062414924228e-05
1.287482321723169e-06
3.24692920719976e-06
1.363651598058457e-07
3.978125319585719e-06
-1.007234509457697e-06
2.959342340136587e-05
0.0001764091590846583
2.033481791164824e-06
-2.296129221793296e-05
-8.440503465596147e-07
3.174223060242513e-06
9.140686179747091e-05
-1.637711363077866e-06
0.000854100174028083
0
1.823552734500843e-06
4.907262320293665e-05
-3.390324311344481e-05
3.25959588371098e-06
1.474785578669294e-05
-5.372333791423953e-07
0
-2.825977508230378e-05
0.0002228455609788239
-7.327357691201012e-06
0.000118883711082208
0.00053558732970254
0.001084683712059444
0
6.074631469360764e-05
0.0003474746780583439
0
0
8.044266658559846e-05
1.592693410611669e-05
-0.0001169344323159907
0.0001284486586082619
0.0003154069554015494
0.0002830565829228526
0.001008179181479297
0.0002970605875592112
0
0.0003514410465984322
0.0007664842739316779
7.392382132538107e-05
0.0003488328788235465
0.000446007725770294
0.000207292778567557
0.0005742748359562368
-0.0003618184996719875
-0.0004624095844228584
0.0003267035118636704
-0.0003009660564967439
0.0007927936600810086
0.0002337713808348955
0.0004909183142798879
0.0008152835375956263
0
0.0003681999635444023
0
0.0002076925481672108
0
0.000703567070003509
0
0.000721201029857427
-7.860498078561023e-06
0.001499567269574338
0.0002214727146786816
0.001653115493724015
8.659813163715911e-05
0
0.0008747591464376102
0.001022664729497114
0.0001745547395381733
0.0004730285587722243
0.001487088164384229
0.0008161718940581707
0.0007128281213291296
0.001434392032030279
0.001666819237742365
0.001749756174388032
0.001747893559827739
0.001798417308293751
0.0008789139791714319
0
-0.0001361895192728172
0
-0.0007372717442728646
0.001018513098726773
0.001595075758266931
0.001248154217888796
0.0003523366922515569
0.0008598324873523391
0.001670780996238585
0.001782482108007385
0.001858450267147843
0
0.001594440843490941
0.002059984988816235
0.001592683442195771
0.00148906394230331
0.001274780109010502
0.001540752653642793
0.001794130391316824
0.001392976906745486
0.001422056117391078
0.001807962650663239
0.00182351508485473
0.001042799369623417
0.001708155704440058
0.001800690096800583
0.001790145379310231
0
0.002066619306755538
0.001694530017604029
0
0.0003423601889030297
0.001963561384240968
-0.0006546087556124248
-0.0002544885130688788
0.0004121524382725025
0.0004789251159991033
8.665091939281464e-05
0.000216524570255506
-3.18320312715912e-05
0.001239791105973612
0.001602581888563025
0.001562197133701
0.0004396173543973333
0.001778377075719088
0.001272559052685902
0.001805399695463801
0.00185236383085194
0.00226483616585822
0.002026211974719199
0.001563735423797722
0.001283567684597425
0.001798078922430449
0.001798575473422377
0.00180263592709897
0.001802762859454988
0.001789554494372837
0.001795105819009061
0.001788781353820673
0.001808011266283744
0
0.001780291230600307
0
0.001807975876947073
0.001733876166276867
0.001761174913853467
0
0.001797554920113048
0.001766506760183873
0.001686726521599083
0.001649955809321519
0.001674134146062546
0.001791700886843395
0.001195316157011686
0.001758353120726253
0.001395777924554522
0.001712928575557112
0.001728866691799644
0.001696038895386515
0.001589244316638868
0.001746228801311485
0.001081785990389475
0
0.001432287180180756
0
0.001526348395446655
0
0.001015393186116299
0.000817133076498979
0.001652324275953325
0.0008014651016008339
0.001720227612356674
-0.0001589466591454867
0.0002211766091768668
0
0
