0
0
0
0
0
0
0
0
0
0.001079036754093751
0.001087407748860471
0.001204533216476462
0
0.0001444476603158869
0.001244323821559758
0.00173168341518685
0.002056811863972384
0.001836856077170324
0
0.001489693100696046
0.001527877996915483
0.001198212059117776
0.000901815549280007
0.001144076822317302
0.0007185556637890832
0.0009564261738563426
0.0015709008657453
0.001207721495976757
0.001388132729923784
0.001354712141269944
0.00156076162562658
0.0009418501420227382
0.001412179015772822
0.00103950390587777
0.001121965100218001
0.001653056664728301
0.00170953222196521
0
0
0.0009141242116086686
0.001711087849980922
0.001171216257900362
0.0005150164872713241
0.0009294548514892215
0.001671835968079668
0.001707415211001863
0.00162121444831252
0.00163379150198339
0.001522458232332143
0
0.001680875368971034
0.001219309668095079
0.001408797330390851
0.0008909471477555152
0.0009512118811646792
0.0002318627800382744
0.00112915759129604
0.0006829003703131185
0
0
0.0002328520487348825
0.0004903971683120508
0.001747958725585347
0.001540967707408001
0.002042690383850989
0.001693116397108166
0.001663586940035982
0.001692720895443118
0
0.001740919385183084
0.001294411465673806
0.001350694714493998
0
0.001220703848662054
6.741452752456296e-06
0.001358646470724919
0.001168732072119993
0
0.00166926161719699
0.001345420018455374
0.001701137783834046
0
0.001432504784174694
0.001709865020227172
0.001564019959318609
0.0009990881458088843
0.001645449694657701
0.0009437328710355894
0.001345424180703476
0
0
0.0007280847843015128
0.001623714642514073
0.001673862483186609
0.0002754346670808567
0.001128830046089095
-9.577831640670571e-07
0.0004110782279240559
-0.005965112837391539
0
0.001414548546411023
3.071693359804758e-06
0
0.001529546698703337
0
0.00182435734284569
0.001330469345974061
0
0
0.001860678348283377
0.001848254774621035
0.00125983459282336
0.001482711939496171
0.001567390739881698
0.001209102772235535
0
8.961485322774728e-05
0.0005815643310948344
-0.0006645693921932009
0.0009040205515282611
0.0009719100339182911
0.0005970319890020835
0.000813023780900393
0.0007947389632484875
0.0004405431213271598
-3.286900813496535e-05
4.126536246952207e-05
1.236969722655418e-05
0.0001428420449548127
3.003169266035454e-05
0.0002862049491820097
0.0003557429888365907
0.0001353574053187311
0.0005228574864088939
0.0004710524354986474
-1.4395707677741e-05
9.061267931710461e-05
0.0002623184448742083
-5.652037678227031e-05
0.0002227602347997994
5.187987471391698e-05
9.850908726537716e-05
9.142758261097642e-06
-1.103904452783489e-05
2.534852858493525e-06
0
-0.000252585292490032
0.001096146781312698
0.0006259395223665348
0.001151311590488306
0.001322859992649004
4.04571367936105e-05
-0.0003068615696995172
-6.423325351765834e-05
-0.0002168865915623755
-3.145362216206359e-06
-7.158037717804199e-05
0
-1.19338518830543e-06
0.0004147629788045215
-1.615381304700728e-05
1.321748916042423e-06
3.225079754722927e-06
1.440458067910722e-07
3.981606327123909e-06
-1.007246302852174e-06
2.962040248696317e-05
0.0001764752457757556
2.043110149674269e-06
-2.296935916867309e-05
-8.570090264645775e-07
3.183916116364398e-06
9.16040539464065e-05
-1.633691061206536e-06
0.0008541587221362954
0
1.82215140092911e-06
4.908386169983644e-05
-3.39044215861583e-05
3.28886613847668e-06
1.474628826249535e-05
-5.369074755179131e-07
0
-2.824372870995569e-05
0.0002232159569385054
-7.349441744979271e-06
0.0001188869767088978
0.000535602994136117
0.001084734223209772
0
6.079133312286781e-05
0.0003478851916479619
0
0
8.060707142469505e-05
1.593534195973909e-05
-0.0001168947487290505
0.0001284891646980105
0.0003155822341878818
0.0002833586194464965
0.001008207105764581
0.0002973172156790995
0
0.0003514816483413093
0.0007666804622123886
7.392381341390016e-05
0.000349075726027181
0.0004460595311921981
0.0002075138978203047
0.0005746408100435157
-0.0003617683073237262
-0.0004617085277809158
0.0003267398067702608
-0.0003009715839087904
0.000792822442045983
0.0002340017080348605
0.0004909412292582958
0.0008152888452044091
0
0.0003682359649868186
0
0.0002078253083342329
0
0.0007036969529251025
0
0.0007212264948970987
-7.852993499038775e-06
0.001499562894025441
0.0002214768255561156
0.001653111372570063
8.659832232603769e-05
0
0.0008747572408396542
0.001022676057451515
0.0001746846536788636
0.0004731326999328316
0.001487113409787274
0.0008162343817722186
0.000712883470097789
0.001434429475544329
0.001666834550189554
0.001749746033461672
0.001747894476707558
0.001798406407628849
0.0008789868037904058
0
-0.0001361873815983235
0
-0.0007363336427474237
0.001018529260515135
0.001595073120116334
0.001248133494897781
0.0003523463972716553
0.0008598437691728974
0.001670776774393096
0.001782470921144908
0.00185843914366594
0
0.001594432498253132
0.002059970141545801
0.001592682315033844
0.001489064320915881
0.001274799782745715
0.001540760863657086
0.001794120637326163
0.001392976306886173
0.001422057667987333
0.001807937043755828
0.001823503978097364
0.00104285475562003
0.001708146164726878
0.00180067855539637
0.001790134991660121
0
0.002066611082641562
0.001694524987119608
0
0.0003424256115824176
0.001963532394125795
-0.0006544244103899302
-0.0002544011100033089
0.0004119109921792205
0.0004789485989650929
8.654838452251489e-05
0.0002166474846785084
-3.181192516668383e-05
0.001239776651710117
0.001602605820933509
0.001562196651321134
0.0004398902929687108
0.001778371228955597
0.00127255606110168
0.001805388174678968
0.001852356201770455
0.002264828686555164
0.002026219797013157
0.001563736114022809
0.001283578570356785
0.001798069579193129
0.001798566348408099
0.001802626444067678
0.001802753871295332
0.00178954548188222
0.001795094951744156
0.001788771694819231
0.001808002017083434
0
0.001780282319679515
0
0.001807968071195272
0.001733872562955691
0.001761165467835554
0
0.001797546073021766
0.001766496998311719
0.001686711608181606
0.001649931003774588
0.001674218953589301
0.001791691438653958
0.001195312925430191
0.001758343412591105
0.001395778529270471
0.001712916137476449
0.001728857407221361
0.001696026909966006
0.001589236672206392
0.001746211812235215
0.001081771766427793
0
0.001432295093347226
0
0.00152634373698133
0
0.001015415649747495
0.0008171279087092988
0.001652317405451289
0.0008014727214948751
0.001720217185997153
-0.0001589466395979607
0.0002212632280565002
0
0
