0
0
0
0
0
0
0
0
0
0.001078998015486253
0.001087616024585881
0.001204613538434518
0
0.000144344342624193
0.001243869029040571
0.00173163851387696
0.002056782070279393
0.001836812402241541
0
0.001489555215157953
0.001527859388315836
0.001198216537984362
0.0009020737053698483
0.001144142078922479
0.0007184553037587701
0.0009566865789760834
0.001570895548889113
0.001207756223615987
0.001388143838400031
0.00135472937417046
0.001560694456442742
0.000941808024552426
0.001412168064501106
0.001039490586298389
0.001121922420295843
0.001653027778047821
0.001709491464895872
0
0
0.0009140802936495108
0.001711043978350517
0.001171206764092893
0.0005149161499047303
0.0009294024524926626
0.001671793677559463
0.001707368088028286
0.001621175311461208
0.001633756798020812
0.001522425622637297
0
0.001680809605419313
0.001219284729288417
0.00140875027315213
0.0008908859113725515
0.0009511489931494523
0.0002317684249678565
0.001129097734262473
0.0006828239338116997
0
0
0.0002327836834969981
0.0004903027348255485
0.001747902926726284
0.001540909313707025
0.002042641355141103
0.001693079132160312
0.001663547309528442
0.001692709485824129
0
0.001740890769717926
0.001294339264391513
0.001350589865265423
0
0.00122066835257772
6.782411233396335e-06
0.0013585214829595
0.001168560351183703
0
0.001669223926008737
0.001345510553011971
0.001701076144378159
0
0.001432453684862961
0.001709824549989713
0.001563986307217489
0.0009990551412317457
0.001645569456736509
0.0009436867517304509
0.001345428970013283
0
0
0.000728082082667194
0.001623678469778341
0.001673816994394327
0.000275419427217027
0.001128906420211541
-9.568514361002672e-07
0.0004110143676555976
-0.005965111706939586
0
0.00141455777167224
3.060908369919958e-06
0
0.001529431868031951
0
0.001824217307915399
0.00133040363264355
0
0
0.00186060123100081
0.0018480768030553
0.001259569965177519
0.001482600505934172
0.001567188453452079
0.001208927447268028
0
8.934677668588781e-05
0.0005811649719001034
-0.0006645675760373941
0.0009037777666580173
0.0009718140550632742
0.0005968130338252009
0.0008129045667942335
0.0007945246660387995
0.0004402191518219185
-3.283936873143069e-05
4.09368091035947e-05
1.213851786392412e-05
0.0001424942394192536
2.987864955484813e-05
0.0002860346243740626
0.0003555230280332408
0.000135132594554843
0.000522701480025319
0.0004709290461889277
-1.423522102641026e-05
9.053212500313086e-05
0.0002622273413593901
-5.652672928328915e-05
0.0002226363781657045
5.182992124753238e-05
9.835284157594466e-05
9.0466263105346e-06
-1.10480076359228e-05
2.541442098514369e-06
0
-0.0002525853201388014
0.001095873965683138
0.0006255837932731908
0.001151196234157341
0.001322722945890371
4.01230097292027e-05
-0.000306574169003509
-6.423870439995212e-05
-0.0002172442917161216
-3.424049080636864e-06
-7.147030544563106e-05
0
-1.194796895008444e-06
0.000415210543728281
-1.587605105442369e-05
1.420221720327929e-06
3.116657975337119e-06
1.664565806729599e-07
3.995100260803793e-06
-1.00727410451387e-06
2.947063285268951e-05
0.0001767297717322784
2.084578037345089e-06
-2.29919034465282e-05
-9.040849433151268e-07
3.219556811436497e-06
9.233833844875369e-05
-1.619997227645448e-06
0.000854422317311493
0
1.818583166714713e-06
4.907136442631407e-05
-3.39077885301317e-05
3.387206441199277e-06
1.47824621836699e-05
-5.351219537843385e-07
0
-2.828705429836028e-05
0.0002245474812535152
-7.398229141791106e-06
0.0001188963675254778
0.0005355446361316003
0.001084864313992877
0
6.099913426614347e-05
0.0003493392075189347
0
0
8.12333493644945e-05
1.591737661786904e-05
-0.0001167802470604363
0.000128606340724674
0.0003162913671936654
0.0002844011334765231
0.001008381352251388
0.0002982983056272206
0
0.0003517492289888442
0.0007674949252713874
7.392378794738127e-05
0.0003498119777727803
0.000446328050826964
0.0002083688970919382
0.0005759316170832533
-0.0003615339351386291
-0.0004597713846815702
0.0003268431034773745
-0.0003011280217964483
0.0007930151772841984
0.0002349011576563092
0.0004911405767838433
0.0008153955698241935
0
0.0003684804038543111
0
0.00020838778188198
0
0.0007043420806993613
0
0.0007212999070236492
-7.736946122084229e-06
0.00149961330731171
0.0002216068805032108
0.001653169486279243
8.659885032311215e-05
0
0.0008748101183565019
0.001022809030479687
0.0001752100041819443
0.0004735608460240005
0.001487233018806525
0.0008164496942652612
0.0007130459802252395
0.001434567642056136
0.001666922238147432
0.001749775185724701
0.001747949604361573
0.001798440258883958
0.0008792670828957689
0
-0.0001361812185206947
0
-0.0007338895131093708
0.001018677452579776
0.001595137203088833
0.001248125624731975
0.0003524938669513006
0.0008599812773620527
0.001670831612588414
0.001782502750040681
0.001858478328343113
0
0.001594489864237501
0.002060013751757642
0.001592742708019104
0.001489142382398321
0.00127493280205536
0.001540845773663421
0.0017941559114631
0.001393042230259983
0.001422138050734737
0.001807919874082153
0.001823535268396246
0.001043090957341027
0.00170817580240383
0.001800703967739134
0.001790168786646751
0
0.002066651609493367
0.001694555838699629
0
0.0003426045945759933
0.001963431755786861
-0.0006538935327495028
-0.000254151710377942
0.0004112226085496176
0.0004790145576830907
8.605001109568728e-05
0.0002169373040564605
-3.172659161414131e-05
0.001240071154702462
0.001602679100325744
0.001562195139711461
0.0004407636688165556
0.001778420880041061
0.001272606147864852
0.001805418255118668
0.001852397044487341
0.002264890870626437
0.002026330493626914
0.001563812168421968
0.001283696338216678
0.001798100729640467
0.001798602091518293
0.001802660114117147
0.001802783246690311
0.001789580909546348
0.001795126523747887
0.001788803406926321
0.001808034288602486
0
0.001780313114468005
0
0.00180800448715326
0.001733915078394387
0.001761191286150443
0
0.00179758227945043
0.001766525543564309
0.001686720418352104
0.001649920091826429
0.001674513122945592
0.001791721598420388
0.001195349125054272
0.001758369966098886
0.001395826517034164
0.001712932845390962
0.001728886291468369
0.001696044441489575
0.001589263326408861
0.001746217291190652
0.001081768395141144
0
0.001432357947480142
0
0.001526377918670568
0
0.001015505989812649
0.0008171777442439747
0.001652366983694554
0.0008015236972262725
0.001720239316880715
-0.0001589465832022088
0.0002215134297868583
0
0
