0
0
0
0
0
0
0
0
0
0.00107891417599057
0.001088011865346773
0.001204767742881402
0
0.0001441682293787343
0.001243021304999809
0.001731559977341525
0.002056732115073331
0.001836736132387738
0
0.00148928093104786
0.001527828313511986
0.001198224819019416
0.0009025637787217212
0.001144270797164891
0.000718244830376581
0.0009571806082728332
0.001570888984180492
0.001207826613148229
0.001388170287783941
0.001354766121287654
0.00156058162147405
0.00094171848872149
0.001412151564555438
0.001039462234512029
0.001121842709701816
0.00165297855978479
0.001709419917763367
0
0
0.0009139902167922595
0.00171096693682784
0.001171189646174208
0.0005147116107645537
0.0009292972872095964
0.001671719341742531
0.001707284446185863
0.001621106876931684
0.001633695680322885
0.0015223684095753
0
0.001680691467129252
0.001219239963566641
0.001408665179801293
0.0008907662715046147
0.0009510350471463876
0.0002315924271115718
0.0011289862848346
0.0006826733329959203
0
0
0.0002326589917905082
0.0004901192009084904
0.001747802526993377
0.001540803392684661
0.002042555435539943
0.001693014781582265
0.001663476832090104
0.001692697407878187
0
0.001740842267883446
0.001294199055355487
0.001350369900072866
0
0.001220593670280094
6.846808877164835e-06
0.001358299678537748
0.001168278467276071
0
0.001669157875128925
0.001345679808722585
0.001700966463183047
0
0.001432361115318762
0.00170975291156194
0.001563928730915431
0.0009989968239429658
0.001645799680138967
0.0009435961075466995
0.001345437871685674
0
0
0.0007280770088772815
0.001623608912411497
0.0016737344284169
0.0002753991798512497
0.001129054878818061
-9.592625583155922e-07
0.0004109033355533753
-0.005965109539775829
0
0.001414570281639272
3.045619151129168e-06
0
0.001529199557672333
0
0.001823938278082242
0.00133026993042447
0
0
0.001860443335409164
0.001847724018744818
0.001259037067241889
0.001482371330796254
0.001566785696280319
0.001208570104288905
0
8.878076140747488e-05
0.000580372906196656
-0.0006645647227312762
0.0009032591857406454
0.0009716007943618417
0.0005963080125005653
0.0008126430818227378
0.0007940490622551819
0.0004395297755925849
-3.278975940233089e-05
4.028493977709829e-05
1.163609909994304e-05
0.000141671687238917
2.948839862260195e-05
0.0002856264650708177
0.0003549944903215503
0.0001343915459753448
0.0005223473036167797
0.0004706531839910283
-1.392878444100107e-05
9.0254477760387e-05
0.000262011350194115
-5.653836452252015e-05
0.000222328834780014
5.16804978424921e-05
9.786105159905687e-05
8.840762617709493e-06
-1.10651279725261e-05
2.563141039585682e-06
0
-0.000252585421562067
0.001095314693046994
0.0006248622952064259
0.001150945413129182
0.001322435826686117
3.953350197876609e-05
-0.0003060545750151333
-6.42492325837953e-05
-0.0002179317191476261
-4.038120761653282e-06
-7.126770925530075e-05
0
-1.197074067591618e-06
0.0004159626157873935
-1.536035408248713e-05
1.603556867030573e-06
2.924769727728296e-06
2.098510302010269e-07
4.04425134011248e-06
-1.007279054309124e-06
2.923897276793061e-05
0.0001771544536432724
2.22419514262314e-06
-2.30342853608439e-05
-1.063350677348493e-06
3.324480745026874e-06
9.360836083560967e-05
-1.575540527536001e-06
0.0008549185609826098
0
1.821166886396621e-06
4.906651537990669e-05
-3.391379613171047e-05
3.564959739082051e-06
1.486426537346336e-05
-5.333220505648138e-07
0
-2.840395732846583e-05
0.0002268839608744597
-7.481956770915968e-06
0.0001189138968070855
0.0005352722478502681
0.001085013551386315
0
6.135124023768181e-05
0.0003518830687087263
0
0
8.234732900852195e-05
1.588721292808915e-05
-0.0001165680801352893
0.000128826625546091
0.0003174650934413258
0.0002862713066676058
0.001008752393755635
0.0002999809825387378
0
0.0003522265780696342
0.0007689299666079331
7.392373885855349e-05
0.0003511954662385188
0.0004468142350282532
0.0002098765653017241
0.0005782264877194986
-0.0003610696242488805
-0.0004560749763788439
0.000327030677393165
-0.0003014070396417235
0.0007934090125193471
0.0002364758296462244
0.0004915194012856348
0.0008156517339143959
0
0.0003689316734587353
0
0.0002093776619782325
0
0.0007054705168507556
0
0.0007214370228740201
-7.52827878074923e-06
0.001499801301507178
0.0002218277312348385
0.001653375072074913
8.659961472860912e-05
0
0.0008749601673741798
0.001023123532966896
0.0001760424925468506
0.0004742985789376064
0.001487481677338106
0.0008168098566078524
0.0007132697649445206
0.001434807455445916
0.001667111729333137
0.001749925743029379
0.00174812744257544
0.001798608206310213
0.0008797700515754958
0
-0.000136169683054078
0
-0.0007292196747822994
0.001019016763454945
0.001595353726136407
0.001248203364511239
0.000352780035939348
0.0008602936818382749
0.001671024638633106
0.001782650182032289
0.001858658764755809
0
0.001594681882951092
0.002060233013936221
0.001592955114933182
0.001489380320264171
0.001275240167318616
0.001541067788548766
0.001794317885244301
0.001393257628219304
0.001422380478929139
0.001807975890499494
0.001823687938386064
0.001043540232456032
0.001708326615135659
0.001800840403461224
0.001790325940656017
0
0.00206682143526871
0.001694709253528092
0
0.0003429597961119617
0.001963230420299301
-0.0006529047835443264
-0.0002536947939028273
0.0004098829553661633
0.0004791321456428012
8.508694869157295e-05
0.0002174948924529522
-3.154135867613555e-05
0.001240561398627902
0.001602763129021218
0.001562191897346638
0.0004423941495757746
0.001778611911589876
0.001272785620436454
0.001805572131644321
0.001852570391566158
0.002265129282436901
0.002026649940767076
0.001564043142334422
0.001283992898450135
0.001798245569683509
0.001798766418476599
0.001802818300678507
0.001802926863789815
0.001789746886193684
0.001795285024513039
0.001788951098525083
0.001808184327950367
0
0.001780452077062949
0
0.001808160347612869
0.001734074666492698
0.001761317387230291
0
0.001797746952573358
0.001766660442960265
0.001686804121126495
0.001649969133892444
0.001675132445569543
0.001791862885927217
0.00119548451191369
0.001758496455029256
0.001395986492931436
0.001713034937921708
0.001729016173720617
0.001696146391943207
0.001589376114191866
0.001746299749516294
0.00108180943576115
0
0.001432528403335756
0
0.001526518688783567
0
0.00101571473051821
0.0008173405358968442
0.001652553186798397
0.0008016710427411482
0.001720353198436203
-0.0001589464760372902
0.0002219821775837881
0
0
