0
0
0
0
0
0
0
0
0
0.001078978730482772
0.001085587958164523
0.001203758875937439
0
0.0001450233242867562
0.001247635828410094
0.001731853766777851
0.002056849385213627
0.0018369978025414
0
0.001490496327135615
0.001527845508835372
0.001197918912589692
0.0008996514124594409
0.001143315669265044
0.0007189820898961683
0.0009542860987666298
0.001570771367250849
0.001207193823785618
0.001387825049892029
0.001354365842764985
0.001561109076467164
0.0009418156354208918
0.001412040084705719
0.001039273536389918
0.00112203452449256
0.001653106892331195
0.001709673776570595
0
0
0.0009141260765642077
0.001711251216142749
0.001171004569911583
0.0005154982152445534
0.0009295540946192421
0.001671988752534758
0.001707605915637973
0.001621344301433929
0.001633881240526668
0.001522503086798075
0
0.001681202371068779
0.00121924179519942
0.001408953046471163
0.0008911737653127157
0.0009515286073001206
0.0002323829775577609
0.001129418688316246
0.0006832931234370752
0
0
0.0002335225556348548
0.000490862713223953
0.001748201377556271
0.001541237015089438
0.002042855495815305
0.001693230697639569
0.001663722545521304
0.001692621508674481
0
0.001740965595529011
0.001294721840546986
0.001351161197960546
0
0.001220657141099953
6.611141013074639e-06
0.001359468003307431
0.001169802732036944
0
0.001669385505062327
0.001344599320942438
0.001701437970716327
0
0.001432771572735516
0.001710007356145388
0.001564104831994129
0.0009991953668624001
0.00164436117503049
0.000943995673676729
0.001345387039174527
0
0
0.0007281052664503117
0.001623857390692407
0.001674048024045917
0.0002754802005027347
0.001127982791703707
-9.710989940619546e-07
0.0004114929340883429
-0.005965120858775925
0
0.001414391910260221
3.107112213739785e-06
0
0.00153014831781554
0
0.001825160336731559
0.001330680509613542
0
0
0.001860996203012511
0.001849311919260616
0.001261580774386887
0.001483257230718878
0.001568663747130306
0.001210122588921509
0
9.182991777727081e-05
0.000584476024016496
-0.0006645963319227705
0.0009055720173998316
0.0009722550807690457
0.0005984371338401163
0.0008135622392890278
0.0007960705762282676
0.0004428560297117151
-3.316920913572035e-05
4.378176242791551e-05
1.433182690384942e-05
0.0001455212880386295
3.112697527238181e-05
0.0002873048799746979
0.0003572446606136758
0.0001370098441307907
0.0005237595731705839
0.0004717287646127816
-1.5515585356558e-05
9.123660487878435e-05
0.0002628338514516196
-5.646884488631148e-05
0.000223541079552118
5.213525993846474e-05
9.955379325133464e-05
9.699833381617447e-06
-1.098932661200472e-05
2.52841831810017e-06
0
-0.0002525765148906064
0.001097944944036737
0.0006284387962669137
0.001151816185112135
0.001323565873070976
4.230567774620892e-05
-0.0003092196367104049
-6.419143048570956e-05
-0.0002139571700272786
-8.261794783385848e-07
-7.246386086171893e-05
0
-1.180815042595714e-06
0.0004119289591424407
-1.828861748925649e-05
5.947789523360507e-07
3.76550409527999e-06
-2.216935107027318e-08
4.03294844477305e-06
-1.007012360512384e-06
2.990813683355958e-05
0.000174720767572212
1.94406402660319e-06
-2.278554841043153e-05
-7.61155413174496e-07
3.0959013415197e-06
8.697141402104854e-05
-1.688202924073703e-06
0.0008525721695286624
0
1.863298408670602e-06
4.911248648930742e-05
-3.38767586219726e-05
2.779432408271935e-06
1.483232137560211e-05
-5.449632144129242e-07
0
-2.865603747922206e-05
0.00021458082221773
-6.956759074118239e-06
0.0001188144029928214
0.0005361623049390418
0.001083931982582966
0
5.961284438299953e-05
0.000338378166703886
0
0
7.678959995958134e-05
1.600188990001671e-05
-0.0001178114491051641
0.0001276233988079793
0.000311175617014507
0.0002764504155404528
0.001007238747342695
0.0002911145116949032
0
0.0003501129119023742
0.0007616846927159188
7.392401738132708e-05
0.0003438581907758482
0.0004445439136979462
0.000202160420799743
0.0005660729316867535
-0.0003629940606262754
-0.0004763972839727439
0.0003258832616288858
-0.000300101319121642
0.000791786447504115
0.0002284262643839366
0.0004899798590445808
0.000814780606384633
0
0.0003669909616959229
0
0.0002044065293091075
0
0.0006999873656736111
0
0.0007206594499697269
-8.368168435924288e-06
0.001499332303002391
0.0002209787360738757
0.001652847677507443
8.659654333251332e-05
0
0.0008745421200002557
0.001021996753111075
0.0001713784881083828
0.0004704655910344102
0.001486447685828081
0.0008148434181194251
0.0007118243637762963
0.001433635089847701
0.00166640534210735
0.001749673614273651
0.001747660013804195
0.001798295348888564
0.0008772030893122574
0
-0.0001362342710521922
0
-0.0007545554109074011
0.001017752937137759
0.001594763119435536
0.001248246367852277
0.0003517062405143728
0.00085916277232389
0.001670539616194255
0.001782382385289067
0.001858302806602394
0
0.001594123005377149
0.00205982094510448
0.001592346885907658
0.001488677390946599
0.00127406519575829
0.001540328389317049
0.001794004600418093
0.001392639664023
0.001421638131029249
0.001808210176002753
0.001823419749949844
0.001041411179343351
0.001708050064611806
0.001800631160073679
0.001790027550833131
0
0.002066466488620172
0.001694406028920278
0
0.000340959553377189
0.001964056083455872
-0.0006585418154585172
-0.0002564027867729766
0.0004168267588452092
0.0004783676095697709
8.979659451274454e-05
0.0002144208926152894
-3.218588001277814e-05
0.001238935269433821
0.001602246966849604
0.001562145838827306
0.0004338582645075103
0.001778156874643716
0.001272315824721338
0.00180531575601821
0.001852197897145033
0.002264554380081758
0.002025554536637436
0.00156336439733613
0.001282956185628769
0.001797977975758164
0.00179844363773904
0.001802518037728642
0.001802669098106624
0.001789422773251145
0.001795003174653398
0.001788678316042994
0.001807901602006338
0
0.001780190475618873
0
0.001807837471932545
0.001733684700319812
0.001761109193455829
0
0.001797420035436503
0.001766421488201185
0.001686782073369581
0.001650161686049121
0.001672080674895503
0.001791606244887122
0.00119512729054017
0.001758283357117077
0.001395525972618898
0.00171292805040418
0.001728774853830032
0.001696032391305101
0.001589167069520781
0.001746313638217724
0.001081902807480196
0
0.001431926403076906
0
0.001526196710903624
0
0.001014793973906748
0.0008168691318342309
0.001652089490206841
0.0008011461676697236
0.00172018620808527
-0.0001589470801150041
0.0002193589472509398
0
0
