0
0
0
0
0
0
0
0
0
0.001078932220777469
0.001087925591628702
0.00120473339513496
0
0.0001442218109196366
0.001243218726871928
0.001731575312293079
0.002056740223611688
0.001836750334372018
0
0.001489341167314265
0.001527834050946243
0.001198222493423429
0.0009024560945297355
0.001144241675751307
0.0007182849505108541
0.0009570670392655801
0.001570888850160408
0.00120781063246012
0.001388163902599445
0.001354756965726037
0.001560606511840536
0.0009417366783365692
0.001412154982043113
0.001039467679932063
0.001121858465373932
0.001652987443679154
0.001709433826786735
0
0
0.0009140075901916052
0.001710982105384351
0.001171192759243584
0.0005147479938195154
0.0009293172838721581
0.001671734137350594
0.001707301236638562
0.001621120401089666
0.001633707949274328
0.001522380844757332
0
0.00168071668702781
0.001219248904906113
0.001408683168529409
0.0008907899795164516
0.0009510595265046675
0.0002316235063380007
0.001129009891706379
0.0006827045590103173
0
0
0.000232684029421582
0.0004901541443956584
0.001747823242536926
0.001540825481093119
0.00204257273772522
0.001693027452759438
0.001663490671163746
0.001692698847665384
0
0.001740851156160574
0.001294229690214412
0.001350420590057931
0
0.001220609705676347
6.841179230986005e-06
0.001358347501713793
0.001168355281209167
0
0.001669170472525395
0.001345636666734362
0.001700989295544708
0
0.001432380612865928
0.001709766887466507
0.001563939386110409
0.0009990076103465488
0.001645744133747154
0.0009436138423851022
0.001345435820482502
0
0
0.0007280781839416439
0.001623622730336823
0.001673751165215341
0.0002754028039651531
0.001129020910138392
-9.583405434889817e-07
0.0004109328223545388
-0.005965110045472927
0
0.001414565000920787
3.048232931299528e-06
0
0.001529250991632728
0
0.001824001914531113
0.00133029911805178
0
0
0.001860478286130907
0.001847808394278834
0.001259175947933409
0.001482427006848784
0.001566886969826741
0.001208670510665161
0
8.893632774676146e-05
0.0005805851450793114
-0.0006645653564171932
0.0009033847607040138
0.0009716473807966415
0.0005964224230430303
0.0008126979915873853
0.000794159306738132
0.0004396979115614569
-3.28004922289382e-05
4.0450026530186e-05
1.177592120617516e-05
0.0001418793934247026
2.957638373949263e-05
0.0002857126881975097
0.0003551153573658285
0.0001345624794620159
0.0005224217758128965
0.0004707060957711882
-1.40000820606613e-05
9.030565610455343e-05
0.0002620480632889485
-5.653570738563491e-05
0.0002223873325691505
5.171053944854405e-05
9.797218234989757e-05
8.890645153179541e-06
-1.106118654911404e-05
2.556949281298441e-06
0
-0.000252585395980575
0.001095456602035034
0.000625041161318604
0.001151003883356307
0.001322507171756606
3.965592827975382e-05
-0.0003061727000647945
-6.424679015968938e-05
-0.0002177701223704856
-3.973114124081205e-06
-7.131416156349567e-05
0
-1.196547745834344e-06
0.0004158243067214683
-1.547907713040177e-05
1.561350703358868e-06
2.993357668585436e-06
1.996125984005327e-07
4.031165087997383e-06
-1.007298671130661e-06
2.926824911239681e-05
0.0001770903851178841
2.180332604288132e-06
-2.302445891248377e-05
-1.012217636273771e-06
3.294279238899109e-06
9.331011477805898e-05
-1.590744454660416e-06
0.0008548257014591258
0
1.819653121407931e-06
4.90776918869457e-05
-3.391249590419469e-05
3.514552103458705e-06
1.484344277265279e-05
-5.333621771569051e-07
0
-2.837721133929167e-05
0.0002263409600265474
-7.454595334683676e-06
0.0001189098439430634
0.0005353513174135721
0.001084998911242726
0
6.127033865395483e-05
0.0003513121794403432
0
0
8.207671824948276e-05
1.59088311205721e-05
-0.0001166165558665161
0.0001287756016344087
0.0003172346298012625
0.0002858425314954272
0.001008681520717807
0.0002996231233864648
0
0.0003521477684597261
0.0007686139375643127
7.392375004387705e-05
0.0003508877841757314
0.000446730434932862
0.0002095525858471672
0.0005777090889838548
-0.0003611756413407525
-0.0004569278517032341
0.0003269879952024531
-0.000301341440307744
0.0007933365893021031
0.0002361381554088184
0.0004914560925043633
0.00081560481975348
0
0.0003688506338332572
0
0.0002091680772088024
0
0.0007052291427797481
0
0.0007214053494407916
-7.561992281764721e-06
0.00149976198518284
0.0002217922614207817
0.001653331867755537
8.65994328219306e-05
0
0.0008749328216533814
0.001023063172616605
0.0001758791495168302
0.0004741608511417473
0.001487435537631386
0.000816747659803513
0.0007132389790889236
0.001434766719981291
0.001667076859374391
0.001749891953169883
0.001748090581620809
0.001798569982011036
0.0008796764387990401
0
-0.0001361723406896818
0
-0.0007302920041142392
0.001018951763919823
0.001595308368530376
0.001248189581152339
0.0003527333812078566
0.0008602352768997697
0.001670984074799702
0.001782616027787087
0.001858617685108032
0
0.001594640166677004
0.002060182450374465
0.001592908126245505
0.001489331501013739
0.001275179714521576
0.001541023772743902
0.001794281528546239
0.001393212635582097
0.001422330517135092
0.001807963890602701
0.001823654975261088
0.001043455121013742
0.001708292266859445
0.001800811070625675
0.001790292067330682
0
0.002066783107340777
0.001694668818249307
0
0.0003428756553457271
0.001963275325120726
-0.0006531329032712655
-0.0002537996717605007
0.000410192293189107
0.0004791055271357359
8.528467102967927e-05
0.0002173253205350105
-3.158879725799273e-05
0.001240474375287093
0.001602755218211929
0.001562192763984994
0.0004420321091850783
0.001778571382111516
0.001272749546983829
0.001805539755566801
0.001852531325703378
0.002265077494286864
0.002026574511663814
0.001563995935742742
0.001283934074266899
0.001798213081374213
0.001798729860276823
0.001802782686243043
0.001802893653279453
0.001789710493227799
0.001795249296061801
0.001788917978752
0.001808150501151545
0
0.001780420785893627
0
0.001808125372086874
0.001734038151055745
0.001761288966226507
0
0.001797710476120168
0.001766629193267184
0.001686786111636088
0.001649961024277521
0.001674990262033812
0.001791831128750811
0.001195450245198281
0.00175846836448833
0.001395948617289777
0.001713012589470117
0.001728987012603545
0.001696124071580232
0.001589351268049437
0.001746282122530312
0.001081801469931094
0
0.001432489950772663
0
0.001526484433376112
0
0.001015665806754757
0.0008172989345915912
0.001652510749631972
0.0008016351373092119
0.001720327774664844
-0.0001589465008754756
0.0002218737501304942
0
0
