0
0
0
0
0
0
0
0
0
0.001078959834356427
0.001085253749123277
0.0012036158965151
0
0.0001451313553529135
0.001248228832919405
0.001731879435763653
0.002056850603778792
0.001837017529712897
0
0.001490634138651776
0.00152783459623024
0.001197857923493436
0.000899255694240948
0.001143168910256982
0.0007190583274088339
0.000953893999265744
0.001570743406555786
0.00120708978946698
0.001387762245001397
0.001354296837312694
0.001561169950161989
0.0009418024634404844
0.001412007822568709
0.00103922388827731
0.001122042676880863
0.001653111099031405
0.001709694129874185
0
0
0.0009141210144410577
0.001711275710066219
0.001170959001556256
0.0005155871628405285
0.0009295680606842694
0.001672011742545416
0.001707635141410989
0.001621363026661968
0.001633892285595206
0.001522504469323118
0
0.001681256978785514
0.001219223340773113
0.001408976445404471
0.0008912123038415851
0.0009515846033122376
0.0002324707054279034
0.001129463023342543
0.0006833660034120346
0
0
0.0002336637239432068
0.0004909476166818236
0.001748240783755989
0.001541282176479896
0.002042881017182731
0.001693246640281142
0.001663741911212221
0.001692601754986348
0
0.001740969154980932
0.001294770958141403
0.001351233863219045
0
0.001220640391770003
6.59563251280072e-06
0.001359616139677992
0.001169984500785775
0
0.001669402644046501
0.001344446961996562
0.001701487089624214
0
0.001432815969681899
0.001710027867347698
0.001564114938291011
0.0009992101702760805
0.00164415957996568
0.0009440399206826904
0.001345380247920093
0
0
0.0007281085885923153
0.001623878419952079
0.001674075767952425
0.0002754878848246813
0.001127820294580499
-9.734733353695895e-07
0.000411569615636167
-0.005965122186303194
0
0.001414362382076294
3.10810463801173e-06
0
0.001530248795134414
0
0.001825294948470238
0.001330710594019751
0
0
0.001861045391712064
0.001849486713406487
0.001261860473417554
0.001483341006517839
0.00156887103956836
0.001210276975382222
0
9.219025758422242e-05
0.0005849423116912651
-0.0006646060641915291
0.0009058242762389576
0.0009723100846350721
0.0005986638221942917
0.0008136539180508978
0.0007962888160159289
0.0004432252764763244
-3.323868922205194e-05
4.419299756398771e-05
1.464992867802979e-05
0.0001459252316907118
3.130398926307826e-05
0.0002874758375003448
0.0003574771104300193
0.0001372399884132243
0.0005239097424836541
0.0004718450203675802
-1.569715449417021e-05
9.131564519009673e-05
0.0002629226866933809
-5.646096395732231e-05
0.0002236639610771983
5.21662315438735e-05
9.969927479332229e-05
9.784207898558362e-06
-1.098240939603492e-05
2.530152381068909e-06
0
-0.0002525753056261823
0.001098235252239576
0.0006288435910339817
0.001151894146562255
0.001323673706979576
4.264986209069852e-05
-0.0003096719211996466
-6.418153986973679e-05
-0.0002133352056926003
-4.686883661071846e-07
-7.263085938438378e-05
0
-1.178499984418961e-06
0.0004114130601789269
-1.867031605290375e-05
4.719647092264263e-07
3.841511349955949e-06
-5.211384121110063e-08
4.051214031403222e-06
-1.006970726391734e-06
2.999947701582479e-05
0.0001743860374205575
1.9369629092316e-06
-2.27509632156002e-05
-7.580865545594033e-07
3.090657434113537e-06
8.620729727836117e-05
-1.695530324085439e-06
0.0008522681866912269
0
1.870539136038403e-06
4.913248147325986e-05
-3.387146954893242e-05
2.718150054898695e-06
1.486233605495408e-05
-5.454177255156517e-07
0
-2.875081638568752e-05
0.0002131437914820576
-6.899827577353552e-06
0.0001188011461439877
0.0005362899021592686
0.001083780896883635
0
5.941420062307886e-05
0.0003367779702669093
0
0
7.616526578590103e-05
1.60231508885296e-05
-0.0001179859445313119
0.0001274734303791574
0.0003104111373735453
0.0002752837326662166
0.001007044356600926
0.0002900609022134964
0
0.0003498460381665785
0.0007608296341476334
7.392403470623584e-05
0.0003429746540140107
0.0004442496202431213
0.0002012455127007684
0.0005646103832172677
-0.0003632364147112265
-0.0004789839766603146
0.000325714548734518
-0.0002998905851029228
0.000791578088692571
0.0002274755826750072
0.0004897853929188512
0.0008146683461501575
0
0.0003667562031865859
0
0.0002038136975551169
0
0.0006993432569369449
0
0.0007205561081052266
-8.4705884223798e-06
0.001499272843915589
0.0002208847043113629
0.001652781351757328
8.660198326058211e-05
0
0.0008744901463898929
0.001021852380259844
0.0001708088682405483
0.0004699783122655875
0.001486314072726683
0.000814581089376884
0.000711623728338426
0.00143348061129744
0.001666316003474379
0.001749647559805338
0.001747604503082659
0.001798260803671467
0.0008768683752648553
0
-0.0001362427702195084
0
-0.000757442906040647
0.001017591117874606
0.001594687699360973
0.001248237968876335
0.000351574482675804
0.000859019546010544
0.001670480130066086
0.001782353260883514
0.00185826338316616
0
0.001594045976311432
0.002059776140666425
0.001592268003792382
0.001488587509462557
0.00127391492256336
0.001540234780017018
0.001793969665690247
0.001392559611351374
0.001421541278935626
0.001808245431601832
0.001823390366374829
0.001041134671040602
0.001708019470189367
0.001800608990092384
0.001789993661262773
0
0.002066425692852175
0.001694370693172248
0
0.0003406967447863645
0.001964143041897983
-0.0006592913002170962
-0.0002567796880006857
0.0004175854811432162
0.000478247039076199
9.033635684798803e-05
0.0002140272077518262
-3.224763947472415e-05
0.001238789690641627
0.001602177960714081
0.001562122687380277
0.0004328315521927593
0.001778101305476031
0.001272253337391526
0.001805287055380416
0.001852154557781266
0.002264484276082242
0.002025415706168571
0.001563277847841237
0.001282823476098173
0.001797948232388473
0.001798406573178649
0.001802484832624509
0.001802641509580645
0.001789383564590196
0.001794972509612746
0.001788648103902943
0.001807870164321897
0
0.001780161371740737
0
0.001807800714228079
0.001733640090726215
0.0017610871738252
0
0.001797381748361599
0.001766396232246817
0.00168678305224456
0.001650190372239435
0.001671673776434017
0.001791577941733826
0.001195087434458283
0.001758260027393271
0.001395472040018817
0.001712918112944462
0.001728747964191686
0.001696021553748316
0.001589143613217251
0.001746318989851892
0.001081917292514532
0
0.00143185038448006
0
0.001526162142421174
0
0.001014678267259042
0.0008168124768781043
0.00165203379640943
0.0008010824967958826
0.001720169061141142
-0.0001589471583457008
0.0002190172123052973
0
0
