12.36976678609287
-5.269102007298156
2.265494891927859
-4.000989821976808
-1.310392131934985
11.5753861309409
-10.12972915292468
0.692099958818524
50.64945285640412
37.38295695681762
46.39820415530983
-11.87841071025055
-14.38169672745912
13.14426106514788
-2.382473463965241
24.33684431857874
21.01708892677003
25.3393450951061
-30.09777006421461
-7.034541296217267
-11.69532948355926
-1.941753103617905
10.42224993742204
7.670740904060451
10.09579759053411
-10.20153988166585
-8.367123482855495
-1.805687173659544
9.849362465707141
15.66613931261479
3.111006467311593
-6.504297202387995
8.791988516526269
11.24026810219623
-10.55858580709416
-11.12448664603223
-3.038028914980251
-2.309104555644106
8.002867515881558
10.45477603758144
10.29195657650965
-6.874150821117503
2.628126052113247
-4.425871210418986
7.74790424853915
-10.31011511617594
-16.70927093067112
-4.839947179332627
8.603356386109672
3.054515650631175
9.218466163516664
15.40686407271218
7.401656563319877
-3.319755391847814
5.791560387644682
-8.005207543444261
-9.615303685067436
5.680982064582635
5.359423218561159
-10.72141196576882
-6.399155807937209
13.36463076158625
-1.134553976588577
10.73476977351068
11.40633901041704
2.661834723541307
-19.63539028168701
-25.62468084843437
4.322256168432678
11.86932375067132
-24.49012687317574
-32.37388639196267
-7.663830526581645
2.373366570974279
10.4033472830405
-2.544052296715938
8.006767097477061
13.44330356728273
0.6715692375506307
7.200880058397892
-7.388477113453487
-7.710035971051936
2.113799808082034
-1.54608546015891
12.15099689139062
7.199176068515213
-0.3215588456024684
9.502276920842203
-0.5659008372198371
-6.242423510724816
8.249481251433171
0.6151097829762159
-7.261234889450715
0.8881873815388661
-8.335609829572347
3.250184532195567
8.472660692043984
6.493292114802718
6.163950511794171
12.2058334946654
7.039593374725039
6.529310821608795
-8.74450428585126
-1.474519061215209
-5.166240120760701
-5.676522673280899
8.086457735797058
0.9596003026242794
13.25269785465169
-9.279328441233686
7.898322727776509
-8.51411243376702
35.72781171974747
20.90553288130045
16.96870460143338
-22.16898962579267
-44.95378140073871
-24.46047141173269
-3.292748683046305
-1.185055430408645
-8.647123815114881
7.748147759443086
9.326363980589612
-10.23892874148708
6.938722423554116
-8.292823344952005
-1.455012095620485
5.43752249875631
-5.354375128134468
11.04089643576621
14.83994102186953
5.616143808404261
-9.165284166876928
-2.272749574307025
-5.437522305109794
4.986072261746926
-11.02122015039336
-10.22341370493501
0.7652160081482906
1.946105393675759
4.516450937480812
0.7978064435706371
11.78643615979425
-24.30345700908813
-17.78077406476497
44.39945385705798
35.10349980228839
43.76548979439476
-38.81040185086193
5.328812596985172
26.84216497647556
10.65496059742496
22.65656524248892
-29.75326284564713
-5.289171275859172
-7.462068388640211
-1.074374936700932
-8.963268315191716
10.51141941657739
7.269985223019411
-22.29722500347489
-1.501199924818989
-9.22379721453173
-9.853868754423177
-2.987932854015888
5.605104741769894
6.393682536721
12.36439913541127
-7.888893380940755
4.605321574618551
11.44313281605557
5.40574896193925
-7.752113011277528
-9.853672579943174
12.16951909482265
-25.10126345093765
-2.289475062376355
6.837811246471809
-14.45899415694661
-6.037383853146441
6.892534593473429
3.727761860126436
-10.25541278545359
0.5578952022839629
10.73842870471584
9.260731677378921
12.2433224905743
9.7651457110581
1.663929385540077
-13.15786196927112
-6.812815148451365
-20.21261012119837
10.42359456511486
5.099264704690588
-8.101216323749409
-5.324329857176014
6.865935903301165
0.1891862188889351
7.233037227418806
11.41788875912618
-6.84942475497867
-9.818453983235001
0.3620795246780414
-8.466297350002995
-4.281445802296069
-3.319882618290042
4.906675429417112
6.061732788900827
12.35501098063557
7.043851018127048
12.19026575771113
-13.2004810266713
-7.038610981414206
4.184851544407118
5.146414734849152
32.09733076158429
36.94011010829882
-41.98470540631347
27.19528806402938
0.1947421313153544
10.81330798846873
3.329322414699099
-12.85788195610368
-11.05580922352293
9.188121230356703
8.955397280729525
-1.081133780906264
9.381615395255018
6.161870041096266
-4.291144775368057
-8.476744530726755
-2.969029235803202
-10.4530148130249
-7.483985574500722
10.18053350295233
-21.05268504854124
-2.101559566280729
-22.47850541542547
-7.054748153054974
-3.86066290247641
18.951125483551
-18.68294173809987
-29.85487560369586
-1.425820367905823
-16.18720437080251
-4.185599744672688
-13.39979496948265
-27.94573652122985
10.03719708733846
-8.988151083688448
-2.925440199282365
-7.877261023956611
8.557893712225979
3.775729499675393
8.55717484098046
-22.03765359682768
-19.19452593418709
-2.696565812399113
-10.75110063689718
-21.59110611526379
-7.634371470294441
1.110890058953804
12.76388058802415
1.437103317796408
-8.003150645863812
0.8522275824994129
6.603289982616629
-6.226621449889783
-1.477697020591189
9.974675431690956
2.982590824199735
11.4523724455363
8.469781555893816
9.753576379940796
6.522682946072953
22.81178838731627
-14.82227883704412
-18.75910711976062
27.64032480650366
2.358534738859358
-0.6339640619356444
-39.07064126082303
-5.989290566056716
-25.28179006727981
-28.27428886940288
30.9469882877718
8.661989994587302
23.06322876863683
-22.28499830198144
-7.883759515138624
-11.17193386446784
-43.07452250607673
-4.902042700289463
28.42905523703559
-31.90258864273703
-41.42917600953783
-9.744822048957653
23.58627588083515
24.46409157429194
42.1794475376279
19.39465578803971
-13.26649589741771
33.3310979400594
15.42375726110535
0.877815697960285
-14.5459415584813
-22.78479176112847
8.745261530351394
-9.161965896277335
-1.713630338114984
4.523356583006846
8.503131701442694
-2.715616230352513
-32.66115168653882
-23.64590448500846
20.4933099752514
9.015247200661749
44.13921444859735
7.448335547088165
-0.2327239475323982
6.446349683000538
4.639178506272046
12.17377542770318
8.029980715892394
-4.951820823774894
11.4833339084396
-10.10427189416464
0.4465474832657619
8.443425297447879
3.453353192520928
-2.396580182778608
7.534596910328724
-8.05453482446964
-4.646820924090091
1.834416398809904
10.55081939296032
-4.990072105023468
3.407713900808499
-7.612114410908375
0.7856716001559357
7.266908939734765
7.750508769978964
-2.301875576600899
-7.612833287631423
8.397786006027941
-0.0007188746612306212
6.481237323328829
0.4835998320380657
6.561436326900302
-10.11309969726044
10.3205290725954
-9.494378562936404
-5.013110584729917
2.170128862214242
-4.256785154086096
-8.144857287531989
-0.3803425779844448
5.492545143194874
-8.502683870594323
9.254010168271915
6.077836505833988
9.749330299870621
-10.05238434384252
-4.245898724224406
11.65504965427047
3.671493807154036
-9.837429411818292
-1.875967636382678
8.871194383059004
2.706882192573856
8.513367807368356
-7.385520877156277
1.578216218069671
7.961461781888462
2.451908530124266
-8.572898226939804
-2.189652653325334
8.557509377661791
10.94335128665798
4.387133494756232
-3.350422077320002
6.383245566895723
5.222476153730126
10.74716202737653
7.764514706639136
2.385841904502234
-0.3578265772971966
-5.658071448762663
2.287453642590422
8.802150521494614
5.99257913200271
-2.539392654264372
-7.504801205399401
-4.937454902646047
-10.31612770418599
-2.077724918274236
3.669019423422121
4.696897839874415
6.776392457090989
-5.378672801349719
9.634352743101296
8.238402786475035
-6.556217798416714
0.1153890035551458
-8.123013784972526
-1.478008587304668
5.746744342259439
3.900014586710438
1.54769074050734
8.219297549168918
-6.189864836678231
-8.169233418676553
-1.409939030715785
7.002137469076742
6.671606808486533
-7.737555573831346
6.64500520028636
-1.217160084134536
-1.979368583112646
6.759294389363204
-7.956916950371546
-5.215200173262375
11.15985949767462
2.168971820976455
5.604749717608756
-8.97409310887293
-3.00337650665613
-2.680814931765427
5.408699997938998
8.075849161318827
5.970716598577607
6.293278189360899
-7.862165287039056
-5.195016131733872
4.930872648800478
5.378023179774075
8.412076501020316
10.75666409498221
6.236986909272494
2.667149157488066
2.741716780911529
-4.519677191555868
10.12588877594155
-7.261393977353694
10.81994989562585
6.158635070539468
-3.281618875741374
3.979775109699577
-7.983555886875187
0.6187211343235129
8.60227708987173
3.761465024850827
5.806485617206302
-10.09240306392086
-5.310957714493062
4.781445345965466
7.945525094612668
-1.846729755086204
3.107373034513055
-3.942560541640611
4.13662144655545
11.29222672522698
-1.538127088274678
-10.86020721971834
5.645112496751982
-8.78071260255545
6.514696882129861
8.079181982437831
-4.838152057362629
-8.393064904742777
-6.828579817806344
0.3270254529417736
-0.2536056294322661
5.640829343596717
12.32624884433774
1.564485094549366
-2.809571383370577
8.139459282924447
7.155605279486176
-2.503286013998341
-8.150400210380713
-5.64711422122336
11.99922332744515
-4.591205088430528
-11.93963720935658
-8.083324308851726
1.886378468555229
8.706833014405094
12.23661052468102
-1.944725741214497
9.004304926494537
-10.47669752821028
-6.898368924119526
-0.4830665421701555
8.212829713835415
10.94903066478225
-8.531971784069228
-0.7914752179062567
5.894434993575151
11.54843401237697
6.550552629794793
3.578328601669013
-5.412559080076091
-4.965408548400727
-8.990887681178188
-5.555109780865147
6.415302380467389
4.643553761124614
0.4471505302724736
-5.576683487355644
-7.348432109345834
3.119212767237278
11.66872454751841
13.29803810317328
10.19866353872903
-4.661314827625221
5.334686057476561
-1.771748618872726
8.695896251475151
-4.863977481935647
3.85631290104115
9.996000887640569
-9.440253953651425
5.166186653910429
-1.349999475915828
1.216378369780217
-6.179813727493323
12.19111594222984
7.370290901730837
-4.829814244639545
8.720290377387373
3.317210142915636
-6.195096060153941
-7.555347467178755
7.213952690717845
2.794884588341662
-30.13262310137405
-5.217007563499658
37.02860959411746
-25.38428351876733
-6.992272293678598
-11.21874794576992
1.776529206976912
-7.310965592449985
8.536684996658639
1.457835935191697
-6.839737667712035
-0.6190614450092847
6.875680932139847
-4.226475661448191
8.768801511658257
0.4712279352773112
-6.60458456674335
-10.0365310691671
6.679073643376412
-2.809313228519571
4.300964759041987
1.283794859468096
7.227217849514763
-2.378108895938353
9.389864048416955
-1.014404979851408
-9.716390184058014
7.039505880597574
5.943422958212483
12.03755075972864
-13.1472545191731
4.72216534050134
-7.396192104211365
10.97473758389597
-6.268602054065056
8.199645784972802
6.094127831864295
7.110277992728146
8.549511776455073
7.342027857255148
5.653999004131268
11.03490498172196
6.685419520700695
-4.997881398022485
5.662766568830075
11.53955127910096
5.380905989094728
-11.53663425653055
-6.399997953728565
25.98328301654175
6.351535282855873
-9.985492959283103
5.7510624075396
-7.07884904548353
6.878652477986806
-1.66100408082834
-10.990767397468
3.477480436774747
11.89305354482785
-5.470235062057116
5.670317192847929
-10.10350979295624
-0.6297672741051693
7.813207927650475
9.805581852696029
12.37746775116626
4.921865862713959
9.473742528890499
-2.751509047826182
6.220676233241718
-2.843644384615498
-8.091962660702629
-7.075812510319519
7.494742401823152
-9.06432063215088
-4.51244394636445
3.930531349377985
-2.77509179464309
6.509129142522379
-4.820825045536469
5.148877736637556
-8.539656589215502
-3.878906672635596
5.520532359100206
-9.512306202366956
-3.066441189386407
3.896742546255401
10.95727101634893
5.726176200072563
8.415573118041197
9.284220932321386
-30.79777518557691
-13.18159089094834
36.78961129176711
-11.84803939778839
0.8686478102591486
7.314512819317406
-6.222736345517505
2.50886398614615
10.63563990341435
-0.1015830773325618
9.722115059882181
1.123493485120231
-7.031624082831618
-6.796805595146102
4.660749946980159
-3.5642110760893
9.399439060490597
-8.22496106321683
-3.660701223447028
2.704216594763983
6.445865012100215
-1.360251408119349
-10.73722299235438
0.4033292355018759
9.134929539045451
6.713675643881917
-0.9135248280247823
11.14055224110515
-6.695222494239321
4.551876708156614
-7.673374935462443
-5.248318275963435
8.442975276210273
2.42505667200935
4.564259854038268
-4.805648830128923
4.653058166452915
8.792617389629521
8.731600316792788
-2.421253881730856
9.71484717080968
9.458706992240657
-14.00463877931874
-9.333131801861963
-1.673350021788121
-8.092450304950624
0.3477219375328759
7.158020634133977
9.185239211462742
-16.3538511910009
33.35274836964557
2.850228180215804
-13.17895219918279
-20.66739098399322
-7.627200456522559
12.13610104898895
1.590381182602365
10.03055342907147
-10.88328617199593
-4.31353979299297
-8.598621557273395
3.305393136109038
9.217581630560154
11.48107364811468
5.051042372390501
16.066812006935
-2.350358167818913
11.90401467589366
-8.15511755914754
-0.1012066784338305
4.585738358820937
11.23389351808982
8.213243337880597
4.603820684850984
9.275327638848072
11.01576967495535
-7.401400589589596
4.671506965727056
5.912188479461879
-12.00522132382037
-8.289926296523843
0.5414443667483052
15.90160049306128
14.61868007863068
-3.000944984720988
7.681719570338619
1.740442055737735
7.659781791292458
-4.319423341364188
-3.984365547969885
-9.21546036511811
7.319866239624939
7.756350781132529
8.6141743377538
5.919339700843582
3.627504988717049
11.20832101529255
-3.020650189866999
9.428635906654373
10.82182911161658
8.83137066027915
5.288981319485845
-0.2561401805392897
11.98168457814547
-2.105547616365398
8.779456066917293
6.731969655721548
9.969702784408296
10.35023205619033
-10.92463128509941
-1.471467200781821
6.368251289938788
12.91742752993699
-9.295317741892571
2.162893222255162
-5.765540239600077
-1.20748390875248
9.453164075694742
1.629313551829255
10.6606479762394
5.876784717991452
7.839718489077354
1.962933766719402
10.15524015786477
6.569745151387294
-6.158645278751133
-11.22579276128824
-3.033486365674099
9.718046883212743
4.912893690152324
14.60000271697835
6.549176237811637
8.192306393483236
16.13868645311701
-10.75453430875117
9.589510216563006
1.268033320153877
24.42307899873921
3.529777510613966
1.551141297271783
-11.17724912055633
-15.52673453368569
-8.701985248676225
-6.130099408812845
8.053910871908995
0.2348184591679499
2.571885884332675
6.364917832479342
9.035596247885703
4.139559223808059
-3.20222851033161
-5.249714922914863
8.707626641963342
8.873545612448574
12.44928611323657
7.580816029931412
8.440172244476532
8.837517274124238
-8.750355954279524
-5.24099058918801
-1.689827485424839
9.614404302003862
11.61987809330249
6.781577041624628
-19.30420028886767
-4.470631507464456
11.92911479938349
30.04831625896713
9.881040279215803
-9.617091261685863
12.75153324273579
-3.585495005683446
-19.63174774334448
4.748339594690999
-14.74979192015925
4.881955831140882
-12.72839042864786
-7.853375146723072
-5.826156571580133
8.131184988915177
6.223860567914079
-4.896037023905721
12.07577412188336
3.509365364094058
-4.419068103046212
7.060528469424471
-7.928433464401302
12.02256763004588
14.83356878170258
9.687109027331257
2.027218575761288
14.07723571292577
13.95734156191452
-23.05598303399678
-11.32068314315233
17.91018477002009
-6.312161351060154
20.81866678293791
-1.282920416577734
17.44648338257819
-8.219880920574903
1.417302995656111
11.73529989053982
-1.907324419289946
0.1659189694846506
16.74382168282791
-13.64262430875552
29.23086791270915
5.086779493619572
18.72940380103681
-6.35843178311857
-30.50252019676213
11.25775251150038
-24.14408841825772
17.61618429462898
2.908482012549114
18.94973578901179
-16.02918038344872
4.481268016892651
-4.840812133693495
-9.322080155199483
7.183239515985587
2.079494617189803
1.016150150506431
-4.349485448862083
-4.868470077636835
5.814194479456906
1.393193206984711
7.962939592661431
10.68266455483202
9.637183912289656
2.148745113970285
-7.488438791565001
6.569746382110572
-5.231094816712409
11.30423178751193
-20.33585886348671
-18.33038507230355
-4.285095967861048
18.75943247064394
7.723372077785973
32.59106179401016
2.005473791737531
16.05076289550727
1.294308098110103
-4.838301050971139
18.31674462866962
26.05375715037307
-23.79845611121905
-8.184177758221574
14.86035068093497
-7.220553397562336
17.25926689983205
-22.94063255486488
36.74650883554587
16.57790271329547
0.8578235562109816
23.15504567893394
30.64763933673907
16.39974630723966
7.737012523050016
23.04452843865628
-14.75645479713396
-40.07569685456117
-38.17093273820337
44.05965680898127
-14.43161136823382
11.8386827230766
13.8316293236717
29.26980563382754
21.88615815474478
-48.63765068813817
-29.86441109756932
1.904764124900872
24.4798202970325
27.13082813434553
2.651007837366944
19.48724193603575
37.46550120704712
-14.24789302938058
-22.91062681385009
1.957062901448338
15.29764715092656
25.51902593430799
-43.38690829791602
-43.18155822685802
47.51265490581958
-0.2361902286913627
-41.53369437294784
18.11920145921052
29.54554017995474
-24.16081746742811
-31.54446494781643
35.35809302226539
-13.56620567695672
18.20296955141131
41.94229093592723
16.04125377768527
34.81449336974637
18.77323959220286
24.86768971632097
42.2456171575154
11.42633872066311
-20.16727596735175
15.43817631032983
25.23477654267102
23.56196303388237
-18.71973609572881
31.00257415994292
43.15071808023665
1.853213923943573
-20.39254960509295
-7.383647479849196
9.796600232167851
59.51891048915361
17.9782592710566
49.72231025730409
-1.672813508966585
6.584197913724156
12.1481439219267
44.06143188381306
32.85449201817107
31.7691752281888
23.73932137724282
-21.01403423227777
-32.22097409618445
28.65176289328576
26.27029409444627
-30.8192784467204
1.647863861667292
32.46714231091947
10.22137878307405
-47.74884514080728
-15.83555718694757
31.13964224636185
31.91328796015527
-19.49813152787619
-22.24576352943381
-11.20693986477432
46.97519943330921
49.66579712445745
2.690597690041779
