12.3560450217094
-5.275585379934102
2.263494531679411
-3.997111613139316
-1.314270340772445
11.66297458729232
-10.21024589793104
0.6992441736133419
51.00533731259587
37.63732100302862
46.72185616960273
-11.90882153664433
-14.45754772813788
13.33855503888698
-2.407851099429776
24.62595140515801
21.29071795620192
25.61149676950309
-30.35755384088534
-7.107471674879435
-11.69437086105308
-1.938243420470169
10.38245166672585
7.664097051874608
10.09274410793878
-10.21436393276402
-8.376149532909242
-1.809800172046363
9.895999644873713
15.6763122875069
3.112319851719912
-6.493016722979767
8.792033545238276
11.24690341762689
-10.57030282626982
-11.13569029507223
-3.04029273400544
-2.312360580548722
8.010159667691847
10.46224468188474
10.29626170250891
-6.884278742989331
2.632283451019884
-4.429408869880484
7.751760508271868
-10.30191016475453
-16.70616394230183
-4.842491105729287
8.613518606763446
3.053538774080379
9.229542394608377
15.38891993369224
7.389799141059282
-3.335233448995119
5.783583358526164
-7.999120793625263
-9.605336575166337
5.67971369398511
5.356328145640167
-10.72503259036285
-6.404253777360551
13.35544893887662
-1.12601919625063
10.73765364080161
11.40502714484334
2.648577893943683
-19.85193250459461
-25.88836824779292
4.320778813310403
11.86367283680177
-24.7623490516908
-32.71896844438753
-7.663978251625102
2.378950172892471
10.42815041303658
-2.544501193450257
8.014200317320212
13.45600971205043
0.6673735040839838
7.205918689290896
-7.400931295236505
-7.724316843199944
2.115630900549139
-1.548313222052778
12.1585593242285
7.204343364000256
-0.3233855479563419
9.516562195262891
-0.5653874692874653
-6.250091022316728
8.257942246638684
0.6160237877214939
-7.26916398967848
0.8896020450595279
-8.344054852095883
3.25039808803305
8.473503634121776
6.493956483463965
6.17600362088307
12.22324873704492
7.050694706221354
6.538545185521518
-8.756449251173759
-1.480968103837467
-5.172554030717953
-5.684703552276431
8.095397560466786
0.9620968818580414
13.26795159053142
-9.304283499093774
7.907904857397928
-8.531662810111955
35.98212975370539
21.05198502227134
17.09083641199923
-22.34462766109409
-45.27600063475883
-24.63395458273559
-3.296324092221971
-1.186086894535314
-8.65637082436781
7.754128309807702
9.333475183242088
-10.26638038102258
6.945807975284172
-8.318420287681555
-1.456720286729461
5.44383235127475
-5.360046732396977
11.0504524017114
14.85507659106575
5.621419693786648
-9.176501633787558
-2.275948996426238
-5.445276249246841
4.991935826381874
-11.04996726784353
-10.27439160541424
0.7726206881659948
1.947960093357803
4.547106808287618
0.7755756624251964
11.82258795585568
-24.55976718341793
-17.95340358913499
44.7251793038002
35.35121816914355
44.08564527142108
-39.10843868069036
5.371907540241157
27.03846267521381
10.73220151714202
22.82887496592485
-29.98042208201302
-5.358523257085125
-7.470283929581048
-1.074890862425083
-8.972259553243065
10.51956207818165
7.275481147535598
-22.5005103977842
-1.501975623914586
-9.23365689714741
-9.863140764492728
-2.98838941273359
5.604354439182479
6.393277033285591
12.36579817577434
-7.897368690344284
4.634409863597374
11.49610986380428
5.440702040904523
-7.812855886691758
-9.914292437413559
12.22235169838993
-25.33534284506748
-2.326350601268634
6.86170000096853
-14.54870230034089
-6.055407823296357
6.900552637682909
3.731225384205991
-10.31153322425115
0.5760805141309358
10.79787371465219
9.317416369855108
12.30979001887351
9.786633207369226
1.664948195140831
-13.25355792732528
-6.863168067646381
-20.37986137475574
10.43721207527088
5.107995381187832
-8.121685011986775
-5.329216694112898
6.874751352226811
0.1880224355682493
7.241547099273192
11.43152837124641
-6.870543521011761
-9.855062543928657
0.3667306572557969
-8.470387024498725
-4.280405753190894
-3.31994364164792
4.905263549777938
6.061722806069131
12.35789520576078
7.053524663993215
12.20396804677754
-13.22968039293271
-7.058565957051793
4.189981271497387
5.150443383081681
32.33451971981823
37.20722304384193
-42.29724797288349
27.39104006257435
0.1889440268617197
10.88761373844453
3.38248977423564
-12.92377138357858
-11.0647977137868
9.185669303652185
8.953544513554045
-1.079733237188128
9.381666446709701
6.171114436129876
-4.318528552185883
-8.528116262266956
-2.984519023388995
-10.48964298781421
-7.505123964270911
10.22179320058927
-21.27242250109871
-2.101436551391497
-22.6815051126618
-7.126303447277638
-3.838006293132004
19.17098595004036
-18.7681510234982
-30.01918801307717
-1.409082611673455
-16.30626115781391
-4.209587709685053
-13.51669330658936
-28.18739822309877
10.04292842416729
-8.995245488201705
-2.930291402001195
-7.884507361873767
8.564602406015632
3.779359772134051
8.561128409974952
-22.47087956554611
-19.59077845003152
-3.107525466851488
-11.16114713481559
-22.00472854545558
-7.641918459376766
1.11073812630784
12.77460526175908
1.437477780318443
-8.017748708390789
0.8555563836843548
6.618399783581762
-6.235140927448741
-1.480457344533093
9.985064476394342
2.992373649341978
11.4655218206633
8.473148169394053
9.756127440582365
6.606363595086081
23.00899224350511
-14.93014473123482
-18.89129334210796
27.86917616787549
2.37151923055717
-0.6395340323748431
-39.35327176360972
-6.036435743213928
-25.49765693759539
-28.50871020019245
31.20670155876717
8.73442710228851
23.2500821660111
-22.47227445680445
-7.956619392629926
-11.25103698972334
-43.39661268326806
-4.943479657272903
28.61010540124321
-32.14557569340057
-41.72479099452277
-9.816182981406774
23.73740207670737
24.62189882509279
42.48619199974453
19.55481902681976
-13.36801630952147
33.55358505854504
15.55520166543955
0.884496748549817
-14.67070491675543
-22.93137297325674
8.752656585968083
-9.167290668070136
-1.714659010554762
4.526792206303516
8.513384742891043
-2.719223572910817
-32.92283533637009
-23.83830016973433
20.64204605160054
9.084535166620284
44.48034622098213
7.452631656780417
-0.2321247905298997
6.44806709655688
4.642089465233007
12.1811693773652
8.049200240607352
-4.954215960050519
11.49489380774888
-10.09255049002959
0.4661510201924586
8.429631315217541
3.445693567117639
-2.41395009552549
7.539079911872978
-8.053621667954221
-4.650699520781164
1.838214399854438
10.55870151064207
-4.983937748274793
3.402922147155831
-7.606075897532555
0.78078399817941
7.269697919216969
7.753199967408587
-2.301194471303981
-7.609549893744481
8.386859895367044
-0.00347399605264035
6.488913920618121
0.4835020482724979
6.56634936154541
-10.19143749168375
10.42499851085459
-9.572813296494401
-5.057701264302512
2.169483779796796
-4.263723830986296
-8.150425557183171
-0.3787871892034421
5.500834493188369
-8.510120752330034
9.27930470751736
6.082847313445513
9.764558324239102
-10.05439443846429
-4.246396922097987
11.70579981732305
3.681711011003312
-9.836979776985629
-1.875057198195042
8.8729220118773
2.705229300358125
8.513226816543229
-7.384894761817076
1.579346873792
7.96192257861949
2.452085015092173
-8.572641179792113
-2.190065475209208
8.557913735295747
10.94829968992694
4.389458794957519
-3.349535633599664
6.382575704469976
5.223105546531937
10.74797921008255
7.771638367592155
2.390385954541548
-0.3596951948626723
-5.681985689609113
2.30061787315766
8.85279166298243
6.028277186190752
-2.550494646364885
-7.535759420849715
-4.947632572405756
-10.32888498645277
-2.080721507058752
3.680552916372546
4.71045932552033
6.801131460181709
-5.381252413863773
9.658091897170822
8.24816348018882
-6.558840895639614
0.1199541397894978
-8.128209340896705
-1.477183723953859
5.761274424225995
3.907500693449597
1.547390894343955
8.226185930505359
-6.191603535366979
-8.171150686761528
-1.409706950820225
7.010365406214882
6.678795036098994
-7.738994428965386
6.651025618011198
-1.215820525814817
-1.979547151077539
6.761443735840963
-7.96800877775116
-5.220492192115063
11.19727477084635
2.169970604413769
5.622385223788787
-8.978796212698542
-3.006275069238213
-2.682623814853063
5.413797287814678
8.081567205258978
5.97252114370335
6.296172399320546
-7.86684614489404
-5.19907622763321
4.938903156838126
5.38468441796164
8.420072357097272
10.76419102019934
6.241451216396819
2.667769917739838
2.747516584860144
-4.522739804411138
10.13797938331841
-7.270256387926957
10.84287741538107
6.171562638108065
-3.283663851731817
3.986592536055114
-8.024088807777979
0.6186241951888229
8.642713005485529
3.778470213889186
5.807997516275823
-10.09012406149286
-5.308355422334626
4.781768639264328
7.982603562901633
-1.85377373133723
3.120578544720413
-3.968928597434183
4.165530681121933
11.39170266420675
-1.542270925568004
-10.92162575303313
5.684914123054217
-8.830953616627424
6.552173790411858
8.134459278247231
-4.862025018700193
-8.484974428388762
-6.902688940898265
0.3234830424627104
-0.2744395141204138
5.659844524185307
12.37317967475196
1.582285487526102
-2.824514476418098
8.210534914767781
7.226171983367593
-2.548726191236568
-8.255514731057314
-5.706788540934601
12.04969663049892
-4.619204072662571
-12.01685856755033
-8.138040178472306
1.897677930565848
8.778115074224051
12.33569743065324
-1.957870553380935
9.077178838837549
-10.53664238724904
-6.940384254553782
-0.4870595520414499
8.27205042981813
11.03504939150054
-8.578771833150297
-0.8051284076468225
5.934284038665904
11.62734982771529
6.59166144050404
3.596258133924161
-5.431046035058054
-4.985264774274817
-9.027304168137402
-5.574889546331324
6.453324702898554
4.667375765984066
0.4457812609895975
-5.611705558650878
-7.3976544957172
3.147404423572721
11.75841975509665
13.39731914709741
10.24226531140989
-4.671314776734742
5.35423578501747
-1.785948937191876
8.759109982348924
-4.888029525796975
3.878818389179697
10.02555056121373
-9.455226489198221
5.180922002801273
-1.35515049849225
1.217749140517175
-6.199779056875044
12.25976167831617
7.41169741384725
-4.844628558762262
8.766847913672207
3.34546434252643
-6.249701571793707
-7.619049409881168
7.278936640157984
2.818970089350711
-30.10773497574077
-5.211419806007725
36.92573049497702
-25.37285567202933
-7.001123058236992
-11.23260831693959
1.782607779519098
-7.327251316978915
8.547176829392487
1.456479519255228
-6.854733008398886
-0.6136372883199347
6.889401997431163
-4.231485259567385
8.783730836333014
0.4725183085346296
-6.614329942616674
-10.03327775150356
6.680191887905608
-2.808129777674679
4.297347206753212
1.282979272292669
7.225147974714593
-2.382844682184758
9.402383292680055
-1.017157377218844
-9.678458434564821
7.032956526288316
5.942168701407565
12.03098753069901
-13.18037159681631
4.739601870948129
-7.417528197012508
11.04201253818513
-6.289227606550011
8.245810093257075
6.088818830698283
7.105476984793869
8.611015331942218
7.39678984776494
5.693065789110302
11.11226039101121
6.713335151163287
-5.035688386604371
5.708782863504282
11.64639318303963
5.419194602588618
-11.75504135764393
-6.568141359673089
26.10757444212585
6.407377738764761
-10.16857972587061
5.762843399850756
-7.090697310236239
6.891143990530085
-1.657774832242495
-11.02882947741361
3.506208221398649
11.98352038760329
-5.507382983220434
5.712660968635014
-10.16699988351117
-0.6240083123570751
7.831892609207459
9.863379392006943
12.41353998719575
4.963911911024952
9.542991571536586
-2.718354615265801
6.241095720033232
-2.849886930641429
-8.103506403858059
-7.08684825083095
7.503039286488899
-9.090982650319729
-4.511902987570156
3.943997938037523
-2.796202444342759
6.557001681315648
-4.848064266186062
5.187653843048411
-8.548918823658616
-3.880721422714442
5.521446495299084
-9.595165913211259
-3.094123049881556
3.933472296801089
11.06466614875006
5.781009398702722
8.477312167130894
9.353204124523913
-30.61553487542449
-13.38226631474963
36.61648834869322
-11.77881152400548
0.8758919567361567
7.376934819698588
-6.270859418312113
2.528867011191014
10.72243917921039
-0.09004020135610497
9.797661261726139
1.124375011485297
-7.026659036025903
-6.791994131636797
4.668197401829863
-3.559041349186624
9.402167919584329
-8.227238752364881
-3.645591374138077
2.700213991694929
6.501042863189486
-1.369347837952608
-10.81247938120537
0.4075645687643363
9.207290995921761
6.765886953583027
-0.9247779172297853
11.22004395103129
-6.701953929588247
4.579079662582476
-7.68226652775927
-5.253619472846259
8.455900924339568
2.428647055649956
4.58164737918105
-4.848067808280208
4.694929586944569
8.875132448237204
8.799726428219032
-2.441404041409238
9.800942406985698
9.542997394807026
-14.12733407912022
-9.41500338097299
-1.688563534363002
-8.163197791723091
0.3508219301073543
7.22383342289628
9.274386515822782
-16.78431326142928
33.55251854008166
2.82695919934134
-13.4337058437489
-21.13845180620505
-7.690664869777775
12.24234644774787
1.603848969192824
10.11786869146292
-10.96373041367357
-4.354138544776266
-8.673286249797636
3.330377549470869
9.294513837847534
11.57951731170444
5.09289643343806
16.20360774200933
-2.369426766391252
12.00366379882493
-8.151034047452431
-0.1009201436575231
4.624090430305484
11.32826598548482
8.280221832208362
4.642260739187094
9.354591437105727
11.11071130965446
-7.462323201297067
4.7123306980331
5.964136287790045
-12.10458394195152
-8.363071012026566
0.5493259456611642
16.10829451889551
14.80293281470812
-3.029030798481496
7.757794863388725
1.756119873007193
7.726439847426144
-4.367144182982822
-4.03176789941369
-9.315424649281548
7.409815045376559
7.854827626122423
8.723186179284424
5.97031997397541
3.65613140217509
11.30436018837781
-3.048044153549023
9.518187490126639
10.90949007153892
8.912396957373076
5.334040214354304
-0.2579450125763932
12.10904779222581
-2.124477755637384
8.870538314337363
6.799086829653054
10.0357181089196
10.43801950005965
-11.01344292414219
-1.483197158109748
6.428234098034356
13.04876943920319
-9.374543532200022
2.18533544632324
-5.816961176318844
-1.214225484628776
9.530245765554705
1.63889939241949
10.74447124989787
5.937610319950534
7.911431256201662
1.973820935782921
10.3071823183843
6.706743952103044
-6.227198580276198
-11.47444047143503
-3.141079088363694
9.83444001043372
5.183472094936106
14.76053444711118
6.620535341172809
8.33336138310321
16.65791256660704
-10.8634339928671
10.03737722535195
1.287022661290988
24.82997884083606
3.55758235664032
1.586461631790681
-11.34748090015871
-15.74640613840785
-8.661301058591008
-6.111140464963492
8.050113903735797
0.2346649033359275
2.550160594872168
6.345805366787108
9.128483326516433
4.180202861194703
-3.238509477634597
-5.309960962775445
8.82187406747958
8.983462331190063
12.566231644179
7.648228786402029
8.514019722050449
8.923564585266874
-8.838398718243731
-5.296068648741272
-1.707204864764339
9.734378080644136
11.7568475594442
6.854388005770668
-19.19649908589521
-4.403897470701327
11.93433970264335
30.05098070557617
9.889544838733343
-9.619436733674064
12.97551909861784
-3.600438366251437
-19.70019670364293
4.734879304116381
-14.7741022672514
4.926094436676547
-12.93394253226828
-7.950374792142403
-5.899821699646602
8.232013330465225
6.303232077283905
-4.948280465858641
12.22197180857062
3.542330070486633
-4.459966551635154
7.131193852453203
-8.002296622186122
12.150456654037
14.7926016152587
9.577062352185141
2.050553092809167
14.25360686923058
14.13183503016301
-23.40635008044383
-11.45675235218438
18.05046904513668
-6.38789803389955
20.9226277567976
-1.305361704380368
17.74698299765308
-8.350499655313209
1.486317954505467
11.94959772858071
-1.928781252985873
0.1615882633432739
17.01845204727568
-13.87837898160268
29.50722139727044
5.173965720371623
19.05234470203721
-6.392303663969875
-30.72555934090014
10.8409648967072
-24.33325567708226
17.23326856067514
2.872158711703523
18.83672335146059
-16.26066504329846
4.515112033794768
-4.864242794114657
-9.37935482820747
7.227185046360929
2.090672135533593
1.016658153397096
-4.398925239377505
-4.918002857738133
5.868822803900724
1.39130258151976
8.000894450731087
10.78682566167239
9.836817609781274
2.132071646890292
-7.704745962673647
6.609591869038863
-5.283656749957689
11.44158294509955
-20.74568296504201
-18.72321348630083
-4.395156342521728
18.77815980565543
7.643498304206246
32.43576507661987
2.022469479332024
16.35052662238373
1.313371133962149
-4.902459553304277
18.64049662680499
26.36671179082165
-24.20904896272476
-8.303534921883388
14.86978122688993
-7.352185179266694
17.29401069847735
-23.34069040938141
36.735642119487
16.85686378351134
0.86835855315375
23.54295617973978
30.5702778618997
16.33823717372372
7.72621516540138
23.17331614830626
-15.03715548794892
-39.8741933618974
-37.97558646399201
43.91959626484887
-14.36460201039958
11.79857257963049
13.65760527124584
29.11015817344464
21.86586089274203
-48.39529987266617
-29.70492228715395
1.898606898235617
24.64619587779717
27.31052579073581
2.664329912937715
19.44163142137069
37.31927213795433
-14.23204068808562
-22.84406269663913
1.948204074898384
15.28726272653868
25.47175090015648
-43.21219833488613
-43.00580835132519
47.33773682151006
-0.2397880982214436
-41.36910958544572
18.11664100305163
29.519303414335
-24.12659789187729
-31.37089517369418
35.15879597956626
-13.49325445709187
18.11027472860707
41.72125918280179
15.96456463979825
34.65494222520253
18.69037758561373
24.79226677253406
42.13715030098992
11.40266241120387
-20.1614358664261
15.45255290239506
25.21231335165269
23.52354682625467
-18.65484320814923
30.87079021414289
42.97241023713819
1.843088749393778
-20.34360973379201
-7.24429728143374
9.759760449061732
59.28539387105992
17.8776407166881
49.52563342233633
-1.688766525587855
6.562463203476435
12.10162002304009
43.89119634385142
32.72563779405542
31.60352918564832
23.61098445389378
-20.95546513589877
-32.12102368560112
28.59284252775624
26.16317459017107
-30.73448789019706
1.636698766121642
32.37118665646835
10.1844881733447
-47.57752492001957
-15.78794859955223
31.07751779167548
31.78957632075472
-19.50898157188779
-22.18669848324031
-11.16555854974927
46.86546639122739
49.54830766362488
2.682841272366845
