12.36815876751231
-5.268497771425437
2.265192112944538
-4.000943056613358
-1.310438897298431
11.57469056974
-10.1289710338985
0.6920483007951321
50.64825726937794
37.38206080853045
46.3970087203575
-11.87766121875571
-14.38045302324743
13.14306328476277
-2.382098034730649
24.33624522385132
21.01682189204562
25.33834119186512
-30.09681063697516
-7.034300904140548
-11.69374993245535
-1.941623785117271
10.41958899283599
7.669202277072527
10.09400020558659
-10.20051361063418
-8.366388505384299
-1.805562874943173
9.847625942671394
15.66438258693761
3.110568510354214
-6.503689350879744
8.791079665913641
11.23902153549678
-10.55717570295687
-11.12301457663664
-3.037613021196376
-2.308779402122787
8.001724038855672
10.4532601428463
10.29064644811735
-6.873302944119692
2.627777705525904
-4.425361051441237
7.746917457619474
-10.30913352907467
-16.70773799453635
-4.839453090214895
8.602426014895432
3.054207270825961
9.21745567917703
15.4051001350091
7.400700407902063
-3.31942333184482
5.79084225959099
-8.004399758534223
-9.614257875418055
5.680511169743636
5.35894103697803
-10.72012374953253
-6.398604459408737
13.36334079509862
-1.134397841663501
10.73388706155498
11.40543831771436
2.661605526976295
-19.63435421260381
-25.62352613017413
4.321519299909343
11.86828490372536
-24.48912828974665
-32.37264209659459
-7.662868744613748
2.373004250835069
10.40167741614485
-2.543728961664804
8.005589296437021
13.44187910676953
0.6715512567558348
7.200131522497577
-7.387554644694428
-7.709124788090208
2.113526049557191
-1.545876381523813
12.14939903182442
7.198231797850211
-0.3215701323521215
9.501080693571273
-0.5658388721364442
-6.241747585930709
8.248396300891173
0.6150296693978563
-7.260211013902738
0.8880591578114306
-8.334443537157627
3.249716856725778
8.471444470302808
6.492372436601968
6.163248407375132
12.20448897973064
7.038888005726688
6.528580266467929
-8.743832789816706
-1.474378584928622
-5.165600974750894
-5.675908713528588
8.085401559761101
0.9595116999771826
13.25100253270567
-9.278405151224829
7.897330663675939
-8.513266588658846
35.72698303380277
20.9049623914521
16.96854880828883
-22.16829297764751
-44.95235751491291
-24.45963730698251
-3.292286183461803
-1.184894836872322
-8.645958057194422
7.747050887320587
9.325033023959152
-10.23791684902506
6.937818962207426
-8.2919828016257
-1.454814253536456
5.436830575218714
-5.353671870130701
11.03933706456799
14.83786923077253
5.615366533626074
-9.164097389645974
-2.272452562604933
-5.436789879070656
4.985383786718633
-11.0204224307804
-10.22267733896606
0.7651385631286577
1.945934044768468
4.516106792281454
0.7977450900763002
11.7855609950499
-24.30256097378391
-17.77985294446459
44.39840602682774
35.10272469016999
43.76445438397755
-38.80952571841002
5.328591792931757
26.84111820716816
10.65452225944762
22.65566546063791
-29.75235884904376
-5.288915930818576
-7.461063223923877
-1.07423252010639
-8.962051612499788
10.50992786599975
7.269454203415693
-22.29595973790618
-1.500988387000773
-9.222502698117335
-9.852485438792074
-2.987520082930408
5.604313286681172
6.392799845951473
12.36267472171732
-7.887819094611336
4.604913627963643
11.44208216872631
5.40537160596596
-7.751784240197885
-9.852984575454661
12.16861138021697
-25.10030606221427
-2.289286825521528
6.837168545457963
-14.45789820556041
-6.036710561899282
6.891644827898199
3.727307509038489
-10.25447566270421
0.5577459444126979
10.73702143462398
9.259542824906468
12.24174763967973
9.764018068888383
1.663799911870499
-13.15715584251021
-6.812326514461286
-20.21150727390927
10.4221736641577
5.098601504253411
-8.100218155370785
-5.323572156916534
6.864965358563266
0.1891410255905736
7.231993388865497
11.41624705393993
-6.84855729752205
-9.817216859109569
0.3620586362003071
-8.465093546652314
-4.280839866906602
-3.31940841305202
4.905993111981262
6.06091153110879
12.35336944105563
7.042852372130359
12.18853751296933
-13.19881965797702
-7.037698330097162
4.184253676724676
5.145685136505309
32.09640927182494
36.93905475689313
-41.9834590869426
27.19451081816884
0.1947542092706562
10.81222160779491
3.329086201680133
-12.85750973842768
-11.054188407668
9.186832977695969
8.954078513028296
-1.080936942691709
9.380319933096228
6.161121324069249
-4.290673657018585
-8.476126423285127
-2.968659568572317
-10.45179497788193
-7.483135406792674
10.17927549069574
-21.05176808207296
-2.101200333114576
-22.47754202670109
-7.054351432424953
-3.860451484137815
18.95056775017275
-18.68247212380464
-29.85407241994838
-1.425773945577265
-16.18659594010754
-4.18545275639841
-13.39918075640169
-27.94458139411634
10.03587298601526
-8.986876294887415
-2.924967511912868
-7.876134747515944
8.556503141566365
3.775163240837047
8.555815209642118
-22.03500874177924
-19.19256903973875
-2.697109640615588
-10.75053592741351
-21.58865715529344
-7.633366633220892
1.110741546653164
12.76203954012722
1.436801355305754
-8.00182693201873
0.852114486010514
6.602014295376154
-6.225478477060872
-1.47747860348794
9.973251454904206
2.982204824929124
11.45073005216249
8.468525166835938
9.752126147337533
6.522708030993805
22.81101923552339
-14.82202064104357
-18.7584342268773
27.6395141277721
2.358371868224546
-0.633951642180103
-39.06981423459056
-5.989171916935836
-25.28114225923415
-28.27346577083442
30.94602354059679
8.661729696092266
23.06250973342373
-22.28429385262843
-7.883513803484171
-11.17160029511672
-43.0732553681563
-4.90189845617568
28.42829847550495
-31.90165507406659
-41.42818611191429
-9.744543943050937
23.58565298166412
24.46344292238428
42.17821329621238
19.3941487823481
-13.2661964588475
33.33019693419993
15.42319059311595
0.8777899448787277
-14.54540064393351
-22.7840645245136
8.744108180911537
-9.160821904605314
-1.713445569016711
4.522749988116873
8.502078084013553
-2.715271896423288
-32.66034524219322
-23.64539732756467
20.49272019523519
9.014947913827665
44.13811751203634
7.447376325339597
-0.2327544627766692
6.445550024012723
4.638588575374952
12.17227848022723
8.028673168868735
-4.951167234788707
11.48147065063309
-10.10296665456739
0.4463515880603883
8.442033112470776
3.452797481738319
-2.396088117129302
7.533689894611276
-8.053426286770986
-4.646237332968004
1.834125105249437
10.54931825695703
-4.989235630835188
3.407188954196535
-7.610841486102282
0.7855831037689389
7.265945557373262
7.749533688435796
-2.301410880235597
-7.61152942308323
8.396424585207155
-0.0006879350695281365
6.480362438610874
0.4835881327202555
6.560825646791247
-10.11201254273135
10.31842124534921
-9.493033549535953
-5.012297670890321
2.169420804575528
-4.25623375529702
-8.14365974057714
-0.3802533935743884
5.491723863243276
-8.501483504645986
9.252808320060229
6.077237524198266
9.747957620915386
-10.05094456613762
-4.245249756501321
11.65318883136808
3.670720108794477
-9.835909239582129
-1.875653738642576
8.86991596674471
2.706397404238886
8.512092209430655
-7.384373123580459
1.577982133834916
7.960255506866625
2.451536111817895
-8.571630416152773
-2.189357034123041
8.556212681932646
10.94177193079958
4.386526662457936
-3.349902811986335
6.382273375835418
5.221727607979232
10.74556971269436
7.763406344304655
2.385559244718368
-0.3578237587486962
-5.657195477563142
2.287179765961231
8.800781602927559
5.991604925799199
-2.539050604904408
-7.503651434451907
-4.936800681794809
-10.31464778093479
-2.077386278454381
3.668520334369124
4.696261028531507
6.775496020277305
-5.37784709893531
9.63306171078262
8.237261503079464
-6.555245274400254
0.1154321484148078
-8.121829356607796
-1.477744336481006
5.745906613422347
3.899450657608423
1.547432707504444
8.218110136551255
-6.188996771741858
-8.168068809882755
-1.409707380129516
7.00119770339159
6.670677428873379
-7.736429476094737
6.644085022635823
-1.216912437012149
-1.97907203913939
6.758361431038
-7.955671153196315
-5.214284295005291
11.15798842660475
2.168615723835769
5.603794301220907
-8.972868857724979
-3.002993978631193
-2.680410961395319
5.407911109321602
8.074741181002224
5.96987487575976
6.292457907731224
-7.860997462156644
-5.194167397945485
4.930119487687286
5.377194999452807
8.410905084660067
10.75515214415961
6.236195546187466
2.666830066272893
2.741386861649374
-4.518956603403477
10.12428688133281
-7.26034346945824
10.81807860058448
6.157612882278422
-3.281015389092367
3.979328087810559
-7.982468759278262
0.6189789931948689
8.601447815875277
3.761084456557489
5.805694807414062
-10.09077052241514
-5.310118546027534
4.780651973207901
7.94437524652111
-1.846455955450904
3.106975686777091
-3.942032309812402
4.135835774973392
11.29035972921304
-1.537567542618621
-10.85866686215613
5.644151060321914
-8.779431870361073
6.513601839973186
8.077868079471966
-4.837399557251489
-8.391791932211163
-6.827525705031485
0.3269982419364489
-0.2535076493714193
5.640419976210963
12.32535334846995
1.564266234184576
-2.809176671472861
8.138284289895788
7.154523955007239
-2.502791801518472
-8.149000440773257
-5.646208662212555
11.99835504752537
-4.590589969198219
-11.9380638925345
-8.082336174106883
1.886124168458474
8.705922559164065
12.23535085544604
-1.944388775547385
9.003072187226207
-10.47504430705435
-6.897347936811456
-0.4830342375800256
8.211708292967241
10.94746096000942
-8.53065552874302
-0.7913638989868061
5.893927644530756
11.54730734622224
6.549869730917451
3.577696368124326
-5.411676339452273
-4.964600827030298
-8.989372707007535
-5.554194126083394
6.414313697913531
4.642737647633544
0.4470755111279202
-5.575897859979722
-7.347473912733281
3.118844669316721
11.66740497651969
13.29651252869001
10.19693177066297
-4.660465720626574
5.333709987024329
-1.771576049882465
8.694742526425047
-4.863221784241277
3.855727718935782
9.994175709971353
-9.43862827812413
5.165212929960131
-1.349713324646571
1.216042951462067
-6.178676121141815
12.18933598356046
7.369236173446748
-4.828962790109905
8.718949497943804
3.316936606476832
-6.194515976691267
-7.554619231030036
7.213336407991947
2.794607455328971
-30.13207493820359
-5.216916830436067
37.02820012465098
-25.38379654656802
-6.991287466981644
-11.2173499933924
1.776348464985601
-7.310149839218996
8.535079107300929
1.457486117498635
-6.838866515452469
-0.6187851657787621
6.874563850205329
-4.226062535083865
8.767635941994852
0.4712833334654028
-6.603980186741049
-10.03501546272268
6.678304498671856
-2.808954932987169
4.300386866443805
1.283601013196573
7.226060537969365
-2.377917642984154
9.387747521005256
-1.014212377571639
-9.712336791368495
7.037553787596102
5.9424594953834
12.03562405124987
-13.14461890207073
4.721242079070133
-7.394719078989099
10.97329304269067
-6.267480972248344
8.198461396478214
6.093164583917659
7.109341804216054
8.548560303710255
7.341233638674013
5.653379688185532
11.03391973049721
6.684933390685591
-4.997437629476926
5.662204654075908
11.53855051567088
5.380540052957774
-11.5351950915389
-6.399372123635692
25.98233836593957
6.351272155586861
-9.984167773279633
5.749899816223769
-7.077592975079581
6.877137941731411
-1.660515272146872
-10.98872305400631
3.477219310257153
11.8919423707858
-5.46972486346083
5.669774516717548
-10.10410410303422
-0.6296402977800599
7.811822884802296
9.805192710307965
12.37560852891517
4.922337167099959
9.474463814535889
-2.750386729104869
6.220081359372228
-2.843514722457341
-8.091440738335601
-7.075263527808159
7.493349038769462
-9.063596094953413
-4.511469429245172
3.929993840182815
-2.774831642235727
6.508463785402851
-4.82009981487364
5.148360532100438
-8.537653241980623
-3.877900587009898
5.518998212478535
-9.511452582432209
-3.06616290171422
3.896399800024315
10.95636028399563
5.7257142240473
8.414723069796139
9.283295423088925
-30.79663733562178
-13.18105301455226
36.78930247678301
-11.84783313325192
0.8685723495377251
7.313862026612314
-6.222167848068151
2.508628465463431
10.63493169512327
-0.1012373265235128
9.72136801451664
1.12320056051413
-7.029749864637938
-6.794977942560905
4.659752683072955
-3.563355220443855
9.396898826126719
-8.2231079406554
-3.659322281599469
2.703158258312451
6.445289679894961
-1.360103255333749
-10.73616903237458
0.4033303227613095
9.13412661022263
6.713078127452659
-0.9135636663198546
11.13949936741444
-6.693740594250049
4.552126686298069
-7.672723919311783
-5.247926015709913
8.441463251354373
2.424797915172964
4.563785672319859
-4.805233558328145
4.652685006709321
8.791877125889812
8.730796299740161
-2.421048470329689
9.7140602802488
9.457918561006371
-14.00361898492137
-9.332446324078957
-1.673222943285131
-8.091838078240462
0.3476710152501424
7.157431010810457
9.184448490481946
-16.35220427481253
33.35203223552733
2.850337508659307
-13.17804499264313
-20.66557522819486
-7.626641779532375
12.13510874725588
1.590244448327367
10.02975354552589
-10.88264226882804
-4.313370953382968
-8.598167437875825
3.305105294635766
9.216886219884961
11.48033752876658
5.050729542836597
16.06575343021298
-2.350193733408673
11.90327271638468
-8.15295041705312
-0.1011842332211663
4.585415901447031
11.23308127993328
8.212652077622247
4.603533554094066
9.274706193319922
11.0150239246619
-7.400923321817396
4.671172650034261
5.911780911403239
-12.00445692148318
-8.289270901608786
0.5413830592861087
15.90013379252792
14.61731979689686
-3.000689355395019
7.681084105826864
1.740317749449252
7.659223391184822
-4.319041459300477
-3.984043259978561
-9.21468932071441
7.31922963793569
7.755676286192141
8.613433735111963
5.91890560974659
3.627236185087205
11.20748715846378
-3.020429211223406
9.42790468369493
10.82101933457664
8.830653958115017
5.288581553350231
-0.2561417210894634
11.98066167891607
-2.105355198406851
8.778698259932943
6.731422275096847
9.968460349005142
10.34922668704299
-10.92360565769737
-1.471290005411718
6.36773131858837
12.91635337749275
-9.29449811699533
2.162722185588434
-5.765069828106575
-1.207326655449459
9.452315644309202
1.629107548678025
10.65964229217935
5.87634586873539
7.839021322492074
1.962675449700016
10.15398755592674
6.569191905426632
-6.158010452338237
-11.22455997917249
-3.033247868794716
9.717396421780657
4.912394258232181
14.5991122088782
6.548622056891926
8.191312108418677
16.13695423896687
-10.75363119288763
9.588332183226145
1.267948953598824
24.42093764261376
3.529428296610067
1.551027318283072
-11.17617502811531
-15.5251613237096
-8.698124454840354
-6.127708690308426
8.051766175732599
0.2347718957215963
2.570415805575123
6.362480553175705
9.034839981386428
4.139192119752767
-3.201963418137796
-5.249239404286799
8.706837064872156
8.872754327593231
12.44833391034574
7.580250976481827
8.439509095344784
8.836777475376364
-8.749640488347188
-5.240577422336698
-1.689680005393887
9.6135928924166
11.61890261078878
6.781002725933819
-19.30353029040818
-4.470924831755281
11.92884354458323
30.04769626808904
9.880816529354261
-9.616812339431062
12.75064428489913
-3.584795649766845
-19.63106621926597
4.748278402791546
-14.74935044193049
4.881715784681348
-12.72720235638401
-7.852650081334794
-5.825632603709959
8.13044386140287
6.223286658842047
-4.89564786151845
12.07471774488547
3.509063065170592
-4.418728953347079
7.059960483396045
-7.927792016002046
12.02158014752696
14.83260545893371
9.686717951111936
2.027017478219032
14.07593673858591
13.95607646642338
-23.05564461111118
-11.32085488233366
17.90907480440174
-6.312157329038996
20.81697200504943
-1.282813997622944
17.4455585158179
-8.219049684708553
1.417176007585616
11.73478972852254
-1.90715720097013
0.1659172617708296
16.74348728203007
-13.64194692850675
29.22992968630491
5.086425587892589
18.7283725151725
-6.358190640228664
-30.50169473363036
11.25739368083221
-24.1435040976612
17.61558432106992
2.907897200311731
18.94880420349883
-16.02838250504709
4.4807359143971
-4.84036342271949
-9.321099341414682
7.181718539203364
2.079234991770494
1.016177210695392
-4.34898632857874
-4.86808292864312
5.813690534432581
1.393114652751931
7.962385974365193
10.68177346099652
9.636225688663144
2.148695440642287
-7.487530241786371
6.569271318316924
-5.2306460603422
11.30327289786253
-20.3353993399702
-18.33008962170893
-4.285075038359155
18.75845261200086
7.721879349910175
32.58944691140295
2.005309718818493
16.05032430149119
1.294204097163324
-4.83789988417501
18.31508880585638
26.05196897190512
-23.79771931868032
-8.183841666431396
14.85968598457579
-7.220149298170271
17.25818373899766
-22.93996186999195
36.74509363799561
16.57757002018181
0.8577574485414924
23.15298868935135
30.64741839059415
16.39976837672922
7.736880167398311
23.04352765050958
-14.75612020404804
-40.07585209415616
-38.17099849904663
44.05854129097867
-14.43168208670528
11.83839030296809
13.83099429970565
29.26879043130938
21.88540765355452
-48.6371356087279
-29.86380741867563
1.904853602999763
24.47833303683902
27.1291293344113
2.65079629762178
19.48690989932307
37.46503149327863
-14.24765001374838
-22.91053822335527
1.957029337215699
15.29737223172365
25.51864207447437
-43.38677880677711
-43.18142824090791
47.51178454551075
-0.2361820541811392
-41.53355226274093
18.11885272317179
29.54502224512465
-24.16059459184367
-31.54397737088889
35.35809582381291
-13.56585577707147
18.20280525005743
41.94212167583683
16.0409070043154
34.81423519573253
18.77332819156433
24.86756756159145
42.24511695499376
11.42616952187189
-20.16687972728768
15.43779613177953
25.23429697648167
23.56161273827932
-18.71964280672185
31.00254676269413
43.15059676277004
1.853226543089368
-20.39232704547334
-7.3833827785185
9.796500844527008
59.51869041512916
17.97812159400551
49.72218957092207
-1.672684238381191
6.584025852100396
12.1480500015825
44.06089038435
32.85409825390938
31.7686610269599
23.73931641906043
-21.01335886866714
-32.22015099750293
28.65070764825151
26.27007239257111
-30.8189474422383
1.647875985326694
32.46682342990736
10.22126984244608
-47.74796660551046
-15.83512623015868
31.13843612540388
31.91284038116955
-19.49762885675391
-22.24555358893274
-11.20679212963818
46.97356235556231
49.66406651589814
2.69050415931489
