12.35808630300683
-5.264723543133376
2.263289233619385
-4.000678368450021
-1.310703585461761
11.57033776515702
-10.12426089593816
0.6917266342352084
50.64503780462856
37.37952357622062
46.39329442249886
-11.87282971386603
-14.3726903384314
13.13586188019139
-2.379784770888704
24.3341773706495
21.01684292786981
25.33378379304859
-30.09355575528087
-7.033360811022598
-11.68375749452715
-1.940806224066376
10.40258930725792
7.659315786906799
10.08265826558185
-10.19404387768597
-8.361739022720934
-1.804757706392321
9.836368354649593
15.65337444809476
3.107833589907378
-6.49989855301893
8.78540161387934
11.23120194354665
-10.54825750776704
-11.11370004487291
-3.034993411357109
-2.306728447833343
7.994562578692713
10.44378849004826
10.28242994595877
-6.867972845246105
2.625587514942447
-4.422172504548592
7.740731214693926
-10.30300670693508
-16.69813223795804
-4.836346294941001
8.59657141039558
3.052268265045846
9.21109659625705
15.39407209344661
7.394731941168177
-3.317334442818847
5.786339943728697
-7.999340167306474
-9.607732149718005
5.677568030763765
5.355934802881524
-10.71206638867078
-6.395125528128743
13.35527496979539
-1.133383262676667
10.72840268008907
11.39984606932546
2.660151808632329
-19.62878556915335
-25.61783784142241
4.31694086522558
11.86178594286513
-24.48445457939536
-32.36714460434573
-7.656842432020686
2.370684890552865
10.39113834225999
-2.541698717551211
7.998182845470882
13.43291770586109
0.6714433895348775
7.195425455287693
-7.381751919992321
-7.703385152576723
2.111808461709431
-1.544556821850978
12.13933577775766
7.192268311304771
-0.3216332274898324
9.493560381105075
-0.5654425366574759
-6.237492251097524
8.24152906045574
0.6145251881493524
-7.253778117916156
0.8872541349223654
-8.327106612747933
3.246806101162463
8.46388753013537
6.486649588499255
6.158828330955132
12.19603177963861
7.034486403345133
6.523982066256271
-8.739694260415646
-1.473527200392666
-5.16154537657954
-5.672049713911286
8.078706635183284
0.9589444959326434
13.24025201057738
-9.27269420439
7.891031671998146
-8.508013602844711
35.72544127423726
20.90358836071319
16.96980815247383
-22.16640741424287
-44.94843913486794
-24.45730930294318
-3.289379810386462
-1.183882192796622
-8.638600150598482
7.740176184785359
9.316702021805234
-10.23163869935592
6.932087175238962
-8.286791219776656
-1.453589519178399
5.432433523468602
-5.349220338688341
11.0295559921374
14.82483135230722
5.610470603567514
-9.156595557633265
-2.270572516124939
-5.432168441508794
4.981049543148149
-11.01553419629525
-10.21812639161957
0.7646806013653656
1.944847478374237
4.514047738933274
0.7974078038721337
11.7802147981038
-24.29852163093177
-17.77488963694513
44.39708267162961
35.10214221820991
43.76308448429211
-38.80815264019102
5.327696895675555
26.83556754706051
10.65221357835224
22.65091035629954
-29.74929267233557
-5.287652623050002
-7.45471795932525
-1.073328493385246
-8.95437161163758
10.50058421720079
7.266167059451297
-22.28893737660789
-1.499653651723347
-9.214360749116546
-9.843781806628915
-2.984938081167652
5.599395457622488
6.387292942630532
12.35194648196363
-7.881043119017932
4.60242364901498
11.43562534583222
5.403084560399289
-7.75007688312857
-9.848695891297627
12.16297386816587
-25.0959294336273
-2.288145672487059
6.83320169939286
-14.45111954093885
-6.03254078524981
6.886023042077819
3.724427115234427
-10.24898539595598
0.5567698507977727
10.72814429219848
9.252052650228501
12.23182874759933
9.756967899466988
1.662995532408587
-13.15316144169743
-6.809546623213905
-20.20535362397392
10.41321798371161
5.094429838506023
-8.093972366168455
-5.318788143843143
6.858843726957302
0.1888492984746168
7.225395348260534
11.40586321211197
-6.843115594717314
-9.809452715925111
0.3619217281861692
-8.457510392186981
-4.277042521946449
-3.316424579616679
4.901730509185207
6.055806452119568
12.34314960554662
7.036546054013822
12.1776318698826
-13.18840220378431
-7.031964896666723
4.180467868953342
5.141085814036303
32.09405952438232
36.93644344995805
-41.98022781515123
27.19256046468141
0.1947802294755298
10.80575524709992
3.327770115975075
-12.85558384908559
-11.04394147917832
9.178773030960844
8.945806206365459
-1.079703003351586
9.372231026113381
6.156437305492386
-4.287884953652544
-8.472542153937475
-2.966337124682864
-10.44432225739691
-7.477985131470684
10.17137444166072
-21.046916682483
-2.098619007542594
-22.47260945519344
-7.052192182666778
-3.85948608402533
18.94829767567951
-18.68133899573731
-29.85205547054636
-1.425692773207357
-16.18335396506036
-4.184657195522961
-13.39580699907536
-27.93856298062318
10.02752731803749
-8.978894495908788
-2.922005768714746
-7.869073235729425
8.547837007947646
3.771622436583566
8.547357281875529
-22.01778305920239
-19.17974307905994
-2.69959595309844
-10.74626343985514
-21.57269857377683
-7.627003873350507
1.109821259836828
12.75051693528709
1.434915059769965
-7.9935769888809
0.8514045715163284
6.594043262622015
-6.21833604574232
-1.476091638961047
9.964238471078739
2.979776102227452
11.44033010703071
8.460553975920353
9.742951270460219
6.523631995191203
22.80778376044312
-14.82185291281457
-18.75563312260791
27.63699679170892
2.357731673070915
-0.6339981870260352
-39.0693857763012
-5.989052271985181
-25.2792651186433
-28.27099497910984
30.9428849696656
8.660942267141323
23.06019494453291
-22.28194270644509
-7.882690023363477
-11.17071647441335
-43.06999577446888
-4.901499060877889
28.4263626977751
-31.89927930045128
-41.42711745375438
-9.743882987345732
23.58397876787954
24.46164005129161
42.17500804462603
19.39297633518523
-13.26551422746189
33.32786175982967
15.42041727202186
0.8776612854176511
-14.54275598454812
-22.78203171452762
8.736825133818222
-9.153716590939124
-1.712297490745929
4.518992184572357
8.495569048986434
-2.713151171033893
-32.65849056312217
-23.64471971551943
20.49112982584501
9.013770847224951
44.13584953621373
7.441419095089582
-0.2329668239585802
6.440565427960009
4.634890919053669
12.16290370552853
8.020453453597479
-4.947067466733871
11.46984277520633
-10.09479706938704
0.445084486206172
8.433479639272758
3.449389321584106
-2.392955495497428
7.528012781613938
-8.046667486738945
-4.642700577438199
1.83230485496466
10.53988156242479
-4.984090317830276
3.403966909472978
-7.603019014661161
0.7850382150255275
7.260043654741621
7.743529418131327
-2.298555141002316
-7.603498743158349
8.388057227350107
-0.000479727528548931
6.475005432574894
0.483485764196536
6.556981324230035
-10.10530505504419
10.30576385587337
-9.484683632786291
-5.007309472167672
2.165172429211217
-4.252755378904762
-8.136265360807583
-0.3797338392008422
5.48659153552905
-8.494044332142328
9.245149554761879
6.073495564833447
9.73934691551775
-10.04208455784869
-4.241288956905879
11.64112606760422
3.665851356315763
-9.826502683263559
-1.873719393470054
8.861976257288111
2.703401690086307
8.504197288913787
-7.377276765842527
1.576525835923469
7.952783292433875
2.449225915450262
-8.563768450342934
-2.187510989819681
8.548184666106328
10.9319603847042
4.382747189217686
-3.346687025661826
6.376257457606888
5.217081426628456
10.73569565413669
7.756531520185608
2.383775716623812
-0.3577789687601297
-5.651691991263614
2.285375711301007
8.792263807174837
5.985546505009112
-2.536868641308448
-7.496394022063686
-4.932667537844007
-10.30542334181409
-2.07527199556471
3.665370370102177
4.692215855357531
6.769800774192804
-5.372755803729137
9.624883392944479
8.230151347009457
-6.549213198666693
0.1156343198958185
-8.114517028322796
-1.476126109044806
5.74064236642678
3.895940336491821
1.545841280657117
8.210688802537097
-6.183592937080138
-8.160830881167181
-1.408279859616174
6.995289109911341
6.664847521742399
-7.729434215867535
6.638390921055206
-1.215399695256774
-1.977237944369609
6.752551022094492
-7.947948082996449
-5.20858522153319
11.14629574430977
2.166422939399392
5.597821870790006
-8.965252973554298
-3.000599432149678
-2.677909827415151
5.40296953946106
8.067845053887847
5.964653539989488
6.2873431522054
-7.853790618088882
-5.188915107277002
4.925455920202
5.372066448367185
8.403568970098648
10.74575488219233
6.231289670021766
2.664875512066624
2.739362862701579
-4.514465215007189
10.11437102493774
-7.253828079059534
10.80640709412299
6.151240819704705
-3.277251222058097
3.976576860393236
-7.975274728972789
0.6206214222574372
8.595896181785188
3.758558018822719
5.800795599885272
-10.08067845306364
-5.304943603566542
4.775734848086769
7.937067703968419
-1.844702030128767
3.104430405045226
-3.938670677251308
4.131149858829269
11.27903224733066
-1.534180533244859
-10.84889289666715
5.63830142936436
-8.77130797699907
6.50688809754036
8.069820533507343
-4.832637298004373
-8.383971947035775
-6.821039516865549
0.3268428684477145
-0.2529585463430934
5.637863067667981
12.31974849231312
1.56293243339338
-2.806717299392723
8.131013404238345
7.147882389003486
-2.499860623057856
-8.140591426661716
-5.640730814800555
11.9929055957043
-4.586804891137902
-11.92836716920474
-8.076260144119932
1.884547943188344
8.700241066533728
12.22748790984088
-1.942311454663997
8.995419250249032
-10.46472660215782
-6.890989701464222
-0.4828155810208415
8.204769049604534
10.93773070320665
-8.522415145787582
-0.7906502021061839
5.890821622955855
11.54040295565542
6.545677395935737
3.573736900425196
-5.406135907944359
-4.959525379537265
-8.979872807716335
-5.548473873520467
6.408174120098581
4.637651926632142
0.4466105278591752
-5.57104007882311
-7.34156227359685
3.116544551495269
11.65922257959795
13.28704595793825
10.1861257983213
-4.655166275279404
5.327614076820205
-1.770522193478809
8.687584629023197
-4.85851172152686
3.8521070253964
9.982780352960553
-9.428492044593149
5.159128197847441
-1.347925267072047
1.213944459963533
-6.171577429946495
12.17830605269223
7.362693476194306
-4.823652160045558
8.710618743861364
3.315244957491353
-6.190882387659097
-7.550069426475981
7.20948304963132
2.792870539416225
-30.12958256351496
-5.216516512873214
37.0266047976797
-25.38157283044987
-6.985185740630237
-11.20872022660927
1.775240947033177
-7.305143327084014
8.525024000437185
1.455283371260797
-6.833478412236616
-0.6170138513229153
6.867568961537302
-4.223534490416066
8.760426691557853
0.4716649192976903
-6.60031029377634
-10.02550921338539
6.673532257824025
-2.806723876068511
4.296756464391555
1.282397310209914
7.218785341595416
-2.376775798923404
9.374670933391718
-1.012995337923987
-9.687088614981866
7.025431798447175
5.936388017268849
12.0234645188042
-13.12816059029783
4.715494437951186
-7.385521892738722
10.96436159789717
-6.26049269984228
8.191126312563464
6.087076515255406
7.103480342864423
8.542678026706776
7.336327601892831
5.649581326491819
11.02782717862558
6.681885433473621
-4.994725565944681
5.658678306643645
11.53233044380276
5.37824585741476
-11.52793082100948
-6.396796444507983
25.97810436343839
6.350186250868099
-9.977540909681469
5.742638694332554
-7.069740622389585
6.867667896188022
-1.657455046040141
-10.97598713906042
3.475631870847917
11.88514749498349
-5.466562285262979
5.666449513410315
-10.10854613733196
-0.6288864535625031
7.802964150450419
9.802408625753591
12.36368471077824
4.925754172513227
9.479659688282814
-2.743273526704539
6.21646456536368
-2.842693794195633
-8.088379038770961
-7.071975216365934
7.484582823801845
-9.059158365403412
-4.505252839853912
3.926597806397928
-2.773235283217028
6.504382548331565
-4.81561257957278
5.145195509894738
-8.525122955803456
-3.871655490723319
5.509424864623534
-9.506127344210235
-3.064416844159723
3.894238091001463
10.95062648326742
5.722816949696265
8.409515628903536
9.277617828840553
-30.79031359793148
-13.17783699751536
36.78874932706582
-11.84685098429334
0.8681021978495213
7.309812696013972
-6.218697978457005
2.507173453537644
10.63057951545735
-0.09908939778291116
9.716777016932193
1.121390215359797
-7.018084545886686
-6.783625910667213
4.653467478655205
-3.557985027974327
9.381080368607886
-8.211452524694009
-3.650731957460438
2.69654387949122
6.441710499591312
-1.359187039197628
-10.72966891850398
0.403342867635063
9.129214286357566
6.709434272545595
-0.9138024918315392
11.13301179236322
-6.684536502373151
4.553905534972121
-7.669027710815919
-5.245685244221061
8.431850637248575
2.423342472321914
4.560720574018772
-4.802639241049151
4.650365761619421
8.787233793724418
8.725871424946803
-2.419780007574629
9.709165872970328
9.453005000581754
-13.99734592095629
-9.328236930202081
-1.672455101244388
-8.088060214689921
0.3473443249262171
7.153695077849803
9.179435148334358
-16.34274476200144
33.35027319373255
2.851240732304146
-13.17294564482499
-20.65510545947526
-7.623236757268604
12.12894587866065
1.589399462275284
10.02480400384441
-10.87861113086507
-4.312360697474338
-8.595386793924272
3.303350499901147
9.212636215261046
11.47577349930916
5.048803776951801
16.05920429792607
-2.34923913494407
11.89873728617693
-8.139474757513181
-0.1010476124236155
4.58343079861748
11.2280788324066
8.209015138439213
4.60174192989049
9.270850910539812
11.01040053874394
-7.39804293368269
4.669108985701921
5.909285708659386
-11.99978488535962
-8.285168422406013
0.5409817600532449
15.8910651839444
14.60889000380279
-2.999062413158875
7.677169465463848
1.739549636799178
7.655781834185811
-4.316680217809935
-3.982051557060169
-9.20986109089387
7.315469805019357
7.751549366010099
8.608942052008517
5.916232182399158
3.625584344078005
11.2023381932641
-3.019063698224028
9.423364662410457
10.81598753011654
8.826150181007405
5.286106012974577
-0.2561608734582703
11.9742059489003
-2.10414187293147
8.773888031554421
6.727948949456168
9.960808090228037
10.34293996665814
-10.91720113369477
-1.470147670280896
6.364505706805263
12.90968448918241
-9.289377760684305
2.161633615955892
-5.762130921080129
-1.20635042062377
9.447053459479108
1.627823376944842
10.6534038764545
5.873652140673455
7.834653376422842
1.961001233627335
10.14675473009672
6.56601026448389
-6.154084581509876
-11.21813820630688
-3.032384707670083
9.71459799313125
4.910066404654021
14.5952290456072
6.545178781451581
8.185753497750532
16.12820461180974
-10.74805087367265
9.583025830844949
1.267427153112499
24.41079873745072
3.527246843574115
1.550389911348334
-11.16970492917211
-15.51564665307388
-8.67409329667359
-6.112817237419002
8.038427141355902
0.2344586224392998
2.561276078869973
6.347275843736688
9.030048904968849
4.136868032313239
-3.200317916820138
-5.246256999767233
8.702018344906051
8.867911666957403
12.44242836801888
7.576753850726983
8.435404540592836
8.832090823235827
-8.745132580156792
-5.237980552306697
-1.688744187532017
9.608777174833341
11.61325123668552
6.777497475491183
-19.30071160225793
-4.472938696147161
11.92756000068476
30.04480418639443
9.879747857957165
-9.615548961127942
12.74698269808891
-3.58074446525905
-19.6279181168304
4.748009738425321
-14.74728706900785
4.880631051361781
-12.72009484529783
-7.848155562257361
-5.822415492949641
8.125859849779884
6.21975268288007
-4.893180872893633
12.0682295832516
3.507152027993644
-4.416612510981148
7.056388392274739
-7.923764537851573
12.01547802719933
14.82777290627506
9.685162641173381
2.025740069751003
14.06790824429815
13.9482753433618
-23.05418790720113
-11.32194355908806
17.90457990974737
-6.311905181399527
20.80865738415983
-1.282175181164448
17.44076642612991
-8.213895717457131
1.416580045774641
11.73224434816828
-1.906107166060797
0.1658933214150935
16.74228272617625
-13.63835151379398
29.22652346860973
5.084590094832282
18.72294160809463
-6.357099093146778
-30.49903246463136
11.25537750726664
-24.14193337352991
17.61247660041644
2.90407747428077
18.94346261417976
-16.02418637896758
4.47737417800791
-4.837338193516993
-9.314712373755084
7.172481931994213
2.077584919251731
1.016403822758906
-4.345941739718755
-4.865674514864559
5.810557364487573
1.392622868625883
7.958873305028989
10.67623187841198
9.630475761536994
2.148315940901282
-7.48215981764306
6.566250434790637
-5.22780953370253
11.2975213622226
-20.33265568629184
-18.32818162452268
-4.284661162310226
18.75390693373122
7.715893474013451
32.58369849779697
2.004474062344578
16.04799452385265
1.293472247012549
-4.83575376068178
18.30761782442913
26.04407509883758
-23.79464598754678
-8.182731025568978
14.85583707109204
-7.218256582925674
17.25257355860524
-22.93725330155739
36.73703309477197
16.57638940449862
0.8573926858194649
23.1433715845983
30.64711181225196
16.40049869721622
7.736457275777032
23.03856809617995
-14.75452227645629
-40.07824714747208
-38.17268909830583
44.05253523121081
-14.43251805390194
11.83683543425287
13.82979156435728
29.26543383290417
21.8811960238203
-48.63560031073986
-29.86116325679175
1.905558052980825
24.47083014140806
27.12056256572897
2.64973242434335
19.48445953651129
37.4635546191668
-14.2466131149334
-22.9106545366242
1.957150486262188
15.29607562318676
25.51695213030046
-43.38704691701486
-43.18164922023293
47.50738274831038
-0.2361511427206919
-41.53367905982883
18.1172441856196
29.54268873780407
-24.15926887377523
-31.54350668405443
35.35942395278048
-13.56441160145236
18.20230971100041
41.94248076192282
16.03938514044006
34.81382219495856
18.77443705469944
24.86780502389392
42.24312131051258
11.42544455210442
-20.16505632293661
15.43564226873377
25.23171392383703
23.55980164504585
-18.71949028564052
31.00313088516056
43.15089577923772
1.853367856724609
-20.39140256481674
-7.384237809829935
9.796071654916854
59.51869282610603
17.979095082735
49.72262117151895
-1.671912278975953
6.583056809307535
12.14776489479557
44.05852620770693
32.85241030335062
31.76672131234744
23.74017104766335
-21.00958389797112
-32.21569980153736
28.64472932649046
26.26935348956608
-30.8176767628317
1.647970163834484
32.46564692782639
10.22087650682616
-47.74353389386761
-15.83277258455909
31.13156585594094
31.91076131214433
-19.49529681325937
-22.24477042174133
-11.20611590396119
46.96433844049956
49.654313223975
2.68997478298822
