12.37088620747428
-5.269525511139868
2.265705938366217
-4.001016076622825
-1.310365877288967
11.57599231663637
-10.1304118233819
0.6921457191049336
50.64969599504413
37.383155022903
46.39851142522449
-11.87897223795637
-14.38263961038328
13.14520324715581
-2.382760633873386
24.33705524284264
21.01707622632901
25.33982461557367
-30.09803778985363
-7.034624672718915
-11.69642594506727
-1.941823407202957
10.4241389645405
7.671883824927529
10.09710631621679
-10.20223538301363
-8.367624433278243
-1.805774475228272
9.850711414337963
15.66735560139746
3.111307729930603
-6.504706078461304
8.792613807998684
11.24112958838981
-10.55958445766624
-11.12552910749799
-3.038320574388595
-2.309334869299531
8.00366391288793
10.45582700385194
10.29287561129938
-6.874741819731877
2.628369767280044
-4.42622601300807
7.748596434303775
-10.31078189902337
-16.71031799461606
-4.840290775889422
8.604003188756788
3.054726666467353
9.219168618811063
15.40806141876034
7.402305439185523
-3.319979016552722
5.792047594202145
-8.005756015396924
-9.616013824558136
5.681306094234428
5.359752545013663
-10.72228446688917
-6.39953608869423
13.36550855998738
-1.13466021097631
10.73536700641922
11.40694336631318
2.661993886548475
-19.63600136828558
-25.62528064548769
4.322748389345823
11.87002721801154
-24.49062043590467
-32.37444928896588
-7.664505846314477
2.37362596073262
10.4045068906834
-2.544279144107781
8.00758398523169
13.4442939666088
0.6715763605704783
7.20139885066872
-7.38912015538903
-7.710673716824986
2.113991482422481
-1.546231766613846
12.15212327450345
7.199844217945867
-0.3215535487977086
9.503111637109512
-0.5659446479956327
-6.2428951179022
8.250249588299987
0.6151654359290259
-7.26195062322195
0.8882765963911023
-8.336427340218087
3.250508239130989
8.473499129125571
6.493928390043475
6.164441951174554
12.20677296039768
7.040077207216434
6.529822490883561
-8.744949478670668
-1.474614125132598
-5.166695754051041
-5.676950469710456
8.087208538140505
0.9596645189554442
13.25390429021816
-9.279959004634906
7.899029799389591
-8.514691330056587
35.7280053922314
20.90561642761868
16.9685176992817
-22.16911633043113
-44.95405145216496
-24.4606360744912
-3.293072817168571
-1.185169376465196
-8.647947313521168
7.748911682340567
9.327289474665919
-10.23962352108868
6.939365278763955
-8.29339675317552
-1.455148915942603
5.438015570843405
-5.354874492194534
11.04198449244286
14.84139527573737
5.616691336655112
-9.166124090348367
-2.272959605431928
-5.43803976004401
4.986555361692428
-11.02175275882649
-10.22394208810092
0.7652676753402214
1.946226764899752
4.516685084416163
0.7978106687368933
11.78702043549468
-24.30373513888113
-17.78131016733519
44.39944415694615
35.10344002987625
43.76549064699545
-38.81042712925441
5.328894856888146
26.84275640003212
10.65520763123793
22.65707376259333
-29.7535307222962
-5.289305161089006
-7.462777941213917
-1.074476713391888
-8.964127651000343
10.51245885698727
7.270335351824127
-22.297995253027
-1.501349707947837
-9.224703940213256
-9.854839908050309
-2.988221102824635
5.605651802573444
6.394298080062881
12.36559334297125
-7.889650940214833
4.605596949506791
11.44384477846213
5.406000414946451
-7.752280371133226
-9.854178048923718
12.17016884903008
-25.10154580584619
-2.289606152251573
6.838247834219121
-14.45977500097911
-6.03784436247237
6.893164485851302
3.728084328593559
-10.25600559741777
0.5580091422630309
10.73942450599456
9.261572816518344
12.24443277911544
9.765928688739562
1.6640151073145
-13.15828078193707
-6.813124111510828
-20.21327231224102
10.42459511992016
5.099729895434044
-8.101913579574481
-5.324865221062123
6.866618808249119
0.1892202257339615
7.23377495263619
11.41905170335523
-6.850031584778703
-9.8193228306557
0.3620925388150623
-8.467146018392635
-4.281869250777874
-3.320216737317616
4.90715262653768
6.062302462816338
12.35615525299457
7.044554736999793
12.19148402637272
-13.20164347315782
-7.039251818438367
4.185276764126775
5.14692928436726
32.09747167257531
36.94024955802199
-41.98491878575404
27.19539978302438
0.1947383798205608
10.81401474044785
3.329457795651569
-12.85809096446643
-11.05695915303906
9.18902187584791
8.956326029789381
-1.081271790055619
9.382519187610507
6.162391650322371
-4.291456555499395
-8.477139215413596
-2.969291253802969
-10.45384820222484
-7.484556945563256
10.18141536427625
-21.05323771302188
-2.101897675241849
-22.47908345399576
-7.054991531500339
-3.860599611836536
18.95134003912185
-18.6829885735315
-29.85498802704083
-1.425845742044329
-16.18754876011775
-4.185682648676523
-13.40014819731875
-27.94637892671372
10.03813179630096
-8.989038805068013
-2.925767914877839
-7.878046973348754
8.558849007201228
3.776123057805589
8.558110148553393
-22.03940721423118
-19.19580147267893
-2.696129736935608
-10.75142333023148
-21.59272437341886
-7.635084154282652
1.110991830901015
12.76516186770764
1.437312007543826
-8.004094393800084
0.8523121597569094
6.604200125564628
-6.22742447597967
-1.477851682382286
9.975687351481863
2.98285997417372
11.4535390267701
8.470678983750899
9.75460253786375
6.522424973346483
22.81193965229856
-14.82238896314526
-18.75948769445241
27.64051712845053
2.358604458750303
-0.6339535091843416
-39.07054930084579
-5.98927927647361
-25.28191266930124
-28.27447063865336
30.94724197123287
8.662050619732536
23.06341311780819
-22.28519136075122
-7.883828849220986
-11.171999452313
-43.0747327569842
-4.90207189243054
28.4291422863174
-31.90273330586756
-41.4291537699617
-9.74484977992975
23.58636439090374
24.46422556594379
42.17965716557367
19.39472207051751
-13.26654096985842
33.33121418162738
15.42409192115941
0.8778611797762165
-14.5462307364766
-22.7849351071974
8.746075986331199
-9.16276745012556
-1.713764816434966
4.523778787615177
8.503878564064971
-2.715855361552756
-32.66126304151385
-23.64590663599462
20.49341536320463
9.015356404604931
44.13932198693036
7.44900262205966
-0.2326958438259037
6.44691210648822
4.639590941550473
12.17482241442361
8.030880933957176
-4.952279057514319
11.4846169188602
-10.10518026910769
0.4466828426000504
8.444378142613797
3.453735984876551
-2.396922902527711
7.535231461189758
-8.055293593266423
-4.647220705013745
1.834610949734932
10.55186312804748
-4.990642157829589
3.408072888705482
-7.612981684565588
0.7857333674667105
7.267565039765485
7.75116600359341
-2.302190270144429
-7.613720548974714
8.398715046744865
-0.0007388622459517766
6.481831655201377
0.4836009657136076
6.561849976667912
-10.11417698243684
10.32200752682668
-9.495564721634244
-5.013799159648912
2.170546586774052
-4.257169121831032
-8.145670561956665
-0.3803910629029608
5.493097761454036
-8.503504109626842
9.254913909784472
6.078249022494233
9.750266886020672
-10.05335627086262
-4.246334995893216
11.65648590524565
3.672017877346622
-9.838468115569732
-1.876180859995594
8.872067186568179
2.70721237679809
8.514233646687254
-7.386305011002265
1.578377789064245
7.962287262381529
2.452163099791025
-8.573765704237301
-2.189856220586442
8.558391838113733
10.94443651350001
4.387552652849363
-3.350774825022793
6.383909476578464
5.222990883525327
10.74824805492185
7.765279496002523
2.386044670659813
-0.357833541604046
-5.658758499390341
2.287690128427261
8.803246320178079
5.993343419100193
-2.539662426313874
-7.5056896711193
-4.937939195646602
-10.31717402028863
-2.077955088694051
3.669412302999529
4.697365773013582
6.777098864524674
-5.379234824462871
9.63530496932656
8.239218932132262
-6.556883867472714
0.1153773285052104
-8.123841605752341
-1.478180673384425
5.747367392231066
3.900436221595611
1.547864106234463
8.220125309209655
-6.190463376953685
-8.17003412100645
-1.41009258655722
7.002805711775382
6.672261202799678
-7.738327479697632
6.645660935059112
-1.217319601603831
-1.979570745245361
6.759941535930866
-7.957806184401653
-5.215843245837133
11.16124785155563
2.169220845291928
5.60545287333214
-8.974943418940658
-3.00364815237217
-2.681090644070444
5.409250151012428
8.076625281237915
5.971295262723784
6.293852787697771
-7.8629805393538
-5.195605417609314
4.931421621669014
5.378616901004398
8.412898299619981
10.75771592729739
6.237543591591833
2.667375124007874
2.741962942597214
-4.520172341831437
10.12702703448635
-7.262135289638091
10.82129612418944
6.159370852123973
-3.282035530882701
3.9800997672751
-7.984468069718883
0.6186122608020835
8.603080402750631
3.761816148127997
5.807021272429276
-10.09351738171813
-5.311530282483345
4.781987095581925
7.946448631255466
-1.846931170103786
3.107686562351099
-3.94302680765956
4.137208078116546
11.2936474369272
-1.538492059480459
-10.86152196877909
5.64585383218001
-8.781788877388026
6.51555619512439
8.080234879717665
-4.838762066003473
-8.39405925010241
-6.829380579591103
0.3270587708574086
-0.2536968853596765
5.641140899038282
12.32693788193783
1.564678678534451
-2.809902894641931
8.140362372732348
7.156439359658072
-2.503667369056376
-8.151460940052194
-5.647793597107113
11.99987904379538
-4.591675020680179
-11.94086770275654
-8.084112808529174
1.886572648646793
8.707588268848818
12.23765156914788
-1.944972810123418
9.005292458669695
-10.47797865621388
-6.899174164099527
-0.483102738328037
8.213705625827199
10.95026526575752
-8.533005843055111
-0.7915868384393759
5.894837806021162
11.54931446324449
6.551079279800343
3.578804489487228
-5.413222521988248
-4.966027241923483
-8.992027010908407
-5.555794979088327
6.41607142417775
4.644163369091255
0.4471952785899273
-5.577284611988301
-7.349192669837731
3.11952375064374
11.6697929223886
13.29926328987334
10.19995834477785
-4.66192527474931
5.335401795689799
-1.771908054566609
8.696808359348912
-4.86455654982388
3.856754894782184
9.997327073122884
-9.441406390792038
5.166888106574378
-1.350203979219892
1.216605034243619
-6.180642964530425
12.19248044773322
7.37110745988734
-4.830438978002314
8.721311438775222
3.317443088460317
-6.195590948885705
-7.555960957457892
7.214480173952851
2.795117962453796
-30.13299332249754
-5.217064673120529
37.02890888332217
-25.38460712928583
-6.992964940620937
-11.21973394027979
1.776669929480009
-7.311566280872514
8.537805284113617
1.458068617720125
-6.840377753833891
-0.6192382614495708
6.876477905722381
-4.226769009477755
8.769634881760396
0.4711885381448587
-6.60500614446035
-10.03759782773203
6.679607963806389
-2.809561413630302
4.301370850819118
1.283923591372613
7.228036423396198
-2.378237125163754
9.391396724583586
-1.014535640026306
-9.718929694440208
7.040873558020599
5.944112798540675
12.03892979238994
-13.14913598749048
4.722831874270103
-7.397248006082147
10.97587542550992
-6.269424590058914
8.200556578297485
6.094817025746845
7.110932269873399
8.550269167694299
7.34266612832235
5.654476641767919
11.03567331588888
6.685797003892565
-4.998235199739109
5.663217289386795
11.54035204705866
5.381196686203438
-11.53757727271758
-6.400292816099831
25.9838063968381
6.351672545730195
-9.986341018813148
5.751887973608141
-7.079736649561253
6.879711410961563
-1.661327395548249
-10.99225646737276
3.477724695962065
11.89400898860442
-5.470679140836643
5.670781697801888
-10.10307266235353
-0.6298137739117771
7.814308096693278
9.806146017589574
12.37895003489655
4.921540380423801
9.473258898991343
-2.752255154835718
6.221139503490145
-2.843736825975011
-8.092309924545848
-7.076194691375357
7.495716193118721
-9.064876344548516
-4.513157805472218
3.930964163936046
-2.775318842727014
6.509682476475424
-4.821372993071641
5.149312469112872
-8.54103883845597
-3.879608936017295
5.521577351406689
-9.513034036665937
-3.066679373899935
3.897037083908018
10.95806247533766
5.726578936550339
8.416284303116452
9.285001314159892
-30.79857295060762
-13.18204739041362
36.78957514835405
-11.84814238965833
0.8687170068431684
7.315071665499165
-6.223227284028277
2.509060892799502
10.63633193560447
-0.1017905711689167
9.722805581475326
1.123703150895728
-7.032926955342594
-6.798082479457392
4.661429934384731
-3.564752054029053
9.401186317602487
-8.226182030583811
-3.661540075238681
2.704894463999258
6.446354661847152
-1.360370009734065
-10.73812251897484
0.4033382912612838
9.135626438586479
6.714190687062792
-0.9135263377978103
11.14146082413957
-6.696291883511875
4.551718562646014
-7.673795561402003
-5.248573098479586
8.444121948891315
2.4252224760668
4.564641970286205
-4.806010769508122
4.65338411066725
8.793258310649428
8.732288161228961
-2.421435737421818
9.715538193398038
9.459394875625248
-14.00557191846905
-9.333756808638308
-1.673466369286493
-8.093001188714114
0.3477619576126125
7.158537608393199
9.18592660737154
-16.35520520401588
33.35318463576442
2.850143395181357
-13.17970459526676
-20.66889351253411
-7.627717008704612
12.13697392711407
1.590497516247781
10.03126066674689
-10.8838465973985
-4.313688308518854
-8.599102412171954
3.305643765130753
9.218214515989889
11.48178299615195
5.051342833117544
16.06781742902649
-2.350523166562535
11.90474615889481
-8.156630096957363
-0.101220877565118
4.586034432875165
11.23462555030339
8.213776305090869
4.604100900767663
9.27591598589575
11.01647463842777
-7.401866051628587
4.671815097479548
5.912570735098975
-12.00596700434438
-8.290505019697351
0.5414989657040039
15.90284487066867
14.61982832697569
-3.001170948241745
7.682261953278331
1.740558673189753
7.660290451128779
-4.319746714970583
-3.98464647920168
-9.216130018917765
7.320377961339649
7.756930920076426
8.614799454386464
5.919731741391985
3.627741882375837
11.20906581559011
-3.020849255373032
9.429291360673284
10.82255754235371
8.832003982264508
5.289334079507277
-0.2561433198259991
11.98257335928229
-2.105713256660884
8.780114184695806
6.732451391177459
9.970685464555762
10.35107892057196
-10.92546609156881
-1.471616603197754
6.368685998256724
12.91834789847534
-9.29599573719244
2.163049182739897
-5.765932445274846
-1.207603028344497
9.453849479312352
1.629470363434651
10.66145249902528
5.877134765783672
7.840302599720005
1.963167829360859
10.15621674576657
6.570168542085302
-6.159155349006467
-11.22663759980617
-3.033588678717349
9.718376696055611
4.91317224085437
14.60045834467047
6.549661897914603
8.193048918842024
16.13980984241401
-10.75529871686281
9.590147945828827
1.268118228270074
24.42402124406447
3.530063300643793
1.551236253929133
-11.1780876242157
-15.52796388584223
-8.704394101193538
-6.131590145549702
8.055409210110886
0.2348444459111086
2.572804002423176
6.36643455417888
9.036257504994794
4.139874200653678
-3.20245917365535
-5.250121968611553
8.70829568530978
8.874218461705521
12.45014063363006
7.581323936739283
8.440763148413163
8.838164649986762
-8.750978034521172
-5.241358611965176
-1.689952644479385
9.615071795853765
11.62064493155063
6.78205833515863
-19.30454112196858
-4.470667824531784
11.92929018298527
30.04872592123878
9.881183439321205
-9.617255017780101
12.75196536830164
-3.586048202846265
-19.63213386126925
4.74838620592216
-14.7500522237867
4.882081645849488
-12.7293238895272
-7.853989022187538
-5.826600025488858
8.131817623822403
6.224340341966169
-4.896383304130913
12.07667763442946
3.509619421452258
-4.419362212159451
7.061025390697264
-7.928981630722048
12.02341694634138
14.83387329774872
9.687286104347864
2.027388997333311
14.07832936236107
13.95841765080377
-23.05632608748703
-11.32058080907374
17.910985580392
-6.312272898752745
20.81989699415798
-1.283016545944843
17.44726228661122
-8.220582915137829
1.417414288239131
11.73574527807519
-1.907477280063831
0.16592277536121
16.74405318858066
-13.6432225570052
29.2315663889804
5.087056278945917
18.73027883453761
-6.358531144005174
-30.50304124829996
11.25799441617859
-24.14451010914815
17.61652556019444
2.908911413375131
18.95043056223622
-16.02984799470434
4.481765602650193
-4.841264326851866
-9.323029934325724
7.184345819041898
2.079733091451146
1.016115233261367
-4.349876299212744
-4.868816690920592
5.814616212755288
1.393266183805649
7.963424479700091
10.683432901291
9.637997199226241
2.148808267748404
-7.489188924372693
6.57015829214629
-5.231483539251824
11.30502444043742
-20.33648199876801
-18.33090886318964
-4.285287322926592
18.7601453017833
7.723511440279743
32.59144384596781
2.005573136130763
16.051194675724
1.294421493024138
-4.838586595667233
18.31731642120887
26.05442030375134
-23.79890283873571
-8.18426112276175
14.86117150260266
-7.220772425160492
17.26026244237114
-22.94103430471679
36.74836867730977
16.57813041319167
0.8578685338781888
23.15590301615123
30.64801683071441
16.39995800790946
7.737103883886993
23.04543262486233
-14.75677318244785
-40.07521038490115
-38.17057725709642
44.0602786623082
-14.43148490727847
11.83885229481521
13.83129854449127
29.27001205749834
21.88719717484041
-48.6377175365206
-29.86456394165877
1.904633136788206
24.4810348671475
27.13216989327479
2.651135026184182
19.48810623525842
37.46580777271168
-14.2480588226846
-22.91091294698957
1.957019457770085
15.29784337158065
25.51930980058624
-43.38693841835801
-43.18160782008868
47.51309438288358
-0.2361991331710252
-41.53374782860215
18.11943573785403
29.54590219390947
-24.1611239065772
-31.54393879055088
35.35773537619577
-13.56623725325835
18.20295983138615
41.94205219649803
16.04151915014733
34.81467274658735
18.77315359657812
24.86793240578358
42.24597355633526
11.42646645597427
-20.16754246887554
15.43871351317983
25.23522554521712
23.56229034384029
-18.71977489494859
31.00257235401074
43.15073929676431
1.853190588678807
-20.39271009691861
-7.382814883426216
9.796512031865097
59.5188592822248
17.9777015374954
49.72234725067697
-1.672935201554107
6.584316820355026
12.14816694447173
44.06165868346215
32.85465403626031
31.76919708445837
23.73909235746501
-21.01442173292542
-32.221426378304
28.65238711930393
26.27033720539015
-30.8195071107361
1.647859999646584
32.4673671130422
10.22146642869641
-47.74929352267327
-15.8358017921216
31.14035685844624
31.91349173716955
-19.49843844340531
-22.24590068601313
-11.20700464629018
46.97615865056761
49.66680885106562
2.690650199333812
