12.35489408549472
-5.263545733075097
2.26268454343398
-4.000583832044916
-1.310798121866867
11.56893545578809
-10.12275457419272
0.6916237078387599
50.64374116944111
37.37851842920859
46.39186649147578
-11.87106874486669
-14.37006907047639
13.13328131076409
-2.379020237070655
24.33334057137358
21.01668391378325
25.33217190196988
-30.09233501896486
-7.033020471136752
-11.68049166035144
-1.940436283583583
10.39730917482142
7.656358695021848
10.07927541745298
-10.19200281088479
-8.360271399415593
-1.804496499740975
9.832752373067686
15.64990839056292
3.106972698489314
-6.498688871527773
8.783613591840028
11.22873705091531
-10.54544318357742
-11.11075876993092
-3.034162827486712
-2.306081156776401
7.992295308896066
10.44078896773073
10.2798436248322
-6.866294805852203
2.624897058477404
-4.42117133964808
7.738786237047651
-10.3010620132622
-16.6950794016535
-4.835366279085571
8.594730984007597
3.051657308299478
9.209095557372127
15.39058228611539
7.392848711052304
-3.31665665762941
5.784920711698966
-7.997733584781606
-9.605661574416596
5.676640897750317
5.35498573583224
-10.70950537171112
-6.394017386521035
13.35271932022309
-1.133035321230775
10.7266778013617
11.39808164225559
2.659686289218074
-19.62688699156348
-25.61585329442354
4.315487988219197
11.85971312255985
-24.48281797365269
-32.36519237327938
-7.654946567029682
2.369944340706263
10.38777157649258
-2.541057378962712
7.995819455811029
13.43009726324947
0.6714038410960742
7.193942241173752
-7.379923987778602
-7.70157915247488
2.111267890593371
-1.544140903466722
12.13615879395829
7.190385603670991
-0.3216551615275458
9.491191877803356
-0.5653155862604533
-6.236155022231641
8.239362027474531
0.6143645747373178
-7.25174805872096
0.8870065022133017
-8.324792370447318
3.245878662038612
8.461495817534709
6.484842174028301
6.157438249049227
12.19337783524916
7.033107063219281
6.522538400508373
-8.738395352968361
-1.473265418870783
-5.160270772165904
-5.670839435356084
8.07659594325162
0.9587642263533723
13.23686671443227
-9.270911408739293
7.889047867438313
-8.506372481553873
35.72456837427313
20.90296309214519
16.97004081439277
-22.16562500641615
-44.94683615740224
-24.4563536839604
-3.28846138978282
-1.183560857079819
-8.636280237413613
7.737996749905196
9.314065860926775
-10.22967563451734
6.930283640472769
-8.285166927183285
-1.453210886313917
5.431049073858265
-5.347818846780958
11.02645813768364
14.8207288695158
5.608929996145983
-9.154239600902756
-2.269979641684406
-5.430719645739692
4.979685764367106
-11.01397995210209
-10.21668610318535
0.7645389267653164
1.944508706590146
4.513388945429768
0.7972938484155125
11.7785188790849
-24.29720117364882
-17.77318433374411
44.39631105408525
35.10167215596167
43.76230795428132
-38.80743467533431
5.327388512557601
26.833750479402
10.65145482588646
22.64934827576974
-29.74810544373362
-5.287223372340099
-7.452719381183283
-1.073044310831264
-8.951953947999638
10.49762671977283
7.265129933817289
-22.28657327976414
-1.499234566547636
-9.211798873555439
-9.841043103502216
-2.984121816667575
5.597835674615673
6.385553016808617
12.34854641456151
-7.878909637462821
4.601636848326693
11.43359288656196
5.402362654078252
-7.749521325006871
-9.847346086733014
12.16119480849431
-25.09449502103955
-2.287788126265259
6.831956040125118
-14.44898293519551
-6.031230232519413
6.884259959695428
3.723519954481658
-10.24722776689072
0.5564667669644421
10.72534638295556
9.249688902130007
12.2286961003472
9.754750186317507
1.662740035937239
-13.15188397784464
-6.808657128017983
-20.20336414081097
10.41040540938267
5.093115727836637
-8.092010149734683
-5.317289680708967
6.856921287938941
0.1887626889732484
7.223332844386218
11.40261815476517
-6.841399937230875
-9.807006067317952
0.3618735506114188
-8.455128617786276
-4.275843303694079
-3.315487809713476
4.900388719984924
6.05418702932463
12.33991412316334
7.03457015814503
12.17421096824425
-13.18512587692548
-7.030162628543292
4.179285313363738
5.139640809074603
32.09304835643443
36.93529409221502
-41.9788812457683
27.19171659980423
0.1947959431257568
10.803694534094
3.327342468545106
-12.85495318260554
-11.04074460112689
9.176232023836416
8.943229744064382
-1.079320804794438
9.369674835176324
6.154963247463506
-4.286994952858182
-8.471397162710861
-2.965606132426525
-10.44195819904535
-7.476352065787329
10.16887961617857
-21.04532123496792
-2.097824761590061
-22.47096478777105
-7.051480163151033
-3.85921041968178
18.94749647396328
-18.68081570027951
-29.85115138196182
-1.425643553153799
-16.18229565115032
-4.184402206742504
-13.39470701154893
-27.9365716489347
10.02489090478552
-8.976368076887825
-2.921065832711695
-7.866839023213466
8.545097412799402
3.77050204347835
8.544690893721649
-22.01181631664908
-19.17519691000403
-2.699739074049016
-10.74436239327721
-21.56714902928603
-7.624997453561231
1.109529053454444
12.74687012264068
1.434324576738542
-7.990999257645577
0.8511840900804335
6.591523277497456
-6.216091994405044
-1.475657478857757
9.961423793305034
2.979007201358816
11.43708127019486
8.458074050153721
9.740055376767303
6.524016840957301
22.80670689422982
-14.82160528161169
-18.75452756055723
27.63601635470146
2.357471952618674
-0.634003099608538
-39.06892254176254
-5.988966302689652
-25.27854440219104
-28.27001945452094
30.94168894776407
8.660635798981989
23.05931454800105
-22.28105315134278
-7.882374398614926
-11.17033568149091
-43.06858809822181
-4.901331757372763
28.42550782901834
-31.89825241692246
-41.42639449723924
-9.743577493749447
23.58326209035848
24.46088207270321
42.17367718889335
19.39246604513914
-13.26522273962737
33.3268395871335
15.41948462432725
0.877619983653915
-14.54186463934433
-22.78121114704157
8.734526507516231
-9.151468028525024
-1.711942622382366
4.517812443494315
8.493548440253353
-2.71248673089212
-32.65768878507257
-23.64434072195892
20.49048246950273
9.013348062872948
44.13482318812672
7.439525402701292
-0.2330022795349347
6.438981303171103
4.63372728512488
12.15995756787352
8.017827237136755
-4.945773190394643
11.46616324450486
-10.09220954206031
0.4446672878871519
8.430834516769654
3.44833600734367
-2.391952119805766
7.526230279628987
-8.044623319213416
-4.641646810327932
1.831731411468855
10.53687683435298
-4.982498509580267
3.402976508985937
-7.600600211214535
0.7848748089391649
7.258253035434292
7.74169394239363
-2.297676531741022
-7.601006731864504
8.385475018571274
-0.0004065199876919786
6.47337822189703
0.4834409074905551
6.555774904844854
-10.10302429936355
10.30200456204707
-9.481870349903692
-5.005648796236046
2.163952921893984
-4.251660044849503
-8.133992216217896
-0.3795805298375743
5.484994702158541
-8.491744106162443
9.242758657327396
6.072334000411731
9.736654747690416
-10.0393704732459
-4.240084063865989
11.63724887704097
3.664320750840421
-9.823541502526833
-1.873116221517048
8.859509512998386
2.70247121680093
8.501757624805908
-7.375047839553003
1.576069110478044
7.950425282585327
2.448493661720111
-8.561284807257501
-2.186928632752074
8.545697105142892
10.92890208488815
4.381559448599663
-3.345667654392956
6.374356172650911
5.215617154205508
10.73262573661978
7.75441168536027
2.383204978480937
-0.3577518882472401
-5.649917389809436
2.284775054100111
8.789534975456599
5.983608194029427
-2.536150100084835
-7.494032388770413
-4.931392428474638
-10.30259913601066
-2.074609584983491
3.664381327442837
4.690946758713406
6.767989716765065
-5.371206707300781
9.622339186720845
8.227989551818863
-6.547342638527383
0.1156569977560652
-8.112332555018829
-1.475648168369428
5.738990913217876
3.894875915011522
1.545343818782199
8.20834345742148
-6.181883286429966
-8.158536931740301
-1.40782619377461
6.993399179012861
6.662999638522058
-7.727227103763012
6.636684388173902
-1.214944280632211
-1.976653645363778
6.750710738266959
-7.945590020507093
-5.206822845558917
11.14259636740374
2.165772752556546
5.595926940503399
-8.962838891763088
-2.999845492350706
-2.677111803156473
5.401379881748576
8.065688468266915
5.962993398622905
6.285727092940623
-7.8516286703303
-5.187320086151339
4.924042690913796
5.370524085372764
8.401225373170259
10.74280027202101
6.229755062411845
2.66430858515377
2.738767175440869
-4.513045211604449
10.11136277506468
-7.251812387388021
10.80274978700356
6.149247435091939
-3.276076395397352
3.975735994055715
-7.97292813775076
0.6211539494593754
8.594082107162375
3.75776395472824
5.799286408692583
-10.07751905431373
-5.303330200959739
4.774188852517898
7.934692444813557
-1.84411499855817
3.103608390282262
-3.937542760720658
4.129707385042268
11.27552304002035
-1.533130042934379
-10.8456697752932
5.636471714994174
-8.768626816109652
6.504759922597138
8.067250144065936
-4.831084054136257
-8.381490038113974
-6.818999820346499
0.3268158327704755
-0.2527948366777524
5.637010426952736
12.31786470254896
1.562490219771434
-2.805926779578831
8.128695203837161
7.145815655405237
-2.499000324570987
-8.138051640152611
-5.639051322973417
11.99104885159237
-4.58559619763574
-11.92526421645766
-8.074319955359073
1.884041306792925
8.698407694662382
12.22495074026499
-1.941652963555372
8.992969021081128
-10.46141125893562
-6.888951323717603
-0.482733689551603
8.20253705408974
10.93462198328637
-8.519758294030229
-0.7904319673885127
5.889805269329958
11.53815141240096
6.544317615700215
3.572459935534265
-5.404363682389706
-4.957882287869142
-8.976823617218868
-5.546669426647609
6.406217634118454
4.636015741296196
0.4464813942366716
-5.569466122621339
-7.339668016346669
3.115804620996919
11.65659189814944
13.28400389254481
10.18268516648326
-4.653502352264837
5.32567221377816
-1.770201892952834
8.685270742845521
-4.857012952517865
3.850944261339835
9.979174566395995
-9.425323832025171
5.157198697447911
-1.347345341635239
1.213264422036256
-6.169321215445764
12.17478912269463
7.360611868987764
-4.821975872170929
8.707957211479689
3.314701435516273
-6.189709886486304
-7.548602734235716
7.208231648442647
2.792306698438935
-30.12850386796089
-5.216335244485237
37.02575566110174
-25.3806106076805
-6.983300913219294
-11.20603517567344
1.774907265134593
-7.303626101886612
8.521858174108381
1.454582082556898
-6.831808760416271
-0.616420686581709
6.865375122498832
-4.222734265532005
8.7582081802478
0.4718173442227386
-6.599128840912806
-10.02255055143652
6.671983586684884
-2.806017362583828
4.295589018179474
1.281981336773524
7.216533191851879
-2.376394572303148
9.370519263168045
-1.012608063976549
-9.678985399906681
7.02156368497558
5.934551845909047
12.01971172004009
-13.12292483056221
4.713654404079555
-7.382585639121404
10.96152470403931
-6.258277060132995
8.188792140595126
6.085159883212656
7.101606382398352
8.540787276439952
7.334749585341128
5.64834613923377
11.02580307058328
6.680854281310088
-4.993833800344678
5.65753336768132
11.53024932683983
5.377456934891798
-11.52532264670023
-6.395604245006584
25.97631043938085
6.349700164688556
-9.975083859334651
5.740339189429066
-7.067276087355891
6.864647774119004
-1.656483056170452
-10.97193146498858
3.475137733839611
11.88299424590959
-5.465566107032494
5.665394051447248
-10.11016523255423
-0.6286529501761676
7.8001146393676
9.801513319087679
12.35985966949723
4.92696741515379
9.481512285334684
-2.740950483900406
6.215388076586634
-2.842391489819727
-8.087392682568176
-7.070946187049845
7.481795816171034
-9.057779569905648
-4.503234692747544
3.925532924597022
-2.772732561917548
6.503076854913574
-4.814177256253341
5.144184007327268
-8.521130839099381
-3.869689102115224
5.506365365137877
-9.504411320997848
-3.063850733295463
3.893530211902957
10.94874125733616
5.721869554973108
8.407856515381663
9.27580941472071
-30.78768839122809
-13.17643425672832
36.78803242915441
-11.84633630684097
0.8679528977940822
7.308513484185497
-6.217600192278612
2.506707165655969
10.62922199643852
-0.09838729752414052
9.715335157906889
1.120804866170939
-7.014370419733306
-6.780020567346638
4.651441745793814
-3.556262898444746
9.376054476127596
-8.207704656025426
-3.647959621536105
2.694421222040389
6.440560587363306
-1.35889284793464
-10.72760929746861
0.4033508525173973
9.12765820132098
6.708280535565773
-0.9138868342847657
11.13096015425258
-6.681633263002509
4.554544882949933
-7.667917906862965
-5.245001192373261
8.428767611261968
2.422916718330603
4.559745039102817
-4.801806317557336
4.649616301060801
8.785720288054627
8.724307353070223
-2.419377661527405
9.707592334946263
9.451422617163743
-13.99535544565676
-9.326902849093095
-1.672213523875342
-8.086856402021692
0.3472374173724564
7.152476172975555
9.1777924988194
-16.33928409040461
33.34949500068867
2.851516832405732
-13.17106997274388
-20.65131061827822
-7.622167365045499
12.12696999505827
1.58912705623242
10.02322087700339
-10.87731174791204
-4.312026527874119
-8.594530286822275
3.302795368536616
9.211294418192859
11.47433209446075
5.048196282518773
16.05713241971484
-2.348955578192002
11.89732565044485
-8.135175283569611
-0.1010035290997651
4.582800325254659
11.22648422142278
8.20785785254118
4.601177282230341
9.269629872414642
11.00893614865092
-7.39715187479853
4.668452593374115
5.908499045270371
-11.99832917111624
-8.283842468875896
0.5408472302310428
15.88803685379282
14.60608090170404
-2.998529816053038
7.675877583701467
1.739306281753123
7.654689328777462
-4.315882869831911
-3.981374659506189
-9.208246361962685
7.314121359863601
7.750150600748432
8.607382233108433
5.915383037539417
3.62505753003601
11.20069569169616
-3.018626371631425
9.421906755454597
10.81437828199413
8.824689698083468
5.2853126554489
-0.2561697185975517
11.97206890844694
-2.103749116639028
8.772297760158811
6.726805964012537
9.958361263928685
10.3409094334646
-10.91512063641255
-1.469791149727447
6.363407952944356
12.90743061246812
-9.287708645354288
2.161281198212729
-5.761165602259739
-1.206037688662232
9.445329484059826
1.627411993683206
10.65136717034765
5.87271596149845
7.833199102281831
1.960483139287265
10.14427879038336
6.564799175750737
-6.152792388848753
-11.215705111283
-3.031909458661226
9.713394954541929
4.909092300409254
14.59356711385179
6.544022658949754
8.183795652082651
16.12479741231027
-10.74614941452774
9.580774753632333
1.267240498724301
24.40657580734776
3.526543045849632
1.550238787384773
-11.16735277364826
-15.51230154911044
-8.666377348599912
-6.108031014798486
8.034171752134865
0.2343498440254275
2.558346346470875
6.342380848189843
9.028467478579945
4.136103987086568
-3.199771147865627
-5.245262944711285
8.700399103529845
8.866262322581486
12.4405331318674
7.575638162695425
8.434093820082756
8.830555081169749
-8.743637315884508
-5.237115465660141
-1.688426269648035
9.607069750133686
11.61119289045742
6.776274448355128
-19.29951035402662
-4.47370930072853
11.92701696117724
30.04357122234106
9.879295852083706
-9.615035540457479
12.74530441144936
-3.579479614401582
-19.62661027744713
4.747893263765802
-14.74643812113808
4.880172158616952
-12.71759156412514
-7.846655737194184
-5.821339412245395
8.124322634732058
6.218577935285415
-4.892363491845319
12.06603347002441
3.506521850685933
-4.41592495079378
7.055211045630207
-7.922446800806025
12.01338991346366
14.82580105342465
9.684474813583119
2.025316325343179
14.0652336718833
13.94566204739037
-23.05313520984349
-11.32196449818606
17.9032614749214
-6.311659244718558
20.806126989096
-1.28195595279822
17.43891250524735
-8.212159269381292
1.416325698068855
11.73117071181311
-1.905744698850656
0.1658632185168945
16.74147596563468
-13.63691541040668
29.22522597294791
5.083953048445021
18.72086845854473
-6.356705247245235
-30.49797817033438
11.25454888725369
-24.14127292441807
17.61125413450008
2.902865514108854
18.94135208473927
-16.02258680637175
4.476221565105807
-4.836318172386005
-9.312539739019583
7.169601738029459
2.077042958617649
1.016446495893132
-4.344948785721746
-4.864894967648045
5.809512432472705
1.392471527151953
7.957756749181597
10.67440739954879
9.628484966381274
2.148244316955718
-7.480240647480054
6.565285220961686
-5.226871702409865
11.29549601957593
-20.33150870622744
-18.32738556597776
-4.284450466949757
18.75235318496306
7.713330234722786
32.5810086212173
2.004123140831012
16.04705823914576
1.29326087328004
-4.83491844164402
18.30441686767311
26.04071580100701
-23.79332796661668
-8.182298969207151
14.85450468331621
-7.217715219765177
17.25073719121311
-22.93609633419385
36.73436623258699
16.57561274679541
0.8572316322454907
23.1393353088587
30.64686324854581
16.400726262288
7.736298934708739
23.03680365204768
-14.75379736544825
-40.07859597235986
-38.17281115910698
44.05029121852646
-14.43264697836949
11.83625617166257
13.82865543654184
29.2636254297033
21.87986154941298
-48.63436873559827
-29.85990895277402
1.905784815749143
24.46845241092195
27.11778623393472
2.649333823026466
19.48362904172458
37.46228017699218
-14.24613698616008
-22.91056431398303
1.957114071622396
15.29551881403546
25.51616634060086
-43.38674867432695
-43.18134093612307
47.505599020894
-0.2361366633693757
-41.53335296003425
18.11655426115263
29.54165579988963
-24.15863751716507
-31.54240139861992
35.35941723617187
-13.56375026337838
18.20194350692806
41.94210769194592
16.03848657098215
34.81294635412
18.77445978332968
24.86767838660873
42.24209090556378
11.42510153865723
-20.16427536668027
15.43496999335199
25.23072352438998
23.55905226998181
-18.71926285425071
31.00303836768371
43.15061201420964
1.85339571398821
-20.39093410899103
-7.383763881030669
9.795753530847927
59.51805475291226
17.97865113535652
49.72230122239736
-1.671671254594962
6.582690455967926
12.14757364698946
44.05740498353571
32.85159360986767
31.76569377022171
23.74016418287785
-21.00822367671338
-32.21403504985488
28.64263937952072
26.26890315096252
-30.81698936981202
1.647987978312998
32.46497734890291
10.22064752628341
-47.74173568613568
-15.83190435195909
31.12917299346908
31.90983133604803
-19.49433138872273
-22.24432982312425
-11.20581137340478
46.96107734542767
49.65086305592018
2.689785710178005
