12.36600743912715
-5.2676886145679
2.264786036896911
-4.000892238182488
-1.310489715729298
11.57383394128431
-10.12803431206156
0.691984626298415
50.64798570815815
37.38182042416193
46.3965936816842
-11.87666481306391
-14.37889223665949
13.14153418437434
-2.381628352122731
24.33594485528175
21.0169680889579
25.33753079024318
-30.09635298118844
-7.034152118463677
-11.69167503712318
-1.941499129477008
10.41595181196982
7.667029361679898
10.09151062570518
-10.19917674539071
-8.365430152966921
-1.805395825734625
9.84529176592768
15.66203355848733
3.109986564954655
-6.502889181916983
8.789868192368628
11.23735405487817
-10.55527001986693
-11.12102393225457
-3.037055649322466
-2.308341830582747
8.00020329770452
10.45125025879818
10.2888880587671
-6.872165386705285
2.627309775616713
-4.424679503609573
7.745593012072784
-10.30782568743931
-16.70567126840832
-4.838785631645192
8.601176924310616
3.053796249527346
9.216100414005531
15.40275540941345
7.399431493122589
-3.318976766363007
5.789879649894345
-8.003323944310154
-9.612875759519078
5.679881640061508
5.358297988805681
-10.71840826821202
-6.397845575572005
13.36162193270846
-1.134183053021355
10.73270258281576
11.40423150218151
2.661286131289514
-19.63326065936873
-25.62246363126787
4.32056270136629
11.86688563625933
-24.48828057936061
-32.37168290923041
-7.661578284961125
2.372510927383272
10.39945026236372
-2.543295021004524
8.004017274164651
13.43996255737954
0.6715289199002289
7.199125354924222
-7.386315577242421
-7.707899237898283
2.113159624884409
-1.54559507493491
12.14724882543076
7.196955946662261
-0.3215836508486029
9.499475201463497
-0.5657539110715013
-6.240837203878638
8.246928189437524
0.6149234942231491
-7.258843729645905
0.8878877034804195
-8.33288249838901
3.249099447946982
8.469845916946648
6.491161442579125
6.162304163651988
12.2026797278713
7.037948560478706
6.527596435704158
-8.742945370104517
-1.474198437363953
-5.164731168044081
-5.675083292487241
8.083968286701925
0.9593886539241551
13.24869945306902
-9.277188170293641
7.895980328994243
-8.512146996075616
35.72704785056843
20.90487052741715
16.96899401986825
-22.16811076284488
-44.95196759712417
-24.45939451314913
-3.291668157764769
-1.184678939702523
-8.644387285905207
7.745590798827434
9.323264229198434
-10.23657682229249
6.936591673717243
-8.290876587100737
-1.454551926365752
5.435888587410953
-5.352719124970013
11.03725895103847
14.83509217052884
5.614321966711633
-9.162491219912996
-2.272050707730253
-5.435800602875058
4.984460705098837
-11.0193833923427
-10.2217064707193
0.7650411746262687
1.945700232857391
4.51567763708037
0.7976769200796612
11.78442456796476
-24.30173610521289
-17.77886915093657
44.39857011279921
35.10295949510672
43.76459551536093
-38.80959617464342
5.328456355461121
26.8400061372649
10.65406172947407
22.65471765438256
-29.75192056507945
-5.288675775456801
-7.459708349372943
-1.074038765948129
-8.960411437049896
10.50794317353563
7.268746931455428
-22.29454678908753
-1.500703086306354
-9.220770204664186
-9.850631460736162
-2.986972252990032
5.603273746190306
6.391637192566002
12.3604109245867
-7.886372673018256
4.604385227129765
11.44070988127532
5.404882302299252
-7.75140873029762
-9.852068802568565
12.16740670041035
-25.09941302374423
-2.289047331196584
6.836324658400181
-14.45645403152531
-6.035827578256161
6.890440512979838
3.726690615635809
-10.25330240743139
0.5575451499153489
10.73515181150052
9.257969510353746
12.23966400453464
9.762518192057257
1.663629243260399
-13.1562910293223
-6.811738684845524
-20.2102358693672
10.42026130648528
5.097712817479533
-8.09888894730735
-5.322548486356076
6.863659210197802
0.1890752085154823
7.23058092039645
11.41402978646471
-6.84740443268466
-9.815575132317045
0.362031533870144
-8.463478798775157
-4.28002991975903
-3.318776830592355
4.905088679750445
6.059832628716967
12.35120756392478
7.041505719773816
12.18620769437495
-13.19660176329734
-7.036479647455052
4.18344887635648
5.14470197078805
32.09621434206232
36.93885215596087
-41.9831905567522
27.194353876621
0.1947537012475211
10.81084755795571
3.328816732273851
-12.85712766872866
-11.05199824363061
9.18511859853075
8.952314857018253
-1.080670602873889
9.378609449375833
6.1601221124862
-4.29007942484697
-8.475367925342315
-2.968170705887565
-10.45020153443036
-7.482030826290704
10.17760666202293
-21.05082805495299
-2.100660070443842
-22.47660070206502
-7.053944840938593
-3.860197704737627
18.95016798562473
-18.6823750253864
-29.85389566550514
-1.425772647967076
-16.18594440100224
-4.185288491688858
-13.39849718175841
-27.94339343221112
10.03408920392861
-8.985179927578463
-2.924340721560356
-7.874633601736715
8.554669774379855
3.774412153359054
8.554024292335168
-22.03159064919691
-19.19006678698954
-2.697861788713009
-10.74984724740602
-21.58549977146835
-7.632004696799477
1.110546325201145
12.75959208500593
1.436407970663123
-8.000109515042277
0.85196853745592
6.600363286065312
-6.223993125262931
-1.477182295587094
9.971327631792292
2.981694503235263
11.44850992181963
8.466815364737011
9.750175907645639
6.522866955853103
22.81036569147652
-14.82217732196848
-18.75805383195566
27.63919555324522
2.358274763934257
-0.6339745968426933
-39.07011375796032
-5.989202971337498
-25.28092078906383
-28.27317015086451
30.94560319341366
8.661636022284215
23.06220086324851
-22.28396717837967
-7.883402326875357
-11.17152063922295
-43.07298128941355
-4.901860467681801
28.42812301852684
-31.9014606510864
-41.42838853001243
-9.744498283197162
23.58548519678143
24.46324479333406
42.17794425799887
19.39408744458085
-13.26616528221548
33.32998348844885
15.42265586010251
0.8777596002634961
-14.54489625600262
-22.78385682291087
8.742551022953084
-9.159320382619242
-1.713201492488456
4.521960882746721
8.500709076682689
-2.714826385878047
-32.66025272768526
-23.64547946766848
20.49257307265497
9.014773259303805
44.13805253072688
7.446118880952495
-0.2328037398847475
6.444494010955546
4.637797820281633
12.17027248999219
8.026939338192511
-4.950292879472504
11.47901049338304
-10.10122140222986
0.4460908791379193
8.440219539712976
3.452071155164762
-2.395432985888224
7.532474660587829
-8.051985458668009
-4.645478377357882
1.83374659242335
10.5473122941384
-4.988148384658989
3.406507081657703
-7.609184286175784
0.7854711844702724
7.264696167960867
7.748267794622989
-2.300806344936647
-7.609829772730635
8.394655466465476
-0.000645484838903517
6.479224970128696
0.4835716281430398
6.560034341824997
-10.11070083200256
10.3158465917135
-9.491372996192634
-5.011298752160643
2.168510227177683
-4.255508979619393
-8.142103936971173
-0.3801412434800149
5.49065582887163
-8.499920167182383
9.251223532388304
6.076462722709365
9.746164810590903
-10.04907413728864
-4.244411193985958
11.65068760392207
3.669702098612067
-9.833918814619819
-1.87524377364462
8.868242902192387
2.705763738591372
8.510426677939078
-7.382871842750167
1.5776734279221
7.958675046219505
2.451046968145568
-8.569970441592087
-2.188968815332386
8.554517870032889
10.93970586184507
4.385731856454163
-3.349223980940366
6.381001620746379
5.220746464077749
10.74348668232858
7.761962691063614
2.385187988113163
-0.3578162254664684
-5.656066967792278
2.286812525648768
8.799040941010578
5.990365454135784
-2.538605928032126
-7.502165936423657
-4.935940053322098
-10.31271475601592
-2.076945849770974
3.667869931317592
4.695424719784498
6.774325498996562
-5.376774702474093
9.631364773405688
8.235768906886145
-6.553974010855165
0.1154827459944148
-8.120286162689242
-1.477401776014744
5.744815781729533
3.898716814147265
1.547096845262391
8.216553607745521
-6.187858996533532
-8.166543474928892
-1.409406301298534
6.999961518012134
6.669456762313551
-7.734955838908532
6.642884389038083
-1.216592093336919
-1.97868447924404
6.75713717476193
-7.954054099898348
-5.213093802836518
11.15557384256279
2.168153066411554
5.602560711837406
-8.971263302971966
-3.002489567882325
-2.679888380068598
5.406878255376324
8.073290902514387
5.968773732152683
6.291374933198047
-7.859476484738248
-5.193063844278983
4.92914332988054
5.37611859500746
8.409367820333419
10.75317928416703
6.235162365462213
2.666412642360358
2.74096030006884
-4.518016923597289
10.12220717023507
-7.258977227443811
10.81565451851203
6.156288424255964
-3.280229047357417
3.978748186694234
-7.98098553805329
0.6193278358093717
8.600313430426851
3.760567703218004
5.804662941325247
-10.08863557646379
-5.309023430606683
4.779612143044597
7.942879496100002
-1.846098967344215
3.106455568575173
-3.94135084030863
4.134882026924774
11.28806255923902
-1.536855503861279
-10.85667554803557
5.642953589180701
-8.777774768630708
6.512228418086508
8.076232862494022
-4.836423925353099
-8.390218867283043
-6.826214433831997
0.3269660920574403
-0.2534090584473703
5.639903205671267
12.3242300817807
1.564004439667734
-2.808675481822104
8.136809815165739
7.15318053302256
-2.502227420929063
-8.147336364535384
-5.645108964119277
11.99726393713024
-4.58981716662975
-11.93608925904192
-8.081101040551868
1.88580219112216
8.704783460533402
12.23377367267014
-1.943963181526538
9.001522116849911
-10.47293456458825
-6.896049054069982
-0.4829925460823613
8.210301921450915
10.94548529582629
-8.528971380511782
-0.7912201994511737
5.893312280991187
11.54592735846767
6.549026241113107
3.576885508790255
-5.410535271867726
-4.963560006152211
-8.987420780081292
-5.553013131290281
6.413056506879182
4.641695865218106
0.4469752645673342
-5.5749114391763
-7.34627208307977
3.118383027311593
11.66575569423913
13.29460062747804
10.19470899371819
-4.659366096286774
5.332454480882632
-1.771360641354761
8.693294463938901
-4.862254513328665
3.854988218960245
9.991820579200008
-9.436517477560811
5.163955306337337
-1.349346142584368
1.215609944422978
-6.177211430147328
12.18707784248683
7.367896584933089
-4.827865281902041
8.71724272751444
3.316598543203833
-6.193793994414017
-7.553709970499808
7.212568974048615
2.794261510390376
-30.13173683355141
-5.216861746254945
37.02806184992146
-25.38348153618549
-6.990005375198169
-11.21553547419309
1.776116398538299
-7.309093477223866
8.532990004746157
1.457028318353434
-6.837735062218213
-0.618422579704237
6.873112726222831
-4.225530106782567
8.766121782495269
0.4713584236134512
-6.60320856379837
-10.03298546620635
6.677297761476765
-2.808480249720624
4.299619321905851
1.283360572064667
7.224505223897284
-2.377678449228266
9.385025554695138
-1.01396225235948
-9.707083560263658
7.035026446680172
5.941144625617155
12.03300980919968
-13.14121614107717
4.720058482433118
-7.392821380231099
10.97146790754137
-6.266037168972454
8.196958943609463
6.091865208653016
7.108099575916361
8.54737266386854
7.340246448314505
5.652615065483998
11.03269375263103
6.6843268925443
-4.996901129878647
5.661489855109953
11.53728701420462
5.3800786966789
-11.53392841468867
-6.398918808700666
25.98164519868987
6.35109775215274
-9.983014032959092
5.748394754727855
-7.0759616733108
6.875178982746807
-1.659877291937624
-10.98609565381017
3.476900454732452
11.89056837834975
-5.469081969665032
5.669100684259705
-10.10495700387989
-0.6294753149338299
7.810010962976212
9.80466602956049
12.3731759535313
4.923001015220925
9.475481697241809
-2.748922462175131
6.219312491121433
-2.843359095964868
-8.090801352533617
-7.074566994111325
7.491535326257396
-9.062671598693152
-4.510190900145195
3.92929545533943
-2.774508960346634
6.507637948844654
-4.819181261956616
5.147721973660097
-8.535056299791908
-3.876600434619658
5.517013703788973
-9.510392536838991
-3.065816629410917
3.895970429426858
10.95522054750284
5.725137879762371
8.41366793194938
9.282146905024019
-30.79515199684775
-13.18026545029671
36.78924286362535
-11.84760520150672
0.8684789696652804
7.313054873813033
-6.221467688689858
2.508335872557972
10.63406211269984
-0.1007858642167282
9.720444595406599
1.122825126760192
-7.027319476000101
-6.79261374100474
4.658455890279545
-3.562239890447009
9.39361416228869
-8.220695813940511
-3.657530810134221
2.701786328686215
6.444575906679846
-1.359915976952029
-10.73484798650442
0.4033346449808285
9.133138182819115
6.712343605439864
-0.9136175045890526
11.13818264250453
-6.691827857328176
4.552480716823299
-7.671923498135218
-5.247442256348386
8.439486339301913
2.424481252140376
4.563165015752531
-4.804718998722621
4.652223722943663
8.790954509246998
8.729803548857834
-2.420794566227633
9.713088105209957
9.456942718038249
-14.00237366931424
-9.331610142021212
-1.673070376041031
-8.091087666862283
0.3476055229300931
7.156689858918509
9.183455495255457
-16.35054847233471
33.35232385907244
2.850563263132482
-13.17717732043689
-20.66373210419855
-7.625961097273017
12.13388266841276
1.590075962035158
10.02876915517358
-10.88184931488157
-4.313183631864448
-8.597619454285871
3.304751033046878
9.216037052099782
11.47943454698018
5.050348051352366
16.06445623849608
-2.349999108014445
11.90237047297195
-8.15014459557435
-0.1011558799449049
4.585021691516506
11.232088090309
8.211929252476519
4.60317908726583
9.273942595335029
11.01410822037213
-7.400347199995195
4.670763517681261
5.911286006691491
-12.00352632788899
-8.288455669543328
0.5413045715008694
15.89835999669982
14.61566703540334
-3.00036683506214
7.680315874441735
1.740165641167059
7.658539775297155
-4.318577658302331
-3.983655877125554
-9.21373854554415
7.318510695704921
7.754876930094671
8.612565688565015
5.918374105675005
3.626907568904308
11.20646294247472
-3.020158845777143
9.427004359429457
10.82001893825548
8.829760238540825
5.288088840908448
-0.2561453888582347
11.97938790350793
-2.105113510213803
8.777746284988154
6.730736460531876
9.966903237383937
10.34797148159205
-10.92232246638194
-1.471057666940552
6.367084596181688
12.91502774012367
-9.29347754333817
2.162504383923446
-5.764487337828136
-1.207126207085985
9.451264792304391
1.62884493018034
10.65839099262733
5.87579716548175
7.838142261789793
1.962345092653571
10.15259702823835
6.568501803210427
-6.157208308293492
-11.22334206006584
-3.033090120742454
9.716926450231217
4.911943381016446
14.59845279494798
6.547943142155528
8.190251937587337
16.13528544249621
-10.75252335707186
9.587342301353717
1.267843756969778
24.41886721932114
3.528990212452007
1.550914381752633
-11.17479571961001
-15.52316254025081
-8.693121344497953
-6.124611468719342
8.048988708443119
0.234705711451633
2.568509912372093
6.359317150766526
9.033891674125833
4.138730786799161
-3.201641617740931
-5.248651443413423
8.705899484681503
8.87181297083605
12.4471632189622
7.579555376350345
8.438693191465614
8.835849972404887
-8.748742583415847
-5.240058321166401
-1.689492466071368
9.612674106736302
11.61782642999651
6.780308794498954
-19.30314194310678
-4.4716170258243
11.92864412784966
30.04726372848156
9.880643918389531
-9.616632528876151
12.7500165659137
-3.584095224373582
-19.63054745448293
4.748255307316912
-14.74902111846608
4.881526342571252
-12.72571011026547
-7.851768449778536
-5.825002815307517
8.129548109178414
6.222594016445113
-4.895160887284998
12.07345458779792
3.50868426161405
-4.418307464360226
7.059250117622351
-7.926991723748409
12.02036711495193
14.8315249175391
9.686509414346412
2.026765635033853
14.07436246478903
13.95455092565545
-23.0555077654669
-11.32108351386006
17.90882519914964
-6.312134643531058
20.81585681371102
-1.282692963086842
17.44485666388432
-8.218044120467122
1.417116074155531
11.7344242514163
-1.906954091298954
0.1659134852695964
16.74337312198025
-13.64137834184392
29.2299087126218
5.086171287747427
18.72754962850912
-6.358023181533525
-30.50176060196235
11.25686336501009
-24.14373742422799
17.6148865465514
2.907031614267991
18.94754679634773
-16.02774058691752
4.480074275971059
-4.839745783772584
-9.319820063625635
7.179809036190308
2.07890077930852
1.016234358642265
-4.348366850057251
-4.867607837971914
5.813074873151816
1.393014580498615
7.96168026902769
10.68068270928147
9.635160191394377
2.14860539651278
-7.486554789321688
6.568665685582917
-5.230082668079639
11.30216657281925
-20.3350547676886
-18.32990244453346
-4.285030055351695
18.75791461969986
7.720465100456043
32.58851131777274
2.00515232371612
16.05002471221515
1.294054992854673
-4.837517634852367
18.31350582846486
26.05036754527872
-23.79738073040148
-8.183722253540639
14.85922242215236
-7.21992109352133
17.25745172686358
-22.9396919721163
36.7442027072922
16.57745963659474
0.8576887581334904
23.15102346267197
30.64779039839647
16.40026115406336
7.73686171816735
23.0429446751988
-14.75596971905904
-40.07647618957996
-38.17146574532897
44.05744445419115
-14.43189999226167
11.83811358309647
13.83059669837394
29.26808510774856
21.88498028527565
-48.63684806396811
-29.86333401564158
1.905010451293865
24.47737282009884
27.1279914575331
2.650618637478092
19.48675098075785
37.46464787000205
-14.24752924421951
-22.91092868038643
1.957117536013543
15.29717764526653
25.51842487651233
-43.38702312082794
-43.18166110195142
47.51102517150916
-0.2361799014341603
-41.53375966111513
18.11861960034856
29.54470688914514
-24.16037935031088
-31.54348417405442
35.35847506108842
-13.56558728493085
18.20275718688144
41.94232295194799
16.04051518308569
34.81402923261187
18.77351404968038
24.8680462174178
42.24492359609418
11.42608728871578
-20.16661979988125
15.43748840955269
25.23385631399652
23.56130734151672
-18.71967810301473
31.00280840258674
43.15084322848018
1.853263458866904
-20.39222707600953
-7.383104823232885
9.796367904266356
59.518854410888
17.97789688930018
49.72248650694367
-1.672548972659857
6.583847890954493
12.14803482723608
44.06055103013253
32.8538614771492
31.76834447165651
23.73956575906701
-21.01264132801725
-32.21933087956521
28.64955413274192
26.27001357794679
-30.81883631551899
1.647901447220568
32.46673776483613
10.22124723094467
-47.74720507814175
-15.83468888186816
31.13710405461872
31.91251620147125
-19.49727643652455
-22.2454905352111
-11.20668955226559
46.97179293648659
49.66219545984963
2.690402522453153
