12.35373494826491
-5.263093846173664
2.262467922774155
-4.00053781578581
-1.310844138125965
11.56831448247143
-10.12214616126937
0.6915790078487692
50.6433968995722
37.37824566560975
46.3914610713129
-11.86959780825953
-14.36828656592853
13.12982198041789
-2.378491264791101
24.33305492581055
21.01665237507435
25.3316289906997
-30.09186841650346
-7.032870182520334
-11.67931354310051
-1.94030524743848
10.39538514474216
7.655307759473946
10.0780719224713
-10.19138803206529
-8.359829246403576
-1.804434129072873
9.831667942772674
15.64862231570497
3.106653957093584
-6.498263712040571
8.782952362904741
11.22782644080938
-10.5444162128651
-11.10968732333634
-3.03386180516163
-2.305845652870925
7.99147047352705
10.43969933216149
10.27888437223866
-6.865669958573713
2.624641207856604
-4.420795874896046
7.738060759291401
-10.30034833530804
-16.69394670776651
-4.835001659545449
8.594047886185335
3.051436548241813
9.208355134146144
15.38932097988455
7.392172430914458
-3.316402550775275
5.78440330718263
-7.997148556842639
-9.604917672702115
5.676298409379205
5.354636326053719
-10.7085749841437
-6.39359837094436
13.3517848825057
-1.132927737242721
10.72601731109882
11.39740982455905
2.65951682656795
-19.62620977718631
-25.61515592171594
4.314976615652983
11.85894504826302
-24.48222818486719
-32.36449917335744
-7.654243164942403
2.369684457828559
10.38660374471142
-2.540823605825746
7.994983768889338
13.429049545759
0.6713925136289559
7.193392541102221
-7.37924380137712
-7.700905886811388
2.111067376498848
-1.543987300825169
12.13499499564769
7.189697409001417
-0.3216620829350532
9.490311177317212
-0.565271110501821
-6.235657004684573
8.238570560720451
0.6143072490155201
-7.251011287012053
0.8869121683820345
-8.323953422349071
3.24553591868169
8.46061228809635
6.48417432519101
6.156918585961726
12.19238592077066
7.032584202401245
6.522000027878596
-8.73789299799437
-1.473157539775102
-5.159801718453184
-5.670385893537501
8.075825518682976
0.9586944825372826
13.23562723622042
-9.270223668608523
7.888319824312111
-8.505741741764194
35.72459526724899
20.90285670035683
16.97023665613995
-22.16545370016202
-44.94649427082762
-24.456155707788
-3.288128287401408
-1.183444400861899
-8.635435699600084
7.737203993960789
9.313102802678301
-10.22891815070652
6.929625341237103
-8.284539851083725
-1.453069485274332
5.43054168875561
-5.347307411583228
11.02533227971599
14.81923678006279
5.608371188747865
-9.153372802068189
-2.269761628927979
-5.430191583887126
4.979188240162053
-11.01340314664398
-10.21613492960749
0.7644819263407601
1.944378299039157
4.513149615204441
0.7972682166403458
11.77788507312378
-24.29646770482789
-17.7725769870463
44.39624666116619
35.10170244878211
43.7622320778414
-38.80734913227879
5.327276126435057
26.83300607773397
10.65114731620265
22.64871208015568
-29.74774013430825
-5.287053431636426
-7.451991299353293
-1.072942134633671
-8.95107495191824
10.49654720501683
7.264735458040266
-22.2857266027926
-1.499083652407652
-9.210865591434162
-9.840048538561414
-2.983819365773662
5.597262159176839
6.384914848081941
12.34730849628417
-7.878132817415093
4.601330922849617
11.43280128642354
5.402071128139004
-7.749294309758147
-9.846817441415416
12.1605132275555
-25.09373592049621
-2.2876351361868
6.831470365225418
-14.44814836423038
-6.03073015839625
6.88361117358524
3.723181217572106
-10.24655503029064
0.5563524605577012
10.72429341805883
9.248792913340198
12.2275205918995
9.753911375400753
1.662642038112562
-13.15136543686174
-6.808307181121492
-20.20256680634595
10.40937982340186
5.092629863535198
-8.091269336727475
-5.31674995921219
6.856229173755706
0.1887308879397139
7.222588821472628
11.40144253765726
-6.840756964860422
-9.806084892402813
0.3618560667681417
-8.454261417637266
-4.275407698669134
-3.315140222224102
4.899911035536344
6.05359399636739
12.33874960090909
7.033857935745168
12.17297913274287
-13.18389919970169
-7.029487854744564
4.178853718433675
5.139121196253751
32.09283658380318
36.93506897780372
-41.97860137069896
27.19154387516093
0.1947900685385545
10.80290749104986
3.327168862762455
-12.8546898968498
-11.03958646846011
9.175318734476736
8.942306294296918
-1.07918452637361
9.368734215341888
6.154411344283965
-4.286655215492405
-8.470949218142865
-2.965327929487104
-10.44106655866397
-7.47573862848853
10.16794095766336
-21.04464849096099
-2.097523131691642
-22.47030533993413
-7.051201369597472
-3.858975423485226
18.94712535980135
-18.68071398894508
-29.85097787120943
-1.425656849272943
-16.1818587596119
-4.1842940001144
-13.39425962413355
-27.93576551246095
10.02392762037183
-8.975449893073151
-2.920730908957841
-7.866028495697615
8.544121455018008
3.770095088252294
8.543725604951536
-22.01038752648048
-19.17422720695616
-2.70064154614527
-10.74438922916742
-21.56584718161239
-7.624263312452547
1.109421397198368
12.74554498341913
1.434121923367104
-7.99012470000989
0.8511140676564517
6.590666112243867
-6.215324848427687
-1.475500503112617
9.960401939656977
2.978727681104744
11.43590244116345
8.457174744922522
9.739008295661487
6.523890718781387
22.806100783818
-14.82173856644302
-18.75435861172766
27.63567115673257
2.357421825749338
-0.6340145831697206
-39.06897053492701
-5.988946144398644
-25.27824933112727
-28.26968574005628
30.94126922273133
8.660529629583658
23.05899823412071
-22.28073959523553
-7.882270987678394
-11.17026388214394
-43.06831040023066
-4.901292709233807
28.42532102206835
-31.89804651820728
-41.42639236300472
-9.743525103727572
23.58308862568919
24.46068670373949
42.17339143923681
19.39235087442931
-13.26515123347567
33.32661373189357
15.41910397011755
0.8775980791174232
-14.54150588992383
-22.78104056746938
8.733684710106305
-9.150655796896196
-1.711817228860842
4.517391702791071
8.492842753949171
-2.712244196199735
-32.65750210815234
-23.64428670176884
20.49033855984463
9.013215406190442
44.13462525890972
7.438838565171596
-0.2330124400810027
6.438411605359746
4.633294853088795
12.15885662706554
8.016919288045626
-4.945297586693137
11.46485236312596
-10.09126702549035
0.4445403453030581
8.429837977822892
3.447933075056009
-2.391619975090792
7.525561771462416
-8.043747683008419
-4.641158140502419
1.831558785661364
10.53580737435561
-4.981904902925566
3.402589542581485
-7.599693289308386
0.7848011575093646
7.257518087462279
7.740970202026444
-2.29736659760835
-7.600089140650471
8.384494445497577
-0.0003958507864534597
6.472716926239059
0.483452114999549
6.555395121551858
-10.10243829212754
10.30048823917068
-9.481147793205917
-5.005230509370215
2.163383364777825
-4.251317493477076
-8.133180440971755
-0.3795093724293538
5.484457251655332
-8.490934098937652
9.241990300276058
6.071943009001949
9.735774745677112
-10.0383367988829
-4.239616607627385
11.63610207526761
3.663831739519355
-9.822446873268737
-1.872895134277642
8.858608900464173
2.702135053695991
8.500855243832493
-7.374218011164991
1.575898808366204
7.949551740196344
2.448228861099365
-8.560369529766664
-2.186716596099866
8.544787441398944
10.92780171481536
4.381133620374769
-3.345293162405976
6.373652932181547
5.215076368490538
10.73150403640291
7.753671067660393
2.383014272399519
-0.3577536565722926
-5.649364169961733
2.284590578900043
8.788640364337201
5.982962487380129
-2.535921393505976
-7.493274840096992
-4.930977499075895
-10.30163429507661
-2.07437075614996
3.664075156752601
4.690522173920457
6.767413071435803
-5.370656795769429
9.621499672458581
8.2272635397269
-6.546668096351177
0.1156817198928835
-8.111581820700309
-1.475470996997615
5.738445913702677
3.894535244278304
1.545160482482952
8.207510300746391
-6.181266302294381
-8.157704266778319
-1.407657931369148
6.992740225337461
6.662349818154346
-7.726426783475057
6.636110825137431
-1.214770077489434
-1.976437964458073
6.75004633562595
-7.944796115045468
-5.206216928088963
11.14135971015163
2.165548590558373
5.59529800555226
-8.961978183001145
-2.999584533283384
-2.676822582975905
5.400813624465425
8.064928020308011
5.962393649146404
6.285155603756362
-7.850880904061297
-5.186766510111109
4.923578199125718
5.370006242973973
8.400398157023355
10.74175060377887
6.229208928824373
2.664114394825336
2.738579187186541
-4.51254167665692
10.11034470742062
-7.251120863833214
10.8015149342802
6.148576804008264
-3.275669816521845
3.975451048913213
-7.972270345168343
0.6212904989211208
8.593560860358844
3.75753304817171
5.79872019069615
-10.07635306310792
-5.302722543678595
4.773630518793023
7.93395474959422
-1.84391066982844
3.103337915642412
-3.937211942082806
4.129192830662321
11.27425547371604
-1.532774558117277
-10.84471967566467
5.635839348379174
-8.767828776907702
6.504049786531042
8.066404771351099
-4.830616833740914
-8.380606484337683
-6.818251502493043
0.3268111391608806
-0.2527813030628183
5.636484292596682
12.3166064697373
1.562354983425656
-2.805677875428898
8.127825183277045
7.145062643455639
-2.498688756792776
-8.137104874392369
-5.638416123668762
11.98979531585716
-4.585076185439379
-11.92403135333674
-8.073543171989344
1.883830138650288
8.697635857445347
12.22388033736312
-1.941407383810017
8.992095676092228
-10.46029126598923
-6.88826163371573
-0.4827141968424656
8.201692602318904
10.93350305867773
-8.518883880954824
-0.7904030737996262
5.889265600230381
11.53693466219254
6.543608259528561
3.572029632791174
-5.403781489752867
-4.957353445911671
-8.975811121817792
-5.546061704255086
6.405547436926695
4.635449380153567
0.4464280436519805
-5.568857108584197
-7.338955166116551
3.115549690650052
11.65546543021969
13.28271204312432
10.18151108307376
-4.652938130444183
5.325014753672524
-1.770098056942943
8.684406798644611
-4.856496329136657
3.850488181563384
9.977952884288726
-9.424246621612822
5.156544186159531
-1.347138392097736
1.213020761662187
-6.168547094072381
12.17346909584735
7.359846115509397
-4.821408700753127
8.706984508557337
3.314463286592495
-6.18923796820202
-7.547986097308785
7.207676120259415
2.792064100594529
-30.12762298576062
-5.216165868343674
37.02505239032913
-25.37976689302323
-6.982637530838563
-11.20508695396023
1.774799852778793
-7.303100508888605
8.52077580067375
1.454336879217281
-6.831229464398668
-0.6162210633323914
6.864625609014539
-4.222449425728035
8.757437384813796
0.4718710466520717
-6.598698384820461
-10.02149082286782
6.67142404875044
-2.80576324455463
4.295175095474352
1.281833558983325
7.215727580867719
-2.376248956486275
9.369012746499042
-1.012478793857498
-9.676151885870482
7.020240307154804
5.933894014435793
12.01837718538421
-13.12111990471273
4.712993463410216
-7.381567856955858
10.96044833694087
-6.257509759046751
8.187916656702994
6.084483178416852
7.100938341396702
8.539915739094976
7.334011335024358
5.647669058949664
11.02442503396137
6.680122181770977
-4.993326405409895
5.656983310626226
11.52881030439048
5.376755977949371
-11.52501910372927
-6.393563107536056
25.97407182032694
6.348944013343983
-9.974365578244301
5.739552046172295
-7.066438918164478
6.863610148640438
-1.656150195321016
-10.97050322305859
3.47492319099419
11.88205670002962
-5.465190428300812
5.664942221636469
-10.11078386810258
-0.6285704711144801
7.799110071840166
9.801237264499271
12.35853566774465
4.927437212594768
9.482213399401974
-2.740077388586816
6.215008403228087
-2.842274141214971
-8.087024592764111
-7.070569432909864
7.480846678096346
-9.05728254712839
-4.502506354325053
3.925174211410964
-2.77253167891488
6.502498458130804
-4.813622982702855
5.143750329111138
-8.519760351107237
-3.868996199333309
5.505312800666824
-9.503701253767616
-3.063618797508007
3.893212832683693
10.947905728066
5.721457196389652
8.407133511840879
9.275030135143256
-30.78563222768544
-13.17555348448415
36.78673186961873
-11.84581228086569
0.8678966219463696
7.307979077095745
-6.217114476533466
2.506501002985643
10.6286234143967
-0.09815727119690672
9.714711499393815
1.120605036999883
-7.013102639805031
-6.778780473970424
4.65076415891943
-3.555672472264416
9.374309007342983
-8.206436640776225
-3.647011041390753
2.69368581749876
6.440082455962613
-1.358748129224504
-10.72678068848979
0.4033519543572631
9.126967426184756
6.707756992893694
-0.9139119116052398
11.13013264643337
-6.680623197241616
4.55477619733121
-7.667514607665259
-5.244750451171616
8.42768056066717
2.42276415967906
4.559425603235329
-4.801478073296583
4.649291571501585
8.785075993655346
8.723615475413849
-2.419210429762064
9.706934389800185
9.450769643564032
-13.99446651368164
-9.32630266918431
-1.672095170114105
-8.086331291815743
0.3472061025996157
7.152021992628788
9.177168131923109
-16.33729938275461
33.3476092618731
2.851497938111665
-13.16989767451813
-20.64912270469251
-7.621668900494043
12.12614481831028
1.589007090737502
10.02254448632844
-10.87673547459212
-4.311823321938366
-8.594106458429644
3.302540761744867
9.210675988563214
11.47369590290949
5.047919036720458
16.05622210053016
-2.348772439343764
11.89664721620985
-8.133707674954799
-0.1009885695352605
4.582526197621223
11.22580090144992
8.207358078485187
4.600944280102769
9.269108119515883
11.00830307306954
-7.396691487475529
4.668163841955373
5.90813522323734
-11.99763577898923
-8.283317368562159
0.540799796051555
15.88673714338278
14.60488214970837
-2.998330005210802
7.675338476827169
1.739194958000463
7.654207502050227
-4.315513253991632
-3.981089952781033
-9.207538484492206
7.313490791321151
7.749528792927117
8.606663546634531
5.915012536477703
3.624831883089648
11.19999990106456
-3.01844282519074
9.421304762581839
10.81372516908755
8.824117163738983
5.284987365594739
-0.2561647469622499
11.9711958390616
-2.103600330729398
8.771644905257691
6.726361697876466
9.95737331201858
10.34005019870126
-10.91413269529577
-1.469727375617785
6.362783616073401
12.90642252877081
-9.286886085035077
2.161172279940612
-5.76064160721018
-1.205904402244208
9.444405317507947
1.627246612430395
10.65030971782063
5.871826995695977
7.832510991396213
1.960683994421728
10.14341208068221
6.562609609716264
-6.152054323960275
-11.21333703582517
-3.030608948262152
9.711898175459629
4.90757832831523
14.59146834084573
6.543638912245587
8.182728087144614
16.12091536467816
-10.74525024904215
9.577276452629658
1.267178535424588
24.40201759504233
3.526244480157709
1.55065352550379
-11.16401040526929
-15.50831324623506
-8.663673102266936
-6.106374712444683
8.032719103569086
0.2343221590125942
2.557298400075856
6.340696862739222
9.027809651997336
4.135784422206685
-3.199550933417257
-5.244834141446066
8.69966225253658
8.86549111333678
12.43974759164908
7.57516801883453
8.433537395003341
8.829962029009536
-8.742938718823376
-5.236736852023845
-1.68824582248351
9.60633492207443
11.61024283562386
6.77569193311942
-19.29843440740794
-4.473693265385591
11.92652926534403
30.04247038372123
9.878869353299862
-9.61454439476832
12.74250712230111
-3.580802470777578
-19.62512780921467
4.747856095571149
-14.74555764625499
4.87957016483959
-12.71466393327923
-7.84600860214879
-5.820862463651519
8.123633929303843
6.218073752382086
-4.892025230182094
12.06504204636717
3.506201867371613
-4.415612020462956
7.05469289564461
-7.921813887316962
12.01242878460796
14.82474114213579
9.683890012643371
2.025146138874646
14.06408235401904
13.94449639329203
-23.05145228861743
-11.32119407138785
17.90208767717952
-6.311309244242508
20.80426916280891
-1.281854994274942
17.43746563331387
-8.211398665954469
1.416070019071224
11.7302582174202
-1.905560176410213
0.1658288603007285
16.74014304493166
-13.63581839363517
29.22328174843082
5.083502234577098
18.71932062798335
-6.356331812667086
-30.49611132541263
11.25374693053402
-24.13977951382545
17.61007874320158
2.902181485586532
18.93981994710608
-16.02139561363779
4.475917293203665
-4.836027828456127
-9.311945122939369
7.168613890322414
2.076890898136197
1.016455160231378
-4.344302849293198
-4.864579571604565
5.809088910673518
1.39242040701131
7.957332561302078
10.67366848183405
9.627468684174277
2.148243650836114
-7.479225031756381
6.564912153412031
-5.226448531693853
11.29458074433024
-20.32998470619878
-18.32607679272029
-4.284207223914718
18.75077429557415
7.710078417808065
32.57701754453123
2.003907914061885
16.04577748215111
1.293172755352698
-4.834550902065043
18.30028815821889
26.03615521083657
-23.79131675543296
-8.181577275727886
14.85340424436841
-7.217002571112205
17.24948264500343
-22.93418200163774
36.73198611515804
16.57431418428774
0.8571347536153114
23.13483905984437
30.64590988111954
16.40022253111111
7.735867053994664
23.03498151962247
-14.75260472636921
-40.07781802562256
-38.17198571647774
44.04911208205792
-14.43244438738229
11.83597723479943
13.82624324924334
29.26117305867036
21.87858187093251
-48.63254415016446
-29.85867037976935
1.905832311182848
24.4664852160824
27.11557840715438
2.649093191082657
19.48250347050746
37.46060542334672
-14.24568734991231
-22.91004282726969
1.956896298567229
15.29507649847066
25.5155390662552
-43.38623135975507
-43.18086672579911
47.50450118621448
-0.2361114635235585
-41.53285868304555
18.11594111839348
29.54076384808061
-24.15863143852941
-31.54122262742104
35.35840142612939
-13.56312067459828
18.20138201782549
41.9409233504233
16.03763846180556
34.81151223242502
18.77387377081509
24.86693912683875
42.2412182586556
11.4248227296075
-20.16360102751285
15.43492980961881
25.23023466621554
23.55864276868985
-18.71897643512257
31.00275157267473
43.15011989889583
1.853372676459557
-20.39056833296203
-7.382591188476197
9.795304856405409
59.51703286424284
17.97810195293154
49.72172800817162
-1.671591897713194
6.582521924497731
12.147368326596
44.05653111730887
32.85094354984491
31.76450269234619
23.73954133084683
-21.00754728266853
-32.21313484969759
28.6416722930241
26.26842162294509
-30.81639553142593
1.648008044558432
32.46440357662937
10.22046256750448
-47.74061265127514
-15.83144986250345
31.1280760350215
31.90916279030805
-19.49341374494737
-22.24394100954748
-11.20558756724653
46.9595258975245
49.64921957543879
2.689693677659808
