12.35295362997274
-5.262874947032236
2.26231572268741
-4.00052486074698
-1.310857093164792
11.56815242946501
-10.12194961450294
0.69156551415284
50.64323865639946
37.37812868290501
46.39128629392561
-11.86900415052021
-14.36758444677633
13.12856515682811
-2.378283604633369
24.3327423998792
21.01643959741793
25.33118735267836
-30.09170443176106
-7.032788724194472
-11.67858643266677
-1.940202146946824
10.39445961759369
7.654796261723495
10.07749640254284
-10.19112314272263
-8.359647888754489
-1.804398863477852
9.8312350615215
15.64800602016748
3.106504059276092
-6.498116815993101
8.782670433713083
11.22740065057704
-10.5436962702311
-11.1089441038714
-3.033632459396271
-2.305673173009211
7.990818709530161
10.43888222087912
10.27830315867021
-6.865335591637111
2.624488769815045
-4.420605369590907
7.737631693156656
-10.30011280787691
-16.69357618496608
-4.834843449839189
8.59371700241797
3.051340263054564
9.207985589514243
15.38884190390432
7.391908324109914
-3.316302802500317
5.784221025429723
-7.996933586862477
-9.604620878474798
5.676166377642685
5.354519483543895
-10.70821112881336
-6.393463375730272
13.35145307001565
-1.132852930099493
10.72587980518968
11.39729513320144
2.659513281259298
-19.62568517695225
-25.61462646415809
4.31474775528588
11.85873273519064
-24.48177353442384
-32.36397607699481
-7.653814389365612
2.369422522204159
10.38557359026169
-2.540671459132998
7.994315262077074
13.42856045222953
0.6714153281659051
7.193140496999712
-7.378884793066147
-7.700531688981886
2.110939578700095
-1.543886362376511
12.13417648697411
7.189212395856364
-0.3216468937083026
9.489824371211814
-0.5652478337247747
-6.235419955201742
8.238023097971192
0.6142685880123596
-7.250420907844317
0.8867877806039932
-8.323316761491586
3.2452969606746
8.460067107419478
6.483740524386162
6.156645326552294
12.19189728938801
7.032365512973655
6.521725169228064
-8.737781851976958
-1.473115782027323
-5.159531776475322
-5.670172120818547
8.075311644853004
0.9586439403703031
13.23484342044288
-9.269924192064128
7.887855119114902
-8.505481294642875
35.72442643915458
20.90279578291243
16.97028420753779
-22.16537830797768
-44.9463144532405
-24.45604664452364
-3.28787492430602
-1.183371385282525
-8.634863225773323
7.736576247018609
9.312346481344058
-10.22856813205442
6.929211178239298
-8.284227781622096
-1.453001732245051
5.430214396122996
-5.346988300954022
11.02445116983451
14.81811618825516
5.608011645630297
-9.152797252273645
-2.269581124767439
-5.42987249949939
4.97880069948441
-11.01323784371353
-10.2158887183578
0.7644428968813206
1.944340349918508
4.513014670987901
0.7973491250053623
11.7776807406997
-24.2962067733078
-17.77218378576553
44.39617025348725
35.10167603438585
43.76216275344659
-38.80725781935561
5.327239503563025
26.83274099751693
10.65103377043871
22.64847500059902
-29.74762348509718
-5.286955729433428
-7.451491841003764
-1.072895853027438
-8.950488623151898
10.495717867977
7.26466606981477
-22.28519845727419
-1.498996782039412
-9.210104542715115
-9.839315487565294
-2.983562255249248
5.596952745961636
6.384523378563963
12.34676710000387
-7.877592770183544
4.601134029562699
11.43236007687798
5.401936929403133
-7.749180775800849
-9.846592863952392
12.16022906726798
-25.09355589736413
-2.287497825627367
6.831226048862899
-14.44772689340616
-6.030423147619656
6.883216127937284
3.722924752196863
-10.24599120285941
0.5563421581526168
10.72359463040717
9.248170236418389
12.22671138353821
9.753347899299444
1.6625817883874
-13.15111770425794
-6.808128618377765
-20.20218998925709
10.40867319836995
5.092249145444919
-8.090766110388289
-5.316424052350126
6.855753233224622
0.1887371453123927
7.222136661949714
11.40067419802442
-6.840289613540085
-9.805462453248484
0.3617900205589222
-8.453542671525863
-4.27500513307287
-3.314764906113169
4.899835234935161
6.053320732076388
12.33848042368798
7.033399518623088
12.17217728542758
-13.1830152553092
-7.029026760624883
4.178537538003117
5.138777766182884
32.09275266649216
36.93497553316359
-41.97840325800626
27.19148770283356
0.1948100400254028
10.80233336119729
3.327073306161031
-12.8546339191924
-11.03888417529707
9.17484036832893
8.941813842881041
-1.079105721184627
9.368085635206347
6.153988494118133
-4.286444404251019
-8.470710405740723
-2.96517284148111
-10.44043289732819
-7.475260055221114
10.1672524724058
-21.04434614443634
-2.097412088260188
-22.4700381811014
-7.051072285081291
-3.859124014075423
18.94693405668489
-18.68075466892794
-29.85098613061435
-1.425692036942718
-16.18170722535309
-4.184265999203822
-13.39406136985517
-27.93543073063332
10.0232369094109
-8.974764032801332
-2.920455694123729
-7.865419785282206
8.543489504142505
3.76979135756919
8.543130857362318
-22.00698766543755
-19.17138052831543
-2.698477092678175
-10.74188525200706
-21.56263885543603
-7.623754510673182
1.109344247360599
12.74455539238539
1.434038840632955
-7.989789451125803
0.8510888329757035
6.590329272789297
-6.215014786167682
-1.475424392540426
9.959778451943508
2.978541149405457
11.43520284303545
8.456661680039147
9.738384285719414
6.52402298851907
22.80605807126849
-14.82163065582228
-18.75414223221004
27.63556532018286
2.357400099020567
-0.6340074999031601
-39.06893075010312
-5.988941287092034
-25.27816522132191
-28.2695728202152
30.94111825037317
8.660486719524997
23.05891570768878
-22.28063153273
-7.882202541846242
-11.17023146159693
-43.06817409062427
-4.901264964184359
28.42529409376929
-31.89794262911698
-41.4263308512213
-9.743487831304147
23.58307122493745
24.46066775662597
42.17321329803098
19.39227715802761
-13.26510997305927
33.32655905847931
15.41896589583312
0.8775965326501739
-14.54136936221675
-22.78093614239267
8.733098758469518
-9.150238491982446
-1.711593300698444
4.517171562864604
8.492570138906768
-2.712128174206511
-32.65738713130869
-23.64422951968008
20.4902678058461
9.013157611456274
44.13449732309747
7.438645188671653
-0.2330265254092724
6.438110322058013
4.633046382145605
12.1582370563666
8.016151069138514
-4.94496409113823
11.46394519748448
-10.09063790728491
0.4443488103976587
8.429495276338733
3.447794128321681
-2.391258327516287
7.525190671970455
-8.043408159315588
-4.640947725190049
1.831475253967787
10.53498672087729
-4.981701148177661
3.402460434190151
-7.599331320060939
0.784830263496943
7.257253246047696
7.740707875807628
-2.29725595193466
-7.599689967987464
8.384161582351993
-0.0003586474173788878
6.472422979222226
0.483454630153532
6.555249029084223
-10.10233257536709
10.29988964973962
-9.480955878055543
-5.005124817289219
2.163120531342256
-4.251192801760911
-8.132888178779432
-0.3794841191210379
5.484239056602723
-8.49065057141642
9.24171017287266
6.071794401115111
9.735431858848779
-10.03796382704996
-4.239457771654287
11.63563392806828
3.663637460265564
-9.821837496158649
-1.872801248259787
8.858267984827714
2.701999538955132
8.500505593343222
-7.373773981632315
1.575770234057889
7.949036248942716
2.448063513630612
-8.559917504747885
-2.186651488271048
8.544417747302035
10.92735250315088
4.380997131907984
-3.34514735980529
6.373266015152492
5.214770145980423
10.73106923455542
7.753404058836291
2.382934754939903
-0.3577623913755108
-5.649150592209801
2.284521163446313
8.788315021118651
5.982725021563971
-2.535835392666548
-7.492994397628884
-4.930832403907495
-10.30130170857927
-2.074281083823556
3.663968415152727
4.69036188849279
6.767202957654654
-5.370469304442641
9.621194291832307
8.227020625559156
-6.546355373010128
0.1157094264205325
-8.111311199965398
-1.475416464533776
5.738249499779588
3.894405695051105
1.545079421491119
8.207144222794101
-6.181065072121415
-8.157391656635177
-1.407577304168262
6.992482743175392
6.662064801197607
-7.726144492374398
6.635894736826802
-1.214661481636539
-1.97632658445332
6.749814352646863
-7.944545616430871
-5.205987393018138
11.14089740562125
2.165466825912876
5.595064244960742
-8.961824210390606
-2.999580487498021
-2.676664522983273
5.400479560770087
8.064440428209432
5.962243722416362
6.285159690875433
-7.850556219858214
-5.186595354115582
4.923417091701916
5.369822161154368
8.400060047631543
10.7411049516425
6.228764861013209
2.663960866573835
2.738558223527641
-4.512340092203992
10.1100124440809
-7.250898315567111
10.80105163848538
6.148328546400419
-3.275499742969553
3.975398573997151
-7.971996476294788
0.6213766973110386
8.593373188270586
3.757471115817744
5.798506054892025
-10.07577351895953
-5.302434016602205
4.773339501808109
7.933671756314358
-1.843843805154726
3.103234543460162
-3.937090695376382
4.129010278755124
11.27379838078698
-1.532635826885259
-10.84436897956405
5.63560955084763
-8.767527909111433
6.503793858702714
8.066100972868966
-4.830437212724089
-8.380280200364314
-6.817973088858079
0.3268150119744694
-0.2527832940467548
5.6362806461
12.3161158805348
1.562307112903337
-2.805589998165629
8.127496908145817
7.144788102422609
-2.498580295450756
-8.136769118396877
-5.638188828438778
11.98930085535188
-4.584879371867729
-11.92357757783537
-8.073263202845551
1.883748701096807
8.697349195660893
12.22348515426251
-1.941313926181796
8.991772981314634
-10.45987434171623
-6.888007833471828
-0.4827092059137139
8.201377929591544
10.93308690632711
-8.518560414365217
-0.7903950515876429
5.889063944225858
11.5364820851836
6.543341462489561
3.571866508849337
-5.40356407375632
-4.957159004342124
-8.975430581869512
-5.545833160275604
6.405298627654972
4.635230760311345
0.4464050692668945
-5.568630336450354
-7.338698204489654
3.115456799168865
11.65504559932003
13.28222856776505
10.18106391930612
-4.652723092177508
5.324761225325289
-1.770067867530048
8.68408713510973
-4.856302693681825
3.850314375194584
9.977484317595117
-9.423828290254573
5.156290429698797
-1.347056020782655
1.212920714488019
-6.168249912079504
12.17297306035437
7.359561045061506
-4.821193890258389
8.706617066835658
3.314380747789733
-6.18906773034113
-7.547762657077691
7.207479348373909
2.791973795273381
-30.12748414516298
-5.216137799199887
37.02496614286559
-25.37962517200295
-6.98236116491693
-11.20469831661225
1.774774665850387
-7.302911578457687
8.52032787987593
1.454224256099577
-6.831004665021895
-0.6161247103818905
6.864326750976187
-4.222337154096397
8.757135831659438
0.4719069153406809
-6.598509512969363
-10.02091956609702
6.671136850485536
-2.805640180246063
4.294964496967814
1.281722613089835
7.21527938821179
-2.376172356472114
9.368405999887969
-1.012421567939811
-9.674917271155966
7.019675503063936
5.933556768423367
12.01769856342619
-13.12041107021471
4.712729049105049
-7.381170627605752
10.96005234834888
-6.257213552768071
8.18758675114508
6.084141801768148
7.100604678465205
8.539588799780221
7.333736515530935
5.647418138304683
11.02390947543635
6.679835238592919
-4.993140625048589
5.65678036314022
11.52827682855272
5.376491339805863
-11.52533681259188
-6.393219854172891
25.97365980688106
6.348801987863329
-9.974494007787442
5.739240441211424
-7.066103620878637
6.863197520108394
-1.656001132169261
-10.96994260239802
3.474857699905651
11.88173986412763
-5.465070363600439
5.664789416383825
-10.11109962451267
-0.6285078665331638
7.798733148093012
9.80121371913606
12.35805155597793
4.927691996302318
9.482591760156597
-2.739663358848082
6.21487995654457
-2.842224076857655
-8.086879303348624
-7.070416429539883
7.480451466522698
-9.057104035732971
-4.502204266311512
3.925036768908454
-2.772465595969214
6.502294814109263
-4.813412017579103
5.143599887426654
-8.519198658696906
-3.868701292564125
5.504872244150868
-9.50344847709437
-3.063534498765348
3.893098599618515
10.94760905056798
5.721313101856946
8.406882166806863
9.274760408266708
-30.78521261103254
-13.17531895803764
36.78646617344068
-11.84569522631772
0.8678782401862067
7.307792217492593
-6.216950446025305
2.506429372001386
10.62845624977135
-0.09804697576589802
9.714524146867474
1.120522637381673
-7.012556333627635
-6.778242982611476
4.650497372551748
-3.555414702629456
9.373573543389119
-8.205912083815262
-3.646593672831241
2.693377548247696
6.439913978050419
-1.358694926824984
-10.72650322816797
0.4033565453373588
9.126736356299556
6.707582456035095
-0.9139320998760216
11.12985977679529
-6.68019600187589
4.554899773398344
-7.667355361055183
-5.244655226113204
8.427241030592795
2.422700137841757
4.559318414499632
-4.801362844746884
4.649179611226974
8.784847600367678
8.723379814252205
-2.419153897040009
9.706709350097903
9.450542454835734
-13.99418070601392
-9.326109691556665
-1.672057994097107
-8.086158311255222
0.3471922137445325
7.151865533716584
9.176946379349086
-16.33657450198745
33.34751515579538
2.85155780253058
-13.16950579681726
-20.64835023527228
-7.621514552254773
12.1258632459572
1.588966045073333
10.02231657116089
-10.87658691528457
-4.311775733285316
-8.594001505934981
3.302458195596027
9.210480594841382
11.47350118037667
5.047837409800686
16.05594086961201
-2.348730496823558
11.89645969797983
-8.133078969370041
-0.1009818944426083
4.582439689235904
11.22558232573328
8.207198066594966
4.600873659281112
9.268944669218767
11.00810346811466
-7.396567916869398
4.6680710121976
5.90802239601511
-11.99744158639529
-8.283141226958417
0.5407823025582417
15.88626646427984
14.60444374347562
-2.998259006178579
7.675152365606829
1.7391588028764
7.654051700186997
-4.315378301983303
-3.980992797661809
-9.207288746382169
7.31325222481142
7.749318515916338
8.606406282982284
5.914892890572152
3.624758379356479
11.19977511254462
-3.018384261136056
9.42110912274312
10.81351512862812
8.823923528706745
5.284882222856461
-0.256166895949436
11.97088760245907
-2.103546673615115
8.771411537127065
6.726207491305621
9.957011905147874
10.33973645315244
-10.91377341850758
-1.469704707746731
6.362533386218893
12.90602451998893
-9.286590452404473
2.161135486087352
-5.760454495714924
-1.205852282688797
9.444068708789141
1.627182968074483
10.64992098973934
5.871496467166393
7.832238093712026
1.96074162536197
10.14310601038677
6.561831856534949
-6.151785486535557
-11.21269382926632
-3.030329443036295
9.711692401551357
4.907215426829628
14.59115116320567
6.543491133371472
8.182364385864274
16.11990925659874
-10.74488903408722
9.576418123391786
1.267166354774603
24.40140399915489
3.526135958838381
1.550842804823104
-11.16277453563296
-15.50684876237866
-8.66249571241714
-6.105657887610469
8.032097073287831
0.2343133448655542
2.556837834007298
6.339971224594411
9.027578432833726
4.135667989176337
-3.199476064960951
-5.244680111407447
8.69940010682558
8.865220752760294
12.43949338736135
7.575016733971201
8.433350525543847
8.829754165274556
-8.742683760172321
-5.236599332349389
-1.688173308198133
9.606071714749925
11.60990772651292
6.77545605715118
-19.29840379711903
-4.473417921734469
11.92644168954122
30.04227736021532
9.878789982245753
-9.614468060641471
12.74202184331213
-3.581274153682059
-19.62485782102151
4.747858975709819
-14.74539906154333
4.879458761171605
-12.71361734270677
-7.84577347361438
-5.820692628736219
8.123387588572536
6.217887968119292
-4.891910444066025
12.06469681734998
3.506084428443165
-4.415505553902018
7.05451045124018
-7.921589981895551
12.01205538897237
14.82498587549229
9.683935736476856
2.025080845248124
14.06366144125864
13.9440802176122
-23.05108259910627
-11.32107569177387
17.90201623864528
-6.31135784219071
20.80407162204704
-1.281822721357307
17.43707641508128
-8.21111409811933
1.416012814301851
11.73000690753825
-1.905499619978492
0.1658206454506061
16.73972475749279
-13.63550652734845
29.22309193029263
5.083392609633982
18.71889913678752
-6.356258035057932
-30.49595735474155
11.25363561793709
-24.139699320655
17.60989365299521
2.902055383368901
18.93951738497251
-16.0210636002625
4.475831069231634
-4.835902087117214
-9.311733157519381
7.168245363182348
2.076841069807277
1.016462874186121
-4.344074234231155
-4.864476652316967
5.808934719653598
1.392406006344054
7.957217189825761
10.67341137158228
9.62712691166452
2.148282470362604
-7.478844439878579
6.564811182685421
-5.226295948715787
11.29424502271082
-20.32958942625842
-18.32575341456499
-4.284092265281596
18.75076374746812
7.709774044363623
32.57653311749748
2.003836012277706
16.04549716084342
1.293154058211973
-4.83445166893057
18.29978597610394
26.03552745923761
-23.79087292604063
-8.18144205713725
14.85341395621853
-7.216968814327744
17.24941282525144
-22.93378515887601
36.73207061417428
16.57390411168994
0.8570877669836056
23.13423764460317
30.64546522475505
16.39985961165686
7.735741484511574
23.03485601288275
-14.75234310219715
-40.07775061115833
-38.17188706654219
44.0488181412913
-14.43243680927793
11.83591337660872
13.82576937031502
29.26063567519471
21.87865665809888
-48.63216139947206
-29.85835513097684
1.905863546454527
24.46638163955601
27.11542946433326
2.64904782478658
19.48265778927657
37.46031609516442
-14.24560561300276
-22.90972374038779
1.957035331861043
15.29501007958916
25.5154550545371
-43.38624304808499
-43.18088422326988
47.50425795800223
-0.23610323232526
-41.53286660877885
18.11583567070233
29.54061569229109
-24.1586360293299
-31.54061504757488
35.35823423056113
-13.5629567416994
18.20126193706769
41.94071219749527
16.03746200186097
34.81126827054168
18.77380626887794
24.86675907325002
42.2411039420509
11.42478002150918
-20.16348737535237
15.43486630507201
25.22999761558289
23.55841972367732
-18.71894223369911
31.00279671545975
43.15013981816789
1.853376439079973
-20.39052012591045
-7.381979017833322
9.795131310318984
59.51687025947889
17.97765830598155
49.72173894949459
-1.671577892093397
6.582477967142299
12.14734310304444
44.05637234171954
32.85082815588839
31.76421867869264
23.73945025884611
-21.00736058144506
-32.2129047668812
28.64140490209984
26.26835018657721
-30.8163239226896
1.648017616113215
32.4643415393899
10.22044497466873
-47.74036119171855
-15.83133195479788
31.12776576070928
31.909029238311
-19.4932580400704
-22.243896565108
-11.20554418563368
46.95909771550674
49.64876548331721
2.689667767582153
