12.36219487284112
-5.266258291420572
2.264066999158302
-4.00078724073869
-1.31059471317309
11.57235551486019
-10.12641076887744
0.691873657968441
50.6464063270793
37.38059755326203
46.394872894302
-11.87503249019595
-14.37626466354373
13.13921068837167
-2.380850373990778
24.33503752771011
21.0168477817067
25.33568491010511
-30.09486631709729
-7.033746224578098
-11.68793080905508
-1.941204401421891
10.40952220006558
7.663272501083569
10.08718946401426
-10.19672644251605
-8.363670419036984
-1.805097515859646
9.841100563333992
15.65787130046845
3.108951593127382
-6.501458810905494
8.787718275150153
11.23439945477025
-10.55190844034481
-11.11751320158256
-3.036066925277852
-2.307567936903194
7.997497323666572
10.44766893518696
10.285779496178
-6.870153041357493
2.626482862550974
-4.42347184569864
7.743252179186928
-10.30550440653786
-16.70203956116901
-4.837611765353267
8.59896429575941
3.053061457305553
9.213697285226315
15.39858996394066
7.397182519236529
-3.318189746042577
5.788179550046303
-8.001407466543686
-9.610410413894375
5.678766691884349
5.357158394426083
-10.71537227208337
-6.396535150424284
13.35856586057123
-1.133806770378452
10.73062102483222
11.40210732847127
2.660734760788764
-19.63111371300955
-25.62020854728586
4.31883712846323
11.86442779547937
-24.48640177780054
-32.36943113508828
-7.659296635054163
2.371642167007646
10.39548448542184
-2.542527296999418
8.001223622161993
13.43657606210899
0.6714863040611938
7.197346329302954
-7.38412570382713
-7.705734008452411
2.112510231182902
-1.54509818155693
12.1434490239551
7.194706302646652
-0.3216082970598866
9.496635934378057
-0.5656047603341201
-6.239229733801948
8.244340503769989
0.6147329929291631
-7.25641343351024
0.8875828534698561
-8.330111128181494
3.247999532478749
8.466983840193285
6.488993956751023
6.160635827365914
12.19948499846803
7.036282035434144
6.525860025838091
-8.74137256713767
-1.473873829760168
-5.163202963511879
-5.673624973048985
8.081446279074809
0.9591782008044084
13.24464924114383
-9.2750238504557
7.893608368051316
-8.51015586384311
35.72620407091396
20.90415143956616
16.96926176586466
-22.16717382272094
-44.95003982620354
-24.45825630123428
-3.290570034948827
-1.18429698140876
-8.641610910950423
7.742994221447543
9.32011597789297
-10.23420204979096
6.934430166144725
-8.288910060616294
-1.454085865509344
5.434231736118193
-5.351040873614163
11.03356425204089
14.83016620874954
5.612472225567724
-9.159660047534905
-2.271342447284223
-5.434055671156303
4.982824104684962
-11.01751402317125
-10.2199841988356
0.7648679867409454
1.945291987377698
4.514883274646164
0.7975298231440929
11.78238201064506
-24.30002087470877
-17.77696519686022
44.39758756997495
35.10234638584325
43.76360656434497
-38.80871599133155
5.328074630596446
26.83784793916031
10.65316272669459
22.65286571062881
-29.75051691573105
-5.288177875173988
-7.457313931928891
-1.073697692517555
-8.957512362932501
10.50441296296833
7.26749873643182
-22.29184847241461
-1.500198430004459
-9.217693983804763
-9.847342100400253
-2.985994384624082
5.601411108923795
6.389551190742979
12.35634947435049
-7.883814671784321
4.603444368231026
11.43826855808483
5.404022734940741
-7.750753841400314
-9.850448782377233
12.16527618368373
-25.09755069648144
-2.288616968086947
6.834824193309558
-14.45389315186397
-6.034245822679776
6.888317600939252
3.725604375220361
-10.25120624817548
0.557178497604721
10.73180005763783
9.255138569176976
12.23591617644179
9.759850196454448
1.663323555979425
-13.15477657375358
-6.810677434971316
-20.20788231116301
10.41687977461145
5.096137604778987
-8.096526639270968
-5.320742167795377
6.861347717773807
0.1889668716227841
7.228092698815047
11.41011147057004
-6.84534728575506
-9.812639678582382
0.3619818851527242
-8.460610219612477
-4.278591438031612
-3.317646173895562
4.903476139864735
6.057899412458279
12.3473390281419
7.039125833340864
12.18208988399068
-13.19266424284585
-7.034314162310025
4.182018779575049
5.142964047779616
32.09501105691766
36.93748810396144
-41.98157460394235
27.19334407004194
0.1947650668944494
10.80838474626407
3.328308324224878
-12.85637688294693
-11.04812957846026
9.182067577302778
8.949180440744966
-1.08020323892186
9.375545578471177
6.158350078003463
-4.28901874640464
-8.474000988700281
-2.96729239775979
-10.44736882205474
-7.480076422522853
10.1746215603863
-21.04893698133604
-2.099694939721048
-22.4746513225409
-7.053105738063603
-3.859691684014536
18.94924204255149
-18.68174431318834
-29.85282357806891
-1.425714341889414
-16.18468520717155
-4.184982235413584
-13.39720487394162
-27.94104358765215
10.03093879549157
-8.982163385097504
-2.92322369002119
-7.871966412335695
8.551387488335465
3.773073480002064
8.550818163078297
-22.02530694688909
-19.18542305296548
-2.699050374774485
-10.74847123892261
-21.57968391328942
-7.62960751216817
1.110196972262673
12.75523686856196
1.435697681604492
-7.997005969788237
0.8517027774928171
6.597388227186755
-6.221308624370024
-1.47666148411512
9.967926332580852
2.980777614322123
11.44458781235011
8.463810156056898
9.746726407632663
6.523055679248237
22.8089337275013
-14.82205263039021
-18.75694230610911
27.63800310506673
2.358005118522947
-0.6339810051695089
-39.06951293986973
-5.989094833846834
-25.27999798641683
-28.27198411082167
30.94414945045365
8.661260180069824
23.06112009292439
-22.28288927605006
-7.88302935496293
-11.17107926422271
-43.07132526161055
-4.90166698861022
28.42710923690535
-31.90024599804564
-41.42751806473257
-9.744144036925984
23.58463218369293
24.46233904345702
42.176339670836
19.39347368361049
-13.26580877243367
33.32877622724971
15.42154558370039
0.877706862663523
-14.54383871804757
-22.78286599462196
8.739804485229849
-9.15662901371889
-1.712766120496597
4.520533965210462
8.49823633018436
-2.714019638190897
-32.65928245673609
-23.64500711375823
20.49178351614229
9.014275342424279
44.13679062241933
7.443862885983842
-0.2328871354038112
6.442609386811793
4.636398700124028
12.16672400489358
8.023842320997439
-4.948742721811551
11.47461117632337
-10.09812787368242
0.4456230347096926
8.436951814143086
3.45076885530068
-2.394260861434081
7.530325297674355
-8.049420864126578
-4.644143728900169
1.833056023478693
10.54375091833709
-4.986182958967822
3.405277135490608
-7.606200351629538
0.7852597462328549
7.262459509278868
7.745992112177883
-2.299715321937492
-7.606769680405338
8.391460094558788
-0.0005693274149046087
6.477199752642911
0.4835326040592895
6.558572914585489
-10.10839962343243
10.31125844679791
-9.488451911511723
-5.009563927132294
2.1668665683867
-4.254195192691075
-8.139299404052666
-0.3799413649329734
5.488712418331395
-8.497103269328203
9.24835432597634
6.07504031754928
9.742907612632919
-10.04570743231652
-4.242908081744983
11.64619808874382
3.667867303382089
-9.830350421702947
-1.874507923348714
8.865223459821367
2.704620251573399
8.507419599070234
-7.380178801646843
1.577121754639871
7.95584250236013
2.450171617165885
-8.566988746840364
-2.188267993036333
8.551463397590551
10.93598164646316
4.384300016111684
-3.348004445545284
6.37872074952588
5.218984304018518
10.73973138818167
7.759358037175663
2.384518245991977
-0.3578038615675133
-5.654041892249257
2.286158518174286
8.795947775855256
5.988159383757641
-2.537804472984959
-7.499493644638074
-4.934383834710347
-10.30922362596462
-2.076149165079979
3.666695517197581
4.69391185440432
6.772214885800982
-5.374839791017656
9.628295689141201
8.233074461590244
-6.551681634732725
0.1155709654139146
-8.117503497700101
-1.476783445917287
5.742844682982938
3.897392931571899
1.546491254509277
8.213743859194429
-6.185813210817749
-8.163803097538654
-1.408864735939011
6.99773062930768
6.667252604527597
-7.732304462921792
6.640720053873454
-1.216013233032088
-1.977989887299431
6.754938362452174
-7.951135983209466
-5.210943554655707
11.15123210584403
2.167319085642294
5.600339026777588
-8.968380722099555
-3.001582435895859
-2.678941116336241
5.405012932415566
8.070674843242212
5.966798283989211
6.289439614048231
-7.856733288995839
-5.191071383400079
4.927383691966295
5.374176381383709
8.406595366056173
10.74961596083501
6.233300078062806
2.665661907195937
2.74019243072879
-4.516315886686885
10.11845507210943
-7.256508320045472
10.81128258431253
6.153897674842471
-3.278805965864366
3.977702359264097
-7.978330810933008
0.6199477119202088
8.598278567033384
3.759641907286264
5.802799349034273
-10.08479904929872
-5.307054360614025
4.777744686538678
7.940200412479396
-1.845451751386859
3.10551936953596
-3.94013259691933
4.133187261778242
11.28399834093002
-1.535591971193019
-10.85311667253918
5.640838613063319
-8.77481364066265
6.509789259899291
8.073319854992763
-4.834681041362098
-8.387413458533738
-6.823882871936269
0.3269282023282423
-0.2532109810877737
5.639023135873416
12.32234257381436
1.563530591388271
-2.807788388132564
8.13420248245478
7.150811079757675
-2.501232171234837
-8.144391878410781
-5.643159723256142
11.99541433051977
-4.588451153167164
-11.93260173341631
-8.078926863943327
1.885232772004839
8.702779750804945
12.23100020549244
-1.943205921817887
8.998784950115574
-10.46916977960034
-6.893738614145732
-0.4829186374080602
8.207813230429828
10.94199086977944
-8.525963855628641
-0.7909717225084791
5.892234130065506
11.54350621719549
6.547540016625458
3.575431164426351
-5.408481859764604
-4.961689169906785
-8.983913023586917
-5.550893079372747
6.410819975999091
4.63983300278312
0.446792688986824
-5.573163598202473
-7.344150573226114
3.117568268949578
11.66285161955111
13.29123090426392
10.1907260798308
-4.657384910957068
5.330198176013292
-1.770986973066689
8.69073186519484
-4.86052790409788
3.853674869870342
9.987583088457248
-9.432703645180103
5.161690538434219
-1.348688086699344
1.214828366999762
-6.174580648148945
12.18306545107543
7.365514683042166
-4.825892557122125
8.714202770015349
3.31600743460587
-6.192524728410022
-7.552112360420403
7.211231954550051
2.79365507235886
-30.13061482529722
-5.216683541535284
37.02720502461695
-25.38249683953614
-6.987683337503382
-11.21225597760819
1.775697351868516
-7.307181294050228
8.529210831831659
1.456199411867218
-6.835682770331634
-0.6177612106060363
6.870484589200878
-4.224572646293471
8.76338069582204
0.4714985303481617
-6.601818867512228
-10.02938368472654
6.67549653059773
-2.807634517379007
4.298250323238372
1.282916274315872
7.221749173268206
-2.377246215030237
9.380150757500818
-1.013513076850026
-9.697577031430633
7.030482407207184
5.938832878491744
12.02839390762279
-13.13509447868373
4.717941496613737
-7.389409019476039
10.96823709151497
-6.263449558731192
8.194291954353353
6.089561048800548
7.105884844009672
8.54528334833179
7.338511745031753
5.651272077886146
11.03061589930825
6.683319450760337
-4.99596621010101
5.660253494046215
11.53518155828804
5.37934382893258
-11.53104483344356
-6.397948359292435
25.97996020940433
6.35067546715739
-9.980425380748946
5.74568545445096
-7.073011409869187
6.871644928274796
-1.658726253067076
-10.98139105721962
3.476350452573342
11.88817457024116
-5.46795538592355
5.667926511795479
-10.10656260885854
-0.6291800735118377
7.806696776401687
9.803673535360504
12.36873264079893
4.924261719853304
9.477382541847895
-2.746249708232118
6.217921566354846
-2.843046691745197
-8.089641191011241
-7.073317402932397
7.488245815676947
-9.060968266961336
-4.507847431630005
3.928029479048013
-2.773945134279452
6.506196498601435
-4.817550771798102
5.146608867245653
-8.530371200986213
-3.874260938909555
5.513435686763139
-9.508532162159785
-3.065209647880547
3.895224518658856
10.95324517094841
5.724138182990556
8.411824124304237
9.2801416294074
-30.79268921608308
-13.17902302546223
36.78884723970112
-11.84719287390048
0.8683175023217972
7.311640013981962
-6.220248054132512
2.507822719133928
10.63257253644256
-0.09996500660002476
9.718848442792536
1.12215141847192
-7.022947606054977
-6.788355882505278
4.656110281720804
-3.56021635191288
9.387696644521746
-8.216326659678375
-3.654290785068795
2.699305802606992
6.443322513667744
-1.359587632644639
-10.73253755056935
0.4033443294253242
9.131415084105438
6.711062049431415
-0.9137240838092635
11.135881888732
-6.688390860687445
4.553120849401181
-7.670511444499266
-5.246594498968632
8.435876897916229
2.423916953680883
4.562035884127845
-4.803817292840093
4.651419784435266
8.789347830846639
8.728070763417643
-2.420353025859666
9.711390103142223
9.455237074379539
-14.00021392648346
-9.330158397268759
-1.672806852621721
-8.089781801938637
0.347490055925974
7.155397809555835
9.181720202048558
-16.34700593811624
33.35127288072429
2.85084504343288
-13.17524969700278
-20.65983363849545
-7.624786123173187
12.13174312651853
1.589779535987469
10.02705139653819
-10.88048185681007
-4.312827700379766
-8.596697013157003
3.30413351576696
9.214565653343099
11.47789007064054
5.049693097476098
16.06222366586185
-2.349668350293149
11.90083051776004
-8.145099018988711
-0.1011035220931163
4.584333595221937
11.23035337587887
8.210666691372959
4.602572509335714
9.272628023664792
11.01253059425928
-7.3993614794341
4.670055521772059
5.910432127907165
-12.00193402043425
-8.287038955526471
0.5411657114411532
15.89520303382108
14.61273948872692
-2.999809845766385
7.678960296380931
1.73990258313967
7.657351552017888
-4.317760793007332
-3.982965204885905
-9.21207219332396
7.317204852241032
7.753432907540027
8.61100004868325
5.917448946830243
3.626333102340773
11.20467805857468
-3.019686690696061
9.425434676696176
10.81828442676407
8.828204664964939
5.287229114902344
-0.2561530301567784
11.97715713039081
-2.104691727496488
8.776086416644238
6.72953841731369
9.964159640332323
10.3457674335124
-10.92008776598233
-1.470639641957505
6.366001867825302
12.91273916083684
-9.291708489152635
2.16212166939321
-5.763488039701448
-1.206771596864297
9.449448118410629
1.628379282443489
10.65621970999283
5.874928069262641
7.83664150876867
1.961713436580683
10.15002340803301
6.567546385964126
-6.155837722194804
-11.22110903653636
-3.032799062093058
9.715824772242991
4.911143555959102
14.59693769543564
6.546737291634723
8.188309973111593
16.13225259364053
-10.75061749211283
9.585515302768409
1.267657280141641
24.41549494147067
3.528220454979663
1.550619452716373
-11.17276464752235
-15.52006106527832
-8.684063983101181
-6.119004915188163
8.043995491357048
0.234591705117364
2.56505909643331
6.35359659719388
9.032239446926818
4.137928046769647
-3.201070713088189
-5.247618713459977
8.704217094009408
8.870122987533286
12.44512137811674
7.578344958424199
8.437271859207874
8.83423014608306
-8.747198113263256
-5.239165283692645
-1.689177461186186
9.610992596064769
11.61586805867267
6.77910948989484
-19.30188701620012
-4.47190737809247
11.92810259249486
30.046010279608
9.880196965871129
-9.61609287648254
12.74862383039311
-3.582477021557573
-19.62928474843907
4.748117993527724
-14.74817183202095
4.881112921537842
-12.72338410717861
-7.850205623036338
-5.823883232081791
8.127952572570951
6.221368156126573
-4.894311400248668
12.07119369996287
3.50803282930586
-4.417576882924455
7.058020652056147
-7.925609710529335
12.01827477292872
14.82997963832034
9.685794139798814
2.026322391460502
14.07157377801162
13.95183580556661
-23.0548624620974
-11.32148671400092
17.9068095129758
-6.312002016864217
20.81247515180588
-1.28246354651927
17.44294614725372
-8.216242736014454
1.416851402054677
11.73337574802284
-1.906584415293353
0.1659058927572906
16.74286044543459
-13.63996016265249
29.228296226666
5.085449533127522
18.72540969495986
-6.357581151855094
-30.50042784197233
11.25608503876057
-24.14284669308192
17.6136661906212
2.905665638613689
18.94549634296779
-16.02609474306529
4.478888009399964
-4.838636703926869
-9.317524716435337
7.176430539887812
2.078303031636644
1.016323788375835
-4.347296440702925
-4.866776416105446
5.811993727237896
1.39284975138226
7.960503912135094
10.67877014193037
9.633094135570694
2.148510185402259
-7.484583945830612
6.567654158441347
-5.229106988198056
11.30017005718908
-20.33359133211552
-18.32871586960215
-4.284688092082419
18.7565407070435
7.718934321252572
32.5867298409461
2.004875463081198
16.04890323990791
1.293795196450478
-4.836758568195702
18.3110790940074
26.04765019114975
-23.79604097774797
-8.183365794065226
14.85786300569176
-7.219086425048497
17.25524511903492
-22.93847383670608
36.74158985328805
16.57695455249164
0.8575671408815123
23.14783766162088
30.64705314100853
16.40000997097433
7.736571098503029
23.041228799269
-14.75510804311682
-40.07724434962268
-38.17195296528546
44.05498436732362
-14.43215931800269
11.8374699315416
13.83018913419915
29.26661257315822
21.88372684773429
-48.63604011269691
-29.86217598730232
1.905291389843958
24.47433154387508
27.12447716890328
2.65014562506189
19.48634473458968
37.46384045638491
-14.24704316992594
-22.91048204265899
1.957313476127079
15.29659467083946
25.51761295023779
-43.38684079276714
-43.18145541943349
47.50914523312823
-0.2361729418960143
-41.53353406093121
18.11790768692177
29.54363784043629
-24.15957931220226
-31.54246503886104
35.35884692378805
-13.56496931715451
18.2024980638234
41.94229172049754
16.03983070513865
34.81369483143342
18.77386412646171
24.86779551979906
42.24388856608987
11.42573015343409
-20.1658133057672
15.43642343914131
25.23255812885327
23.56029947512373
-18.71949612047437
31.00279542478427
43.15066785798605
1.85330673117287
-20.39175477465703
-7.382885726177325
9.796134689530236
59.51842623550828
17.97749572186243
49.72229154630369
-1.672258653911805
6.583444796837891
12.14787243424733
44.05946103185059
32.85307405486414
31.76746738084607
23.73979365197862
-21.01112746654256
-32.21751444240074
28.64716227865645
26.2696292515727
-30.81815841902774
1.647921363480959
32.46607978415979
10.22101827910366
-47.74531817909872
-15.83372958668116
31.1343676295356
31.91158859649126
-19.4962898339514
-22.24506150610046
-11.20638697642223
46.96809721621648
49.65828974449073
2.690192527565565
