12.36316012121427
-5.266622305098386
2.264249211684792
-4.000813663214722
-1.310568290697061
11.57272953706357
-10.12681847627438
0.6919016656683796
50.64689130642903
37.38096672441709
46.39538332168924
-11.87537106290908
-14.37685408853474
13.13960439112207
-2.381023092416634
24.33526750280988
21.01687445550301
25.33615149637801
-30.09527931353668
-7.033857825129568
-11.68889419891257
-1.941284334945075
10.41116327479801
7.664235768482712
10.0882869700348
-10.19736012737514
-8.364128225187049
-1.80517845140177
9.842223427513581
15.65892870753335
3.109213698807835
-6.501818484253111
8.788263256731209
11.23515025031992
-10.55276761201743
-11.1184096776345
-3.036318964394304
-2.307765386124991
7.998184768133004
10.44857869406687
10.28657001290713
-6.870665468000809
2.62669318926516
-4.42377845721386
7.743847513785249
-10.30608897318216
-16.70294882156753
-4.837908706213965
8.599528569927893
3.053248991183115
9.214309830063504
15.3996360176909
7.397743822883595
-3.318393047346055
5.788603824057993
-8.001892218222958
-9.61103219363291
5.679049568495423
5.357445743019139
-10.71613687752433
-6.396859843874873
13.35933796084164
-1.133904723482553
10.73113539118406
11.4026308439337
2.660876927405587
-19.63165704379849
-25.62078585872159
4.319277040943982
11.86504011497447
-24.48688113618854
-32.37000932194288
-7.659876825166945
2.371865784896871
10.39649767500652
-2.542722477677158
8.0019328184041
13.43743727724723
0.6714954532004126
7.197798412732984
-7.384682692564786
-7.706286525777898
2.112675998022093
-1.545225688047664
12.14441859815657
7.195281734443077
-0.321603825075959
9.497358689946859
-0.5656420646081818
-6.239638865619235
8.245002226176114
0.6147812638696939
-7.257031388816128
0.887660468505058
-8.330816072670999
3.248278460361008
8.467710367402566
6.489544874300411
6.161060838256367
12.2002997603741
7.036707066098869
6.526302960150318
-8.741753915921395
-1.473956780974265
-5.163592694797543
-5.673996800617529
8.082090716265336
0.9592335237818361
13.24568340956035
-9.275575351746866
7.894214822106036
-8.510663845615893
35.72634049294694
20.90434478147024
16.96922062121947
-22.16743798883293
-44.95057918297302
-24.45857914873647
-3.290849260876092
-1.184393783909609
-8.642317851534585
7.743654479642199
9.320916058068926
-10.23480887394324
6.934981297158136
-8.28941386520907
-1.454205662703512
5.434654359206463
-5.35146858807131
11.03450373585718
14.83141977814196
5.612943235328894
-9.160383115520039
-2.271523095042205
-5.434500455542018
4.983240542487731
-11.01794957974976
-10.22040101122879
0.764911506330702
1.945395006800176
4.515063953433618
0.7975485672395961
11.78286108688038
-24.30061379341937
-17.77747001538944
44.39790418007588
35.10256126900914
43.76392584032192
-38.80898540645041
5.328176349859929
26.83839230147619
10.65338803165447
22.65333451563509
-29.75090419503422
-5.288307552085065
-7.457924070211981
-1.073784681537584
-8.958251009241227
10.50530984589208
7.267797133914878
-22.29253396977271
-1.500326937935294
-9.218476543493068
-9.848179231727372
-2.98624328609863
5.601884411807539
6.390083981996125
12.35738318479764
-7.884466329212615
4.603681591473205
11.43888978838487
5.404242224032573
-7.750932254943892
-9.850841018948651
12.16579601533701
-25.09816235924245
-2.288726596437542
6.835208200571134
-14.45452261182326
-6.034647563822845
6.888860021194048
3.725882658757635
-10.2517378081377
0.5572752089932326
10.73265907697074
9.255864448124743
12.23687859754703
9.760530221035594
1.663400268038289
-13.15517447621378
-6.810947397074647
-20.20847925170358
10.417740996734
5.096539473367259
-8.097129951720488
-5.321201521173453
6.861935947742277
0.1889949599113944
7.228727225829584
11.41111219874398
-6.845872678835553
-9.813390951027378
0.3619929208816169
-8.461341339121041
-4.278956355584882
-3.317936149759876
4.903887446148524
6.058391130027216
12.34832332874982
7.039732272511505
12.18313746718419
-13.19366942381092
-7.034867644016447
4.182384981363754
5.143405191562126
32.09534881018428
36.93787429127087
-41.98203197970738
27.19362885830785
0.1947629551670721
10.80901301764669
3.328439660814813
-12.85656460333191
-11.04911927039366
9.182843801041761
8.949980182123552
-1.080320635415101
9.376327271381417
6.158801777052071
-4.28928986214494
-8.474347662731615
-2.967518277461588
-10.44809163670354
-7.480573357347464
10.17538386835225
-21.04941915269399
-2.099908762603219
-22.47514198383647
-7.05330477620504
-3.8599253698125
18.94951039107295
-18.68192107903145
-29.85311798643804
-1.425722831870508
-16.18500426414649
-4.185057793213886
-13.39753185224799
-27.94164206970275
10.03174260302288
-8.982930580547752
-2.923507256126691
-7.872644120948851
8.552221589506852
3.773413492282981
8.551631923697888
-22.02695435696652
-19.18664512967662
-2.698804497844846
-10.74886827531576
-21.58120998314314
-7.630220963699434
1.110286459063623
12.75634407644766
1.43588026945914
-7.997806315523742
0.8517721782581683
6.598154381053672
-6.221999582582006
-1.476794624190741
9.968798627509379
2.981014156988904
11.44559324704476
8.46457904505594
9.747609863966963
6.523143779474799
22.80943576186635
-14.82199571046169
-18.75711987283713
27.63833558347189
2.358071929893005
-0.633978339259025
-39.06972783074054
-5.989128814459947
-25.28026365342129
-28.27231392336506
30.94454967485211
8.661364572998687
23.06142148884254
-22.2831851079236
-7.883128183258753
-11.17119690668805
-43.07178276958278
-4.901719953739976
28.42739515536044
-31.90058586361321
-41.42779976742675
-9.74424543618645
23.58486966767726
24.46259664605603
42.17679493487363
19.3936537581647
-13.26592458052705
33.32911511096361
15.42183720679156
0.877726981485114
-14.54411022210113
-22.78314118463996
8.740507423601116
-9.15731320233075
-1.712877314526461
4.520898110471354
8.498869307391718
-2.714225346148266
-32.65957833943395
-23.6451617400819
20.49200002477377
9.014416598757764
44.13716175683504
7.444435880071335
-0.2328636176438057
6.443087868213635
4.636754417546037
12.16762594955404
8.024631892853243
-4.949136864267913
11.47572884346665
-10.09891090952908
0.4457443750096873
8.437776854468547
3.451096950588036
-2.394564854652971
7.530871524395735
-8.050063777448495
-4.644476238577726
1.833231902187699
10.54465529520432
-4.986679904002192
3.405587539156235
-7.606954069992381
0.7853133768060698
7.263021529014599
7.746566743330345
-2.299991312594192
-7.607543739572916
8.392267443271139
-0.000589668129016421
6.477708141050758
0.4835452155578012
6.558949786005361
-10.10901151074168
10.31239555533249
-9.489228425085514
-5.010023165645433
2.167264525778386
-4.254537245326655
-8.140015107861259
-0.3799890139694431
5.489211866379528
-8.497824003410742
9.2491101642656
6.075404577983006
9.743749113440337
-10.04655805400579
-4.243286763526463
11.64740188915671
3.668344544374858
-9.831254808933501
-1.87469447952099
8.86599017475794
2.704909996916071
8.508181284097084
-7.380860873892466
1.577261576457078
7.956560333734291
2.450393931938106
-8.567744966569895
-2.18844620272976
8.55223845953476
10.93693058288084
4.384665159837782
-3.348313066439814
6.379298759246927
5.219431903032851
10.7406846596681
7.76002609182532
2.384692120256349
-0.3578088915778487
-5.654575015841416
2.286328369982893
8.796750117775618
5.988728977375893
-2.538016640828221
-7.500194973822865
-4.93479109826991
-10.31012506982801
-2.076353575947238
3.667005233130635
4.694308077926694
6.772770671577602
-5.375333971324543
9.629099176291167
8.233771494571378
-6.552265427701158
0.1155523851686453
-8.118219110997467
-1.476941131891728
5.743358809768266
3.897738852785777
1.546644206129241
8.214462023818053
-6.186334024005484
-8.164499520577545
-1.409000751654162
6.998302950997786
6.667817817527601
-7.732978227606154
6.641277981267089
-1.216159076083281
-1.97816549721932
6.755498769847219
-7.951890182996281
-5.211497443728725
11.15235668943882
2.167533921504568
5.600914101899791
-8.969114014581816
-3.001814809063198
-2.679181826387991
5.405488896879458
8.071343264749165
5.967299203119593
6.289932196991622
-7.85743705951138
-5.191582697243524
4.927841414109159
5.374679988815974
8.407303703516114
10.7505250924778
6.23377541681049
2.665854363945935
2.740392741656423
-4.516749679831427
10.11942410792714
-7.257142424411565
10.81241154875422
6.154515334360044
-3.279171239064559
3.977971190819785
-7.979057372180888
0.6197830856556573
8.598840505173236
3.759898297541384
5.803271288830246
-10.08577086664295
-5.307552429294973
4.778218435031891
7.940903388032839
-1.84561995690529
3.105765439371845
-3.940460568647214
4.133620471709414
11.28502223101328
-1.535913583855024
-10.85406111215969
5.641374202672993
-8.775598518105371
6.510421750139599
8.074081036388723
-4.835137946927987
-8.388126247870304
-6.824466970743586
0.3269347832806813
-0.2532666747981657
5.639227177284141
12.32276586726106
1.563659282280827
-2.808021136157926
8.134859578418556
7.151401759935291
-2.501483023371879
-8.145131029553669
-5.643648023392425
11.99583104004948
-4.588792172061195
-11.93348527766644
-8.079477880017373
1.885375388327756
8.703280371882942
12.2316932883435
-1.943397240178462
8.999483475756536
-10.47014285938734
-6.894336992441528
-0.4829405133265742
8.208444894774335
10.94288071367897
-8.526745616953068
-0.7910385841190137
5.892493866148222
11.54408936773481
6.547900351812296
3.575805865740118
-5.409016906311941
-4.962178331123899
-8.984822771456637
-5.551442587913045
6.411396478283254
4.640311492198841
0.4468385742448225
-5.573608109987727
-7.344693097992569
3.117777297337211
11.66357598403749
13.29207254424181
10.1917540776698
-4.65789621602205
5.330780108992744
-1.771084985896092
8.691385405215929
-4.860973969013397
3.854007398065491
9.988676326642569
-9.433686578275399
5.162274103955049
-1.348856113927806
1.215027168022337
-6.175258348881613
12.18408974321927
7.366125248788059
-4.82640223028382
8.714981362917717
3.316156106369694
-6.192844024310943
-7.552511934788019
7.211565592591219
2.79380596453198
-30.13087680375729
-5.216724275755848
37.02743788608196
-25.38272121345689
-6.988279296868845
-11.21309466338486
1.775806739981793
-7.307674674296512
8.530183160819005
1.456411380452535
-6.836213636812253
-0.617931373670235
6.871162664770895
-4.224815373111658
8.764086043890535
0.4714610446183203
-6.60216909532266
-10.03030082291904
6.675951494813874
-2.807848351361767
4.298597787375126
1.283030843287334
7.222452477858125
-2.377353715615508
9.381392136075581
-1.013628151879912
-9.700002142296547
7.031639627191182
5.939421612642464
12.02957135018304
-13.13666773458245
4.718481858008975
-7.390285521573793
10.96906258315812
-6.264114804730599
8.194972754142636
6.090149758587132
7.10644614235803
8.545798684228888
7.338938942302024
5.651595491641197
11.03108634662977
6.683538703718901
-4.996189026217448
5.660557224713569
11.53565684577095
5.379490863014711
-11.53179997528578
-6.398041328569541
25.98025848189526
6.350736043913256
-9.98106646375037
5.74638220790222
-7.073771769508092
6.872552938768505
-1.659020507245088
-10.98259666475141
3.476490890642088
11.88877813787931
-5.468246444258072
5.668223259165676
-10.10613465877608
-0.6292549938875439
7.807557703429695
9.80395324429659
12.36989071248248
4.923925032971248
9.476879671848234
-2.746927516236829
6.218282270275748
-2.843125137538495
-8.089926521628222
-7.073630145427011
7.489094055449772
-9.061407417375104
-4.508452764344514
3.928359998024345
-2.774089825954805
6.506556683058791
-4.817964498357634
5.146888773299397
-8.531573467055221
-3.87485855993312
5.514350237028794
-9.509000129844161
-3.065361941626472
3.895409484902324
10.95373419236502
5.72438658051185
8.412287254306049
9.280646505363123
-30.79336744738128
-13.17935580757567
36.78893971154864
-11.84730543561585
0.8683592481154245
7.311997433545054
-6.220554874123335
2.507950314887434
10.63295584426682
-0.1001716187489496
9.719257170600843
1.122324355112888
-7.024059943535152
-6.789440182403023
4.656714928163559
-3.560734073794914
9.389208817097666
-8.217449029838081
-3.655116009801469
2.699940289786591
6.443638187571191
-1.359667911170328
-10.73312747106748
0.4033422134299663
9.131847382624482
6.711382925683992
-0.9136986630956856
11.13646969381658
-6.689268547351748
4.552954668174058
-7.670852566728965
-5.246801383809801
8.436812748735555
2.424051191630845
4.562333030178833
-4.804047116515703
4.651622440102596
8.78974852213881
8.728505178513874
-2.420464447529977
9.711819882927395
9.455669553535571
-14.00075765108789
-9.330523570062121
-1.672873250417837
-8.090110702830815
0.3475203942708416
7.155720834465626
9.182153582501106
-16.3478550748073
33.35128343555429
2.850770016503936
-13.17571342522055
-20.66077350002966
-7.625081578026895
12.13228432783574
1.589854042705325
10.02748514266185
-10.88082787130774
-4.312918425222911
-8.596932803509683
3.304288652360745
9.214935614559812
11.47828102314079
5.049858173895039
16.0627881401366
-2.349752508883883
11.90122144389187
-8.14638429269055
-0.1011164998255384
4.584507116996435
11.2307892651138
8.210984083784556
4.602727172188241
9.272961237222013
11.01292999399067
-7.399610716729709
4.670234073029937
5.910646951843344
-12.00233792286832
-8.287392514080555
0.5412015759230078
15.89598883351601
14.61346601374537
-2.99994808937479
7.679298992277774
1.739968770228035
7.657650327511305
-4.31795664717689
-3.983126302871506
-9.212473915255307
7.317489731985329
7.753774209341022
8.611362030129083
5.917681533601328
3.626476973425334
11.20512596037654
-3.019805187966834
9.425828908279851
10.81872014185516
8.82859408787326
5.287444430175626
-0.2561503308606618
11.97770371466838
-2.104799182551748
8.776493019385009
6.729834004298169
9.964853273067702
10.3463179000453
-10.92064002841025
-1.470753494485816
6.366256170904531
12.91330234171421
-9.292143476679144
2.162221993280116
-5.763730565809583
-1.206859734972338
9.449886527921777
1.628496557733351
10.6567462572342
5.875099626426693
7.837009664295033
1.96191003475706
10.15067255756668
6.567647421733417
-6.1561659750673
-11.22152867516837
-3.032766149177121
9.716011231761566
4.911252853582466
14.59719307028094
6.547046169328401
8.188762524556433
16.13278152996445
-10.75108034915492
9.585735361462513
1.267697851285062
24.41614117202542
3.528412916758588
1.550733511557502
-11.17307987675662
-15.52062748666818
-8.686374020996759
-6.12043659305663
8.045267786907173
0.2346197413945852
2.565937458519973
6.355056309730107
9.032643350410689
4.138126082429442
-3.20121069459428
-5.247869710766952
8.704627986433071
8.87052016202475
12.4456341077442
7.578648989291849
8.437631098529298
8.834633188221238
-8.747578890867526
-5.239385956790432
-1.689254183749638
9.611361851193768
11.61629599882385
6.779392245056694
-19.30214134136818
-4.471735531422898
11.92822084385761
30.04629206014105
9.880295105575483
-9.616201124413815
12.74877737671091
-3.583025135285481
-19.62952244462132
4.748155598624051
-14.74834061336745
4.881181836739444
-12.72381339575457
-7.850591414572972
-5.824158668159246
8.128339026022104
6.221673025239771
-4.89451726803879
12.07173085592971
3.508192933717841
-4.417759628784657
7.058324707173159
-7.925952560667708
12.0187782011744
14.83040581016916
9.685940217044376
2.026432746934175
14.07226443858921
13.9524976951604
-23.05517861036775
-11.32149469750927
17.90689339462139
-6.312062440754477
20.81295562052815
-1.282522821288881
17.44339241178734
-8.216689839719407
1.416908964943527
11.73368391275502
-1.906665999559053
0.165892174794906
16.74311616977461
-13.64034991159745
29.22838809180025
5.085565323642113
18.7259152343526
-6.357690659597663
-30.50051342407337
11.2563209802022
-24.14282276765319
17.61401163980597
2.906062225670726
18.94606201260706
-16.02648344453729
4.479205286225809
-4.838942254968124
-9.318147544501965
7.177287738976062
2.078462593852661
1.01629637648072
-4.347547634508446
-4.866985114596786
5.812261968359851
1.39289123498101
7.960800685691645
10.67924708143421
9.633598801978414
2.148538717870465
-7.485060079458588
6.567909448237331
-5.229347612118585
11.30061603490026
-20.33395019934707
-18.32901605181421
-4.284644718558225
18.75660956923823
7.719151082263523
32.58685100753047
2.004934148098942
16.04930548066455
1.293872298148526
-4.836903753168929
18.31153956846895
26.04816713437129
-23.79657725785526
-8.183556255482316
14.85769803294784
-7.219353262815783
17.25537904542708
-22.93898943718987
36.7409257955022
16.57722399481185
0.8575878205072047
23.14844332103956
30.64709822726111
16.39995637566812
7.736627567261189
23.04125428794059
-14.75543318218541
-40.07699162998179
-38.1717891240496
44.05561507458661
-14.43208309435322
11.83763884079319
13.83024143858993
29.26690957798328
21.88322776269182
-48.63624514619374
-29.86246804962361
1.905202511830632
24.47473230801469
27.12501806153054
2.6502857535521
19.48554675040987
37.46406263877137
-14.24714185148336
-22.91047066015441
1.95722926420273
15.29674903423437
25.51783305212841
-43.38692237059099
-43.18154841352163
47.50962901431976
-0.2361706856565041
-41.53362638196139
18.11807121606861
29.5438908853856
-24.15996590031753
-31.54364771685298
35.3586935538876
-13.56513182858829
18.20253873696412
41.94224477671678
16.03999978777729
34.81377688532397
18.77377709771035
24.86769992537134
42.24416216177036
11.42581966923645
-20.16599694602441
15.43666813957453
25.23292128380684
23.56060378893995
-18.71956703799305
31.00283927087483
43.15075169255211
1.853295987919897
-20.39188453332885
-7.383681816046533
9.796253144051688
59.51865945371569
17.97851588842584
49.72240630998871
-1.672317495048602
6.583551222949055
12.14791242279861
44.05973680158562
32.85327316717787
31.76767056541446
23.73970603472467
-21.01151260768305
-32.21797624088422
28.6477776771117
26.26972193731771
-30.81834249935683
1.647922036897302
32.46626453801885
10.22108401759771
-47.74579970433737
-15.83397533110247
31.13506957965537
31.91182437759516
-19.49649622099062
-22.24518052153563
-11.20646363380442
46.9690449107575
49.65929028403515
2.690245372517627
