12.35764207243268
-5.264560697055775
2.263205119447774
-4.000667933689527
-1.310714020222252
11.57013337726535
-10.1240596271656
0.6917125080581753
50.64492574130612
37.37943113378111
46.39315316348321
-11.87260996204931
-14.37234559169171
13.13554166911936
-2.379681928943087
24.33409676755482
21.01685806410686
25.33361047307232
-30.09344763930969
-7.033323604285243
-11.68332458149927
-1.940777363606815
10.40187214422424
7.658884969578512
10.08217237968714
-10.19378457359575
-8.361553085400047
-1.804728916240419
9.835930384305827
15.65289803420971
3.107716206617821
-6.49973734808593
8.785156595650987
11.23086369412944
-10.54786764441681
-11.11329219992304
-3.034878407270726
-2.306638351406912
7.994247769371483
10.4433734435266
10.28207092001588
-6.867741449074218
2.625491708258409
-4.42203434008075
7.740461250704772
-10.30274046333206
-16.69770653004304
-4.836209332395819
8.596318067926875
3.052184956213345
9.210820900729981
15.39360108228546
7.394479760544541
-3.317238703487114
5.786147521105954
-7.999121336068039
-9.607453561179607
5.677440395509135
5.355804081795863
-10.71171846849708
-6.394966063951903
13.35492541747168
-1.133332128115871
10.72816506931647
11.3996040401367
2.660084637674284
-19.62854941911035
-25.61760228596609
4.316752409010381
11.8614971975143
-24.48427015847481
-32.36693407761864
-7.656579212718334
2.370582149432392
10.39067499941045
-2.541609656243359
7.997854828750635
13.43252740079861
0.6714389711060154
7.195220380007364
-7.38149916593445
-7.703135484096029
2.111734011924951
-1.544499540009292
12.13889536783477
7.192007127450369
-0.3216363133212541
9.493233177266404
-0.5654245551047266
-6.23730702126679
8.241229293551916
0.6145028349701532
-7.253496652274029
0.8872191894825304
-8.326785915585672
3.2466783307561
8.463559655561118
6.486401664600826
6.158635944291282
12.19566387447684
7.034295883011796
6.523781409395214
-8.739519402212443
-1.473489586464759
-5.161367991731312
-5.671882465621937
8.078413794206284
0.9589200716873195
13.2397817847786
-9.272446733197251
7.890755574101506
-8.507785468630601
35.72538289449538
20.90354236951792
16.96990087146004
-22.16634108098131
-44.94830166260464
-24.45723350894531
-3.289251950427239
-1.183838172444256
-8.63827816260569
7.739874231097154
9.316336806336645
-10.23136680396954
6.931835501615969
-8.286565470765272
-1.45353647595527
5.43223997558803
-5.349026210743705
11.02912617862594
14.82426176376077
5.610256657670671
-9.156266050278862
-2.270489599849796
-5.431964977578854
4.980859876635188
-11.01532845025998
-10.21793526378394
0.7646612643550231
1.944801332060123
4.513959900079026
0.7973931857123993
11.77998971502839
-24.29840907146251
-17.77467415483789
44.39710371194062
35.10218274136361
43.76310184930342
-38.80810806955958
5.327672249116151
26.83536494100763
10.65213010916311
22.6507365591189
-29.74918964890146
-5.287606331015573
-7.454439991595881
-1.073289261937908
-8.95403551812093
10.50017498126992
7.266029815214473
-22.28863405562802
-1.499595525978324
-9.214005106441663
-9.843401884712108
-2.984825654561734
5.599182478999544
6.387056356521842
12.35148448794394
-7.880746256886448
4.602314807374214
11.43534379855464
5.402988329291502
-7.750003704477606
-9.848525878155053
12.16273659408832
-25.09580225601837
-2.288104091696711
6.833028993665497
-14.45084068609077
-6.032355469108921
6.885776450986334
3.724301071837528
-10.24876191186438
0.5567239654316073
10.72774457728812
9.251713155834592
12.23138097196466
9.756656539973269
1.662960631887408
-13.15299203201657
-6.809436466213728
-20.2051153144283
10.41282485329793
5.094246400217521
-8.093695907228195
-5.318578451787342
6.85857623159473
0.1888358999559317
7.225106025899945
11.40540878712986
-6.842874152720935
-9.80910551259834
0.3619151018667714
-8.457181074276734
-4.27687830701112
-3.316296524849428
4.901547625041024
6.055585493858505
12.34270940767953
7.036270129974382
12.17715468253215
-13.18794230658782
-7.031710056001717
4.180302766052256
5.140884550831985
32.09397981011503
36.93635466783476
-41.9801191483262
27.1924950784385
0.1947810225789533
10.80548587762798
3.327716289484879
-12.85551853888142
-11.04349368074283
9.178425931924718
8.945453828233742
-1.079650801390551
9.371882013317574
6.156232249054205
-4.287768705497804
-8.472397096474289
-2.966231363202534
-10.44400095286627
-7.477769588474758
10.17102061210695
-21.04676008591417
-2.098522173115737
-22.47244843734236
-7.05212328277487
-3.859460249409429
18.94823791351724
-18.681300772612
-29.85198543055545
-1.425688351905794
-16.18323482836597
-4.184628386432622
-13.39567884658809
-27.93834289134888
10.02716135782399
-8.978544519769473
-2.921876070668471
-7.868764311568863
8.547462263308381
3.771467269939578
8.546991661391589
-22.01697851983206
-19.17913082697809
-2.699642621265829
-10.74601177031768
-21.57195099565454
-7.626726459596791
1.109780207874232
12.7500117924351
1.434837285967549
-7.993237230623485
0.8513773147814385
6.593713612384089
-6.218041406886793
-1.47603141858209
9.963842874831524
2.979667820760278
11.43987429054201
8.460206442245543
9.742547217891905
6.52373491780912
22.80769816364469
-14.82184052429345
-18.75548202385763
27.63691985394733
2.35770291147742
-0.6340018623410499
-39.06943146315678
-5.989052866586854
-25.2792169424888
-28.27092171664162
30.94278795460573
8.660919108946562
23.06012403528564
-22.28186884940041
-7.8826639176329
-11.17068465757472
-43.06988345003153
-4.901484732796122
28.42629707905593
-31.89919879282563
-41.42713437881515
-9.743859591368876
23.58392221720658
24.46158331979999
42.17490017090445
19.39293959994351
-13.265494606624
33.32778181297139
15.42032515409069
0.8776611045070344
-14.54266404762356
-22.78196057581016
8.736506668084678
-9.153411911480067
-1.712250125124305
4.518832349707595
8.495296453443762
-2.713060766357567
-32.65843420702026
-23.64471217605675
20.49106814786225
9.013722030603793
44.13578031900803
7.441161781471665
-0.2329721031071116
6.440351152845035
4.634729751951545
12.16249557771742
8.020092851797131
-4.94688824064249
11.46933833258017
-10.0944369529845
0.4450275249242565
8.433119056725044
3.449245480758347
-2.392820169423061
7.527765821134835
-8.046369149034492
-4.6425396622153
1.832231488195334
10.53946448442002
-4.983873576109996
3.403829486981949
-7.602688218001679
0.7850148473686525
7.259786004747341
7.743270030833109
-2.298436694271458
-7.603158822230981
8.387703063133298
-0.0004706033010715688
6.474771150573198
0.4834840268562101
6.556824176700373
-10.10501747486553
10.30522760449764
-9.484330859529479
-5.007098513503109
2.164997526326123
-4.252614243236323
-8.13595595585288
-0.3797090803273827
5.486381290366528
-8.493731922828253
9.244851767688267
6.073340154414541
9.738995534633366
-10.04170672387214
-4.241117683112693
11.64065930680101
3.665655385576619
-9.82609682922817
-1.873636915965649
8.861640381218711
2.703275378301478
8.503864417043719
-7.376971149261834
1.576462574216065
7.95245991576234
2.44912567809021
-8.563429289728207
-2.187431944382218
8.54784535773412
10.93154456243347
4.38258616586296
-3.346547968995902
6.375997342569779
5.216881322599669
10.73527730039475
7.75624687415762
2.383699202818834
-0.3577759645168803
-5.65146741846457
2.285302321331653
8.791905514796305
5.985291315954782
-2.536780491815043
-7.496094704972447
-4.932505594722657
-10.30505326650323
-2.075184576043142
3.665247743116634
4.692055252636338
6.769574372401716
-5.372547671539951
9.624560847073685
8.229868691224839
-6.548958399626672
0.115639417116547
-8.114229275284398
-1.476062219179678
5.74043231992435
3.89580503426805
1.545772774206451
8.210370594140674
-6.183361363426156
-8.160519356752058
-1.408217350490957
6.995034312814504
6.664597819799091
-7.729134135818251
6.638167057848962
-1.215336283903713
-1.97715799357813
6.752302006772678
-7.947638811767437
-5.208353284242076
11.14581530154053
2.166337698906275
5.59757507746785
-8.964925758097221
-3.000497624657838
-2.677801851292909
5.402754040629333
8.067554147007579
5.964428132106721
6.287123912642031
-7.853503343496617
-5.188703240565713
4.925273275046584
5.371867256167969
8.403251663851872
10.74535599915158
6.231082469777099
2.664800104149237
2.739285528666033
-4.514273532100104
10.11397651314332
-7.253559061984394
10.80592836339724
6.150979544784167
-3.277094965312293
3.976464099889191
-7.975003938098205
0.6206866153355834
8.595690582588094
3.758470476907179
5.800589039750973
-10.08024652480696
-5.304722129294261
4.775524394178125
7.936769741133665
-1.844627285871528
3.104326630240938
-3.938532103687733
4.130948227379197
11.27854871562785
-1.534041846288575
-10.84849433604542
5.638054251941133
-8.77097521540883
6.506603195074757
8.06948032860965
-4.832443110042758
-8.383641854337858
-6.820764726322686
0.3268357589130353
-0.2529374201177442
5.637749343854175
12.31949947535001
1.562877131077228
-2.806614196190807
8.130704437614888
7.147600488740623
-2.499735628196916
-8.140230078171086
-5.640494460668513
11.99266368959305
-4.586644849603307
-11.92795979165182
-8.076006158980437
1.884481140252042
8.699999436443415
12.22715319696607
-1.94222308240804
8.99509555267211
-10.46429489136678
-6.890725478468176
-0.4828066403473112
8.204474731261056
10.93731863342043
-8.522071807299158
-0.7906208227324025
5.890686772488458
11.54010613543526
6.545497978352215
3.573569412707754
-5.405908193333665
-4.959314211992926
-8.979477605382002
-5.548240224040681
6.40791883781579
4.637437365562177
0.4465939808270922
-5.570833464333357
-7.341314937841618
3.116447907006056
11.65887546596489
13.28664428631072
10.18567758782121
-4.654948819408149
5.327360427175548
-1.770481472281974
8.687281370112879
-4.858317160644026
3.851953632973879
9.982309247378588
-9.428074512756622
5.158876321634367
-1.347848352177291
1.213853449172396
-6.171281285302249
12.17784647787909
7.362422437840544
-4.823432930452014
8.710270790646815
3.315173451961307
-6.190728828705766
-7.549875954202249
7.209315773372903
2.792796101746411
-30.12949967209543
-5.216502561356485
37.02655743640857
-25.3814981294941
-6.984929035634013
-11.20835722611819
1.775195827367622
-7.304932028161847
8.524611577863125
1.455192844916059
-6.833243072842794
-0.6169336614564072
6.867282297908942
-4.223428194741501
8.760124866632404
0.4716889595451643
-6.600153001734146
-10.02510463314895
6.673323261603068
-2.806627177865564
4.296598464134686
1.282340790588941
7.218477459393002
-2.376724802735496
9.374125494988881
-1.012946095616658
-9.686027654954259
7.024924361350142
5.936136655340395
12.02294977110944
-13.12747104088495
4.715254844835998
-7.385134737147394
10.96399303364006
-6.260201357341045
8.190822846577174
6.086813128876842
7.103225644303001
8.542427557653021
7.336118804724663
5.649419357051785
11.02756373796283
6.681750139913353
-4.994608162967529
5.658526208323392
11.53205773745607
5.378144385962562
-11.52758525781506
-6.396750294966854
25.97793627118537
6.350130614393488
-9.977225837490741
5.742336300670257
-7.069418726501708
6.867269689007909
-1.657329286754432
-10.97545620338004
3.475567998120713
11.88486450873842
-5.466429128644889
5.666309952991818
-10.10873574913814
-0.6288598270370626
7.802585532151406
9.802284842168854
12.36317690586549
4.925895217378435
9.479875926409282
-2.742987180701521
6.216309415612179
-2.842659463849352
-8.088254474812057
-7.071841964388851
7.484215969799052
-9.058968884995739
-4.504988166553438
3.926457232967791
-2.773170185024451
6.504210383397083
-4.815424043043176
5.145063258252147
-8.524598988710274
-3.871403552053309
5.509027085081497
-9.505902279718295
-3.064342206271212
3.894142320288258
10.95036853191594
5.722688106229579
8.409296515193404
9.277380565792347
-30.79006655147471
-13.17769065292789
36.7887234528393
-11.84681262074494
0.8680840485829968
7.309644120219766
-6.218554552753561
2.507111740539731
10.63039842951838
-0.09899628828041716
9.716585071734134
1.121311689474992
-7.017600289481464
-6.783163175531191
4.653195449604667
-3.557758746914552
9.380430649818296
-8.210954213757843
-3.650362833475712
2.696263785277977
6.441560073003676
-1.359147125851318
-10.72939472283014
0.4033443468059758
9.129010627373876
6.709282740611168
-0.91381335141397
11.13273907560179
-6.684166877225787
4.553980727386014
-7.668882409179652
-5.24559501060447
8.431445390903985
2.423287404053126
4.560591386782717
-4.802532378312814
4.650266138031559
8.787030312358301
8.725666286533693
-2.419727880790619
9.708959504260973
9.452798514340968
-13.99708417637792
-9.328061444963433
-1.672423778456796
-8.087901897437485
0.3473311821477321
7.153532827371132
9.179216134343726
-16.34234710920578
33.35016849254005
2.851270956612302
-13.17272800704057
-20.65466084053601
-7.623096085220859
12.1286873832291
1.58936337071018
10.02459645217254
-10.878420869153
-4.312313731330753
-8.595273374972288
3.303277164177754
9.212459451806257
11.47558462780683
5.048722869282498
16.05893073572205
-2.349201133638268
11.89855053186284
-8.138911975408211
-0.1010415101460852
4.583346107915789
11.22786676981477
8.208860926987853
4.601667984942345
9.270690706743807
11.01020788337546
-7.397924023691146
4.669022726608135
5.909182281233517
-11.9995920294035
-8.28499297458472
0.5409636344617832
15.89066197589296
14.60851363829801
-2.998991593556836
7.676996211182374
1.739517184820277
7.655637671514411
-4.316572351877405
-3.981958520067427
-9.209638945993985
7.315287574662676
7.751361421001348
8.608729154399461
5.916120472433132
3.625514823129397
11.20212185504126
-3.019005846884627
9.423171323614277
10.81577213516952
8.825956607651246
5.286001384609861
-0.2561609909561742
11.97391449721193
-2.104090929233599
8.773669777285459
6.727794021971726
9.960487302001427
10.34267205671783
-10.91692553172513
-1.470099898499199
6.364353354121363
12.90937037695389
-9.289156716446216
2.161584452155324
-5.762002959468795
-1.206308748969501
9.446825629464021
1.627768819040453
10.65313437495329
5.873531532492004
7.834453251993335
1.960921717461926
10.14633164384135
6.565856100895908
-6.153913346850251
-11.21777696826182
-3.032367039799716
9.714513874732715
4.909966590084249
14.59510228461579
6.545017021953384
8.185409927621674
16.12774355916443
-10.74778592522175
9.582726537669448
1.267399260859244
24.41005055941842
3.527153760786999
1.550359420344494
-11.16941002218011
-15.5152235999614
-8.673081578036568
-6.112189538900438
8.037870461713526
0.2344371017527911
2.560892057834794
6.346626625254103
9.029830768180311
4.136764174519667
-3.200244719414376
-5.246120475557194
8.701798472265558
8.867689053409901
12.44217717753962
7.576607033385977
8.435233080523991
8.831884952009899
-8.744926332178355
-5.237858591319836
-1.688700120133138
9.608545974899442
11.61296025636962
6.777326595740946
-19.30064481256206
-4.473320791297827
11.92751234869073
30.04470527487755
9.879709696380854
-9.615509117860331
12.74688091194659
-3.580475542607864
-19.62780566085322
4.748001547713998
-14.74721725540535
4.880588408824531
-12.71976944707948
-7.847952111527815
-5.822268805694859
8.125650140273933
6.219597893645957
-4.893066593913713
12.06793377231197
3.50706774104406
-4.416519672395787
7.056226211661341
-7.923587412376012
12.01518518646843
14.82732402142354
9.685135694741231
2.025683306269785
14.06755000436658
13.9479189465721
-23.05412879140188
-11.32198939198718
17.90436275112983
-6.311955567834072
20.80831104854362
-1.282148338576401
17.44055633371293
-8.213665763728535
1.416557366992038
11.73213939948317
-1.906052245821052
0.165890580521491
16.74217322396028
-13.63819164489263
29.22635214290006
5.084513028659162
18.72270467304985
-6.357058426914602
-30.4988975389787
11.25531747162975
-24.14183911401484
17.61237589854713
2.903948297290811
18.94325393124636
-16.02399896540992
4.477232362630094
-4.837220134834797
-9.314452499603187
7.172096069029632
2.077519120201036
1.016412510781054
-4.345813592864597
-4.865570141845607
5.810417663575045
1.392600812434451
7.958707953134295
10.67598780452913
9.63022312910846
2.148290289904188
-7.481932836349925
6.566107139159278
-5.227680425806565
11.2972460948815
-20.33238472798198
-18.32797044659363
-4.284546587795438
18.75383657952577
7.715592381812602
32.5835122890862
2.004414281964543
16.04783814005719
1.293441579761733
-4.835633660123285
18.30701763919815
26.04356282870834
-23.79450148221926
-8.182737189380529
14.85564597855905
-7.218218838937191
17.25230617425395
-22.93713374882069
36.73665624991388
16.57628264316836
0.8573677332276691
23.14265129881598
30.64742096457921
16.40083314037258
7.736545190879589
23.03838316745923
-14.75439655990719
-40.07840155033238
-38.1728031114389
44.05230288978891
-14.43256478963731
11.83677576167189
13.82967570985146
29.26533102721128
21.88101027149544
-48.63553607299425
-29.86106227581891
1.905598442533991
24.47052501307707
27.12026661654077
2.649741603484991
19.48435007600529
37.46352103553079
-14.24658782410489
-22.91087577384846
1.957044132529073
15.29602764690624
25.51689210150064
-43.38707841174314
-43.18167585741481
47.50722132358761
-0.2361488557373659
-41.53370231852328
18.11719292610715
29.54261547069637
-24.15919827330699
-31.5435190302141
35.35953587956543
-13.56434807073844
18.20231265017621
41.94255097820078
16.0393056344716
34.81377943218345
18.77447379789422
24.8679199073845
42.24305999772699
11.42542254450922
-20.16499557325002
15.43565531754721
25.23172323646392
23.55984796997858
-18.71949518728025
31.00317104606194
43.15092956072597
1.853376092779167
-20.39137045414363
-7.384320756461171
9.796067918729818
59.51873415242603
17.97917095960624
49.72266623402642
-1.671875266670371
6.583015098804337
12.14775851534877
44.05844844389442
32.852355655735
31.76666072081207
23.74023832491324
-21.00943434508253
-32.21552713248668
28.64449123195588
26.269340552657
-30.81763745744087
1.64797354216262
32.4656110007132
10.22086445430759
-47.74337018203414
-15.83268025692853
31.13129140571494
31.91068992781409
-19.49521880868048
-22.24474654711553
-11.2060927877817
46.963971662643
49.65392557657464
2.689953913467236
