12.37484630209645
-5.271020441016953
2.266453128516301
-4.0011220506325
-1.310259903279301
11.57793740301994
-10.13265598316903
0.6922953575942302
50.65105744859173
37.38422596441058
46.40005501045664
-11.88090011309484
-14.38579119384824
13.14847542994927
-2.383723844961299
24.33784253055906
21.01703067159973
25.34156741980197
-30.09939857162047
-7.035006724763135
-11.70033922668768
-1.942131401578972
10.43074303384433
7.675768346972577
10.10161989957888
-10.20472772088699
-8.369414170844331
-1.806085392771502
9.855510458008153
15.67170177596887
3.112386311513015
-6.506198197228649
8.794859383692108
11.24421521158584
-10.5630865420176
-11.12918795600561
-3.03934773133569
-2.310139888309308
8.006469936834351
10.45953577685237
10.29611483755907
-6.876842423326613
2.629232354135854
-4.427486564383422
7.751036896884904
-10.31321058917471
-16.71412820108713
-4.841521322657766
8.606313547353103
3.055493085962043
9.221678177781172
15.41240092033578
7.404642466830266
-3.320811858998381
5.793816392540946
-8.007758495726875
-9.61858452779472
5.682473091232287
5.360945173325335
-10.72545433896603
-6.400917603783593
13.36870366861211
-1.135050722682718
10.73755615408343
11.40917586865331
2.662569636856297
-19.63810871995497
-25.62745938436826
4.324536748319781
11.87260687754102
-24.49240866330794
-32.37657414536123
-7.666882486115708
2.374525419910407
10.40859739174414
-2.545077901880273
8.010476016083137
13.44783487241464
0.6716197153630665
7.203258463095252
-7.391407017262298
-7.712934949689567
2.114667820021603
-1.546749860509376
12.15607570848267
7.202185715866029
-0.3215279174669951
9.506074836550898
-0.5661014117261097
-6.24457641172275
8.252946653461903
0.6153646374076119
-7.26447322731094
0.8885920768686435
-8.339307355592476
3.251647450462572
8.476454995289414
6.496170995155425
6.166185090368378
12.21011374840853
7.041819335252628
6.531638748603203
-8.746606230451507
-1.474953499216908
-5.168294414204086
-5.678474999901104
8.089840230734669
0.9598881835435635
13.25813464272161
-9.28222340590813
7.901508249264288
-8.516772831745946
35.72873375238481
20.90625832182772
16.96809484422655
-22.1699597680653
-44.95578042000541
-24.46167138153487
-3.294212370223158
-1.185567683389632
-8.650838770398916
7.751605312366315
9.330552981088308
-10.24211158647697
6.941620063789584
-8.295455270963444
-1.455636529386746
5.439743936606567
-5.356626395208533
11.04581767428313
14.84651595870661
5.618616523343075
-9.169077043380153
-2.27369657948362
-5.439859992472305
4.988256407915774
-11.02373062952924
-10.2257496423605
0.7654505752143311
1.946656311942809
4.51752847806415
0.7979809848150149
11.78918120634412
-24.30520827730661
-17.7831498753022
44.40013843137417
35.10381020242167
43.7661959960295
-38.8111021987987
5.329254681009282
26.84487619575219
10.65608679990052
22.65888509282777
-29.75479503045198
-5.289781357471592
-7.465271091976415
-1.074834124013995
-8.967147221429995
10.51612067133516
7.271652729168835
-22.30067835481027
-1.501876127232001
-9.227899436728483
-9.858259543728682
-2.989235588648393
5.607578928708125
6.396465981839536
12.36980529573967
-7.892313100587366
4.606583273817417
11.44640200573125
5.406898688090676
-7.752955319388454
-9.85586735859729
12.17240594967283
-25.1031892601664
-2.290044686366419
6.839818738005653
-14.46245063555533
-6.039503316331457
6.895380464945005
3.729217048943299
-10.2581560851733
0.5583924224728286
10.74291290951212
9.264516972821625
12.24832917160458
9.768720362544801
1.664343142184746
-13.15985400262439
-6.81418887131354
-20.21563056499079
10.42811639830233
5.101368949381975
-8.104377218212724
-5.326747444860628
6.869023958571391
0.1893346040206887
7.236367465613398
11.42313291740137
-6.852172911606217
-9.822377276034079
0.3621432176777308
-8.470128807476252
-4.283363335550054
-3.321390290949985
4.908836698063364
6.064311299649268
12.36019258455204
7.047032873500365
12.19577139986926
-13.20574616544716
-7.041507524923425
4.18676546775658
5.148738520383511
32.09854757476862
36.94146529136641
-41.98633583945505
27.19630038837728
0.1947302218031648
10.8165485085429
3.329973375250064
-12.85881601037627
-11.06098968613915
9.192200031742704
8.959596809447884
-1.081758338971573
9.385701575951316
6.164238635272095
-4.292540880165027
-8.478532009554803
-2.970204373724653
-10.45677951127064
-7.486575134189596
10.18452048767178
-21.05497171913526
-2.102912036068168
-22.4808691868971
-7.055776563811269
-3.861084886199069
18.95205968459454
-18.68356031349744
-29.85596103662309
-1.425897469009138
-16.18878938562608
-4.185991116157131
-13.4014416897341
-27.94866645387177
10.04140789336874
-8.992166331702117
-2.926922776851986
-7.880812771795005
8.562229099015564
3.7775093216772
8.56141482447158
-22.0457278332798
-19.20044574163404
-2.694750551335233
-10.75271124756819
-21.5985671117692
-7.637582018234719
1.111353558943933
12.76967565884156
1.438052266571429
-8.007418009792644
0.8526067221038846
6.607394925923656
-6.23025861790792
-1.47839592833703
9.979231333582629
2.983812212428671
11.45762725356605
8.473814959989388
9.758207825108141
6.522058403988638
22.81314457231926
-14.82247542885592
-18.76063890986396
27.64157977387081
2.358882457789076
-0.6339424344382052
-39.07088375128859
-5.989350663547807
-25.28269731555806
-28.27552220952605
30.94855733012645
8.662385796699661
23.0643918476536
-22.28617154431909
-7.88416547751925
-11.17240072168269
-43.07621808864948
-4.902247189795447
28.43006356920733
-31.90381736840963
-41.42976622128896
-9.745164908803311
23.58714584090286
24.46501367855846
42.18106606125726
19.39524544076743
-13.2668314814864
33.33231076240681
15.42509262149372
0.8778678432331192
-14.54722477247575
-22.7858206348042
8.748935578487174
-9.16559980266867
-1.714243907897972
4.525271110888104
8.506519290384206
-2.716699061243323
-32.66207692359625
-23.64624787377543
20.49410902141786
9.015829048741379
44.14035688073167
7.45135588112526
-0.2326032195607838
6.44890076237706
4.641049825372551
12.178523422474
8.034071976491814
-4.95388999377989
11.48915187210574
-10.10839317357977
0.4471607236089115
8.447734494262415
3.455079895586825
-2.398121372233617
7.537473583317511
-8.057960696199881
-4.648624533665346
1.83531355004224
10.5555539164567
-4.992654598752862
3.40933616307352
-7.616040678131224
0.7859500901497222
7.269888194556901
7.753496043371477
-2.303304400100902
-7.616854959461924
8.401990762086083
-0.0008142788016140402
6.483938084246531
0.4836078510321389
6.56332879999562
-10.11754878380575
10.32717311024487
-9.499305099337445
-5.015971683949393
2.172190450751382
-4.258533548239824
-8.148559486953831
-0.380557950774875
5.495039106742982
-8.506409249877228
9.258116818422597
6.079720962548146
9.753572658253221
-10.05680044009489
-4.24787571111924
11.66159586926214
3.673851712075473
-9.842139095490197
-1.876936237155301
8.875157320392416
2.708382843816857
8.517307566777866
-7.389073239550862
1.578947664794864
7.965202866423756
2.453065850300261
-8.576830226082743
-2.19057501217602
8.561518559641053
10.94827992494172
4.389035970738925
-3.352022694028272
6.386255205556082
5.224807537089059
10.75209356743481
7.768001532605555
2.386761359736393
-0.3578497557632716
-5.661145626660836
2.288500098923368
8.806978489741619
5.99595263254065
-2.540603150361275
-7.50877507494115
-4.939659147312888
-10.32089931909379
-2.078772434197932
3.670780106762796
4.699015616787334
6.77955886247156
-5.381240171649409
9.638674765084366
8.242126885332748
-6.559243962130854
0.1153241066804235
-8.12680278103349
-1.478801315748865
5.74955254139739
3.90192309421579
1.54847761870855
8.223045695621016
-6.192581052117939
-8.172865057993352
-1.410638697877828
7.005155309159859
6.674568076739033
-7.741058666845666
6.648001468232303
-1.217890391085649
-1.980284007352233
6.76222636188253
-7.960955801561695
-5.218121595785319
11.16608800584162
2.170110196891022
5.607907305152608
-8.977945463104932
-3.004606145063953
-2.682064195968722
5.41118786792288
8.079376634817264
5.973339313455019
6.295881282037567
-7.865891862265246
-5.197703105310272
4.933362904187669
5.380724416940978
8.415794008538585
10.76144083310109
6.239515004126768
2.668188759502124
2.742834210631867
-4.521925836111526
10.13106600397573
-7.2647600531143
10.82602890690674
6.16195836012912
-3.283511894456048
3.981248168736206
-7.987744206465819
0.6182436844677903
8.605987976031653
3.763077711570327
5.808924725968296
-10.09745607630007
-5.313550563702282
4.78390550825675
7.949645729671361
-1.847629446392105
3.108778756460462
-3.944583689158448
4.13919865256772
11.29850380838097
-1.539750119883508
-10.86599390857155
5.64841218592654
-8.785450663232179
6.518478394727659
8.083782334579983
-4.84086696972112
-8.397434833165052
-6.832130909965595
0.3271742359049024
-0.2539976284877299
5.642189355976513
12.32924174348148
1.565303932705781
-2.811025849625741
8.143437214021136
7.159305156786091
-2.504891076800577
-8.154982659493067
-5.65009161339709
12.00206742823199
-4.59327788440936
-11.94507002726656
-8.086796629935399
1.887235514220929
8.710116235403484
12.24114330948072
-1.945822324613076
9.008640740463013
-10.48237810799217
-6.901933724564085
-0.483226524024228
8.216694547830814
10.95446306165179
-8.536555779955039
-0.7919461994904902
5.896187009977242
11.55228625116692
6.552860047418137
3.580444380053557
-5.41553343472432
-4.968171921157785
-8.995977814201341
-5.558180701781056
6.418707198536098
4.646267745592585
0.4473615118393571
-5.579352672127908
-7.351792128242312
3.120568397796645
11.67338580226009
13.3033941201814
10.20444844345321
-4.664070549972303
5.337893049205492
-1.772439452238354
8.699921066048192
-4.866555395164323
3.858273397950475
10.0019636023725
-9.445470263861491
5.169342645981138
-1.350914261977464
1.217401535585358
-6.183535240409256
12.19717411095093
7.373914525013902
-4.83262096979932
8.724828786404206
3.318226173517653
-6.197246306156337
-7.558012975829132
7.216236102502073
2.795894818901019
-30.13407165908538
-5.217241835218804
37.02962210816927
-25.38557484828637
-6.99540443641443
-11.22321836877513
1.777159405913189
-7.313667302876524
8.541761949728887
1.458896573372164
-6.842615655237859
-0.6198765532056317
6.87928390386275
-4.227813943856291
8.772563856355987
0.4710516607946297
-6.606508967185168
-10.04135515758719
6.681503997780188
-2.810441267701892
4.302809000198599
1.2843929090266
7.230913900724746
-2.378695011833327
9.396859667652249
-1.014985390725005
-9.727857921121007
7.045807181668367
5.946520952254806
12.04375138240232
-13.155725006751
4.725159856579557
-7.400936784626996
10.97977258944875
-6.272297326406964
8.203692128091628
6.097230467649371
7.113250274255626
8.552817399603326
7.34480625889907
5.656099222900955
11.03826794875651
6.687052412229697
-4.999426223129528
5.664744386772497
11.54306038752305
5.382168740028201
-11.54091325792059
-6.401578505195549
25.98572647977139
6.352182271784401
-9.989367128590482
5.754788212971967
-7.082865356464033
6.883427696211818
-1.662478066080338
-10.99745718653182
3.478532262111264
11.89720673101628
-5.472164412245669
5.67233410414344
-10.10142992783607
-0.6299297102889823
7.81828660236661
9.808191263096798
12.38426438904455
4.920395330644949
9.471500229936002
-2.754974704839777
6.222739115187812
-2.844061885645343
-8.093580432416328
-7.077560638461391
7.499160487611247
-9.066801018776822
-4.515696095748289
3.932520333129607
-2.776080456124766
6.51153922639998
-4.823259591849845
5.150772558186884
-8.545905799802545
-3.882117169449561
5.52529280340764
-9.515472479075903
-3.067473727962391
3.898009927263919
10.96067496333812
5.727914813128275
8.418674481136076
9.287619676765241
-30.80095044366957
-13.18323442510682
36.78991318287557
-11.84852239265804
0.8689451907819976
7.316943937109227
-6.224872618970932
2.509725053126939
10.63857574683057
-0.1025598179156461
9.725078464782275
1.124447078999429
-7.037621547991992
-6.802708640866404
4.663788667863246
-3.566640183657349
9.407410008159998
-8.230428900966576
-3.664451093912765
2.707261249244244
6.447998750056329
-1.36076667107932
-10.74113557909946
0.4033629039904355
9.137960541587248
6.715918976617239
-0.9134972627334546
11.14449849936055
-6.700148793843986
4.551104950926758
-7.675370066011236
-5.249518546813133
8.448216404791564
2.425851534638574
4.565977824396818
-4.807218880252811
4.654467785843636
8.795388541393852
8.734597653867764
-2.422041548449582
9.717836877522551
9.461686660792134
-14.00864845052021
-9.335820355894864
-1.673849609690076
-8.094824559826021
0.3478999368388673
7.160249837548223
9.18820661319551
-16.35954612675118
33.35399472768427
2.849752180384562
-13.18205823484834
-20.67369363473298
-7.629416220402269
12.13987842171019
1.590886917929332
10.03361141943858
-10.88564204526928
-4.314147507982483
-8.60063136404823
3.306479212444217
9.220303127932258
11.48409173904586
5.052321585015133
16.0711022294562
-2.351052485983461
11.90711055475757
-8.162068615981093
-0.1012760183282231
4.587010490411029
11.23705111750053
8.215544748036546
4.605012341686175
9.277840407115558
11.01878069458206
-7.403374132233073
4.672828080027497
5.913823896941561
-12.00838653515334
-8.292422155280157
0.5416773010244553
15.90697356733737
14.62365721152184
-3.001914075338303
7.684057477470823
1.740940311838361
7.661970760001661
-4.320814535087009
-3.985570619857754
-9.218330771202433
7.322088160519353
7.758849917527224
8.616870628670309
5.921030404978576
3.628534269603435
11.21153848801283
-3.021506381442256
9.431450331025029
10.82495134060664
8.834099452647164
5.290508089327371
-0.2561502190823061
11.9855068672639
-2.10626699800911
8.782286773416912
6.734039676144535
9.974032152902668
10.35390779535467
-10.92827657534626
-1.472117060480374
6.37011963923328
12.92136012580239
-9.298268272917978
2.163559541828513
-5.767241208660672
-1.208011127583095
9.456159504232085
1.630008313061624
10.66417062165256
5.878316010276365
7.842236697649413
1.963920682041985
10.15942693902415
6.571638314498372
-6.160891633499469
-11.22955915222509
-3.034052889784861
9.71970790245455
4.914266879891922
14.60228786583122
6.551240483840408
8.195506259774424
16.14382603414906
-10.75780058531109
9.592585551897677
1.268396149910005
24.42874393461401
3.531027074446166
1.551546129356162
-11.18098380339275
-15.5321992805936
-8.712872585524636
-6.13679953229169
8.060792586642119
0.2349128718960543
2.576073108361315
6.371712360499901
9.038436993130588
4.140920756367316
-3.203220092790791
-5.251467191683306
8.710510953311383
8.876444360247211
12.4529567331915
7.583004222546183
8.442724499087333
8.840306676704452
-8.753022276533891
-5.242562802057072
-1.690357242386558
9.617301537630343
11.6232524705141
6.783633935456181
-19.30583189185441
-4.46967351003022
11.92984850298336
30.04998326565868
9.881650222251226
-9.617810905482838
12.75376078460982
-3.587788623542524
-19.63354421996646
4.748496825773849
-14.7509642697181
4.882579960102631
-12.73252994616571
-7.856029815594538
-5.828073042566242
8.133905096996774
6.225950098245018
-4.89751623641459
12.07966445198149
3.510459472988753
-4.420341284225665
7.062665035112722
-7.930800753779629
12.02619673667426
14.83615838218146
9.68802098656688
2.027956773721836
14.08197991175298
13.9619781413207
-23.05720814982576
-11.32019281035977
17.912869528621
-6.312296960559673
20.82315890114436
-1.283316358446235
17.44950626564459
-8.222916087235177
1.417695841039078
11.73701533900693
-1.907954996665434
0.1659334057784999
16.74491118895023
-13.644970334323
29.23306233841544
5.087852293799196
18.73282262643657
-6.359032518592507
-30.50424255640698
11.25868349995767
-24.14521004353288
17.61771601856322
2.910289372052482
18.95242805252892
-16.03181042023462
4.483333463201409
-4.842910349558919
-9.326243818332786
7.188162220255624
2.080543245511874
1.016019793912451
-4.351215521488244
-4.869952503583477
5.816019051821632
1.393501012078324
7.96499555761335
10.68597155257475
9.640611923366198
2.148976506732232
-7.491635408259415
6.571494541128594
-5.2327601507774
11.3076587801972
-20.33792432936021
-18.331973396606
-4.285460176697911
18.76178638675389
7.725946039956657
32.59381416452721
2.00595093329955
16.0524641525483
1.294782468114174
-4.839618534267951
18.32072925161273
26.05791943683871
-23.80061371724086
-8.184911322753761
14.86233524136325
-7.221635933560342
17.26220694203185
-22.94259300647596
36.75039170458685
16.57897778321636
0.8580207106332484
23.16034778509059
30.64803308098002
16.39952201340845
7.737190186563233
23.04724656360846
-14.75768168422277
-40.07446708292444
-38.1700850786843
44.0627269734748
-14.43120700551239
11.83948778427059
13.8320277780846
29.27142360746631
21.88805646335484
-48.63843557377216
-29.86573630787831
1.904382014816084
24.4838428751275
27.13545586212818
2.651612987068445
19.48818476286685
37.46645093680757
-14.24851106744584
-22.91084289458287
1.957025229049659
15.29840402229445
25.52004800856292
-43.38696428470223
-43.18164290776402
47.51493416665598
-0.2362086185336382
-41.5338192370325
18.12013476218063
29.54691508937236
-24.16178919250711
-31.54515633797132
35.35740098317945
-13.56689016422419
18.20322816575155
41.94210625692112
16.0421386819931
34.81483794977601
18.77269926790768
24.86786812466143
42.24686394326007
11.42678032711027
-20.16833302804223
15.43939582955012
25.23623796444971
23.56302278054246
-18.71990309637892
31.00244494228513
43.15075567979046
1.853145046402908
-20.39311828094354
-7.383367144886537
9.796842134731708
59.51919017510809
17.97826617397145
49.72234804068989
-1.673215184082173
6.584705273759811
12.14831073953158
44.06269373920103
32.85540007979603
31.77011832976461
23.73887808217082
-21.01594554467333
-32.2232392019366
28.65480537871612
26.27069479366026
-30.82008362835845
1.647823680348863
32.46790731182874
10.22164398595274
-47.75114279297413
-15.83675980323409
31.1431289700571
31.91438299752366
-19.49946111161324
-22.24626332782872
-11.20729365833418
46.97988877329096
49.67075092201694
2.690862147353155
