12.37641380291327
-5.271612772012332
2.266748268528992
-4.001159020812169
-1.310222933099634
11.57865892434371
-10.13352747977581
0.6923522251863471
50.6511563859256
37.38432730091349
46.40027125652012
-11.88166438588829
-14.38699609938268
13.14973300385084
-2.384093331003297
24.3379727077097
21.01684116953994
25.34207440801964
-30.09964876522712
-7.035092527670857
-11.70185889083473
-1.942232294988908
10.43337920423891
7.677356273841434
10.10345400753093
-10.2056346738609
-8.370063607800015
-1.806194276198092
9.85730303156336
15.67340503354605
3.112808413592317
-6.506770236712782
8.795737125644871
11.24542115227143
-10.56447187384959
-11.13063488387007
-3.039754845740286
-2.310458003151269
8.007579391842127
10.46099926660607
10.29739794603795
-6.87766794077892
2.629572753700204
-4.427983881275014
7.75200373829685
-10.31414715392616
-16.71558569581205
-4.841998769010265
8.607222349422111
3.055793630423181
9.222664884717901
15.41407253680021
7.4055402058629
-3.321131538208811
5.794493866323541
-8.008532375637214
-9.619578670476528
5.682928732224148
5.361408402239499
-10.72667175797802
-6.401438533280722
13.36994077742911
-1.135198440989734
10.73838848402021
11.41002328677546
2.662789524537883
-19.6388213380483
-25.62813984090764
4.325233238603562
11.87358692584632
-24.49294140162911
-32.37716693653418
-7.667825195184157
2.374880382309368
10.41019683049128
-2.545394166658983
8.011615394028587
13.44922112100686
0.6716348035936718
7.203985946248801
-7.392305458478839
-7.713825803875764
2.114935299317238
-1.546954552416012
12.15764085823891
7.203113165145435
-0.3215203295372018
9.507240757051266
-0.566163007593855
-6.245235177332129
8.254013870382536
0.6154425427033688
-7.265469455824943
0.8887141718721855
-8.340446111023269
3.252099160129409
8.477617717856887
6.497052108103976
6.166871252734853
12.21142331318359
7.04249832574911
6.532351143559197
-8.747233760794625
-1.475084503964649
-5.168924988551576
-5.679072169681456
8.090880044594671
0.9599715738268303
13.2598050308345
-9.28310135207763
7.902486077207775
-8.517582826823091
35.72866825781257
20.90627820915717
16.96772627302341
-22.17004010694111
-44.9559633029393
-24.46178920613888
-3.294663041211868
-1.185724864744615
-8.651982002019235
7.752671211636763
9.331843737111246
-10.24307292274642
6.942514501348548
-8.29624926496472
-1.455828151388757
5.44042907406885
-5.357318955526945
11.04733424406208
14.84853849695568
5.619378210991916
-9.170244939639487
-2.273987716366994
-5.440581013038319
4.988927500148136
-11.0244429695609
-10.22640011304225
0.7655185264191721
1.946823653995055
4.517812244002721
0.7980428540234809
11.78996149768623
-24.30565087195871
-17.78379861499817
44.39991467250834
35.10355652960778
43.76598901201866
-38.81096918125913
5.32934710648504
26.84560737642046
10.65638789268379
22.65951009507206
-29.75502714132036
-5.28993358024197
-7.466257142554964
-1.074976650673991
-8.968342572261591
10.51756860910062
7.2721492546279
-22.30161086051
-1.502085427336928
-9.229160287419608
-9.859610989331728
-2.989636881574653
5.608337947234185
6.397317721654057
12.37145934599896
-7.893365924977591
4.606950326350471
11.4473714297268
5.407221424293215
-7.753158734933184
-9.856457102131548
12.1732237621512
-25.10369372395589
-2.290183670255038
6.840421109788982
-14.463407431852
-6.040150004021393
6.89625722436513
3.729663924538187
-10.25894820786976
0.5585473172943964
10.74428986914373
9.265679645919844
12.24985968961005
9.769813925673221
1.66446736514376
-13.16038015409576
-6.814569993949554
-20.21646280061899
10.42950851099611
5.102015068030217
-8.105346558267012
-5.327493438659754
6.869974111428966
0.1893834603104949
7.237394856163048
11.42474369732241
-6.853015299433289
-9.823582198979674
0.3621603599038546
-8.471307762836474
-4.283958900281735
-3.321851635456238
4.909501077504292
6.065102988993401
12.36178198802311
7.048011408461791
12.19746754628385
-13.2073616240346
-7.042398769571407
4.187348858120513
5.149456131456755
32.09861544190919
36.94152289711175
-41.98644700029322
27.19635164475283
0.1947332637170533
10.81749552611122
3.33015954990453
-12.85905992300657
-11.06258332302646
9.193459975758671
8.960892165495984
-1.081953814668853
9.386954608978758
6.164962848880347
-4.292940045584112
-8.479037354943838
-2.970566909374279
-10.45790289007733
-7.487335977153737
10.18574255251589
-21.05561318649061
-2.103298363828313
-22.48151490293728
-7.056082648064366
-3.861195226289392
18.95231482426168
-18.68358527155396
-29.85602139487701
-1.4259017177625
-16.18921947291082
-4.186097295354115
-13.4018928025203
-27.94944367909595
10.04270556409584
-8.99340092348076
-2.927376838412366
-7.881904533991819
8.563548008609299
3.778056333911472
8.562709072345186
-22.04808364138924
-19.2021582086754
-2.694045680696489
-10.75311306936591
-21.60073963929677
-7.638571329963904
1.111496388469825
12.7714572630979
1.438339363748114
-8.008708190637574
0.8527196361323907
6.608637730809151
-6.231357267258881
-1.478610214382292
9.980629493965051
2.984180058137465
11.45923969950554
8.475059555454466
9.759626595845249
6.521852259015951
22.81351005214862
-14.82239004686368
-18.76094198657358
27.64174214245302
2.358947894507337
-0.6339256595288735
-39.07056756699966
-5.989318501940823
-25.2827942473737
-28.27566780327596
30.94878177374653
8.662432485688123
23.06455623840012
-22.28634929958658
-7.884225530102301
-11.1724361217846
-43.07631831478579
-4.902263800763679
28.43011967881349
-31.90388219453959
-41.4295154744338
-9.745171258514857
23.58721221123013
24.46509356698252
42.18118026400928
19.39525710131049
-13.26682908215767
33.33238348318437
15.42543225318155
0.8778813616559328
-14.54755088540048
-22.78592317785511
8.750067719804896
-9.166714937000755
-1.714434017793747
4.525852630655642
8.507549941554133
-2.717027527970314
-32.66208618488985
-23.64614222528487
20.49417407874681
9.015943958461561
44.14031628872054
7.452280904780566
-0.2325678073331042
6.449687431158512
4.641626508752323
12.17998757848931
8.035316453092502
-4.954527694336521
11.49092484304951
-10.1096655343839
0.4473440043111965
8.449045139517784
3.45560838992966
-2.398581432840223
7.538361055139313
-8.059067388634944
-4.649231018921248
1.835571066060476
10.55700955909758
-4.993436749659589
3.409836370286026
-7.617234057533698
0.7860390692371764
7.270841176138301
7.754436801761583
-2.303729859946167
-7.618073000981559
8.403273120224622
-0.0008389407772495843
6.484802085554059
0.4835956279693719
6.563869354805618
-10.11907122890009
10.32904380464959
-9.500941234822376
-5.016919760778631
2.172757735601941
-4.259041706898249
-8.149682845158971
-0.3806273508867518
5.495772318590815
-8.507539098674217
9.259319447327304
6.080273741208943
9.754814028969715
-10.05816665813414
-4.2484974017968
11.66349732732927
3.674540305123099
-9.843582555666206
-1.877233136961614
8.876358731326798
2.708833237755204
8.518502487713235
-7.390162664083386
1.579172521289409
7.966349427289655
2.453419885609709
-8.57803077915877
-2.190853860127787
8.562738023254669
10.9497787140484
4.389614856486316
-3.352512234974765
6.387176910185364
5.225518549498478
10.7535918787673
7.769055490494011
2.387040684906133
-0.3578562459289121
-5.662096378676299
2.288822653477569
8.808444937227932
5.996976380109437
-2.540975306611711
-7.509991116094628
-4.94031208215519
-10.32232688649935
-2.079082269523971
3.671316622362093
4.699634710540058
6.780511885514123
-5.382014804234338
9.639946793806095
8.24324461736974
-6.56016386591677
0.1153009494517594
-8.127943670395389
-1.47903631176715
5.75039889228019
3.902504155956117
1.548717909245655
8.224182733139601
-6.193409188560978
-8.173974804353223
-1.410853412878592
7.006071785501502
6.675464823722913
-7.742127093636933
6.648907361672538
-1.218110952436718
-1.980565617379675
6.763121393351736
-7.962177699378467
-5.21900434096753
11.16797593966266
2.170453894875046
5.608864562220822
-8.979121925173775
-3.004980296502791
-2.682442944861763
5.411944908172032
8.080450954293232
5.974141623798623
6.296678996015802
-7.867018317153185
-5.198512281531857
4.934119324341016
5.381540475065176
8.416925199962876
10.76289390159504
6.240286632937786
2.668506038275357
2.743173363581053
-4.522607276186219
10.13263160006361
-7.265780646585235
10.82786890952002
6.162964173542367
-3.284083357740131
3.981697299524496
-7.988957074377881
0.6181299940772143
8.607087158541852
3.763547128666351
5.809669253147629
-10.09899589438984
-5.314343145642971
4.784652744139499
7.950919036494436
-1.847894735430997
3.109195263871464
-3.945219556064166
4.139963124293391
11.30037319422734
-1.54025888511467
-10.86782050411576
5.649418792398641
-8.786943329567451
6.519622287867652
8.085182672789147
-4.841723768906523
-8.398755731419005
-6.833195364146943
0.3272146952350077
-0.2541190951598996
5.642588890235216
12.33011763165109
1.565560377352743
-2.811468549101265
8.144636646125798
7.16041007095864
-2.505331709314814
-8.156286069047225
-5.650954392216633
12.00290285239796
-4.593901192073433
-11.94672353630486
-8.087856045273561
1.887492690291304
8.711088287078081
12.24248651055433
-1.946153296334366
9.009951900323156
-10.48410498345146
-6.903019886336295
-0.4832791863801296
8.217868398441386
10.95610519308457
-8.537951683544328
-0.7920835092274324
5.896708012413121
11.55343449345768
6.553547351150848
3.58108509344918
-5.416436957412264
-4.969015805849017
-8.997522050277594
-5.559111378617874
6.419740697791157
4.647090922819229
0.4474211497415185
-5.580172550400895
-7.35282232869777
3.120975032329287
11.6747735140681
13.30498947952943
10.20620229731206
-4.664904739364665
5.338865355816874
-1.772649774192919
8.701147578625919
-4.867336942477887
3.858867491674547
10.00377009856856
-9.447047541132809
5.170298352950827
-1.351191675775021
1.217711795428242
-6.184663444691305
12.19900979473317
7.375012752006012
-4.833471759776838
8.726204427098249
3.318529340749683
-6.197881734644015
-7.558801619570239
7.216909400484754
2.796192200187179
-30.13439074053433
-5.217289851754678
37.02978157367058
-25.38586190055304
-6.996351520213397
-11.22457748763507
1.777350938322614
-7.314487167123847
8.543292269361345
1.459215327430691
-6.843485634200205
-0.6201231136014098
6.880368492996734
-4.228225979569389
8.773702473479814
0.4710015468738045
-6.607102737981997
-10.04284598982631
6.682255255246153
-2.810788630117422
4.30337852403899
1.284567086874147
7.232057371146902
-2.378876746264951
9.39898914948777
-1.015159657925396
-9.731328202954199
7.047722261644693
5.947490242520493
12.0456863885215
-13.15829336327467
4.726065774974717
-7.402375249258911
10.9812980141821
-6.273418171615642
8.204917169495712
6.098196185675096
7.114167160872476
8.553798476565921
7.34563087310644
5.656726461660091
11.03926021045708
6.687528767584328
-4.99988716288111
5.665328022078902
11.54409399897746
5.382533763778762
-11.54200054027875
-6.401917528585754
25.98632060895031
6.35233858451718
-9.990338115638377
5.755918104346326
-7.084076920855929
6.884875208425407
-1.662923797760273
-10.99948395032479
3.478851384601704
11.89846660801984
-5.472747054475481
5.672944793798385
-10.10081388824926
-0.629975565375108
7.819819126367909
9.808971681055938
12.38631241026253
4.91996787396936
9.47083833597341
-2.756022949430955
6.223362534548563
-2.844182100713936
-8.094075257902512
-7.078104296003537
7.50049163891916
-9.067544654316444
-4.516674167332886
3.933120647382426
-2.776380839162827
6.512271576244197
-4.823997048908731
5.151351692873797
-8.547799045841185
-3.883095057975313
5.526736926609121
-9.516411074827582
-3.067777280292265
3.898380057962056
10.96166895119447
5.72842507419394
8.419615236329712
9.288652409370084
-30.80164453972107
-13.18364424172581
36.78972684140696
-11.8485868561297
0.8690371679430977
7.317670957431193
-6.22552180588269
2.509984863654791
10.63946190264672
-0.1028559009384127
9.725973536499893
1.124737261035658
-7.039441937555803
-6.804506241983438
4.664704027521269
-3.567371022382277
9.409832021862542
-8.232075102152539
-3.665581796619144
2.708181748455746
6.448633793424929
-1.360919886428015
-10.74231781877371
0.4033739943029798
9.138880627403193
6.716601123433922
-0.9134883456744275
11.14569183026458
-6.701650310268021
4.550870516554961
-7.675990855613572
-5.249893157289099
8.449794789242485
2.426097714656305
4.566493323794312
-4.807686089839178
4.654885550298017
8.796202354829941
8.735506650288379
-2.422279486512364
9.71872699763855
9.462571634541236
-14.00985575572421
-9.336630978684241
-1.674001398081665
-8.095537723184107
0.3479516274199256
7.160901224321716
9.18907137396819
-16.36117152835023
33.35431507100233
2.849625879594351
-13.18294285407065
-20.6754856042357
-7.630089449077487
12.14100647967409
1.591037962661271
10.03452731836858
-10.88630669899182
-4.314314075886152
-8.601236252439223
3.306809342021201
9.221127400783345
11.48499861554019
5.052706376349928
16.07239124290058
-2.351266887842689
11.90804557143516
-8.164179186908699
-0.1012972405599009
4.587392627361105
11.23799844751544
8.216237381200768
4.605369377953125
9.278594124056829
11.01968491964453
-7.40397332902427
4.673224761571978
5.914318039136739
-12.00934277180866
-8.293160567063151
0.5417420649278987
15.90852299336571
14.62509023876179
-3.002197484560327
7.684737029169158
1.741090821398239
7.662629595182421
-4.321215457962735
-3.985920003130925
-9.219163881346194
7.322760250370163
7.759542758250214
8.61764485969355
5.921538728028265
3.6288447665218
11.21250181375957
-3.021761078997117
9.43228357695045
10.82587970479644
8.83490262813169
5.290963092405349
-0.2561553655643882
11.98661327563377
-2.106479156828156
8.783109863278506
6.734640587407059
9.975348744839867
10.35499382036769
-10.92935585873992
-1.472308228842913
6.370679758659294
12.92254170575576
-9.29913990969415
2.163753670944672
-5.767741696594806
-1.208167589528677
9.457047618653409
1.630215960288913
10.66521519742682
5.878765986971918
7.842987985310235
1.964221992714545
10.16061776947851
6.572197181231938
-6.161560220371689
-11.23054203253277
-3.034146250010482
9.720109879249538
4.914618537107666
14.60284521695681
6.551861944203225
8.196395779694161
16.14516057178044
-10.7587880362296
9.593298629266803
1.268493527751386
24.4298029667235
3.531398223854555
1.551662424666954
-11.1820949607959
-15.53382634087445
-8.716168603390324
-6.138827951180296
8.062881934665596
0.2349356583114633
2.577340710571319
6.3737635633357
9.039265229535523
4.141316805405768
-3.203503411250604
-5.251972688812891
8.711333424762994
8.877254805428677
12.45404467788841
7.58365705161172
8.443489353155956
8.841119746942166
-8.753801506742853
-5.243023331311881
-1.690512615646285
9.61816763743572
11.62427997850313
6.784258235077945
-19.30621679283285
-4.469712456304445
11.93001511609765
30.05035757165368
9.88178549073791
-9.617990112528259
12.75425612118163
-3.588420587205882
-19.63398203711711
4.748528855833477
-14.75124671331148
4.882735334236163
-12.73375739966784
-7.856794561102238
-5.828624414206161
8.13468169361971
6.226553616252104
-4.897948423727381
12.08075821557431
3.510778173794005
-4.420717200907944
7.063288892182056
-7.931495371055868
12.02728156552892
14.83650433690324
9.688226680513832
2.028170147612436
14.08334817515386
13.96330610968631
-23.05779679161153
-11.32029126036707
17.91340109166913
-6.312420520691308
20.82435485600578
-1.283432757381446
17.45036742088892
-8.2237859614184
1.41779867728983
11.73750553073859
-1.908128075167361
0.1659213794607773
16.74537627054154
-13.64563360447303
29.23369235143988
5.08816657807536
18.73380018075727
-6.359163434902775
-30.50468920105399
11.25883686307897
-24.14552577220478
17.61800029799571
2.91095376383475
18.95305768519811
-16.03256873895562
4.484021524624159
-4.843540119961808
-9.32756165044356
7.189677586947162
2.080877174761255
1.015970961798089
-4.351731426961726
-4.87038761879185
5.816546897704248
1.393596130486668
7.965588762318545
10.6869345134931
9.641584633506634
2.149041865607876
-7.492542759032015
6.571992627170345
-5.233243877608029
11.30868025329174
-20.33840967818553
-18.33229733725201
-4.285514464635585
18.76274165529123
7.726316266184884
32.59457663860177
2.006112341476191
16.05289521343729
1.29488460928114
-4.840021742609986
18.32128769757551
26.05861360371064
-23.80139284345443
-8.185280138966093
14.86297598163007
-7.221937951805524
17.26313315937895
-22.94329074242302
36.75201391019492
16.57945489115349
0.8581021009032647
23.16130943937021
30.64838753386104
16.39972757279784
7.737325907469546
23.04825612008512
-14.7580106039605
-40.07392986704905
-38.16966403749471
44.06353914363956
-14.43103217602502
11.83970311866518
13.83183498362355
29.27146423350336
21.88903792869531
-48.63831369567059
-29.86597429264945
1.904265840747366
24.4850711106885
27.13677537714451
2.651704266528005
19.48888075112481
37.46614759450025
-14.24865996093534
-22.91106162655907
1.957198744916052
15.2985538043151
25.52023545230072
-43.3867981221351
-43.18148637988552
47.51548146851965
-0.2362141951303242
-41.53368145198662
18.12034245502445
29.54721376487781
-24.16187350495683
-31.54429981113195
35.35700105213242
-13.56703296796284
18.20320717313532
41.94183905365017
16.04210392296945
34.81444332800017
18.77233940515028
24.86826037250597
42.24707142528925
11.42687130977177
-20.1685720646504
15.43962925004654
25.23638478696429
23.56303670841577
-18.71985867566685
31.00226034224749
43.15058394141888
1.853116668808107
-20.39320675489763
-7.382426305585722
9.796755536751531
59.51887455649901
17.97726684340176
49.7221190200596
-1.673348078722525
6.584838001522561
12.14832360131711
44.0629404292086
32.85557331341205
31.77024014087737
23.73863187099239
-21.01646892491999
-32.22383603845146
28.65565361118504
26.2707352987925
-30.8202001284365
1.647804938080891
32.4680050698178
10.22168164766732
-47.75169567188623
-15.83707885450181
31.14410759098385
31.91461682561983
-19.4997755862058
-22.24632342421379
-11.20736711466403
46.98118644548546
49.67212253465168
2.690936087712488
