12.35891729262473
-5.265033889038701
2.263446138446959
-4.000701722574043
-1.310680231337739
11.57076254601175
-10.12468847289898
0.691756355762119
50.64536907758789
37.37977920604121
46.39365833844273
-11.87321881213737
-14.37336658937177
13.13641926152528
-2.379986024638944
24.33436129010129
21.01686162942984
25.33419933463285
-30.09383338941601
-7.033438660816751
-11.68462776966608
-1.940916033804312
10.40397619852785
7.660072813755467
10.08352808980378
-10.1945748836992
-8.362121347118459
-1.804828571845334
9.837338362967785
15.65428641570945
3.108061231280247
-6.500217967074377
8.785871554575072
11.23185104650466
-10.54899659659807
-11.11447186916254
-3.035211194766011
-2.306898150009681
7.995157255096105
10.44457505029516
10.28310580013395
-6.868414873187869
2.625768326689668
-4.422435369205266
7.741240157310222
-10.30351005163854
-16.69890735307727
-4.836600200816487
8.59705943491041
3.052432220513161
9.211626996160886
15.39499634532622
7.395235332585135
-3.317499660710624
5.786717139552963
-7.999761029160585
-9.608279205773334
5.67781033071364
5.356181240977115
-10.71273499841286
-6.395397298276253
13.3559422697442
-1.133462721152073
10.72884443078512
11.40029573676201
2.660264489467363
-19.62927926111254
-25.61833624077243
4.317337705253519
11.86230715207116
-24.48487352031972
-32.36763799575081
-7.657337474534995
2.370878619665123
10.39201808754746
-2.541865627827835
7.998796586813907
13.43365963634784
0.6714513063006302
7.195814726434649
-7.382232554518704
-7.703861649461203
2.111950668830368
-1.544666874409238
12.14016675594053
7.192760612915093
-0.3216290893432167
9.494183222745107
-0.5654752720230208
-6.23784491053375
8.242098447070809
0.614567563778215
-7.254311491008287
0.8873192626731506
-8.327715230468502
3.247050074506056
8.464519349679914
6.487127060452281
6.159194775330644
12.19673305815459
7.03485256370736
6.524363420656494
-8.740031246962557
-1.473598505813409
-5.161880494772539
-5.672369638004502
8.079260676289321
0.9589923490458636
13.24114116982388
-9.273170173374517
7.891552344406101
-8.50845106853413
35.72563321464168
20.90372318348308
16.96973271121596
-22.16658172955209
-44.94880883679444
-24.45752937894691
-3.289620515190555
-1.183966592650894
-8.639209342501996
7.740747940269586
9.317394967935037
-10.23216252135104
6.932559994477449
-8.287223952893829
-1.453688748370481
5.432795846387694
-5.34958882561124
11.03036845215582
14.82590993455675
5.610875440251413
-9.157212317365975
-2.270727723795025
-5.432547756971294
4.981407899774281
-11.01593442897169
-10.21850435883536
0.764719104723424
1.944938567131302
4.514220794008239
0.7974300692535414
11.78065353419748
-24.29884693267416
-17.77532295458585
44.39725574020129
35.10224388173128
43.76325789689517
-38.80831734152863
5.327773501616826
26.8360544027106
10.65241638645428
22.65132721461334
-29.74955904339056
-5.287762991786121
-7.455242751551018
-1.073403737869203
-8.955006900271746
10.50136156340302
7.266432740501077
-22.28954374936006
-1.499764148047885
-9.215034494732391
-9.844502032020696
-2.985153312750158
5.599807802150975
6.387753900062294
12.35284730363323
-7.881603163291551
4.60263398884697
11.43616918928865
5.403285333140525
-7.750230490012347
-9.849069028984657
12.16344292399542
-25.09627700071133
-2.288260094344424
6.833535203197061
-14.45170301858644
-6.032883855907611
6.88648459416471
3.724664559449896
-10.24943604190374
0.5568546039968285
10.72888792002754
9.252681823850857
12.23266322705575
9.757548414252771
1.66306050941794
-13.15351582116781
-6.809785305212222
-20.20588638666629
10.41395565574219
5.094774381651444
-8.094487903880763
-5.319181272590547
6.859348720869145
0.1888721841174157
7.225936957876067
11.4067173893128
-6.84356741554001
-9.810099218543803
0.3619341003999467
-8.458137881578152
-4.277357443050633
-3.31667267118203
4.902085109043719
6.056234550191228
12.34400616147069
7.037064778378752
12.17852999240698
-13.18926228457796
-7.032439603429882
4.180780437093703
5.141465211983903
32.09428386774833
36.93669065743073
-41.98055171639542
27.19274689771675
0.1947760393901451
10.80629064627485
3.327881162968309
-12.85575684930416
-11.04478328371422
9.179442551837344
8.94648308997977
-1.079803923892661
9.372907215288826
6.156822679337632
-4.288118614342424
-8.472845812829659
-2.966531806776521
-10.4449412918084
-7.478409483680532
10.17203331630975
-21.04733558287528
-2.098838538217304
-22.47303279275626
-7.052370565942649
-3.859519859413843
18.94849704543739
-18.68142988868646
-29.85222696768546
-1.425697210416229
-16.18363801227219
-4.18472719329226
-13.39610107965391
-27.93909020779071
10.02821608924851
-8.979556449758014
-2.92225370270379
-7.869659846381885
8.54855612061287
3.771916744830452
8.548058895516206
-22.01923292101449
-19.18082037102412
-2.69942365071082
-10.7466392002886
-21.57404186950911
-7.627530884394489
1.109896603001537
12.75147319751957
1.43507120254659
-7.994263706203629
0.8514664853136401
6.594717835444443
-6.218934596926196
-1.47620609289477
9.964979354622402
2.979981408511017
11.44118544423512
8.461204004167739
9.743711735861234
6.52352397933276
22.80801690562973
-14.82191003039846
-18.75590050431418
27.63720432917027
2.357779844613484
-0.6339978429642074
-39.06948223896103
-5.989056979346273
-25.27942448453508
-28.27120217255236
30.94315920452608
8.661014016326961
23.06039472890058
-22.28214519247643
-7.882764473693488
-11.17079707854975
-43.07030491250931
-4.901536971322465
28.42652975776453
-31.89950783440881
-41.4272620883565
-9.743943761974521
23.58412296338475
24.46179605379307
42.17532775578478
19.39310066076278
-13.26558987051123
33.32806673037747
15.42066222625326
0.8776730925964517
-14.54298913141012
-22.78222710058053
8.73742748806116
-9.154312578820493
-1.712391522334376
4.519303444064734
8.496104511625397
-2.713326845148247
-32.65869053179334
-23.64481139794209
20.49127945120665
9.013879133437554
44.13609084352206
7.441921050946652
-0.2329594611155238
6.44098574238656
4.635195473398741
12.16367551151925
8.021139469914202
-4.947406143351852
11.47080982174271
-10.09547115417736
0.4451910523532632
8.434181170810067
3.449670351803652
-2.393221499332823
7.528480032803221
-8.047215549559269
-4.642985412210941
1.832453536580355
10.54066221399811
-4.984510819144722
3.404230137539351
-7.603658637252726
0.7850823220232973
7.260521278813028
7.744018248544148
-2.298784963022401
-7.604155864997915
8.388740956741858
-0.0004972266963455034
6.475438948982138
0.4834969706101608
6.557292783890629
-10.10593079422201
10.30688366202343
-9.485449045458266
-5.007766093773692
2.165513487394602
-4.253043337783407
-8.1368651553507
-0.379773349640226
5.487008327425039
-8.494651866404331
9.245793966689835
6.073795818535713
9.740051666398861
-10.04280321017714
-4.241608532582498
11.64216694198591
3.666255854038317
-9.827285543225125
-1.873878119227982
8.862626703398503
2.703645320339309
8.504839995623508
-7.377867741455884
1.576647026424168
7.953407426916509
2.449417799610617
-8.564425672591099
-2.187665267662822
8.548839560599578
10.93276645159915
4.383061084291479
-3.346956402143863
6.376760401733697
5.217469272553283
10.73650482633876
7.757091804183323
2.383926888839929
-0.3577867082482254
-5.652170397601811
2.285537168029662
8.79301621911959
5.98607929067879
-2.53706056108748
-7.497029986056016
-4.933009441807631
-10.30617435749214
-2.075447264473997
3.665636433480475
4.692557873552748
6.770290131729353
-5.373164915443328
9.625567315159905
8.23072709376842
-6.549705370733786
0.1156297764056283
-8.115097318637195
-1.476252957216959
5.741083698704569
3.896224111141291
1.545971782366209
8.211306933073669
-6.18404570709337
-8.16143799894121
-1.408398500461088
6.995787824344286
6.665335150565251
-7.730017487480114
6.63884436326251
-1.215519111466248
-1.977392292190693
6.753039499086874
-7.948576846303317
-5.209052523603694
11.14729126394203
2.166595057835464
5.598331167742599
-8.965892306681924
-3.000798900931957
-2.678120703228512
5.403387426157851
8.068412818231364
5.965093404171261
6.287771609973201
-7.854363476570704
-5.189338088443987
4.925833821066574
5.372477071407358
8.404186325425481
10.74653352242482
6.231694960622844
2.665025389453231
2.739524324131062
-4.514838564858896
10.11517190682499
-7.254362890603243
10.80738369336858
6.151773069935826
-3.277561831146728
3.97680106319474
-7.975911107241483
0.6204817487632863
8.596392889340951
3.758785638864008
5.80119467643953
-10.08151305871403
-5.3053709035364
4.776142153616917
7.937707567167399
-1.84485958771401
3.104653699200437
-3.93897015425046
4.131560910931988
11.28003602628303
-1.534466036411833
-10.84975628196942
5.638813611604895
-8.772024023035113
6.507479052868643
8.070531062378786
-4.833053866911817
-8.38466603346555
-6.821614030302496
0.3268610815128892
-0.2530103357591168
5.638085428572853
12.32024170779861
1.563052006706115
-2.806936925424851
8.131655701551427
7.148475115873588
-2.500147775603592
-8.141370174628392
-5.641222411218852
11.99338059550952
-4.587131395147601
-11.92921212069431
-8.076790473225792
1.884684783079623
8.70074955715406
12.2281915987672
-1.942491871752115
8.996100756520576
-10.4656317246688
-6.891548188845824
-0.4828375312030325
8.205381895022631
10.938592626474
-8.52313985111814
-0.7907188632380422
5.891095774126716
11.54100585043587
6.546039778785265
3.574083535400267
-5.40661267427017
-4.959969423643893
-8.980696209028892
-5.548960096264336
6.408710657218699
4.638096090427819
0.4466432500108841
-5.571466152352609
-7.342080720554677
3.11675327349003
11.65994611129167
13.28788095257349
10.18705618476165
-4.655610624424064
5.328137628125566
-1.770614566771153
8.68821942441147
-4.858918556715563
3.852421647798019
9.983748253540767
-9.429334904250094
5.159646627452722
-1.34808036897774
1.214123926243058
-6.172182003580739
12.17926129037216
7.363259831765101
-4.824101631465504
8.711340201270925
3.315396255489408
-6.191213112200225
-7.550478604001109
7.209832881739432
2.793028210936329
-30.12982433321058
-5.216555446191767
37.02681333411201
-25.38178434353964
-6.985680470868196
-11.20943136390268
1.775329113695067
-7.305538309208848
8.525872382660559
1.455471287236112
-6.83390636322232
-0.6171674117353412
6.868158651353587
-4.223750897828502
8.76100958898073
0.4716319508818832
-6.600630122277092
-10.02628701782572
6.673945209912897
-2.806912108074322
4.297065996193679
1.282507748807671
7.219374914365296
-2.376879219654707
9.375778039615545
-1.013101037095875
-9.689227815192963
7.026461914384328
5.936867150144812
12.02444415542532
-13.12955729017563
4.715991498657569
-7.3863059329611
10.96513736976348
-6.26108628451923
8.19176244446559
6.087577020215901
7.103978106874067
8.543192836227012
7.336758646292663
5.649910069480785
11.02836029193387
6.682156288869919
-4.994966078551369
5.658993824549941
11.53287870116243
5.378450228189602
-11.52852541254577
-6.396940124127703
25.9784043352411
6.3502513400427
-9.978068043389403
5.743251353672821
-7.07040108796038
6.868471011920713
-1.657713739121691
-10.9770777845699
3.475770941757775
11.88574020647928
-5.466833468069397
5.666738949685085
-10.10810943560256
-0.6289425494794855
7.80373196108619
9.802663618585662
12.36471929112706
4.925434582865708
9.479166891043363
-2.743903391716874
6.216738956382021
-2.842780433238508
-8.088663157870055
-7.07226207681332
7.48532607503841
-9.05951939608015
-4.505787077392512
3.926887479196142
-2.77337492302563
6.504739288198586
-4.816001461821753
5.145473796834228
-8.526184765861517
-3.872186730542239
5.51024432827777
-9.506609366766464
-3.064576637582189
3.894436625081445
10.95115063390619
5.72308108372737
8.409969269871157
9.278114208359673
-30.7906744820808
-13.17799031665347
36.78882741765845
-11.84690930596824
0.8681449362590634
7.310177663407074
-6.219001253433559
2.507301813069722
10.63096177742141
-0.09926939918549978
9.717178046757388
1.121543464363297
-7.019078721550804
-6.784594290374444
4.653998050138157
-3.55843860737852
9.382431073226144
-8.212436677218014
-3.651449339599592
2.697106207900565
6.442032728693779
-1.359265492233145
-10.73023118233221
0.4033412218283737
9.129644273974062
6.709751310867679
-0.9137837233282592
11.13357241089799
-6.685324879713716
4.553732329060574
-7.669337987168615
-5.245882724286221
8.432674546818678
2.423455269104094
4.560987344966749
-4.802875848791245
4.650574982544234
8.787657721199723
8.726303058883234
-2.419892956342494
9.709608497886613
9.453450829083181
-13.99790625792961
-9.328612527005554
-1.672522912785881
-8.088398600097067
0.34737487600419
7.154041105632508
9.179898714016732
-16.34347786718135
33.35064153166341
2.851158189829198
-13.17333389282704
-20.6559305959777
-7.623535026483292
12.12950145222219
1.589474778616757
10.02524825682133
-10.87900619018779
-4.312452728796861
-8.595634574028491
3.303502132772671
9.213009800503505
11.47618509122651
5.048975588776607
16.05979128781578
-2.34931612523074
11.89913669843522
-8.140622181813063
-0.1010592207740772
4.583606196589862
11.22852644522455
8.209339442717532
4.601904143090487
9.271197862933191
11.01081571846407
-7.398291737811969
4.669293725383539
5.909507660423827
-12.0001959047067
-8.285545009577708
0.5410190124966473
15.89188012361114
14.60965289405178
-2.999214692734236
7.677528238136986
1.739617864932774
7.656089619885274
-4.316889009879006
-3.982225662709361
-9.210295213195129
7.315774498842024
7.751905563813751
8.609318457798492
5.916471738522826
3.625733250778873
11.20280205705874
-3.0191870071586
9.423775253171328
10.81644482859918
8.826564020510087
5.286330320859731
-0.2561576699396312
11.97479836228746
-2.10425319339347
8.774331271906364
6.728270643539255
9.96147525952448
10.34350681569686
-10.91777834109848
-1.470252610751624
6.364794747220093
12.91027977851799
-9.289843505668324
2.161733087460398
-5.7624014680713
-1.206434185285126
9.447525726068996
1.627934839707624
10.65395990737199
5.873884880434562
7.835047357236749
1.961162474516065
10.14735813573987
6.566230216003471
-6.154428467628457
-11.21860741855646
-3.032411754997032
9.714779715101219
4.910220422570725
14.59548300660343
6.545485030280167
8.186195662582174
16.12882784203652
-10.74854669154928
9.583342812299502
1.267473548344264
24.41155946470308
3.527442041885311
1.550457369176961
-11.17020130848182
-15.51640528834631
-8.676126799532431
-6.114071155162327
8.039562956937562
0.2344844172400578
2.562055665805126
6.348555554848311
9.030488941836854
4.137082738894196
-3.200467089828271
-5.24652771908347
8.702443760053301
8.868327483845787
12.44296226839656
7.577068807953326
8.435773477153115
8.832523837867534
-8.745544690475285
-5.238214804383327
-1.6888306814083
9.609169480395877
11.61371818116509
6.77780543658836
-19.30090534900613
-4.472688697117914
11.92767629988884
30.04507586608521
9.879846956881034
-9.615642764783503
12.74719146713452
-3.581127919350435
-19.62815299985311
4.748039995522682
-14.74744971343751
4.880703290277606
-12.7206586828779
-7.848560597622617
-5.822702990489065
8.126268486525658
6.220073285420343
-4.893406203150787
12.06879457312104
3.507329886152128
-4.416804671562645
7.056714008784138
-7.924134556473637
12.01602024036083
14.82821665206241
9.68526258427376
2.025857607589644
14.06863388213996
13.94897147770452
-23.05387409860604
-11.32153040104201
17.90554460179566
-6.311880290719824
20.80979804401096
-1.282227230664357
17.44111048094366
-8.214351884368581
1.416618394747389
11.7323436975929
-1.906195200202587
0.1658837231296077
16.74199380822547
-13.63853889731372
29.22707500259461
5.08479881576405
18.7233377124872
-6.357207161031798
-30.49948334533904
11.25547700439232
-24.14227618654034
17.61268416542766
2.904253442066305
18.94376517670387
-16.02449208465625
4.477682970633193
-4.837607283812709
-9.315290256857654
7.173279614592659
2.077732258555505
1.016401081401644
-4.34620399713794
-4.865893457779063
5.810849473916818
1.392669576428214
7.959223041099088
10.67674293065919
9.630970277257102
2.148373567571776
-7.48259670641805
6.566553462915657
-5.2280695503324
11.29800016167794
-20.33256267441483
-18.32801397373096
-4.284610300100208
18.75433176800483
7.716672848730609
32.58424866767142
2.00454870125772
16.04795237418644
1.293543958976762
-4.835912744049963
18.30817317310226
26.04468682276171
-23.79455948810336
-8.182738179781355
14.85620388894561
-7.218449403114447
17.25333742090684
-22.93714659414652
36.7378020448588
16.57611008484902
0.8574128937888857
23.14408591662539
30.64707105851746
16.40036499739161
7.736513651026431
23.03894206824448
-14.75440841483467
-40.07805580587362
-38.17256356690176
44.05308689795381
-14.43245723131054
11.83698017921877
13.82991689995913
29.26593090914643
21.88159815605312
-48.63573672294911
-29.86140259701764
1.905492243131981
24.47178682388098
27.12167833491335
2.649891511057111
19.48446462429491
37.46373737272462
-14.24670606102229
-22.91055740764116
1.95701841040039
15.29621999883954
25.51715662893918
-43.38710230634923
-43.18171421271285
47.50780680239512
-0.2361519370449368
-41.53374550725845
18.11739956608562
29.54292605954308
-24.15947860352249
-31.54381135781926
35.35931361178476
-13.56453860945018
18.20235623361477
41.94246257631126
16.03951173522833
34.81384586179758
18.77433412674732
24.8675758190502
42.24336878025897
11.42552649337734
-20.16522890319927
15.43601400937326
25.23211827459064
23.56013821954748
-18.71953751891227
31.00315043045106
43.15095037469128
1.853356798588159
-20.39151757435433
-7.38433275384093
9.796104265031939
59.518792214851
17.97927274850669
49.72268795014798
-1.671980055227401
6.583148964684167
12.14779994502547
44.05877135219927
32.85258638163148
31.7668948429542
23.74010633914406
-21.00992175402217
-32.21610672373089
28.64526055231625
26.26943741206664
-30.81784229170309
1.647968709200976
32.46581100216453
10.22093662981066
-47.7439587425294
-15.83298733928164
31.13217347475666
31.91097140633637
-19.49548971531259
-22.24487437315688
-11.2061849701382
46.96516081403786
49.6551823058066
2.690021491236264
