12.35150657973763
-5.262481436980055
2.262039843610485
-4.00047267687525
-1.310909277036517
11.56746208684712
-10.12138075015483
0.6915201723273766
50.64294325797682
37.37789856024947
46.39095167227997
-11.86792314017086
-14.36624543900692
13.12629081290115
-2.377890077067973
24.33255111438955
21.01642388089489
25.33081840189357
-30.09169183290228
-7.032799060385492
-11.6774486675828
-1.940157487825141
10.39287915928883
7.653737917751351
10.07629472396354
-10.19047703259016
-8.359201454730307
-1.804303294202877
9.830135142801062
15.646879545325
3.106237050821633
-6.497835172273818
8.782127225437447
11.22661881505161
-10.54244770988537
-11.10764853861507
-3.033243721548981
-2.305374718436278
7.989721273910374
10.43749748219002
10.27725907106822
-6.864752324123542
2.624224434029739
-4.420260730273852
7.736862016505557
-10.29960537166638
-16.69275322595328
-4.83452223081347
8.593119296675059
3.051156882490292
9.20732399660891
15.38791520007022
7.391415137061999
-3.316127233533707
5.783842974350078
-7.996500068786997
-9.604072225720374
5.675890177240822
5.354262185050639
-10.70754237239673
-6.393147853176818
13.35076225344666
-1.132757228526026
10.7254737668431
11.39692473980162
2.65944105448058
-19.62529779998246
-25.61422456014154
4.314394521020619
11.85823099523851
-24.4814673319347
-32.36361746237633
-7.653034637468923
2.36900124499876
10.38388847995388
-2.540397049369659
7.993184223855604
13.42764152737128
0.671450973089344
7.192667012200451
-7.378257726164098
-7.699885719703297
2.110719040489613
-1.543718605336543
12.13275492018464
7.188365906043343
-0.3216279917994297
9.488976766106392
-0.5652008289006354
-6.234974515053131
8.237072992235374
0.6142047006277114
-7.249400278476367
0.8866030522603932
-8.322191809014814
3.244915814897683
8.4591854272497
6.483048697768273
6.156167114267746
12.19098972428059
7.031958726733259
6.52121603948755
-8.737483685406424
-1.473033830886062
-5.159030997571668
-5.669773685472854
8.074404817234798
0.9585796690122471
13.23343581396956
-9.269381322868631
7.88703440122794
-8.50499255734781
35.72425886425871
20.90271001776988
16.97040916304208
-22.16523709015646
-44.94598622389501
-24.45587038166165
-3.287442976749476
-1.183237024887081
-8.63384438938823
7.735522020666692
9.311079067013164
-10.22796099159586
6.928454731762275
-8.283702890365358
-1.452857909536181
5.42963211050976
-5.34640141228926
11.02296499617628
14.81615412549976
5.607359263782056
-9.151769211530365
-2.269279192301708
-5.429280424927265
4.97813192287916
-11.01288356930707
-10.21552812588037
0.7643887649226263
1.944258100828528
4.512822479897731
0.7973554431496952
11.77727233427975
-24.29622092198164
-17.77191637317993
44.3961356123834
35.1016435588537
43.76212233909464
-38.80711634800289
5.327179429639481
26.83256359372466
10.65095550844388
22.64831825818225
-29.74751729754506
-5.286901554771418
-7.450607364850342
-1.072791530052252
-8.949429986051921
10.4943160930484
7.264449854456224
-22.2847388535646
-1.498822621170696
-9.208794861761094
-9.838022201629975
-2.983152845821093
5.596445647386667
6.383893695846317
12.34582103292836
-7.876638455944205
4.60087553558628
11.43172051463198
5.401778026209498
-7.749113775073659
-9.846287187661305
12.15978622583326
-25.09357636421912
-2.287376496639092
6.830844980426907
-14.4471627230196
-6.02994248862031
6.882490019637459
3.722488786076292
-10.24510946874423
0.5563481943213219
10.72251836673262
9.247232320181379
12.2254708569021
9.752431274260498
1.66246938619181
-13.15089180048033
-6.807935251933077
-20.20185141820726
10.40741234724626
5.091609765774106
-8.089961887604156
-5.315802581025001
6.854869356622499
0.1887613565740009
7.221321295592424
11.39933022294047
-6.839530640726799
-9.804480197343215
0.3616899764334039
-8.452263320917996
-4.274254391842081
-3.31415132501521
4.899658829850759
6.052895220455101
12.33798115636527
7.032559940641107
12.17067193762539
-13.18157165291348
-7.028291998797456
4.178008928762234
5.138111996559172
32.09260638535083
36.93481188657542
-41.97811581318598
27.19137211814738
0.1948216711196428
10.80145766322475
3.326968271332987
-12.85463981253434
-11.0376402447569
9.173913222093571
8.940918329563326
-1.078957296045866
9.36704654291141
6.153279653721384
-4.286159297895051
-8.470404637207425
-2.964949558113386
-10.43943895068997
-7.474489392050555
10.16617017254494
-21.04421101247042
-2.097173412815333
-22.46987773192905
-7.050959617759193
-3.859162266551355
18.94703760012652
-18.68071111171894
-29.8508735030825
-1.425666719700765
-16.18160808386699
-4.18424533742742
-13.39391616535699
-27.93521981344555
10.02203588069395
-8.973599573886087
-2.91999434078609
-7.864383354883331
8.542370911675528
3.769272623525723
8.542080773295035
-22.00328123695079
-19.16846244788466
-2.696721557182707
-10.7396834101607
-21.559166703082
-7.62286829226879
1.109216218874235
12.74287219930032
1.433876330043468
-7.989078056890716
0.8510237128980619
6.589641389515448
-6.214394391735103
-1.475286045355561
9.958682946960394
2.978238538590033
11.43396899112014
8.455730441415918
9.737291179757129
6.524304549741638
22.80619986714882
-14.82154884611586
-18.75384970176922
27.63547761125177
2.3573233593734
-0.6340132731793909
-39.0689561828956
-5.988926760072807
-25.27815425206298
-28.26949088452057
30.94104290315822
8.660478780608873
23.0588927726143
-22.28056412410098
-7.882150129856507
-11.17016239132367
-43.06794710769628
-4.90123426762374
28.42520678342458
-31.89778471641273
-41.42627954399686
-9.743439769224922
23.58300128038913
24.46061574356684
42.17293748430495
19.39218835486648
-13.26504469737491
33.32644105146858
15.41891811403433
0.877614463970367
-14.54130364927422
-22.78074913139096
8.732084511547367
-9.149542073971729
-1.71121974513758
4.516732963637919
8.491920017817804
-2.711915841620514
-32.65723305242221
-23.64417993989974
20.49011583988222
9.013053112383425
44.13429577779402
7.438322326623474
-0.232994892588228
6.437626236022586
4.632601457339783
12.15712274158602
8.014887235905052
-4.94438901411939
11.46236525178908
-10.08946673612672
0.4441145342027138
8.428779037748235
3.447478015859807
-2.390704255530796
7.524521282418526
-8.0429618529654
-4.640725843506981
1.831275577859508
10.53358127293518
-4.981301022052125
3.402236009505584
-7.598672553262103
0.7848644792922522
7.256865903416559
7.740288570124209
-2.297013683554847
-7.598962692581669
8.383537031531707
-0.0002901388850174752
6.472001421413421
0.4834226670341744
6.554898163672303
-10.10165962518362
10.29888731919813
-9.480109595964743
-5.004627444399206
2.162848305452543
-4.250878347955752
-8.132288413089173
-0.3794539074883542
5.483801989551464
-8.490046238928826
9.241029907663897
6.071475498397178
9.734680337896824
-10.03730225308216
-4.239167892702362
11.63443843950685
3.663204841530723
-9.820797679907077
-1.872622525469543
8.857627878542848
2.701735694013312
8.499870053564347
-7.373021468918034
1.575557046213073
7.948175155222568
2.447776210267477
-8.559139723048308
-2.186521612838789
8.543728793224043
10.9264868216735
4.380714125342723
-3.344870112095745
6.372618109143006
5.214269611843212
10.73025040517065
7.752834504874562
2.382758027713937
-0.3577578247900233
-5.648635235080625
2.284336436393314
8.787545989471274
5.982183754655717
-2.535628221577386
-7.492324446140923
-4.93048152902468
-10.30055800701724
-2.074108596793124
3.663687695156151
4.690002286719163
6.766678883137916
-5.370076477767098
9.620483815127592
8.226449411032354
-6.545772697867752
0.115719764494282
-8.110729647301337
-1.475320840472434
5.737796292757388
3.894107082354443
1.544921150342166
8.20641361434039
-6.180663088839741
-8.156799819644959
-1.40742443548231
6.991928548167665
6.661492463898715
-7.725584238046685
6.635408808160244
-1.214485068089825
-1.976136730688867
6.749375384283927
-7.943959643370888
-5.205524204952691
11.13989773696497
2.165308163775617
5.594552169260392
-8.9614431163399
-2.999515777905623
-2.676357184132593
5.399837206480261
8.063508803910848
5.961927338110222
6.285085935252625
-7.84989387758108
-5.186222281531371
4.923045528835281
5.369427924189965
8.399352983891823
10.73986598841933
6.227952706669693
2.663671596809606
2.738435438347877
-4.511913283119416
10.10926780875686
-7.250348721055155
10.80007637450652
6.147792715605858
-3.275161669675184
3.975187052455058
-7.971233604981827
0.6215500292183727
8.592783646294377
3.757227917655163
5.798134359965549
-10.07475716150403
-5.301949009436566
4.772808151657924
7.93297167201349
-1.843689210864299
3.102991188938157
-3.93675417989538
4.128631990422282
11.2728191298532
-1.532373365298731
-10.84341126165318
5.635102408451002
-8.766734663864284
6.503209554006663
8.065386169265665
-4.829980483074857
-8.379558899486096
-6.817382286381878
0.3268048521711134
-0.252754532269798
5.63588871540017
12.31516023568498
1.562176614206634
-2.805362233649378
8.126804368765789
7.144187139803972
-2.498322298144206
-8.136039013745107
-5.637716720169658
11.98835537272665
-4.584504018254696
-11.92263205565843
-8.072664024485855
1.883590475450476
8.696694195491302
12.22256896218834
-1.941127213072735
8.991039390509004
-10.45893919062655
-6.88742823467231
-0.482678643785563
8.200690568687797
10.93216660250106
-8.517811976473228
-0.7903488214265069
5.88864325096109
11.53555748652594
6.542822189553337
3.571510956698835
-5.403078619303367
-4.956696224037766
-8.974589575249723
-5.545345567253927
6.404749591052874
4.634767947165073
0.4463823951858694
-5.56814639192979
-7.33812803641109
3.115222820723155
11.6541462362787
13.28119821397727
10.18011351322419
-4.652283658864572
5.324230830006229
-1.769981644100632
8.683369212272037
-4.855882682863238
3.849968031359312
9.976514488834479
-9.422954385847483
5.155765057431613
-1.346891108943405
1.212731975930349
-6.167640543031974
12.17195142536251
7.358959602343324
-4.820749433344361
8.7058507123448
3.314169904725648
-6.188622724707737
-7.54722064348981
7.206961507830521
2.791757842425502
-30.12612786691131
-5.215891195020173
37.02368189972591
-25.37839520397552
-6.981776634767803
-11.20383586243674
1.774683665559862
-7.302420513490027
8.519457897587177
1.45403978950723
-6.830477569700948
-0.6159851681760459
6.863699200210171
-4.222059229741533
8.756460300731781
0.4719429452817489
-6.598068138602424
-10.0198756273747
6.670621131162524
-2.805397746892724
4.294612226919099
1.281560744412771
7.214477882532951
-2.376008906788516
9.367341350373014
-1.012317389846222
-9.672946448038676
7.018690953661771
5.932917132623968
12.01645222326078
-13.11899019851768
4.712229641117814
-7.380372519706303
10.95921945147621
-6.256604545532406
8.186916551914925
6.083535096275345
7.100009974877148
8.538923415350764
7.333171012045078
5.646914233487862
11.02287379640341
6.679271523686002
-4.992735298699926
5.656312555300697
11.52713139306772
5.375959565167464
-11.52344762010861
-6.390814206366255
25.97112254351039
6.348039693201833
-9.972447115930031
5.738617677714533
-7.065418105814576
6.8623856551449
-1.655758700017447
-10.9688341870515
3.474686908925789
11.88102511267544
-5.46475501358291
5.664445055823005
-10.11121564158549
-0.6284865067306931
7.797889952161777
9.800736232039908
12.35688374545322
4.927798301532018
9.48272913665212
-2.739141243969511
6.214492403017258
-2.842103211361598
-8.086485960877623
-7.07001108478217
7.479684372613246
-9.056595616141673
-4.501664776142794
3.924711699837673
-2.772302898468194
6.501860594423979
-4.812991825179681
5.143262675642414
-8.518144360415862
-3.868200504032651
5.504079177930211
-9.502792628381599
-3.063308850099728
3.892791602167418
10.94675967305726
5.720897827422609
8.406338205980989
9.274163491225812
-30.78348223460193
-13.17469620296033
36.78467397994161
-11.84514768714837
0.8678252841033678
7.307309061503281
-6.216580055360247
2.506263885719587
10.62795523058252
-0.09789188272582189
9.714019440335436
1.120366143094379
-7.011612782355334
-6.77733485012303
4.649943861636412
-3.554972676886133
9.372279687564136
-8.204916545618353
-3.645922749838544
2.692836729905009
6.439483778032862
-1.358597918823687
-10.72584711551382
0.403352948392724
9.126196883413193
6.707188520014818
-0.913935787811714
11.12920006672156
-6.679442963329418
4.554930843092286
-7.666939550477338
-5.244382749138947
8.426376472060662
2.422556803780459
4.558993798758078
-4.801045175150457
4.64887600810193
8.78420667724809
8.722843937835533
-2.419008360662089
9.706093617357366
9.4499211822683
-13.99341285187064
-9.325600319687751
-1.671966994433383
-8.085695182426738
0.3471517728633572
7.15135018757468
9.176235491828473
-16.33386299513185
33.34457039892638
2.85154107919628
-13.16792675687073
-20.64539533565585
-7.621124304728736
12.12510197695309
1.58886449913554
10.02171145537244
-10.87594191449686
-4.311532340524472
-8.593653294352738
3.30227112848497
9.209988801668752
11.47291289024232
5.047597900775703
16.05512018867613
-2.348650396710774
11.89592441994902
-8.131978924148058
-0.1009705774909656
4.582207298434401
11.22498124591004
8.206771345404075
4.600646678342584
9.26845920691057
11.00752229467086
-7.396248305862466
4.667812530375587
5.907717670515785
-11.99689499258066
-8.282603053081468
0.5407141303606928
15.88478632781055
14.60308617004889
-2.998026111573991
7.674566435192572
1.7390630909935
7.653633327577122
-4.314988333229044
-3.980651507284935
-9.206513352888095
7.312502466098091
7.748614801615027
8.605580481165754
5.914570231181189
3.624564048601262
11.1991471738128
-3.018209902137904
9.420520742441548
10.81290092245925
8.823317182736028
5.284576943316977
-0.2561724357139592
11.96989850865305
-2.103390520513807
8.770683252582433
6.725693197821477
9.956254500863965
10.33897848672206
-10.9129175159892
-1.469622059901036
6.36194129171795
12.90491932082283
-9.28586554014856
2.160994900247601
-5.759990775073971
-1.205752402171379
9.443295454434256
1.627051977494198
10.64904785517619
5.870818839235966
7.83156335143169
1.960744511164071
10.14204021628153
6.560407306513202
-6.151171826120987
-11.21035075250384
-3.029055046337133
9.709798855317201
4.90574824262977
14.5885876545377
6.542978028791662
8.181295705885356
16.11609899558035
-10.74392442071872
9.573120966900978
1.26706832794964
24.3959089054703
3.525874766928644
1.55100050419697
-11.16057862628608
-15.50418089071179
-8.660629065705644
-6.104481562103081
8.031008345355126
0.2342779271581907
2.55614751111539
6.338759482721678
9.026855688021275
4.135330669154205
-3.199215255724544
-5.244205311074503
8.698585005512127
8.864387878919208
12.43873064742966
7.574583125871993
8.43284695576369
8.829083718609292
-8.741967435365128
-5.236185426635505
-1.687999363343026
9.605154610545368
11.60875033201743
6.774807322611063
-19.29665552729464
-4.47386758908502
11.92576459015972
30.04071462209442
9.878210608894536
-9.613816115297411
12.7388539006114
-3.581632909628376
-19.62308285194707
4.747732665030518
-14.74429405450161
4.878788798840031
-12.71157913232427
-7.845051540919373
-5.820166237351447
8.122624078475969
6.217320499492543
-4.891525019303213
12.06360313429746
3.505782009427001
-4.415203666211876
7.053968071226031
-7.920985675298105
12.01099274872976
14.82278793830821
9.682839411989413
2.024885303925994
14.06237203999584
13.94279031607762
-23.04945206674889
-11.32065853093734
17.89922345162416
-6.310981421423676
20.80121109786155
-1.281700158238706
17.43506125640936
-8.210219892140337
1.415593419201221
11.7287935360418
-1.905303578567647
0.1658028729476199
16.73847064593527
-13.63409711448434
29.21988198245105
5.082664300580031
18.71676141492397
-6.355811639817975
-30.49302932092732
11.25297439182417
-24.13721768190685
17.60878603164188
2.901987646220515
18.93833454766533
-16.01946783683216
4.475482158584219
-4.835555740733009
-9.31103790031257
7.167475761800907
2.076676597103866
1.016474876472147
-4.343602270561625
-4.864147520703691
5.808445026160014
1.392380180402172
7.95678975560934
10.67259254656474
9.625813310736712
2.148344729612344
-7.477468579954842
6.564409574542998
-5.225861845618995
11.29315397363589
-20.32828149765831
-18.32468577625366
-4.284048025198938
18.74871091066665
7.705548178020393
32.57178886201432
2.003595721990363
16.04423347232528
1.29307801511161
-4.833943008988375
18.29489756916733
26.03023395458427
-23.78875615614504
-8.180635020163903
14.85212391630558
-7.216088383517342
17.24750993536617
-22.93179047647824
36.72928630549821
16.57266777262089
0.8569656794840144
23.12884057773752
30.64459213820305
16.3996321796254
7.735336386796338
23.03275893599774
-14.75115545677117
-40.07645012904172
-38.1705546763639
44.04728470852589
-14.43203106051289
11.83552743774925
13.82307795163241
29.25736017935063
21.87716238933618
-48.6298216668575
-29.85685210336764
1.905895454196203
24.46359831887647
27.11219251936874
2.648594200499496
19.48177637048724
37.45791066560033
-14.24495995848331
-22.90925575155024
1.956984931560677
15.29431182003949
25.51439591496155
-43.38504416143536
-43.17972613832649
47.50270285974915
-0.2360720107821763
-41.53171722532203
18.11495003198212
29.53927177822447
-24.15818944102189
-31.53838723217797
35.35677423714964
-13.56225293707059
18.20049462161124
41.93901824008233
16.03634690165627
34.80931646526936
18.7729695638129
24.86624068411105
42.2395730947357
11.42432174616283
-20.16250401104959
15.43428222791145
25.22888320768535
23.5574109844011
-18.71837701125897
31.00198568698702
43.14897215265091
1.853326935925315
-20.38984923483615
-7.380197790750548
9.79460097958113
59.51496367776551
17.97613429520912
49.72036269851985
-1.671472223472549
6.582244003147752
12.14698646593832
44.05500383815904
32.8498025037789
31.76274755861242
23.73852361716127
-21.0065559385408
-32.21175727258989
28.6402896534463
26.26755849883601
-30.81525135035227
1.648008914333844
32.46326026518039
10.2200840946442
-47.7387748716884
-15.83075750092281
31.1265246908538
31.9080173719219
-19.49202672186225
-22.24317617086567
-11.20520133421467
46.95728219177624
49.64684559180132
2.689563399838702
