12.35760220844294
-5.264547618707582
2.263197573705332
-4.000667126728585
-1.310714827183194
11.5701171303818
-10.12403711338157
0.6917112704530077
50.64489483754858
37.37940693614167
46.3931198612745
-11.87259419028549
-14.37231742539966
13.13553734692715
-2.379674252101261
24.33406651620259
21.01684186568697
25.3335703645127
-30.09343808629901
-7.033321416889817
-11.683288946788
-1.940774894142366
10.40178695313725
7.658839802861546
10.08212195172183
-10.19375038449349
-8.361528527885552
-1.804723165583982
9.835865033734597
15.65285189623462
3.107704186275253
-6.499717816967495
8.785131319177671
11.23083005703119
-10.54783990857134
-11.11326292348178
-3.034868335077343
-2.306631647310064
7.994219496380142
10.44333564689032
10.28204194384446
-6.867720587519423
2.625483564249548
-4.422021839203913
7.740439313918375
-10.3027065337306
-16.69765508567746
-4.836196505804861
8.596294305997549
3.052176100176119
9.210794572309075
15.39354520549585
7.394452388631708
-3.317224650554782
5.78612319580986
-7.999092831119103
-9.607422009686093
5.677427139345872
5.35578980111759
-10.71167704362944
-6.394948549201702
13.35488263184451
-1.133326448195745
10.72813213146573
11.39956635174556
2.660074464183801
-19.62849928625807
-25.61755820439329
4.316728498870465
11.86145857974164
-24.48423175681955
-32.36689178166221
-7.656558380551296
2.370576026387558
10.39063312408425
-2.541602616924823
7.997824645558686
13.43249081227333
0.6714342205643031
7.195200233059042
-7.381476473280588
-7.70311381593104
2.111727698913612
-1.544495344222264
12.13886209964084
7.191988972801244
-0.3216373378363003
9.493204171601581
-0.5654230145137706
-6.237290579684826
8.241208261805347
0.6145002684661359
-7.253471669742356
0.887216492491345
-8.326758058418941
3.246666733909733
8.463528893098195
6.48637874161544
6.158618471910764
12.19563357707589
7.034276484051849
6.523766012987616
-8.739491887314616
-1.473487397103977
-5.161357093288274
-5.671867564629757
8.078394589946726
0.9589209207567876
13.23975168207872
-9.272422146568299
7.890738999845398
-8.507763880314721
35.72541533932669
20.90354152426666
16.96991824722666
-22.16632972824392
-44.94828055510478
-24.45722366294979
-3.28924071540492
-1.183834680865764
-8.638253399126071
7.739847120910063
9.316303718560519
-10.23134306641538
6.931818078293309
-8.286545532964517
-1.453531741371375
5.432227379617938
-5.349012682295562
11.02908783343053
14.82421364733001
5.610239095402724
-9.156243057344867
-2.270483937467271
-5.4319494840728
4.980844154973313
-11.01529862945038
-10.21791162508391
0.7646582660386902
1.944797532312984
4.513952406481494
0.7973870036069299
11.77995689589938
-24.29833710045731
-17.77462134209674
44.39710491161476
35.10218535936387
43.76310242512471
-38.80809760025482
5.327666217870531
26.83532930312912
10.65211472716761
22.65070568595913
-29.74916417409203
-5.287597890624123
-7.4544187196856
-1.073286387310343
-8.954009418853461
10.50013840190399
7.266004489681388
-22.28857374928744
-1.499590698625488
-9.213974552276254
-9.843369489955238
-2.984815828422611
5.599162252988425
6.387034260755161
12.35143943796351
-7.880723032240144
4.60230445931571
11.43531824729487
5.402976631312007
-7.749987205251543
-9.84850596891672
12.16270915564858
-25.09572410290976
-2.288101272830907
6.833013790454907
-14.45081042878727
-6.03234161583162
6.885759120433605
3.724293572412421
-10.24874017282215
0.5567183056938816
10.72771006756451
9.25168533542875
12.23134681488644
9.756635187275398
1.662960527076092
-13.15296383481903
-6.809414946940759
-20.20507543280657
10.41279363813301
5.094232001589009
-8.093674659344963
-5.318561635258075
6.858553662971659
0.1888354889152525
7.225083281681223
11.40537475178172
-6.842854527116592
-9.809076196502618
0.361915567966112
-8.457153085889709
-4.276861609789892
-3.316285588392078
4.901529296773075
6.055564508377758
12.3426660282023
7.036247796776006
12.1771152973868
-13.1879066600794
-7.03169001934126
4.180291474894058
5.140867498895997
32.09397147916071
36.93634664411935
-41.98010179777368
27.19248873840507
0.1947809808613746
10.80545847884656
3.327711669336194
-12.85550290316453
-11.04345917931874
9.178390906440004
8.945419248057492
-1.079645738268181
9.371850091403411
6.156216639215848
-4.287751846183149
-8.472375472395994
-2.966221672695722
-10.44396848371967
-7.477746809840568
10.17099176212009
-21.04671845958523
-2.098518763110134
-22.47240703712774
-7.052111598347882
-3.859423131496218
18.9481996971918
-18.68129694478519
-29.85197769399944
-1.425688578018122
-16.1832145725004
-4.184623621691431
-13.39566048424531
-27.93830357779155
10.02713440263367
-8.97851387380865
-2.921864423451528
-7.868737550802393
8.547425789054756
3.771453415184241
8.546956876295507
-22.01689259024687
-19.17906149374233
-2.699625509642129
-10.74597465069916
-21.57186997029367
-7.626707994351247
1.109776322681541
12.74996729171186
1.434829433897146
-7.993200931945341
0.8513728717051022
6.593677670688506
-6.21800960984187
-1.476024729278477
9.963813436553194
2.979661484064587
11.43983816297422
8.460176651512075
9.74251405264509
6.523715759543004
22.80762282940395
-14.82187381437865
-18.75549709292006
27.636916063621
2.35770321035847
-0.634002486195486
-39.06943869407501
-5.989058917867863
-25.27921285328283
-28.27091855016751
30.94277669468732
8.660917066762185
23.06011666966901
-22.28185963164788
-7.882660023339551
-11.17068074884829
-43.0698712520449
-4.901482741869329
28.42628911638453
-31.89919050356264
-41.42714190859371
-9.74385790767697
23.58391394731584
24.46156628537254
42.17488277863435
19.39293196238217
-13.26548790051052
33.32777185936729
15.42029543830593
0.8776523399608617
-14.54264309639486
-22.78195082107695
8.73648431764467
-9.153381008589113
-1.71224427345442
4.518816425848821
8.495268392175142
-2.71305196191292
-32.65841986334313
-23.64470693695541
20.491056886387
9.01371292602988
44.13576381845612
7.441136730273196
-0.2329716578040945
6.440329054364528
4.634715938492765
12.16246114012067
8.020057099508424
-4.946873127095323
11.46929021111571
-10.0944046347372
0.4450226206964434
8.433086843107461
3.449233111582604
-2.392808477294464
7.527745197020535
-8.046349141039707
-4.642531256718211
1.832221856607571
10.53942726191194
-4.983853731668331
3.403817884483277
-7.60265783047856
0.7850137879406195
7.259766908198922
7.743249343026245
-2.298425165664441
-7.603126745538729
8.387671616192396
-0.0004689141360994971
6.47475311348737
0.4834824355940191
6.556805369805188
-10.10500237771099
10.30516717769275
-9.484306562640374
-5.007088877518051
2.164973486353571
-4.252595880761503
-8.135926114214314
-0.3797077880142423
5.48635755918234
-8.49370065351016
9.244812180817009
6.073322938757906
9.738953440968867
-10.04167450746366
-4.241104776254237
11.64058820554168
3.665630507540595
-9.826057694667544
-1.873628737687327
8.86160777644538
2.703263510731138
8.503833239933451
-7.37694153837232
1.576456596634546
7.952428959465566
2.449116154428841
-8.563396625424055
-2.187424258815262
8.54781226022514
10.93150343112454
4.382570314737539
-3.346534470285749
6.375972363847011
5.216862156997434
10.73523651732579
7.756218324837671
2.383691169028514
-0.3577745368493002
-5.651440463515957
2.285292647985835
8.791867000951138
5.985263981041332
-2.536768799166484
-7.496058527232055
-4.932485734114909
-10.30501289036929
-2.075174923666303
3.665232713551636
4.692034234070424
6.769545479058772
-5.3725271560138
9.624519967897125
8.229837967468207
-6.548933119430387
0.1156386930788375
-8.114199275562065
-1.476055373504708
5.740407637982985
3.895789575117047
1.545766139787899
8.210337955475099
-6.183338648000481
-8.160488801840062
-1.408211619537276
6.995007370428014
6.664571815552327
-7.729104785979727
6.638143903798197
-1.215330587619117
-1.977150154088687
6.752277182811075
-7.94760585752086
-5.208329159183175
11.14576247344742
2.166328858571531
5.597548064695238
-8.964891984444622
-3.000486805224581
-2.677790471608864
5.402732186711959
8.067524447240482
5.964405177895869
6.287101518649945
-7.853474493157854
-5.18868223605941
4.925252484956717
5.371844951330629
8.403218990509151
10.74531491969649
6.231060694273325
2.664792258313018
2.739276699468291
-4.514254228137361
10.11393471855457
-7.253530928810257
10.80587722555414
6.150951389876345
-3.277078969512106
3.976451962497246
-7.974957714791475
0.6206958150701465
8.595653558871751
3.758454621219661
5.800569730205998
-10.08020504635831
-5.304701581201226
4.775503463830311
7.936733112832411
-1.84461806308336
3.104312766463107
-3.938515167459176
4.130929429602865
11.27850279340883
-1.534030099881298
-10.84844676052079
5.63803232209949
-8.770935514657257
6.506574354569604
8.069444594616694
-4.832420345526431
-8.383607524036501
-6.820737289480617
0.3268360713304595
-0.2529350124177991
5.637740299012933
12.31947929804603
1.562870237601356
-2.806603017271676
8.130672514997938
7.147573364296901
-2.499723233675071
-8.14019369133875
-5.640470468306312
11.99264320000723
-4.586629382802851
-11.92791568344899
-8.075978094773493
1.884474649242318
8.699978377801511
12.22712338511642
-1.942214028403275
8.995061505140013
-10.4642468098013
-6.890695384838205
-0.4828048373614736
8.204443308050658
10.93727553188838
-8.522032779743244
-0.7906181983962531
5.890675319903183
11.54008023495886
6.545482260744579
3.573551424780215
-5.405882193497507
-4.959289726906591
-8.979433617617655
-5.548214408716794
6.407890547175738
4.63741384227691
0.4465924660808109
-5.570809590318288
-7.341286296466332
3.116438554828796
11.65884433223641
13.28660776086809
10.18562824921715
-4.654925836466047
5.32733244931261
-1.770476704928829
8.687248143927626
-4.858295799900073
3.851937588977056
9.982258286566733
-9.428030362031079
5.158848232032105
-1.34784074192453
1.213844437683964
-6.171250803800675
12.17779635477562
7.362392643358358
-4.823410059219272
8.710233385915378
3.315165237199218
-6.190713835705902
-7.549858821955082
7.209300885533052
2.792789913153129
-30.12951928444763
-5.216506119745256
37.02656654246463
-25.38151317606302
-6.984904520362003
-11.20832036037692
1.775191325707248
-7.304913452150025
8.524564896693185
1.455182403933181
-6.833223667569659
-0.6169274676629595
6.867249231368854
-4.223415844253738
8.760095849672867
0.4716897887833958
-6.600134783631548
-10.02506498983554
6.673300717793346
-2.806617416624772
4.296581787898265
1.282337416000707
7.218447577302988
-2.376718935139159
9.374068465064427
-1.012939705551147
-9.68591217337697
7.024869335513418
5.936110147905842
12.02289687354169
-13.12740004922679
4.715228064017078
-7.385095244141315
10.96395192200081
-6.260171982111587
8.190788944023412
6.08678673868062
7.103199206815328
8.542405776111075
7.336100462759167
5.649404909192858
11.02754178087295
6.681739007408306
-4.99459798006371
5.658512638996223
11.53203590063157
5.37813687670798
-11.52758444007282
-6.396768278757937
25.97797103047126
6.350147630591419
-9.977230209388489
5.742304802034594
-7.069382486349808
6.86722807255155
-1.657315672089569
-10.97540004732507
3.475560876400682
11.88483629593915
-5.466418516786486
5.666296537893679
-10.1087658996302
-0.6288530521405432
7.802543929976504
9.802271329986578
12.36312386043355
4.925921384911233
9.479912851776742
-2.742947156300856
6.216296204109415
-2.842650623422248
-8.0882370386582
-7.071824575505721
7.484176709413219
-9.058946833033973
-4.504955356794967
3.926441665458619
-2.77316297594701
6.504194017554626
-4.815403714414675
5.145049031654055
-8.524543757524441
-3.871372452766295
5.508981540835512
-9.505879071955464
-3.064335308537904
3.894135647212057
10.95034960119241
5.722678395066466
8.40927542409438
9.277356990880568
-30.78997976718142
-13.1776414396956
36.78872811326891
-11.84679794625737
0.868081564777606
7.309625326392651
-6.218539755065115
2.50710541279336
10.63038625385039
-0.09898446740778785
9.716569711332449
1.12130483731278
-7.017545001541171
-6.783102800541077
4.653171317641233
-3.557735053987721
9.380354006225815
-8.210906388782508
-3.650326451792146
2.696235695694094
6.441543762975777
-1.35914498660135
-10.72937072626562
0.403344316468896
9.128989471658262
6.709267259231925
-0.913816536180951
11.13271504867358
-6.68411832315837
4.553991485133411
-7.668868552260443
-5.245586414877327
8.431397013676071
2.423282142835418
4.560579943461612
-4.802519912238244
4.650257512745623
8.787013703460756
8.725645161128549
-2.419722206481554
9.708938591013887
9.452777422989049
-13.99705931533096
-9.328044986270127
-1.672420688840308
-8.087886524027272
0.3473291502938764
7.153516916106391
9.179195038161142
-16.34231822557037
33.35032907137359
2.851276692010803
-13.17271148888762
-20.65463033579749
-7.623083788639917
12.12866079567931
1.589359931778607
10.02457560796909
-10.87840585987488
-4.312312110227643
-8.595264866770007
3.303270916360007
9.212443716310013
11.47556748145604
5.048716220879744
16.05890579573657
-2.349199129550541
11.89853577588
-8.13884983532475
-0.101040786008405
4.583338314281097
11.22784819840061
8.208847732764255
4.601661157586991
9.27067547708543
11.0101895917069
-7.397915371096029
4.669014324279792
5.909172793586474
-11.99957654934839
-8.284975625003916
0.5409619831462777
15.89062458813491
14.6084798252741
-2.998983742756692
7.676979138673317
1.739514122768263
7.65562430241491
-4.316558271679012
-3.981943336707966
-9.209614543071808
7.31522985102599
7.751336451695958
8.608686131257915
5.916110165460432
3.625509422520012
11.20210204928404
-3.019000469673582
9.423151999772138
10.81574838378058
8.825937606760764
5.285991885814228
-0.2561611690575542
11.97388897596382
-2.104085185893631
8.773651292846068
6.727780700986033
9.960452746769231
10.34264873587771
-10.91689973494697
-1.470094414455477
6.364335409454395
12.90933070146974
-9.289136311355129
2.161580792661244
-5.761991307569226
-1.206305309416868
9.446805316747374
1.627763427335581
10.65311062270131
5.873523264978708
7.834429823286362
1.960906556276756
10.14632599526596
6.565864064215678
-6.153899019304504
-11.21780616110396
-3.032386720040805
9.714529194454578
4.909974994532466
14.59512425929538
6.544995291140978
8.185419440227443
16.12778115645165
-10.74774990922932
9.582785865766153
1.267392101598042
24.41029754119467
3.527145007578975
1.550354230704493
-11.16940884762005
-15.5152116009176
-8.672972486430416
-6.112119980419425
8.037809045786787
0.2344421888626071
2.560852524615277
6.346562153957318
9.0298124618405
4.136756190906484
-3.200237682607057
-5.246108275294146
8.701777658640554
8.867657040712203
12.44215247645106
7.576592628231265
8.435215675256019
8.831865887679747
-8.744910691533278
-5.237849562839161
-1.688696737129348
9.608476450908801
11.61287217549702
6.777292448964595
-19.30066938063134
-4.473157705686522
11.92752098178692
30.04472141895802
9.879714352332805
-9.61552011569893
12.74691591192257
-3.580461930714366
-19.62782340392072
4.748006113471807
-14.74722834349266
4.880595063787982
-12.71976308285651
-7.847934092305569
-5.822255971386631
8.125629960703352
6.219583751154614
-4.893056271188637
12.06789472280836
3.507061128883983
-4.41651097314955
7.056213954016571
-7.923572100975811
12.01514201121205
14.82751167510362
9.685149264971521
2.025678121355104
14.06751784265629
13.94788593269031
-23.05394102962269
-11.32183860236955
17.90469279705041
-6.311941371141104
20.80857277429495
-1.282144763838002
17.44054869121557
-8.213645448483799
1.416560507265404
11.73210242732298
-1.906046208745117
0.1658793814501814
16.7419996588759
-13.63814863565893
29.22653139920392
5.084544820649965
18.72269345581001
-6.357065806008986
-30.49905238239809
11.25527252147439
-24.1419865783301
17.61233832748614
2.903879977122449
18.94318182143806
-16.02398818264709
4.477217701645176
-4.837198966661798
-9.314416670435795
7.172062392926367
2.077511245425993
1.016412463510717
-4.345802768305325
-4.865559845924039
5.810403036182475
1.392596384883477
7.958690137394441
10.67596288122
9.630205954145598
2.148287101555368
-7.481918849750122
6.5660937509778
-5.227671206244999
11.29717318788621
-20.33240224491128
-18.32800652040476
-4.284646067870143
18.75402029467667
7.715738787371482
32.58368911092858
2.004395725082786
16.04775617691174
1.293456280257034
-4.835579726027772
18.30732571433002
26.04374530807842
-23.79432382052858
-8.182674245166139
14.85599211799892
-7.21820354326129
17.25261746534277
-22.93697414096518
36.73751947442797
16.57612027715448
0.857349679392389
23.14290543985308
30.64726664188115
16.40067868785744
7.736419595117876
23.03866636268478
-14.75429989626599
-40.07844448338145
-38.17283562039495
44.05228928617954
-14.43257427865549
11.83677313201864
13.82966881654288
29.26535900524856
21.88152735656968
-48.63552605893931
-29.86106538807894
1.905608866609085
24.47082100849089
27.12051414559847
2.649693137128743
19.48490200943065
37.46345565321331
-14.24658795392203
-22.91084704691207
1.957103275749068
15.29603931285824
25.51690918623783
-43.38708314873261
-43.18167678077295
47.50720334364276
-0.2361542669060063
-41.53370491314672
18.11720043709249
29.54262726646565
-24.15907663933691
-31.54290828920662
35.35957422435433
-13.56435464547343
18.20231961176415
41.94258095969617
16.03930184482908
34.81376251622247
18.77446067157591
24.86795032366805
42.24307266217205
11.42542682929317
-20.16500706140468
15.43569018889311
25.23169461452268
23.55980591149572
-18.71948089793703
31.003165539515
43.15092888652381
1.853378235147342
-20.39136960134131
-7.383831649424121
9.796004425442634
59.51865086324517
17.97855364386353
49.72264643813278
-1.671888703212021
6.58300673551124
12.1477633476901
44.05844756449887
32.85235415177937
31.76667425713528
23.74026134483591
-21.00942274654114
-32.21551615850896
28.64447084185772
26.26934741201539
-30.81764583708136
1.647971870880918
32.46561770906679
10.22086987309286
-47.74335761324483
-15.83267339985932
31.13126788807118
31.91068421608087
-19.49523446249832
-22.24474783668063
-11.20609341234358
46.96394128793003
49.65389358793744
2.689952299545353
