12.37775432403357
-5.272121608375749
2.267001088876205
-4.001197223366039
-1.31018473054576
11.57930357909643
-10.13425518531493
0.6924011741304296
50.65138983729267
37.38452591226689
46.400583401821
-11.88231973402567
-14.38802095121736
13.15084794569123
-2.384409981507866
24.33821163446413
21.01680735744042
25.34263893772492
-30.09999509801188
-7.035197820330364
-11.7031769526793
-1.942320288552636
10.43562883937996
7.678704878494059
10.10502028477511
-10.20648204126749
-8.370673428850683
-1.806299682759111
9.85891426574846
15.67487195266635
3.113172878768026
-6.507272822558862
8.796494526775875
11.2464607986097
-10.56566130936101
-11.13187651510941
-3.040104085068006
-2.31073200721974
8.008536080671794
10.46226411258804
10.29849910890063
-6.878377460353548
2.629864888223544
-4.428411154057045
7.752833254716052
-10.31496303948831
-16.71686906451015
-4.842413520081368
8.607999595563708
3.056050454780034
9.223509187920667
15.41553586169674
7.406333290209301
-3.321404277062769
5.795090139228433
-8.009202618336404
-9.620445722468148
5.683321669149269
5.361810869123227
-10.72773758184484
-6.401906016003784
13.37101348700508
-1.135328222345133
10.73912732018027
11.41077589689096
2.662986016665115
-19.63954648653175
-25.6288536060801
4.325831580413814
11.87445554341511
-24.49352538552318
-32.37783675894018
-7.668634223656973
2.37518685801588
10.41158650636062
-2.545665811118124
8.012594494603597
13.45041311836747
0.6716485775883468
7.204611753827828
-7.393077664398743
-7.714588480610047
2.115164750526642
-1.547129750474304
12.15898581275459
7.203909462516918
-0.321510799571678
9.508242414170407
-0.5662152031790203
-6.245801367261647
8.254929301765438
0.6155096001357122
-7.266328201764969
0.8888231353064324
-8.34142555441003
3.25248774215005
8.478629207146932
6.497819693202942
6.167458731486128
12.2125493412078
7.04308395932151
6.532963177172125
-8.747789878698377
-1.47519807524167
-5.169465383063039
-5.679586164059254
8.091772436853152
0.9600465390853831
13.26123781752235
-9.283863290202174
7.903324676673511
-8.518282031527619
35.72866251001612
20.90637231467883
16.96749289147252
-22.17020595819411
-44.95631993396985
-24.46200298522531
-3.295051348620743
-1.185859915551175
-8.652964497050766
7.753588833119373
9.332956013569314
-10.24390982597052
6.943278135467857
-8.29694299934072
-1.455995459018352
5.441013738807673
-5.357913142878133
11.04864017253726
14.85028229193811
5.620033599009686
-9.171247241014035
-2.274238045449839
-5.441200109798856
4.989506725893619
-11.02509965313171
-10.22701414124468
0.7655812599367416
1.94696682265588
4.518089114722332
0.7980855092692107
11.79068091486621
-24.30623195251065
-17.7844433847675
44.39991590072547
35.10349052850344
43.76600153124428
-38.81099683598321
5.329452259744996
26.84631720321223
10.65668385459887
22.66011576334244
-29.75535227756678
-5.290087977558021
-7.467104587051385
-1.075097347898133
-8.969368986273862
10.51881593670118
7.272591801136421
-22.30253250105548
-1.502264396724475
-9.230248694463182
-9.860775558209875
-2.989983300385447
5.608996569402676
6.398057403167173
12.37289654089867
-7.894271641955196
4.607281894043322
11.44822942370054
5.407523860044385
-7.753388805975862
-9.857034653134583
12.17398095879277
-25.10431745969198
-2.290335592569249
6.840947536348096
-14.4643165507468
-6.040705562154524
6.897009196695186
3.730047129066756
-10.25967634647485
0.5586781279675033
10.74547459566936
9.266678015031902
12.25117749192676
9.770752688199241
1.664571941419285
-13.16091266065039
-6.814947542221442
-20.21726969421567
10.43070683341134
5.102571168800815
-8.106180744417614
-5.328135660090646
6.870792261652911
0.1894224711807491
7.238277349098859
11.42613397977662
-6.853741280923766
-9.824619025342527
0.3621774497071935
-8.472324207839087
-4.284467554675309
-3.322251192208172
4.910076603712783
6.065789533527407
12.36316134719511
7.048854891135901
12.19892791772862
-13.20875191085594
-7.043163762392693
4.187856648499831
5.150073019897773
32.09880160134185
36.94172536525435
-41.98670750927438
27.19650581702981
0.1947321847976716
10.81835447543303
3.330326086742073
-12.8593072505252
-11.06395651497676
9.194544156224618
8.962007510786094
-1.082120812072738
9.388040709551138
6.165588142593139
-4.293318010090786
-8.479519479312623
-2.970877754707211
-10.45890614810543
-7.488028389681603
10.18679646839793
-21.056233690408
-2.103645843589744
-22.48214214203836
-7.056357035189963
-3.861394015368503
18.95258784848006
-18.68368420720033
-29.85619304826854
-1.425908453005585
-16.18963333726698
-4.186201454545889
-13.40232214766649
-27.95020374486408
10.04382106763327
-8.994467396018253
-2.927771532170713
-7.882847885032588
8.564700123427063
3.778528710919149
8.563836802573844
-22.05022709931202
-19.20372804847689
-2.69357266717786
-10.75352735263932
-21.60272005411894
-7.639419704005022
1.111619509918139
12.77299611285416
1.438588508074877
-8.009826445733029
0.8528184970144718
6.609710216690014
-6.232310480852772
-1.478796571372457
9.981835687810902
2.984499492037153
11.46063224991813
8.476132667835001
9.760856664126095
6.521788569860331
22.81398186550842
-14.82229019346702
-18.76116962039635
27.64199040892044
2.359032216197431
-0.6339143684732219
-39.07046364200252
-5.989307118583834
-25.28295819210911
-28.27590477875453
30.94910865244394
8.66251100617888
23.06479727856663
-22.28659765834464
-7.884311368381231
-11.1725088394469
-43.07657827150066
-4.902295788095622
28.43028459705347
-31.90406943367501
-41.42949587174727
-9.745219554676789
23.5873608201757
24.46526430619564
42.181439694071
19.39532575319823
-13.26686392203291
33.33258038893253
15.42578510507095
0.8779034922062238
-14.54788160644446
-22.78611395675928
8.751039215348758
-9.167681411589246
-1.714596659066528
4.526357729021429
8.50844346021151
-2.717313480810429
-32.66218967672157
-23.64613218297526
20.49431692982295
9.016057492547477
44.14044909675034
7.453084737418775
-0.2325366423387391
6.450367953927014
4.642121637847355
12.1812443657062
8.036399653474279
-4.955076351549827
11.49247165144325
-10.11075323515698
0.4475070475162203
8.450200696056067
3.456071997941383
-2.398992007965342
7.539122712555549
-8.059954685425767
-4.649687305260144
1.835808612416391
10.55826030405947
-4.994128698181112
3.410267380766874
-7.618281923740501
0.7861141623541121
7.27161010300767
7.755211889203975
-2.304110457848775
-7.619145252121658
8.4043960792437
-0.0008633255879164328
6.48549591827781
0.4836017886538421
6.564373770406289
-10.12022328976294
10.33067774883719
-9.502219630307746
-5.017663484861321
2.173293989829263
-4.259499226159387
-8.150647880205751
-0.3806815925842024
5.496432234030942
-8.50850717229001
9.260397282683634
6.080771996806628
9.755931463854708
-10.05932234330838
-4.249007956620061
11.66521396901625
3.675159485272379
-9.844835854201509
-1.877489406359041
8.877408766269919
2.709235104611719
8.519549484603292
-7.391107804688277
1.579367176041258
7.967346456857726
2.453728043250542
-8.579079821205415
-2.191100526705445
8.563797661731932
10.95107534398042
4.390116011656955
-3.352938370420288
6.3879792852252
5.226141456342048
10.75489818362077
7.76996628366458
2.387277676081073
-0.3578592841272397
-5.662897539137383
2.289097784177905
8.809697418084795
5.997850964428123
-2.54128954168032
-7.511025915319422
-4.940891596930609
-10.32358020313319
-2.079355124485735
3.671779837424782
4.700187272449725
6.781340116786292
-5.382688606113018
9.64107887060268
8.244225079003355
-6.560959341047266
0.1152829405688269
-8.128942140994134
-1.479244040417502
5.751134962266197
3.903006587171701
1.548925459317601
8.225167749825404
-6.194128929352638
-8.174938449593967
-1.411038485712171
7.006864624241699
6.676242290339585
-7.743054384337251
6.649698103703495
-1.218303130532366
-1.980809521924914
6.76389996585415
-7.963239319065887
-5.219771218320416
11.16960200382258
2.170753603159668
5.609689333964139
-8.98014442781002
-3.005305285592288
-2.682772633684225
5.412597830955094
8.081379500812563
5.974839137097382
6.29737181052502
-7.868001237362344
-5.199219578488695
4.934773355857839
5.38225063524674
8.417903111607288
10.76415213704457
6.240954371837433
2.668781661618999
2.743468106186562
-4.523197773075791
10.13399292828647
-7.266665886466688
10.8294605589288
6.16383475117727
-3.284580178383097
3.982085719283534
-7.990054538425133
0.6180036594547045
8.608058292294146
3.763965048617909
5.810314383339878
-10.10034290152106
-5.315034799111268
4.785308097571593
7.951995327876404
-1.848128374109935
3.109560280051432
-3.945753146766422
4.140613324358644
11.30194872511275
-1.540691529718485
-10.86934103933122
5.650266134797167
-8.788188195487878
6.520599638204511
8.086366463190245
-4.842435043912531
-8.399853707275868
-6.834086900803918
0.3272484888711181
-0.2542100812476202
5.642929018878921
12.33085963472408
1.565766817050575
-2.811846445255927
8.145643636347565
7.161335401825155
-2.505701212814983
-8.157383759007505
-5.651682580219924
12.00361105778145
-4.594430449597674
-11.9481080657207
-8.088738306442281
1.88771253897125
8.711918870053927
12.24363285735614
-1.946434021291579
9.011056061742224
-10.48557452772374
-6.903939766917976
-0.4833199344018582
8.218850425223916
10.95749007933279
-8.539140502731296
-0.7922056442860015
5.89713912844872
11.55439365059294
6.554125782192155
3.581634756886236
-5.417213650067906
-4.969736369820413
-8.998848406362319
-5.55991267110548
6.420619830210208
4.647792855512265
0.447477278345164
-5.58085062163878
-7.35367759979347
3.121319735754823
11.67595510034909
13.30634932003761
10.20770552231363
-4.665625811302803
5.339700101234379
-1.772826973853971
8.70217035309256
-4.868005422117521
3.859369759941945
10.00532591608846
-9.448414939906812
5.171121693866917
-1.351428497267104
1.217977965076261
-6.185632743872818
12.20056937069193
7.37594667820323
-4.834204237029362
8.727375174706076
3.318783294849964
-6.198421989129075
-7.559473487916841
7.217482816148729
2.796446829983683
-30.13488985439748
-5.21737282972183
37.03017912982239
-25.38629913118185
-6.99717590675838
-11.22575695996775
1.77751598061702
-7.315198208342053
8.544622735173615
1.459493716868105
-6.844244582472287
-0.6203394201945346
6.881311948848992
-4.228581065923747
8.774691903112034
0.4709536405087131
-6.607613273352172
-10.04412833294734
6.682904613812084
-2.811089929646053
4.303872434855708
1.284724045007919
7.233038415258302
-2.379032194714117
9.400827498144714
-1.015309488863833
-9.734326776511399
7.049387552696254
5.948314326495859
12.04734066345581
-13.16050245843152
4.726843456686011
-7.403610718525348
10.98259142117902
-6.274381085745945
8.205959609732508
6.099026378518341
7.114962371530864
8.554635359150591
7.346331439845406
5.657254501810437
11.04010406462445
6.687930643264648
-5.000267890009154
5.665831300840564
11.54498228428518
5.382849578497143
-11.54321411901262
-6.402421630214788
25.98708406045328
6.352535855564516
-9.991463384200273
5.756891729790928
-7.085128996207371
6.886121390228003
-1.663310808743527
-11.00122454632808
3.479116142677102
11.8995165408456
-5.473241147049205
5.673456510998283
-10.10029555007208
-0.6300153328504042
7.821150501073529
9.809644676657879
12.38808832151881
4.919608601868614
9.470280230935908
-2.756923980844275
6.223905176916292
-2.844285657733065
-8.094502904745111
-7.078566925587729
7.50165140290545
-9.068190854667105
-4.517519199547206
3.933646763203147
-2.77663180566962
6.512879650167863
-4.824622698904505
5.151828153018916
-8.549432240482476
-3.88393745295078
5.527983431455525
-9.517205283440742
-3.068036233163426
3.89869951948028
10.96252823541092
5.728863098408451
8.420400411670119
9.289511449560086
-30.80304499621686
-13.18433199101549
36.79011291392551
-11.84884702771981
0.8691110325760431
7.318280077580344
-6.226060021129744
2.510201446884117
10.64020035645829
-0.1031168823944012
9.726722739429963
1.124987083950728
-7.041025910766506
-6.806061548012874
4.665494829042546
-3.56800467199252
9.411920923392858
-8.233499555707645
-3.666561712523894
2.708976328528582
6.449169049120976
-1.361051500372402
-10.74331725476639
0.4033803664376676
9.139641796335361
6.717164756954813
-0.9134775955513316
11.14669763918739
-6.702944633396427
4.550671686140555
-7.676532616383597
-5.250217247166321
8.451165936073531
2.426315386322991
4.566937862234909
-4.808078626579164
4.655239000277175
8.79689933195089
8.736261447881308
-2.422477021111801
9.719475171090918
9.463317621007716
-14.01085459259345
-9.337300266748722
-1.674124596961631
-8.096130233251298
0.3479967784319196
7.161464434639536
9.189822141640125
-16.36250779646081
33.35446897906273
2.849473279598506
-13.18365721916724
-20.67697024503654
-7.63064233153636
12.14195218753984
1.591164843281743
10.03529186029209
-10.88690240479256
-4.314462448576418
-8.60173563133457
3.30708277657864
9.221807163380758
11.48575332568019
5.053025758170089
16.07346352249298
-2.351439945448081
11.90881838376832
-8.166012982450235
-0.1013159127927743
4.587710196813548
11.23878743238505
8.216813186733924
4.605668414900486
9.27922270830002
11.02043781997743
-7.404465771569004
4.673554309622277
5.914724366241352
-12.01013425441995
-8.293786660377048
0.5418023812640876
15.90986711100558
14.62633993509892
-3.002442313218199
7.685324209468725
1.741215138735407
7.663175685046093
-4.321566611884114
-3.986224797490207
-9.219889935776781
7.323313732780636
7.760178984940276
8.618325395796386
5.921960498325294
3.629103003213168
11.21330484883089
-3.021974258944208
9.432984733899714
10.82665635927173
8.835589037606574
5.291344357509862
-0.2561575526499374
11.98757999855771
-2.106660322584355
8.783826103925639
6.735165038215088
9.976450855146634
10.35592031849826
-10.93027215581081
-1.47247683350535
6.371148838245957
12.92353487433866
-9.299877953337287
2.163924504424432
-5.768163976894812
-1.208303904672941
9.457795310533264
1.630394214245287
10.66609920393723
5.879150993992681
7.843625669448583
1.964474669578309
10.16174439470109
6.572702639466913
-6.162132690239881
-11.23160288205749
-3.034333150916015
9.720624351798836
4.915007761165204
14.60354920920359
6.552386033056758
8.197269728172584
16.14661064545629
-10.75961037140322
9.594224614176333
1.268580573641071
24.43164987982098
3.531713987688659
1.551750734839399
-11.18308457795322
-15.53525793351196
-8.719017348811819
-6.140573784660535
8.064697057390026
0.2349643237333126
2.578443625315326
6.375538060103546
9.039983657321285
4.141660332596923
-3.203753893485378
-5.252414960948137
8.712052410781325
8.877991703842266
12.45495901583977
7.584201850197405
8.44412701434708
8.841825363641892
-8.754473055813516
-5.243420551949349
-1.690644342199954
9.618894187600743
11.62513503631941
6.784770395604988
-19.30677224837996
-4.469346983694948
11.93025617492485
30.05090968618364
9.881983351064717
-9.61823079986606
12.75495749424723
-3.589041754143663
-19.63454821818368
4.748590739828674
-14.75162337535125
4.882924853762716
-12.73483532768111
-7.857461218426836
-5.829103514290571
8.135363851412789
6.227076339083037
-4.898323324275403
12.08174559618064
3.511052502098061
-4.421035986762893
7.063828714803195
-7.932088485031597
12.02819094667444
14.83742526507505
9.688541448735229
2.028357704872408
14.08453755521059
13.96446736765292
-23.05807302996848
-11.32022955447447
17.91380006943084
-6.312422110423256
20.82533853422572
-1.283527178811506
17.45100288719182
-8.224542898631338
1.417872378004984
11.73784347494756
-1.908287510030694
0.165939291814744
16.74565091911209
-13.64613098347287
29.23402962328204
5.088399087022442
18.73453006861267
-6.359365180887997
-30.50499570957741
11.25934782429905
-24.14563053503361
17.61871300520183
2.911538464266047
18.95419797018136
-16.03313050430697
4.484556198425389
-4.844093338090071
-9.328649542618072
7.190957569603341
2.081152844090024
1.015935979002755
-4.352173404692728
-4.870757157790691
5.817009367810866
1.393671628137541
7.966111593494393
10.68776652244881
9.642415271180157
2.149102226723167
-7.493313035163268
6.572439960474083
-5.233665137644647
11.30953853003598
-20.33877991015494
-18.33253906157388
-4.285590359962902
18.76333995054236
7.72751696903926
32.59583361890133
2.006240849121351
16.05318955008051
1.29501166296878
-4.840364639877358
18.32270466754776
26.06005603088495
-23.80169800050069
-8.185373703662192
14.86355660751598
-7.221986372583697
17.26387526709224
-22.94355159008575
36.75319278703493
16.57971162739443
0.85814641028983
23.16306930658797
30.64848003862966
16.39960315901632
7.73735136466915
23.04893031066497
-14.75817788692972
-40.07379670514498
-38.16962700443037
44.0644831518286
-14.43098435657703
11.83995342493121
13.83249366867351
29.27246570093233
21.88963617964872
-48.63895993968853
-29.86650825727265
1.904169712442746
24.48586163915283
27.13776064511656
2.651899006039408
19.48931752024885
37.46701019814832
-14.24887687948365
-22.91112867412936
1.957187974787691
15.29880443991011
25.52059304355965
-43.38697608654864
-43.18166384216284
47.51622977161984
-0.2362232929123622
-41.53386636494108
18.12065351069525
29.54768131901704
-24.16216787114143
-31.54499739380455
35.35703012384729
-13.56730471612245
18.20337326165854
41.94201592946556
16.04265950759898
34.81511119212909
18.77245168464514
24.86831664994957
42.24755195940128
11.4270278082401
-20.16892631807297
15.43997203242411
25.2368572277585
23.56340506980477
-18.71997117548405
31.00234162179667
43.15075280873742
1.853109720203367
-20.39342333414169
-7.382829522063531
9.79688519516961
59.51919799438836
17.97769267792194
49.72231279952955
-1.673452158127012
6.584985805611487
12.14841118919007
44.06342103535604
32.85592360513946
31.7706779775518
23.73864265783035
-21.01703231317597
-32.22452974102038
28.65653253035901
26.27093778580569
-30.82052416469625
1.64779748789342
32.46832165604528
10.22178860332903
-47.75245307316029
-15.8374432380024
31.14510910966516
31.91500984378514
-19.50021413305557
-22.2465330548755
-11.20749742903054
46.98255234766738
49.67356484201144
2.691012492820237
