5.576290408819009
-2.523236768898818
1.082444668568851
-2.788145213181146
-2.52323674073061
5.046473487750744
-5.576290436696747
0.3785176636002362
5.576290391454494
4.005153887972599
5.046473441987607
-5.576290419333521
-6.677599654483364
5.576290426670624
-0.8058068957823117
5.046473467074078
3.72691516953157
4.995478326327373
-5.046473465364711
-1.312800038027601
-5.576290417656557
-1.110931987621902
5.576290426289996
4.00789785200419
5.286656828663717
-5.576290439390677
-4.502394497564894
-0.7955388399722892
5.576290411563698
7.040605748107198
1.194290178829309
-2.523236765032234
3.827187051827237
5.046473467190365
-5.231843422148918
-5.498308629919055
-1.527050632086737
-1.148150349338555
4.049232994486093
5.328367176753565
5.524138533265052
-3.213418696279961
1.486633307785306
-1.994132280916834
4.134785910293449
-4.698785672473128
-7.48604904250295
-2.243109521078963
4.061973936534426
1.416954414161674
4.352534611043231
6.240763685892214
2.736268229283119
-1.319558297542508
2.523236742030672
-3.504495456609094
-3.717526943861543
2.632896872997928
2.611244630025708
-4.055826526825626
-2.787263370029822
6.115740086634802
-0.3952157312335814
4.847723790190407
5.132380633168745
1.223818597998754
-3.954629673939522
-5.230369949418991
1.268563156795803
5.242939521423987
-4.835154218185409
-6.308278364354975
-4.037505225479745
1.068975531718198
5.040018126767151
-1.389352622971605
4.031564228448516
6.305083457613391
0.2846568429783403
3.362964447624696
-3.655274552201671
-3.676926795173893
1.044777451863595
-0.7413465982923344
6.151258209061536
3.622302340568301
-0.02165224297222235
4.700052004065267
-0.2664652077701382
-2.942119009988694
4.083693072810364
0.2905606745088048
-3.67743234232097
0.4274948340398445
-4.214919236434524
1.675345952948313
4.452229003599719
3.40156074862651
2.935580196881558
5.75396140686491
3.254331913805766
3.078307604646356
-3.908562035169991
-0.666378503350801
-2.499629493059142
-2.675653802218556
3.971257997832318
0.4361871389812296
6.47088749089146
-4.256807758816185
3.827740934155273
-3.920710417156569
5.622812351386508
3.224756140365984
2.483710030527313
-3.440723034180094
-6.656917760920428
-3.756169795407288
-1.646041326521643
-0.6046208609200492
-4.28918788325783
3.930242300051189
4.748157434349235
-4.692994897797415
3.391553795174044
-3.802728115174671
-0.7240964848922661
2.632034728916114
-2.643146556736186
5.576283626572833
7.444933847653395
2.802519777179026
-4.460210631111509
-1.104079417303128
-2.656225419020781
2.484455241952312
-4.714115510482979
-4.148813506787651
0.3360973416596165
0.8902667826227424
1.808029320323406
0.5653020036953276
5.050212852142597
-4.839476986665122
-3.370418951614873
6.446761290891803
5.046473463969153
6.321779495840889
-5.04647347940057
0.6809711311112441
6.750726379957557
2.788145198707203
5.551460055482673
-5.576290424105288
-1.246837010027655
-3.68456702233778
-0.537486894113555
-4.44408608859571
5.352778295269284
3.24218353181919
-5.178448271938276
-0.7595190662579303
-4.642414070474368
-4.960478605701083
-1.54252362432028
2.974065914586669
3.385125119332069
6.609918291592327
-3.906599194482154
1.928172399576416
5.006804029858821
2.136950965472477
-2.369146838663027
-3.780378776760115
5.039080289410394
-5.404778990360451
-0.6694708869261371
3.078631630282404
-5.708551176336531
-2.869853064386345
3.35613121380838
1.803985212090728
-5.576290415993322
-0.2276092009550009
4.65163364551779
4.017872715164301
5.576290408858678
4.673838276477072
0.7536491131971317
-4.506097804135504
-2.948916338394964
-6.24039371682525
5.140680660973093
2.508442289229547
-3.920189163279941
-2.632238371743543
3.417954981380803
0.07229609461929359
3.532152657855331
5.579827810692113
-3.309913776865883
-4.685389235498869
0.1938536109739216
-4.290550063937014
-2.242874911100232
-1.700213274048705
2.582826692761521
3.227435469603643
6.619684473995981
3.459856563236037
6.050193353124346
-6.428631452509488
-3.382209871485176
2.047675152836782
2.590336789888308
4.763425421029288
5.576290414929596
-5.576290420593115
3.953124973844297
-0.06321599832099159
5.348681215038319
1.174435965529782
-2.788145215720572
-5.385974199718191
4.825701603861753
4.679079297127634
-0.5966855241283688
4.927648743652349
3.046421581024312
-2.50329912711721
-3.702565451592093
-1.375475458632987
-5.549720708141523
-4.174245249508536
4.879242846472791
-5.299243790886633
-1.411231938097089
-5.456832840087221
-1.734295912689744
-0.8472962506447704
3.888011852789543
-3.245352461665294
-5.084190216861091
-0.1575890492005902
-3.962581181250354
-1.199266324474883
-3.291477378430287
-6.798297065510328
5.106480757197943
-4.567747050231984
-1.468274641179675
-3.99723050967291
4.40720972731931
1.908770475860137
4.431420951472001
-5.576290414910309
-3.640765405421712
5.576290441731444
0.9747736795766817
-4.649219303740345
-3.79313239830156
0.5705165405590724
6.47651752609212
0.81640863499908
-4.554972504757465
0.5002561656678177
3.750267563348141
-3.545040465449326
-0.6337609303534886
4.789288675589818
1.558417693694377
5.423049605943307
3.864631912248929
4.465358430034654
1.469058035050251
4.735308103434313
-2.398056211020524
-3.139102320859195
5.082250022063489
0.4740896661540421
-0.1249817950509118
-5.765790159780559
-1.275740275479468
-4.608160355909446
-5.207231817114401
5.206797573506672
1.275306031871738
3.733673427337109
-3.931491541634935
-1.473124146169566
-1.838837755195797
-6.665479174546078
-0.8103004471849907
4.926601167660501
-4.82664141935028
-6.239879825934601
-1.623165441085299
4.113736173760194
4.329453414077633
5.513074422272123
2.296879695531788
-1.571136503481893
5.736901614845492
3.722536927397478
0.2157172403174381
-3.506819687080041
-3.216194726740333
4.363648938860633
-4.989242635715335
-0.9523848544808737
2.51920507374696
4.758889733062047
-1.508257431993762
-3.868016199013681
-2.826696644998672
2.900747965513141
1.041319554015008
5.727444610511814
4.036857781234461
-0.1466223067341193
3.480985203721572
2.523236753742616
6.128918191210283
3.971042595048954
-2.528955868493236
5.875484368498987
-4.493845740250157
0.9270711111699633
4.615539084998393
1.904441773450033
-1.008453898318636
3.605681437467668
-4.601516762154762
-2.72630969099464
1.073895941825782
5.420916851420121
-2.71109731154836
1.875207071160121
-4.087746700834167
0.4985576818743134
4.298763314694733
4.426495708152293
-1.213464723977245
-4.063535476681476
4.58630438270848
0.02421122415269066
3.800205632820421
0.1277323934575599
3.706855657592604
-5.576290438346902
5.576290435556951
-5.03754793438105
-2.549542180376873
1.354697147660067
-2.439605468329399
-4.617078275338344
-0.2177927061315936
3.171041723316292
-4.825047652773722
5.270585363538932
3.579123264135045
5.610647191645691
-5.63996043212954
-2.385442184444323
6.371829251535988
2.031523927510647
-5.205474000965909
-1.004771625826408
4.908869034738239
1.446381409617654
4.700899657302866
-3.926339818698439
0.8179151342980462
4.2007023751395
1.279134182267472
-4.573761545161875
-1.190974304320422
4.722666356244223
6.06550214925532
2.415907051669218
-1.796878494510467
3.382787240841453
2.776883050651407
5.913640660564647
4.39928556920675
1.342835793011099
-0.2079693774353757
-3.172373875459925
1.264985026660588
4.866625440700259
3.323391575657618
-1.410328391694907
-4.205047924056568
-2.816009009176676
-5.872458785372326
-1.177705014996281
2.084520179065128
2.672369060493849
3.835473272720545
-3.056449776195651
5.488378069670525
4.694753770376047
-3.649595097586102
0.06517703221815284
-4.629576738157893
-0.8450479117273748
3.262225194061407
2.229551145464762
0.8549240113104193
4.569696141114672
-3.357861534869265
-4.408529789842472
-0.7726774128368131
3.882640750018253
3.714772129804255
-4.212785546179685
3.784528826430517
-0.687055391096419
-1.050668254973208
3.635852377005658
-4.537634864941318
-2.963696169320471
6.294266712082864
1.237301655704639
3.182330381002239
-4.880830319476844
-1.656037147216589
-1.488581315084506
2.999281015638477
4.514239848790055
3.224793172260256
3.392249004392338
-4.471584217526936
-2.956625384375357
2.818311136270604
3.074599057192137
4.655318162855066
6.002821163874562
3.471589928227833
1.514958833151578
1.573938695620847
-2.531231235646729
5.77493652064596
-4.105169931267574
6.146026550322712
3.50589586780406
-1.865485271952486
2.239684659315087
-4.340305324025339
0.5387425039658515
4.87904782799119
2.099543640222642
3.254518247685213
-5.372721228316093
-2.850070752704229
2.522650475611864
4.437358902120515
-1.032674048596644
1.750953093655416
-2.162902113631624
2.28560504965638
6.279621188233279
-0.7449021925506987
-6.012412134323423
3.15933713548624
-4.849307922096724
3.601640414039672
4.448507163288004
-2.686405808465099
-4.555902585617516
-3.709035836369186
0.284980302207712
-0.1725029790999075
2.819521975659512
6.156773060908763
0.8468667492483293
-1.54323386504264
4.383399606517608
3.994016138576899
-1.101309235149842
-4.221593287896883
-3.120284052747041
5.871792758701053
-2.403977693826155
-6.359285712792222
-4.293124333023588
0.983307385727157
4.474448080374878
6.2594839376475
-1.065756706264261
4.860876765295986
-5.799476673616785
-3.793519070521755
-0.2631037007685582
4.395295025096272
5.926633471560247
-4.733719967352525
-0.4655817401997131
2.992024954759419
5.795413469107156
3.304888249827106
2.00595760309503
-3.051007453283198
-2.794719532361662
-5.056965056378227
-3.111936331080625
3.530415369753195
2.571106273579026
0.2562879209215324
-2.995998922791896
-3.955308018966066
1.662399803072932
6.047226861858273
6.878425774201036
5.683042604659649
-2.640130682518652
2.996308217535116
-0.9593090961741705
4.658398725864829
-2.686734387124533
2.066161379768633
5.636438900053767
-5.371381139756545
2.933858928349061
-0.751210260056939
0.6908627019686557
-3.453790231761644
6.58227128053989
4.001685506836226
-2.702579971704705
4.752895766893166
1.663279180320946
-3.156890696640275
-3.85255121996167
3.60855807929173
1.423625331958672
-5.576290413799265
-0.7332087459503236
5.576290396386669
-4.601018962846906
-3.921348681644039
-6.267147165055809
1.009932039308139
-4.097717371197882
4.878859980871441
0.8335633497542974
-3.846124853280128
-0.3637010055965763
3.91410763677889
-2.345798483411771
4.931280720952179
0.2515925179177539
-3.653235371708396
-5.275764821256004
3.627607510455693
-1.494369992497292
2.320170622159068
0.6007265177857235
3.781394828758714
-1.307436888296625
5.576290434240751
-0.7430203051231479
-5.576290419534969
4.017448591094122
3.180668310972991
6.397588816285618
-7.394664331410618
2.59028537899371
-4.144652933730299
5.891408578571236
-3.469903884500481
4.419581914702183
3.216920505312627
3.81454061465636
4.38482705878534
3.770469990026818
2.803388514347737
5.384270081715465
3.337251085249248
-2.49052521928005
2.802967614882308
5.557629440523653
2.580881567367726
-5.576290440960657
-2.264608387163569
5.576290427412436
1.513916010200411
-4.387109049866688
3.250011397680324
-4.045296631117144
3.924760446910136
-0.9647523440925512
-6.060189263494191
1.829296535708476
6.231097930955548
-2.903598453585482
2.982562931696407
-5.576290443228305
-0.4881035645790187
4.295936955990071
5.576290426029327
6.813431003498137
2.570152221839429
5.088186878649285
-1.568392574285806
3.482423847683552
-1.642662179504175
-4.502447998969884
-3.90482788962615
4.277808642375466
-5.125086027187727
-2.607051370377871
2.176989150191218
-1.471826663869053
3.391506468368475
-2.580585773703663
2.695845945047082
-4.889512791002687
-2.206684337451157
3.15659080990871
-4.82016987696122
-1.550554773847423
1.945278898970783
5.421952040847311
2.846090255026098
4.401801395247073
4.863333132237528
-5.367344728840236
-2.523236746712169
5.046473484879742
-1.740956076068854
0.461531736990455
3.731146840104252
-3.248534999259141
1.27184277797167
5.507069381192368
-0.1651833425336687
5.029238811951023
0.6419239913140814
-4.198482851178245
-3.974856335789987
2.682828453551529
-2.10081949218425
5.363275147359868
-4.78364794573578
-2.266153898227717
1.55360215410355
3.269615103113797
-0.6956605233213943
-5.672252723726036
0.2139086615558516
4.734286438786658
3.472947126220036
-0.4778305692413452
5.886161385281889
-3.809672993256318
2.518034656809856
-4.138544796125236
-2.859785819465708
4.784040520569091
1.278758976659527
2.517494047508065
-2.459304062132581
2.33214494556825
4.396645028873523
4.520377777230809
-1.261339312566621
4.915960409154099
4.791449007700831
-7.165747685738434
-4.822151120404691
-0.8553297535637149
-4.117785524458903
0.1926994464873195
3.680271406283535
4.658895881217187
-5.046473425036842
5.046473495723671
0.6012129186279926
-3.645681552981975
-6.207170346705493
-3.950777695461381
6.177299721720722
0.7844266378150642
5.094911608761286
-4.667955824150507
-1.160696921668653
-4.387314820636941
1.687242171996915
4.735204333276445
5.576290415357474
2.211264854547629
7.684099692939163
-1.558841843146628
6.074556992633856
-4.840406842492327
-0.07993794627505735
2.10780927758169
5.576290439426574
3.992930041293921
2.384388241214658
4.727984806548402
5.472834838391535
-3.770106697694257
2.343596565333744
3.047962161279531
-6.154494938908915
-4.297338285135441
0.2382628747118088
7.571717457984056
7.028361478779225
-1.485050160773606
3.764092650337687
0.744850031843132
3.966821366840977
-2.104286412306483
-1.951720023867595
-4.527581809688805
3.488149572717601
3.735648855925853
4.072771493797503
3.221971334997847
1.88512076371223
6.034259459359683
-1.583360398132653
5.107606965104839
5.954808100296983
4.535601159847251
2.812288124361836
-0.1245114014532673
5.942429162010478
-1.082388112959436
4.363284079234326
3.38380832177043
5.276431718750746
5.276176551920344
-5.444625554330916
-0.7654897889270806
3.070183878499429
6.189436923435045
-4.61342664198815
1.069753561931247
-2.828390784715528
-0.6143570687585228
4.679135765403834
0.8311989123427634
5.293492834162357
2.754661825641345
3.835673667426512
1.081011841785166
4.670012506627881
2.547511843924761
-2.976747873155926
-4.305331939490101
-0.7163312746473873
3.06219312271659
1.854494647370571
4.237865474252385
3.119253044935616
3.589000664842714
6.159826586860671
-5.119683361503798
3.040573541925053
0.6527930778738142
6.512449824066224
1.785035857272622
1.189181391093969
-4.335078325986719
-6.382097322452935
-4.833270114411821
-3.59612953694301
4.76046889621727
0.2236265153882584
1.23714057746881
3.819756052331267
4.487795480687593
2.064500083305273
-1.579145082776152
-2.558620840240047
4.164558695176718
4.260790185456186
6.690967363237491
4.149138695647453
4.310484970946223
4.466196434729866
-4.281265363387565
-2.568053764073846
-0.8045922215110366
4.635277375074159
5.479062775235097
3.204422675303766
-4.195310505681336
-0.7234342235401622
2.365714067158768
5.917844054725654
2.05003383782907
-1.81193967879952
3.778524397363979
-2.12250066270312
-4.062374417212025
0.9752714509523592
-2.88670206567623
1.175672351535795
-5.524259717080688
-3.801603037941613
-2.82297856300796
3.900200972408805
2.988495566125802
-2.423295397382321
5.839935268232339
1.713211599313719
-2.184932747333058
3.476673141876527
-3.898144346646775
5.772476439377613
3.471876282141173
2.383370826881816
0.9786244749336532
6.790098604067416
6.723179535416765
-5.499885041063785
-2.555487779515565
2.904059234044578
-1.337400473152095
3.395536236832146
-0.5433559792048306
4.647904351839849
-3.807624807646369
0.4010098802298835
2.944397261548219
-0.9117054062830052
0.09623149027946973
4.162484567911691
-3.856102667831224
5.459547013560144
1.335157663213455
5.191260331044679
-0.3208712267489888
-4.445260577095678
2.523236755379078
-4.124389350346689
2.844107982128067
0.4914770027875683
3.626388652771382
-4.246894471609966
2.488005754004178
-2.779504187768548
-5.267509941772726
3.904239328036939
1.163104212226698
0.5976201093437329
-2.047018996466217
-2.541828667590037
2.707314143521258
0.847201135192142
4.354460037673995
5.249142811111295
4.208634687876253
1.647145894152737
-2.561488793723517
3.507258902481854
-2.575861785821213
5.439869596585195
-5.133093939108104
-4.289308538947163
-1.105754065609609
3.16061002101466
0.7537307592817397
5.331586749116187
0.8437854001609395
4.027339873498494
0.5846219210799015
-2.274640099931331
3.585016646261078
5.043039298228902
-5.543592597080888
-1.763752006790647
2.502612079833624
-1.477339519448668
2.812289075520708
-5.206469959209239
6.0977721607672
4.06625307763222
0.3371226378716494
5.85965674619241
5.70141001706295
3.08914829069893
1.458022651967824
4.266364086624271
-3.442717952418592
-5.046473501478244
-4.73678164217986
5.046473461507795
-1.640060592978506
1.507955741978584
2.170976728101528
5.017039904496163
3.595160080933575
-6.787429560948596
-4.102841037328282
0.3096918592983838
4.289628594969375
4.732936709984242
0.443308115014867
3.285483085246492
6.262808288618992
-2.61226172636402
-4.243387365095126
0.3344686247393235
2.760330304240289
4.158125965978125
-5.515681993026572
-5.57629041872658
5.576290414406092
0.04727457174868485
-5.243727885074743
3.552129987566885
5.372592030604308
-3.22689330598199
-4.648773129544579
4.827372623684087
-1.671447926172078
2.741084970454587
5.83780601965594
3.134911649983813
5.819500173604126
2.684588523620314
4.577855989834448
6.309499142336993
1.820462043037424
-3.867810216896584
2.846063176394635
4.268929562291017
3.823657341238802
-2.706577642209524
3.924821901560168
5.562956564775257
0.2719541079518286
-3.151849863261738
-1.421879823562586
1.422866385896383
8.054265929666077
2.977325203372501
6.631399543769693
-0.4452722210522141
1.010433395971855
1.638134663215088
5.573769556389355
4.158449730928944
4.412532896626666
3.096721049201354
-2.123197894068802
-3.538517719529211
2.523236745723246
3.148016334957089
-4.489037099299569
0.3325625336518361
4.821599632951404
1.397795661737838
-5.529015842657408
-1.593380949483145
2.788145217858368
3.935634893174265
-3.86197351662859
-3.423803971213566
-1.415319825460409
4.381526167341512
4.646434639792048
0.2649084724505357
