12.36740647830326
-5.26821671799592
2.265049621226347
-4.000927397030082
-1.310454556881706
11.57444330449879
-10.12874126950058
0.6920313028560821
50.64847997568052
37.38220341463337
46.39714665580701
-11.87736203685105
-14.37998962633763
13.14262168353717
-2.381957748581571
24.33633011491429
21.01707080231087
25.33827075873124
-30.09689058943176
-7.034302667988706
-11.69305340886399
-1.941605425081777
10.41828784059483
7.668402643886564
10.09309745282376
-10.20006601857395
-8.366068549266023
-1.805512853149244
9.846921203510234
15.66356082048657
3.11036684214378
-6.503414701993354
8.79065701963215
11.23843714470653
-10.5565099038376
-11.12231855511868
-3.037417849677332
-2.308627270176742
8.001193151394462
10.45256073990395
10.29003273086382
-6.872903823093505
2.627613613129861
-4.425123675780455
7.746455173319396
-10.30867218319844
-16.70699916867587
-4.83921646366211
8.601988934820701
3.0540664468812
9.216982608563834
15.4042908141522
7.400267604664893
-3.31925931264255
5.790509256355509
-8.004023239751172
-9.613781557796646
5.680290191147996
5.35871538612348
-10.71952692673156
-6.39832697964838
13.36273862546328
-1.134326391608217
10.73345631236299
11.40499934454373
2.661498834136857
-19.63413757253553
-25.62336219660412
4.321199956507206
11.86778270444918
-24.48903580619031
-32.37257342728655
-7.662419119684046
2.37282988630708
10.4008983950226
-2.543577529784426
8.005038909586176
13.44120540006165
0.6715430327560344
7.19977776584789
-7.387119242939758
-7.708694058174638
2.113398236250557
-1.545777898184559
12.14864722953239
7.197784713161989
-0.3215748046132826
9.500517478515754
-0.565808649815278
-6.241427635792173
8.247882633750798
0.6149936786586495
-7.259732649293602
0.8879991429949184
-8.333897520212201
3.249504370656106
8.470894538478545
6.491955723054022
6.162916160757828
12.20385371921074
7.03855736446814
6.528234733802349
-8.743500509531215
-1.474313620301426
-5.165296355456966
-5.675618985692746
8.084900709574114
0.9594696935160588
13.25019706326893
-9.277973979516863
7.896857910764848
-8.512870982851421
35.72727663308248
20.90511717544166
16.96886529322363
-22.1684228115342
-44.95260894713374
-24.45977580268896
-3.292069279950087
-1.184820061278915
-8.645408436939579
7.746541731454345
9.324416949250963
-10.23744367094188
6.937388215804752
-8.291593600983415
-1.454723181074546
5.436499325751956
-5.353339153534846
11.03861100541555
14.83689774056043
5.615001075254262
-9.163533836357516
-2.272311331204088
-5.436440513674388
4.985060564757307
-11.02002310329074
-10.22230253301432
0.7651029971753788
1.945850067428799
4.515939214357342
0.7977205686047167
11.78512610155744
-24.30253059375987
-17.77969718954679
44.39886298971941
35.10312781082779
43.76489583537757
-38.80986064602162
5.328592152464207
26.84082857427643
10.6544049131353
22.65542264508622
-29.75244776112511
-5.288866374788632
-7.460588379115161
-1.074164867890764
-8.961477270681282
10.50923701551602
7.269186887821323
-22.2956364050337
-1.50088889006078
-9.221896666234723
-9.851837170735223
-2.987329531671633
5.603956587676982
6.392400204516792
12.36190024850023
-7.887312404905574
4.604720628423235
11.44159104125719
5.405198393685106
-7.751678995844279
-9.852622730968724
12.16815259704546
-25.10025116075198
-2.289190764526187
6.836870417378806
-14.45734336142647
-6.036392646759216
6.891222505990065
3.727093321192295
-10.25410961946623
0.5576645455893495
10.73633849636122
9.258966299277894
12.24099286126718
9.763485965975411
1.663741244248941
-13.15687738600515
-6.812139315847869
-20.21112494468775
10.42150107684892
5.098288930176436
-8.099744720133184
-5.32321214380016
6.86450764167991
0.1891174032183317
7.231496475749026
11.41546994334581
-6.848145551542999
-9.816625007333529
0.3620489483674035
-8.464529586314999
-4.280556104635384
-3.319188891248227
4.905680522553578
6.060540859698333
12.35262791324154
7.042379081057486
12.18771978308281
-13.19803364871626
-7.037262961496786
4.183973478782016
5.145340697869418
32.09662499957496
36.939323311979
-41.98372034986097
27.19469955485674
0.1947521242950998
10.81177416571001
3.329008341910342
-12.85741531189951
-11.05342098528498
9.186236626069904
8.953465300523671
-1.080842366561549
9.379729740268091
6.160770683564044
-4.290474608945153
-8.47588055714678
-2.968479462526252
-10.45124528940677
-7.482765824453997
10.17867395124039
-21.05154837314751
-2.100943733089814
-22.47733911253066
-7.054247559663348
-3.860455752672497
18.95060464123834
-18.68261520769141
-29.85428230935209
-1.425790740300169
-16.18642365380959
-4.185405938695927
-13.39898562589019
-27.94428902243637
10.035248996905
-8.986285983036796
-2.924749809378499
-7.875612327302385
8.555869075602066
3.77490201807279
8.555196214552355
-22.03378489333462
-19.19166584603065
-2.697332385557628
-10.75025196979506
-21.58752532746175
-7.632888956771056
1.110673655042598
12.76118800539819
1.436671389429961
-8.001270617504966
0.8520691422840417
6.601485090547563
-6.224992845661662
-1.477372191082471
9.972578609029529
2.982026571769134
11.44995079411105
8.467924164180488
9.751447983781679
6.522833405854222
22.81106039508998
-14.82215945637617
-18.75841134118539
27.63961499464305
2.358370245986506
-0.6339671536972036
-39.07027083792506
-5.989224623458975
-25.28124474836578
-28.27358214918643
30.94612554342108
8.661768026747492
23.06258792200986
-22.28435752449923
-7.883537617858558
-11.17166710067848
-43.07353998606489
-4.901925447142553
28.42849157013623
-31.90187288636864
-41.4286410926757
-9.744623761288684
23.58579324927564
24.46358139034274
42.17847247415518
19.39428636108973
-13.26627655912199
33.33041701970282
15.42309155175366
0.8777881450728057
-14.54530340253668
-22.78418612331999
8.743562612822082
-9.160310692685375
-1.713363295673603
4.522485163292528
8.501623839218427
-2.715123048045797
-32.66056292117222
-23.64561967730189
20.49283313221898
9.014943243099466
44.13845279915573
7.446947387128346
-0.2327713237452537
6.445187659918497
4.638312462398387
12.17157882133946
8.028068512156061
-4.950862517147218
11.48061888223307
-10.10235685707653
0.4462595673910571
8.441413876375639
3.452550370051085
-2.395859482949285
7.533266349081812
-8.05291958421116
-4.645966274281234
1.833997469307487
10.54861643826474
-4.988863506430019
3.406953310307787
-7.610271678953134
0.7855451424500579
7.265508900853045
7.749092401898707
-2.301202928334414
-7.610944544873017
8.395816816904166
-0.0006728640751606664
6.479963743966466
0.4835835026430367
6.560555711866877
-10.11179570802534
10.31753855465356
-9.49269815226233
-5.012092720498631
2.169040363458296
-4.255997124890044
-8.143133767236847
-0.3802107394638875
5.49136389325991
-8.500958441443087
9.252308128621209
6.076972218976099
9.747361020430686
-10.05029532778924
-4.244961323456094
11.65243406990313
3.670388813071759
-9.835225396818521
-1.875513178734249
8.86933669970089
2.706178031920836
8.511512031976903
-7.383857796719551
1.577875215114064
7.959712223778291
2.451367596072108
-8.571059030271389
-2.189222012962683
8.555627875751833
10.94106664311818
4.386256109819228
-3.349668871496868
6.38183701134685
5.221390162455349
10.74484988546388
7.762923025167535
2.385438763371099
-0.3578246690828014
-5.656869220461833
2.28708076336955
8.800283975773107
5.991243060217848
-2.538922769458906
-7.503213168761869
-4.936523986630822
-10.31400824804643
-2.077237564197024
3.668327000523599
4.695994878333591
6.775147414874867
-5.37748426120534
9.632518865366507
8.236770684463382
-6.554810539154901
0.1154551791936436
-8.12131550716359
-1.477627120265166
5.745564565334377
3.899220618101508
1.547316942950132
8.217582667326681
-6.188608043031445
-8.167546862755383
-1.409603207038674
7.000782521463877
6.670265724204205
-7.735924982920052
6.643688389358209
-1.216800149630591
-1.978938820671228
6.757943656949228
-7.955146519285782
-5.213893793487924
11.15724063018074
2.168463070528671
5.603409447953675
-8.972323068206844
-3.002823020983741
-2.680236027832855
5.407562711785631
8.074251767034372
5.969500044024512
6.292087051397814
-7.860488541448233
-5.193799493399669
4.92981010475792
5.376847743553782
8.410385729601947
10.75448779656873
6.235848448420419
2.666689050055881
2.741252729102738
-4.518639353395723
10.12360959398639
-7.259892086689991
10.817303245623
6.157188565894065
-3.280753425721336
3.979138668127999
-7.982045292183262
0.6190975557624712
8.601142909012937
3.760944235087975
5.80533400219465
-10.09003582341582
-5.30974161959318
4.780294200768245
7.943949986712378
-1.846343946913071
3.106820415230093
-3.941861994371757
4.135544478159813
11.28966392087754
-1.53733991897847
-10.85814410329371
5.643793287752078
-8.778991566655396
6.513203215313832
8.07740646741418
-4.837129569098846
-8.391331798052631
-6.827128557805728
0.3269908779292788
-0.2534863785145779
5.640266523818412
12.32502286932178
1.564203246982578
-2.809040910105788
8.1378454263465
7.154119443464857
-2.50262758661815
-8.14849819119485
-5.645870626699892
11.99803193457452
-4.590360717278017
-11.93749498967566
-8.081988680773099
1.886027524730196
8.705603875226197
12.23490728025255
-1.944256536415897
9.002629801436333
-10.47442236692769
-6.896972836898486
-0.4830287076617521
8.211300219608441
10.94688633516075
-8.530165827820545
-0.7913295863252757
5.893752920572934
11.54690831319034
6.549622294805507
3.577449528044348
-5.411328036311401
-4.964290396881114
-8.988777563784693
-5.553831182881297
6.413944127990783
4.642419244487549
0.447037638185455
-5.575609376329544
-7.347134262228139
3.118719549760534
11.66693681756422
13.29596459282755
10.19625042440551
-4.66011468195133
5.333318284488782
-1.771524883137224
8.694328923328417
-4.862932140482602
3.855506309397941
9.993432968662422
-9.4379419980942
5.164813691363261
-1.349597247431136
1.215899729093094
-6.178216540607152
12.1886648595068
7.36884119747323
-4.82861928703709
8.718438444804363
3.316846495582129
-6.194318935277283
-7.554368363076596
7.213127274120799
2.79451139180711
-30.13196422642441
-5.216900436707168
37.02816620008485
-25.38369540706453
-6.990861148664315
-11.21674689976809
1.776277781438285
-7.309808099824638
8.534392867670316
1.457330854035993
-6.838498274167806
-0.6186584283063408
6.8740926935608
-4.225885759474328
8.767138939697436
0.4713098349832398
-6.603723253794077
-10.03430767385315
6.677958995120656
-2.808790219297436
4.300121519552139
1.283523851088044
7.225517462508856
-2.377837485949291
9.386867147476451
-1.014132638923688
-9.710563372405694
7.036705569374345
5.941993583114909
12.03470293622263
-13.14353223731537
4.720869382926043
-7.394116275839061
10.9727651406262
-6.267028136408059
8.198015814313919
6.092709380141231
7.108911743465599
8.548217264458893
7.340951889552672
5.653155379627925
11.03356305281714
6.684756363250238
-4.997286031994602
5.661995654769297
11.53818635133288
5.380407683454996
-11.5348990880719
-6.399267747842434
25.98214947200126
6.351230435241811
-9.98389674937191
5.749415954870052
-7.077061999471213
6.876504112384861
-1.660300188602414
-10.98789752192597
3.477146424478498
11.89158746795605
-5.469554272521894
5.669597812733386
-10.10442552546632
-0.6295822404436852
7.811231026591336
9.80506344413366
12.37482651650738
4.922577127113335
9.474843293968076
-2.749885209552335
6.219839855187519
-2.843467875726012
-8.091235449940436
-7.07503309607067
7.492751143814838
-9.063307743519307
-4.511041558986896
3.929771791728908
-2.774749322469486
6.508241969890832
-4.8198236666712
5.148192543081819
-8.536804328068712
-3.877474623258795
5.518343270556818
-9.511165430108816
-3.066068223583522
3.896280777072728
10.95604711528358
5.725559170671228
8.414441052425719
9.282991287941174
-30.79667800201006
-13.18105792652286
36.78949126639691
-11.84789048824633
0.8685502318783612
7.313647434884076
-6.221989649427397
2.508549219376994
10.63474227101546
-0.101072499474671
9.721147646822995
1.123076328316126
-7.028936419246259
-6.794188755540395
4.65932973189123
-3.56297937314942
9.395817919513647
-8.222309140841848
-3.658713636561573
2.702701709954083
6.445097205727758
-1.360049428750276
-10.73581478082854
0.403337280273041
9.133876123915504
6.712891665961822
-0.9135946104462135
11.1391520729502
-6.69311623507195
4.552266204332534
-7.672462358965737
-5.247767574027555
8.440813333288023
2.424694796093438
4.563595517096097
-4.805098212784677
4.65256476886946
8.791627394364379
8.730538855491364
-2.420984445953285
9.713808833539314
9.457662977760577
-14.00332318359551
-9.332247375693862
-1.673188747093663
-8.091653746025079
0.3476506773424657
7.157228914999388
9.18417296556396
-16.35164869738113
33.35137256238214
2.85038100551114
-13.17774461125699
-20.66495874409449
-7.626486262674688
12.13479327627157
1.590199817960511
10.02950424491261
-10.88241200153016
-4.313310046713999
-8.598071302983334
3.305016617454743
9.216686072921988
11.48013744128924
5.050645767895154
16.06545868327697
-2.350161578101607
11.9030879049143
-8.152012739775452
-0.1011745135217858
4.58532124198835
11.23283715369688
8.212474564069908
4.603454957604685
9.274530744706592
11.0148129512823
-7.40080738988124
4.671075797501903
5.911669442128033
-12.00426239137
-8.289058238524358
0.5413594301239946
15.89964850619658
14.6168619544296
-3.000601646224416
7.680879941919615
1.74028222400797
7.659058638624509
-4.318910830522722
-3.983935921614871
-9.214423866977381
7.319027854546576
7.755452541392915
8.613194840921798
5.918776383833934
3.627153330663205
11.20723297857412
-3.020362598208997
9.427680051515305
10.82077257224393
8.830417665962898
5.288456599194257
-0.2561458575710435
11.98030598181369
-2.105289028137395
8.778429804763171
6.731233258406746
9.968016211694019
10.34887975557385
-10.92323834123605
-1.471221996893282
6.367549624221508
12.91598091471366
-9.294210577006536
2.162663195056294
-5.764907179111776
-1.207265365701169
9.452016336652841
1.629027771918975
10.65928169505332
5.876190703446838
7.838771619666713
1.962580912300506
10.15362548333349
6.568996480977439
-6.157778657893083
-11.22425492326152
-3.033210348218285
9.717287845797998
4.912288031041869
14.59895658906868
6.548431288556843
8.191044573160278
16.13654295581498
-10.75331772060254
9.58811166836216
1.267921760078522
24.42049913924651
3.52930340535006
1.551002338723533
-11.17577278919875
-15.52457943617703
-8.696430773006737
-6.126667752699992
8.050838218466335
0.2347476383096577
2.569763059831164
6.361415359331343
9.034575662669367
4.139062626041043
-3.201876176227902
-5.249072723864204
8.706581981307666
8.872487195906196
12.448042664581
7.580079650905107
8.439304425160042
8.836522288343902
-8.749389862849904
-5.24043536629789
-1.689623525559237
9.613340250526083
11.61859608907424
6.780804116112503
-19.30342692978942
-4.4710394596228
11.92877798168593
30.04755578544228
9.88076079331554
-9.616758371442447
12.75049818855043
-3.584629001649733
-19.63091904534243
4.748268830104478
-14.74925031147121
4.881668740946888
-12.72677513753827
-7.852406123567306
-5.825462074987695
8.130192626287295
6.223096403220774
-4.895513036538231
12.07436337131125
3.508954495781929
-4.418615883003949
7.059766337677118
-7.927570376369195
12.02123948167712
14.83238747043917
9.686668558475288
2.026944049163103
14.07550252525052
13.95565470253738
-23.05596589079438
-11.32122132065186
17.90788304670169
-6.312170935210425
20.81582223242253
-1.282786553690067
17.44524711213311
-8.21876856235327
1.41712148869817
11.73474456990951
-1.907096221529199
0.16590521367057
16.74379495557136
-13.64184079049191
29.22910436693764
5.086192878174264
18.72803366748871
-6.35808007943508
-30.50099156338074
11.25753999604389
-24.14291148804801
17.61562007548758
2.907939185399415
18.94878751485096
-16.02812562037743
4.480605466214045
-4.840198734991735
-9.320804205362656
7.181133145343908
2.079152536589859
1.016202354056241
-4.348806678744721
-4.867963008653402
5.813518581264564
1.393092522531385
7.962194483291692
10.68148158791967
9.635890047557909
2.148675902711953
-7.487214138841802
6.569101957583516
-5.230487944987537
11.30296377612355
-20.33548689848051
-18.33023106004126
-4.285064301952113
18.7579308318375
7.721401415586362
32.58901701821534
2.005255838997733
16.05042259640787
1.294166986364836
-4.83779197229364
18.31478540787352
26.05163247591473
-23.79789361995134
-8.183895711368333
14.8590994230665
-7.2200038778275
17.25740287185439
-22.94015132063812
36.74402996522881
16.57788974181022
0.8577422991647111
23.15257737949901
30.64741388482678
16.39981744169901
7.736847069392134
23.04299513393838
-14.75625560975585
-40.07622529911493
-38.17131254471943
44.05819979447126
-14.43179251098448
11.83829647218827
13.83108618668052
29.26872407306477
21.88493054229737
-48.63738175338503
-29.86383444880522
1.904912761996443
24.4774067493676
27.12799316794497
2.650586418624929
19.48662709370091
37.46498205497138
-14.24759644301224
-22.91056681559335
1.957048786115519
15.29732457412692
25.51859289530305
-43.38689973061705
-43.18154165678074
47.51157399356496
-0.2361800363070735
-41.53365587517677
18.11877780343962
29.54492101679399
-24.16043774854921
-31.54423128060023
35.35842522605783
-13.56587631946191
18.2028708965964
41.94239094327817
16.04084833053808
34.81439563642635
18.77354730603784
24.86761560272846
42.24506663670252
11.42614321327347
-20.16679498110171
15.4376378865608
25.23416447943566
23.56154411020725
-18.71967667886494
31.0026597013918
43.15071970411271
1.853243854527937
-20.39229704863083
-7.383793531529782
9.79652659269891
59.51886297408513
17.97835496132247
49.72233638170686
-1.672620369407646
6.583965717303107
12.14806000417155
44.06082248284128
32.85405471216797
31.76874721589383
23.73952004020844
-21.0131355623001
-32.21990333142643
28.65034191847019
26.27008898596498
-30.81892343221234
1.647885788498994
32.46680922296974
10.22126832087269
-47.74775403547889
-15.83499156395417
31.13801307470241
31.91276247713079
-19.49751915316706
-22.24554090351672
-11.2067677698998
46.9730046386563
49.66347747978767
2.690472840148338
