12.35229516424537
-5.262707789591887
2.262187864332704
-4.000508046553599
-1.310873907358169
11.56777941753654
-10.12166196998558
0.6915426209726
50.64309369638914
37.3780154746883
46.3911246995007
-11.86856368980375
-14.36701560357705
13.1278143033004
-2.378115932433177
24.33263354943561
21.01639451376777
25.33099348148961
-30.09166776367391
-7.032772091634771
-11.678053585592
-1.940170343329711
10.39383864929654
7.654360374389155
10.07699461762349
-10.19080362834487
-8.359427613062772
-1.804343307623275
9.830666364218121
15.64752802853199
3.106392482799768
-6.498013970446441
8.782450459108265
11.22707034138956
-10.54309880129154
-11.10832582867169
-3.033445365390797
-2.305527793310061
7.990283493844474
10.4382142790928
10.27783114223988
-6.86507757422017
2.624368864361867
-4.420457687142907
7.737286173453225
-10.2999359668898
-16.69328833190756
-4.8347116343968
8.593462054950598
3.051264699532358
9.20769899571556
15.3884878966387
7.391712291721502
-3.316239035706892
5.784081440424014
-7.996775611459251
-9.604406456214898
5.676057979277273
5.354425054521843
-10.70795132946748
-6.393352363760377
13.35120066559029
-1.132818407567647
10.72575829013275
11.39720088262563
2.659514166229562
-19.62548365048146
-25.61441274155995
4.314598967745857
11.85857669758878
-24.48159433433877
-32.36376557323627
-7.653462278355818
2.369204476667661
10.3847193801048
-2.540544962890604
7.993769110807499
13.42817368928322
0.6714425926375034
7.192944294974833
-7.378608742996042
-7.700241669377539
2.110837705160138
-1.543807373006869
12.13350445710129
7.18881174137069
-0.3216329243648575
9.489446447604633
-0.5652270274998932
-6.235229394243758
8.237571008745856
0.61423694159039
-7.249919910627912
0.8866896582362895
-8.322769408526513
3.245117097614952
8.459661482825361
6.483418081218415
6.156434296298865
12.19150406813388
7.032203947182195
6.521501702724324
-8.737686716451519
-1.473084392060705
-5.159300120997727
-5.670002366076804
8.074880463573455
0.9586117651284753
13.23418058370555
-9.269705045268555
7.887468581612786
-8.505288338920128
35.7243806227127
20.902778426038
16.97035428833862
-22.16536317836328
-44.94627203351395
-24.45602590412144
-3.287666604350212
-1.183307824587358
-8.634378606483505
7.736062257103194
9.311729181933927
-10.22831681005577
6.928856816000186
-8.284005325311558
-1.452940404271376
5.429940626632911
-5.346712001686823
11.02372886006538
14.81716496025726
5.607705893000635
-9.152312611630457
-2.269431581569815
-5.42960169666349
4.978474255935085
-11.0131021665933
-10.21574630645961
0.764416705784724
1.944311484276044
4.512916548266959
0.7973558598132618
11.77751887246053
-24.29617546172142
-17.77208126701563
44.39620324418878
35.10171196371938
43.76219016414817
-38.8072540192821
5.327207246977971
26.83265893447808
10.65099788585086
22.64839837622663
-29.74758442222969
-5.286921804246894
-7.451070782342305
-1.072849497333308
-8.94998697170765
10.49503700778919
7.264602324284801
-22.28499781578955
-1.498916189288381
-9.209459067327794
-9.838690703204339
-2.983359830866682
5.596728425038799
6.384232187003585
12.34637059302676
-7.877137474386703
4.60101650384945
11.43208142294141
5.401871492461418
-7.749165041075678
-9.846468258664109
12.16005778978146
-25.09353132060067
-2.287426972048912
6.831064920571682
-14.44748476235605
-6.030209930646438
6.882881030482624
3.72271091441021
-10.24553439864218
0.5563661553541607
10.723114430926
9.247747857355803
12.22614831059279
9.752920844572611
1.662524467198337
-13.15103653264949
-6.808063790228541
-20.20205646860616
10.40807595200662
5.091938115766056
-8.090396376874681
-5.316137835717759
6.855330873207482
0.1887569785210522
7.221763130866269
11.40004608604617
-6.839932176890501
-9.80501823276794
0.3617300442802507
-8.452908932337445
-4.274625975044517
-3.314446378956573
4.89980146504037
6.053145643055795
12.33834535418718
7.033006154182861
12.17146870882907
-13.1823344921409
-7.028689157071465
4.178282956898556
5.138462554104726
32.09273113874109
36.93495323031292
-41.97834306376107
27.19147675074087
0.1948119323337538
10.80190055417096
3.327013584939064
-12.85464746209039
-11.03831603976808
9.174427440438334
8.941417212574745
-1.079039268686275
9.367592019202545
6.153645334573229
-4.286327693949982
-8.470588256446083
-2.965086057537658
-10.43997302752896
-7.474886969406121
10.1667482757159
-21.04424802563209
-2.097303217745643
-22.46994867637525
-7.05101993601846
-3.859159539225659
18.94694480837996
-18.68076173453866
-29.85098412996107
-1.425700651006329
-16.18166104702912
-4.184260560373796
-13.3939926773971
-27.93532018102991
10.02266675302173
-8.97420252096286
-2.920224758764821
-7.864917474501569
8.542959167302852
3.769539548045925
8.542641434072468
-22.00452776606086
-19.16937072761569
-2.696874099626513
-10.74015372014123
-21.56032099591554
-7.623334067848093
1.109285046314993
12.74374207097211
1.433969735411845
-7.989470624392368
0.8510603923409369
6.59002472256009
-6.214742224209505
-1.475366572224936
9.959276769083468
2.978400455352764
11.434643339963
8.456242872029842
9.737883242261756
6.524094195667546
22.80610434809862
-14.82160219627399
-18.75402633495077
27.63550472337365
2.357384192348948
-0.6340130799145883
-39.0689959973786
-5.988929090975919
-25.27812053119451
-28.26951780340119
30.94106691115765
8.660478200853731
23.05889567215127
-22.28058871205103
-7.882171238229737
-11.17022239535315
-43.06814160415002
-4.901254388482923
28.42528347903002
-31.89791920886631
-41.4263801916743
-9.743476480473838
23.58306138544038
24.46066261887608
42.17315499609415
19.39224614581148
-13.26507822129942
33.32653786799561
15.4189287401908
0.8776012343283722
-14.54132750496822
-22.78090885249374
8.732619114586003
-9.149930053344811
-1.711386161752966
4.516967563567497
8.49228317552889
-2.712032040278514
-32.65732436731599
-23.6442151419429
20.49024612673376
9.013109225214336
44.13446126642778
7.438543889143469
-0.2330102278643886
6.437898017099205
4.632848196618745
12.15774385469968
8.015514904464666
-4.944692715733789
11.46318392533047
-10.09010729991225
0.4442067705160762
8.429217007502324
3.447669020841551
-2.390950268670136
7.524895656002897
-8.043279620501714
-4.640894488857331
1.83137601528175
10.53431407338275
-4.981547986822647
3.40238513170188
-7.599068208777362
0.7848649108583312
7.257135418131231
7.740566298354036
-2.297155554602872
-7.599385943069529
8.383933118504554
-0.0003177338134472559
6.472270504196351
0.4834308805890536
6.555084308976681
-10.10196022989034
10.29948177810079
-9.48048232022032
-5.004830998335805
2.163058155461668
-4.251043250467083
-8.132640991007388
-0.379478277832635
5.48404151124791
-8.490398592097151
9.24137881539893
6.071653430398555
9.735084762161158
-10.03772185230354
-4.239355343518909
11.63500967467941
3.663431334090196
-9.821371715496751
-1.872727875951057
8.858015459631597
2.701891351725444
8.500257859575456
-7.373440927261964
1.57566692461791
7.948643840483975
2.447930787410117
-8.559580544168933
-2.18660362687079
8.544139711019945
10.92699311018785
4.380888184379754
-3.345036160596403
6.372976916078992
5.214544384550281
10.73074333692425
7.753162712391783
2.382853398329671
-0.3577575999147158
-5.648901143556911
2.284428666614172
8.787942605059106
5.982467136143951
-2.535733813578381
-7.492673694506815
-4.930668202629589
-10.30097751749021
-2.074206629577961
3.663831987448067
4.690188891084104
6.766946939413598
-5.370309314632965
9.620857093125995
8.2267708887177
-6.546104927481448
0.1157097716833396
-8.111061117835252
-1.475381857365434
5.738038617831339
3.894266067558569
1.545013273556469
8.206827974497305
-6.180911073255364
-8.157154476278778
-1.407512309786006
6.99224648594164
6.661814700837853
-7.725924345615669
6.635679261839008
-1.214581490532436
-1.97624340294021
6.749642166648746
-7.944296144950428
-5.20578718728693
11.14043809314646
2.16539982715489
5.594828319274191
-8.961719203571976
-2.999580796137133
-2.676519496440393
5.400178000438032
8.063993201079152
5.96213840702073
6.285199710427318
-7.850260753740323
-5.186445554667331
4.923250420808032
5.369647926409324
8.399758795996744
10.74051269793936
6.228353722951883
2.663815199875216
2.73850895770294
-4.512158976478601
10.10969597379062
-7.250667933916051
10.80061550698081
6.148088032579087
-3.275352325136267
3.97531561004703
-7.97157834847472
0.6214779096695117
8.593056271760057
3.75733730369676
5.79836650831746
-10.07533227744132
-5.3022303889591
4.773101887989975
7.933329810780864
-1.843772550713391
3.103114952923056
-3.936921483002077
4.128832946281943
11.27333681356584
-1.532524083341336
-10.84389439139843
5.635365097434558
-8.767136341745889
6.503513939433803
8.06575442810742
-4.83021485778057
-8.379940936717244
-6.817700450497446
0.3268034157182906
-0.2527635026596471
5.636113289755828
12.31570311130384
1.562240487496647
-2.805475467617055
8.127177435772124
7.144503867667413
-2.498451913014244
-8.136423622638642
-5.637971714740114
11.98889968336495
-4.584718410903375
-11.92315151865199
-8.07299044579727
1.883679734406933
8.697040519834575
12.223052169866
-1.94123043069786
8.991422473868852
-10.45943138173104
-6.887730499428016
-0.4826914469097623
8.201057509677426
10.93265290343352
-8.518200949900084
-0.7903649639502133
5.888876796173066
11.53608219222926
6.543122054366195
3.571700882964978
-5.403337385889232
-4.956939880346797
-8.975038268111472
-5.54560977346063
6.405039052643423
4.635015568262056
0.4463975054226396
-5.568409621433226
-7.338433106468639
3.115339335294744
11.65463515522891
13.28175893097229
10.18062534047704
-4.652527474441912
5.324517077731843
-1.7700234845786
8.683748956270918
-4.856108262423546
3.850161073052144
9.977044552213728
-9.423440358470236
5.156054984860757
-1.346981555148485
1.212838633373148
-6.167971125610604
12.17251215346181
7.359287777334417
-4.820989569543583
8.706269333501503
3.314280489168163
-6.188845050138215
-7.547502964121039
7.207227820411219
2.791869470520129
-30.12705833586501
-5.216058359521715
37.02455535633457
-25.37924330649298
-6.982098305305183
-11.20431521910217
1.77472840087607
-7.302680716600466
8.519948613613415
1.45414599291376
-6.830757515068201
-0.6160632148213551
6.864048809350975
-4.222216916063982
8.756826706874318
0.4719232032689799
-6.598310115472423
-10.02045648318391
6.670908247791457
-2.805535519527593
4.294815053437139
1.281640377095592
7.21492096589068
-2.376093197141656
9.367963409820339
-1.012372337572147
-9.674112130852297
7.019249989155996
5.933280582587033
12.01716497388419
-13.11977409267149
4.712505463896434
-7.38080975990206
10.9596735223924
-6.256936188100334
8.187284172438337
6.083884397602727
7.100350574140131
8.53929581963102
7.33348701961163
5.647205393638156
11.02348066355833
6.679589825397325
-4.992960139961713
5.65656616847949
11.52780488779498
5.376275272422084
-11.52453464249873
-6.392580654800836
25.97291798679823
6.348581561039992
-9.973647918118386
5.738964331494439
-7.065802618059854
6.862837907028196
-1.65589980727536
-10.96944165247133
3.474778706514871
11.88142144643733
-5.464915675533141
5.664635005716066
-10.11107941211764
-0.6285072401079981
7.798355897435737
9.80094246351714
12.35751376244975
4.927687412259599
9.482572174031834
-2.739478277662517
6.214694301983243
-2.842168035581356
-8.086699493640529
-7.07023331983578
7.480112028954474
-9.056862339663597
-4.50197757260492
3.92488558410224
-2.772389348777235
6.502103716783457
-4.813224378362288
5.143445802832818
-8.518737720247392
-3.868491789432551
5.504525981927833
-9.503125538263632
-3.06342100339687
3.892947330288896
10.94718649706985
5.72110712227689
8.406642742363108
9.274493063808235
-30.78472933224653
-13.17509755096755
36.78603801098298
-11.84557476909626
0.8678503202254
7.307554854126881
-6.216786439095089
2.506354785214553
10.62821326404903
-0.09798425043408941
9.714286294436763
1.120451853933221
-7.012148067688083
-6.777855063680227
4.650245936758384
-3.555226449498511
9.373017777596964
-8.205472394263715
-3.646314526399977
2.693146975253219
6.439704534600219
-1.358657914052128
-10.72619751694032
0.4033531582296265
9.126494375884848
6.707410786777894
-0.9139269668261706
11.12955067826613
-6.67987080864429
4.554884770675186
-7.667165695448069
-5.244531457681568
8.426863152368657
2.422634240479499
4.559157871160368
-4.8012000682133
4.649030682094453
8.784528125411125
8.723141220751456
-2.41908358608166
9.706403266782347
9.450230749232459
-13.99381297686464
-9.325868269565186
-1.672018568981069
-8.085934356400607
0.3471689341432451
7.151592111673832
9.176572235860982
-16.33547089472005
33.34642474901796
2.851584344221061
-13.16887738427856
-20.64713358131018
-7.621337750175609
12.12548685172992
1.588918657992625
10.02202194956681
-10.87623679653827
-4.311662686590612
-8.593834437223043
3.302377781154248
9.210256405800303
11.47320510873947
5.047721650765564
16.05553355083016
-2.348713420663876
11.89621221509643
-8.132599920119826
-0.1009775897840762
4.582328442091272
11.22529194634311
8.206993564129872
4.600754708935623
9.268699412084608
11.00781190774252
-7.396435080912006
4.667944705224365
5.907878621645184
-11.99718979932982
-8.282866163040056
0.5407445192080932
15.88553730623926
14.6037684923033
-2.998134377199704
7.674853933091824
1.739112499333535
7.653849703146435
-4.315185377951466
-3.980821037589025
-9.206900412374656
7.312898712469837
7.748957532560458
8.605996391449102
5.914737197619537
3.624665123886766
11.19946898462454
-3.018298384061736
9.420815835385703
10.81320459093243
8.82361068148059
5.284731787807973
-0.2561725182117306
11.97038114112492
-2.103464901028562
8.771039959046371
6.725938400027411
9.956670181296342
10.33937243544475
-10.9133718485945
-1.469654333934034
6.362254202850722
12.90547820734182
-9.286248074995576
2.161059884047348
-5.760236426758035
-1.205808798632783
9.443717512818427
1.627123775440631
10.64952630983874
5.871238720953121
7.831908536558206
1.960669814483434
10.14246378480738
6.561396521265914
-6.151529613337861
-11.21180231469193
-3.03000834322638
9.711153874976073
4.906774056885024
14.5904158587837
6.543224004127351
8.181793971134228
16.11857637205689
-10.74441832346291
9.575352368072743
1.267120092359927
24.39906068309775
3.526011650266099
1.550886724398889
-11.16203940777945
-15.50593023657957
-8.66173980179256
-6.105168513987603
8.031622328833942
0.2342929982963863
2.556571296317012
6.339461504949688
9.027212477002131
4.135497443341027
-3.199341181717696
-5.244442741346988
8.699005595487641
8.864801728606878
12.43911422267177
7.574803861470808
8.433103291059204
8.829403301377214
-8.742332213046327
-5.236394253136591
-1.688093045196765
9.605626705349392
11.60933098623607
6.775144163300285
-19.29792467773001
-4.474216363075862
11.92622859450194
30.04179155881736
9.878606607055758
-9.614282875734817
12.74116221702184
-3.581067263383872
-19.624336427613
4.747815031736151
-14.74507444581786
4.879261983366629
-12.71292613426199
-7.845417096576632
-5.820436973115886
8.123011362861817
6.217606877297104
-4.891715034080963
12.06414290996351
3.505937960561443
-4.415358350694785
7.05423916709023
-7.921296310851019
12.01153841591333
14.82370831475816
9.683641801991598
2.024980123825855
14.06302397342276
13.94344833625943
-23.05052253416273
-11.32096289188956
17.90097985119327
-6.311209079236702
20.80299040881631
-1.281768814458014
17.4363194748141
-8.210683372624782
1.415857745001416
11.72955964248897
-1.905404485114017
0.1657961326451893
16.73931345551664
-13.63496412745232
29.22194274296286
5.083124162311616
18.71808828959126
-6.356021826396343
-30.4948404061596
11.25360995488294
-24.13881858066371
17.60963178127927
2.902010557596702
18.93915456338923
-16.02046172935329
4.47565132975962
-4.835718981678732
-9.311370312537466
7.16788916728685
2.076758048991058
1.016466174181969
-4.34389083573499
-4.864310360217226
5.808677950223541
1.392388755975359
7.956962867304414
10.67298831008893
9.626541116931492
2.148284917260124
-7.478256198351599
6.564574110586674
-5.226079374789385
11.29371975030269
-20.32919625298789
-18.32549197216988
-4.284103297765832
18.74988157080462
7.708043652468151
32.57518860976766
2.003704281402854
16.04509295508836
1.293097679021528
-4.834186822509992
18.29775376887423
26.03353562494754
-23.79022973805597
-8.181195603890105
14.85278926528552
-7.216712415526304
17.24857967623458
-22.93319087906154
36.73068108627347
16.57351732251329
0.8570388588126777
23.13194059095827
30.64589081194274
16.40044495795875
7.735781857451809
23.03398486870313
-14.75199527562919
-40.07749222673157
-38.17161040304891
44.04830091462794
-14.43233968778874
11.8357726125151
13.82530703924833
29.25984363668887
21.87789182113124
-48.63161277981487
-29.85799960830926
1.905881825390482
24.4652920917443
27.11419948814362
2.648907396407802
19.48210141039322
37.45966457393892
-14.245445853889
-22.91010895463492
1.957036001780389
15.29475647102529
25.51508059673268
-43.38587844845838
-43.18052788492729
47.50376504240283
-0.2360864924950448
-41.53251391569799
18.11556296435148
29.54020232461449
-24.15839260743957
-31.54034442414327
35.3579737193517
-13.56278126060726
18.20110017433939
41.94037089254124
16.03714400603116
34.81075717769683
18.77361317186399
24.86714495741606
42.2406137158434
11.42463936018344
-20.1631849493349
15.43453659763323
25.22956317722383
23.55804459595312
-18.7187810896403
31.00255865736749
43.14979195820404
1.853364532549787
-20.39029967121155
-7.381951816294545
9.795026579398355
59.51636632638164
17.97756316364032
49.72133974731829
-1.671518581458735
6.582397173400501
12.14723330114762
44.0559425792609
32.8505094763637
31.76388143487425
23.7392707167312
-21.00709520162594
-32.21252830415424
28.64104049627209
26.2681123009468
-30.81597435765751
1.648013970732015
32.46398832893875
10.22032412542873
-47.73985153619346
-15.83114225971252
31.12735929856873
31.90870927777582
-19.49288948017251
-22.24366420387346
-11.2054331027128
46.95850155828084
49.64813569768745
2.689634139195398
