12.44956141357477
-5.280982649065362
2.280286422093798
-3.990482688667221
-1.320899265244539
11.78296352738097
-10.33798026833701
0.7082572928720906
51.14132621482117
37.73087699950238
46.84570727939079
-11.98202859178372
-14.62827711596705
13.59459571598441
-2.450108047793676
24.80242744176645
21.45589423311441
25.78014858989794
-30.48906153457319
-7.145676166196447
-11.74010435748258
-1.935246901792063
10.26835716606331
7.654647233841833
10.12687099513719
-10.44685634095028
-8.511427333655156
-1.857175459883488
9.995405805922694
15.70173077191572
3.117731108822584
-6.490076293074028
8.801119419897795
11.26229148410517
-10.62621016604849
-11.19203699988525
-3.058672783370376
-2.327887331188014
8.0673616543174
10.54662523948202
10.33811684991529
-6.900611352616947
2.642280033896288
-4.439439287811012
7.779450885485023
-10.30467336159643
-16.71690407572514
-4.849775619793006
8.627702700930994
3.055884909775043
9.245292905103273
15.39207543243349
7.389951861560684
-3.346533208691057
5.784268030145556
-8.002123571700094
-9.607807402288197
5.683388311466883
5.358434700124167
-10.73648507050906
-6.412230713973603
13.36055827143647
-1.122707001836481
10.74442145458472
11.40692139629638
2.643326340562155
-19.99283804592495
-26.05189570155447
4.324254356792441
11.86712845616624
-24.92918869986071
-32.92582475609606
-7.695836816145039
2.406024467492967
10.57247646236306
-2.558665963795791
8.103063134057882
13.47747832027234
0.6624999417502447
7.215929927434622
-7.418488413905838
-7.7434420248088
2.124402974153451
-1.554034028850053
12.22626425701767
7.244025599738148
-0.3249536109551243
9.54289138753712
-0.5658268343313693
-6.26154839238557
8.298322835781551
0.6175902040221346
-7.314575552233189
0.8930754234051788
-8.394557884723445
3.279363947203201
8.552252238214679
6.551521767966916
6.189407995689873
12.24915154254394
7.058629924239471
6.553429985998062
-8.763595056015204
-1.48417273773141
-5.190521618195858
-5.695721557300132
8.133364215890111
0.9653508594843574
13.32388583343945
-9.319317622514752
7.939042150373171
-8.542802662036118
36.09861034786201
21.11693941956204
17.14815128116762
-22.4368556685653
-45.42522862300002
-24.71387177371224
-3.316832534920154
-1.194363517082558
-8.701676216971036
7.809201903046684
9.399575982469612
-10.28466848208293
6.973691290640743
-8.335334449153217
-1.460115769329419
5.464228727129457
-5.384843682321297
11.12603443767885
14.93938590889359
5.651752600651928
-9.209384824804081
-2.285040328980127
-5.465340673549406
5.019249239161827
-11.06565536030623
-10.31321015038156
0.7765149596549435
1.949334032961854
4.562748001271478
0.7524452099301829
11.8421703198001
-24.73508564056039
-18.07341638410922
44.87930354028966
35.46836011081776
44.23871934341146
-39.24431597252234
5.393287812868234
27.13098438821756
10.76657683020583
22.91303445596972
-30.1540215673934
-5.433453786423944
-7.50731269961776
-1.079982332514734
-9.01677526277337
10.59393949993234
7.279422318492502
-22.63616438573798
-1.509462563416989
-9.287633308103823
-9.920136669568098
-3.009098704500319
5.658446345302107
6.449023576647066
12.48729164974056
-7.936792929771664
4.652344468561623
11.52756314767756
5.456109646172498
-7.850249801320884
-9.95353392499657
12.26254418297871
-25.48753084971964
-2.343334209207049
6.875218679855593
-14.60587839287274
-6.071453501908901
6.924344496141561
3.7440441509275
-10.35447862063016
0.5884317538368621
10.86069537985732
9.375754256053826
12.38751495392271
9.815497652714322
1.665933487963429
-13.30635944724095
-6.882941399113155
-20.47857388553521
10.48458991236122
5.130657350665001
-8.149564164517608
-5.353932561743201
6.911037965523547
0.1858109686066442
7.274552311383252
11.49006796980037
-6.900765002916933
-9.899714634367168
0.3725489922911541
-8.517894124220964
-4.302378466547811
-3.34166493941578
4.938050212801895
6.116457343356418
12.46895126967711
7.088741343019453
12.26497052772067
-13.28022151494905
-7.086575971959466
4.21551565787839
5.176229185022914
32.44859645814135
37.32551229852449
-42.43279745829624
27.48173948131181
0.1862034969533623
10.94291037452608
3.417289510203855
-12.94711804759031
-11.11751897735755
9.240428680039905
9.000111879489413
-1.078896974868151
9.458122281817751
6.19364554326182
-4.330924953633537
-8.548874886570173
-2.998949631886441
-10.52457049640849
-7.525620864380866
10.27226362608614
-21.42286448250164
-2.10328412436079
-22.81798614598521
-7.172214438134974
-3.82461628142638
19.31958035846925
-18.80628720866711
-30.09768933482666
-1.395121663589313
-16.36440755779386
-4.217949932592273
-13.59563248591589
-28.34648824246925
10.10186128333505
-9.063632405124606
-2.964066752188771
-7.946305409102668
8.672556823381067
3.810880163484664
8.652947277652727
-22.84938851655653
-19.88752108270707
-3.386176265373005
-11.39863604477877
-22.35693441074241
-7.680732632211566
1.117326996004967
12.87451257001693
1.446015252036846
-8.123982330288653
0.8778950767279678
6.6877329273905
-6.310439760641992
-1.484941123571216
10.03862200233724
3.011760698138696
11.52356312567603
8.511802425925918
9.804857455689978
6.661669257249605
23.14419664022358
-14.98167092810663
-18.95045906709099
27.98813565136404
2.376007326907487
-0.6405841968776965
-39.48601572746859
-6.05905765564855
-25.61212832473674
-28.62871984817884
31.34002142467136
8.770359232592609
23.34338536837861
-22.56966219236238
-7.996636056186469
-11.29140212631035
-43.55379508803413
-4.966856976845135
28.70256767106996
-32.2623929615732
-41.86202305468483
-9.843772817329489
23.82565183021989
24.72056778111209
42.61900095524892
19.6306280014317
-13.41044921528337
33.66942464793058
15.64577170791226
0.8949159510343505
-14.75085575676649
-22.98837295409376
8.798059628495242
-9.255968451692489
-1.72506739331443
4.5931503082192
8.633297956887009
-2.764107325522825
-33.04107721673878
-23.92624693680328
20.71135684893125
9.114830279924229
44.6376037854377
7.530901057692705
-0.2403168009913152
6.491861127494484
4.657621101092003
12.2188901726612
8.166451995316232
-4.982238657096817
11.63662357531578
-10.16927499148057
0.4924541059075724
8.488885037929114
3.470171579975759
-2.469413328128299
7.561269071364302
-8.012459779395975
-4.605184732468003
1.935429007294787
10.66172909773199
-5.018713458128543
3.407275046908781
-7.663819912602461
0.7621685926930167
7.302782332777603
7.812254497709366
-2.33380536675729
-7.683429458476868
8.425988504972599
-0.01960954572332413
6.540613739743344
0.5094721650060082
6.654251874365012
-10.23966991369381
10.69355120740067
-9.629481564855309
-5.079986076052336
2.228534151070851
-4.316685795543313
-8.236145295086127
-0.3811856205778538
5.558988131772683
-8.601771999515542
9.376151404036495
6.144779709483275
9.875673927371874
-10.14605986423118
-4.285086204695576
11.85258126613738
3.730894218038975
-9.934545419761259
-1.895536322937711
8.963009738059545
2.736409374032743
8.597383033409331
-7.455281833677477
1.590374079796663
8.039009096621522
2.47926358602828
-8.65989853593018
-2.211263519397252
8.647282541980232
11.06814929048828
4.436960661481938
-3.387010244765678
6.448635016451221
5.272888291486163
10.85854606096989
7.854959674131202
2.420866748438927
-0.3656267041695508
-5.740431751482679
2.322055418130151
8.954533402820964
6.099937406802675
-2.573307722651665
-7.618234767550916
-4.997079466846583
-10.4311723935337
-2.104014945199919
3.714355163790316
4.760257558981276
6.8682266980941
-5.434092926510869
9.757337025075643
8.327157449122677
-6.631188629647442
0.1286189821602663
-8.198538467443504
-1.48719839556372
5.818370109779023
3.94056709415688
1.566741365320789
8.326548977829608
-6.257229542061838
-8.257960013026061
-1.429114709212393
7.097071003088506
6.759807612448497
-7.823970906649814
6.711340072936207
-1.229477976250999
-2.000730470640671
6.828845303705693
-8.04917232019023
-5.270057963202089
11.31702161314515
2.183722006486596
5.690176624146433
-9.075613045222781
-3.03734497117186
-2.723119120686173
5.488840741123219
8.180157539929077
6.038268074312634
6.352493925960415
-7.940818050243302
-5.249501251587706
4.983393077340867
5.427765490240994
8.526185712356705
10.90327666069641
6.318217701122556
2.691316799129166
2.779114356192626
-4.585058960160272
10.23289432780297
-7.364173314982366
10.96023458679929
6.245971916911398
-3.324025666638027
4.040147648169621
-8.121687049357378
0.610188348837974
8.731875400372422
3.81716327183148
5.860973659456216
-10.19169120705174
-5.349624091597855
4.84206711557583
8.062487169739223
-1.877803016181886
3.153871535206433
-4.006179820550118
4.225979892901595
11.56873178807102
-1.558556976435265
-11.02276459699086
5.749963254532868
-8.914795456108312
6.632477985273955
8.232159713161977
-4.908615635076112
-8.617984913336485
-7.01830318574119
0.3244487097523389
-0.2889240296133039
5.719296406098821
12.50261778087049
1.599681727597892
-2.854595995659545
8.329060884179798
7.34275189545833
-2.646248523950872
-8.465017056329332
-5.818768533353055
12.17816906964601
-4.670298562467091
-12.15097240628306
-8.228924789149691
1.918482866189225
8.890462810210485
12.49557692635727
-1.984237047654681
9.199419833181194
-10.65748217839918
-7.013482027680446
-0.489366562192146
8.37833663710339
11.18365688014402
-8.673245130052786
-0.8210831946659181
6.008220435979374
11.76373162851328
6.664030087746968
3.644000151954166
-5.489299457241825
-5.044927044694025
-9.133299608344457
-5.626844988259537
6.524115465871142
4.721337256749724
0.444372412768983
-5.677895635474342
-7.48067384471321
3.189807564171058
11.90238995144573
13.5607613728891
10.34818224410999
-4.714262669332127
5.411656316937158
-1.802778209392223
8.867703199798525
-4.936525926562279
3.922047617225584
10.12591898571329
-9.569997582868485
5.241717674949192
-1.37025239469837
1.230786509898784
-6.254453705328546
12.3878861079839
7.48832114645097
-4.884201311055827
8.858573542498004
3.388554543081343
-6.333134436234692
-7.720547971167175
7.375825065031524
2.856546088143113
-29.9892540086012
-5.188767853908683
36.69723756508873
-25.27746248317177
-7.118142874443912
-11.39740528349201
1.813542568168066
-7.462441501847372
8.657578775345407
1.469243939113204
-6.995517556727574
-0.6029431299727596
6.997861999542871
-4.279262409872324
8.931685441133258
0.4669239450379732
-6.701079009599097
-10.07900885507764
6.732177929239562
-2.821676964343831
4.310361331317909
1.293055030698524
7.257331891573924
-2.421816598902811
9.458209427366457
-1.024544327071907
-9.704421233260076
7.054562251972428
5.96427686001496
12.06211789889696
-13.29507806528701
4.780107743549808
-7.485240214801435
11.15709959840689
-6.33865292428513
8.328814515643355
6.097841040135403
7.132038295998695
8.71258238771753
7.485113281976405
5.755511192665637
11.25586162893077
6.78332137528199
-5.099701540080874
5.793929123135566
11.83203921082155
5.500350436902579
-11.77353102254742
-6.626464085847752
26.12943439259379
6.430282095108278
-10.14117320440312
5.809837850574204
-7.188334836404988
6.956425141193809
-1.659716776010162
-11.11876066772713
3.548706771212755
12.12611943326297
-5.564398625796082
5.778930414014511
-10.5142072568206
-0.6539929585715253
7.977444683545341
10.05650387774182
12.60906609306512
5.149626872826009
9.860214298579971
-2.613709932568634
6.392574426672665
-2.911087162362254
-8.20220020915129
-7.16800295428196
7.600805130134109
-9.303661588622875
-4.593074160779371
4.038363484886946
-2.828285082190846
6.63525622737983
-4.899564963240065
5.247842692264811
-8.616141917930761
-3.901655613835525
5.554362042912511
-9.72168897820476
-3.135444287666937
3.98727052112316
11.2092590690757
5.8556029314378
8.577412662934101
9.463541308452719
-30.37577373280667
-13.40157171390894
36.33287321956892
-11.68400926165354
0.8861286448773176
7.472373335064392
-6.347189018617798
2.561648169949907
10.85280890718289
-0.07701740945498588
9.91386309095321
1.128480936764338
-7.051026921833891
-6.816508164420378
4.714486304821687
-3.562441645864978
9.456017658167696
-8.276927951835665
-3.645306542157926
2.716526905319081
6.586244690401132
-1.387413534791126
-10.92982631722741
0.413502720818069
9.322339907163432
6.850492494172809
-0.9389458160451537
11.34332903904899
-6.739490754400472
4.710587427588083
-7.763336806713141
-5.291113046434644
8.631437644512276
2.472223760948552
4.6316214105565
-4.910725164900118
4.755977736557903
8.991047218755234
8.908837187348894
-2.471847412121663
9.927467410252259
9.666702901058835
-14.31179688935248
-9.538342871088064
-1.712854191136108
-8.268769437712361
0.354927195152882
7.310328250297236
9.388363688183924
-16.98719680826734
33.56673226899211
2.814081147183479
-13.55776033725062
-21.37255834054468
-7.789438309250919
12.39931482174079
1.624398148522028
10.24809478180986
-11.07470623450405
-4.385361532277835
-8.785382153824983
3.370809004159173
9.413836456685658
11.72532405615492
5.155051914044469
16.40609467538308
-2.403647175393545
12.1561911576199
-8.179507858575942
-0.1004012793353117
4.680770619228763
11.4666492143951
8.380359211555039
4.69789334467719
9.471347362823268
11.25104276222817
-7.558699090666229
4.773454018205419
6.043027452010056
-12.25659243657123
-8.465580344819861
0.5576020970065242
16.32674099390485
15.00388021714962
-3.067013147863125
7.852960919560136
1.779695399769985
7.825488680716163
-4.426029836114646
-4.082368607812702
-9.436024745267098
7.50597222205046
7.958626613747887
8.837074108687395
6.045793280670318
3.699588592550227
11.44436047847347
-3.086290003064377
9.641701763877482
11.04623756120422
9.023182441525591
5.398567197731461
-0.260764509583946
12.26316380206808
-2.151220039297294
8.984299881083057
6.882216453315742
10.14740765518074
10.5770940601392
-11.16717826978057
-1.501016712377385
6.515811092052148
13.20498379803347
-9.508806848333181
2.209905378926605
-5.903692732696947
-1.227469106247677
9.666161556963488
1.658371421886663
10.89363066296252
6.038110088066229
8.016827804495074
1.978717715978349
10.38754167493567
6.872832556300538
-6.331688773799019
-11.60002827470892
-3.191204315299383
9.86554186595661
5.21476888137822
14.80799425026519
6.689172705995496
8.408823959450995
16.81479715631562
-10.99507841908899
10.12562445023156
1.303574577246193
24.94500296508796
3.605114116358643
1.632357818161624
-11.57216351156535
-16.04470376384638
-8.679876907217769
-6.127314693176301
8.079106579217999
0.2345187565061673
2.552562215070685
6.361833448355628
9.245064390265229
4.235069482095445
-3.278863920734294
-5.380947348954082
8.943382962811381
9.105792528845166
12.72799176736286
7.744771886105492
8.623696633076719
9.033436492579304
-8.954035102921049
-5.359715970556326
-1.732046553425198
9.856294277059792
11.90508686275427
6.938937026125543
-19.20278147827307
-4.383402963704559
11.89623006604622
29.94762996095927
9.858935330993623
-9.609556109340904
13.05674618110622
-3.514709118608883
-19.69915229771986
4.711791525775865
-14.75669991364595
4.94245238432067
-13.20452132999501
-8.05786266818447
-5.979827230718112
8.344503080926966
6.388415452325028
-5.009994908709899
12.38465644932854
3.594319133358227
-4.519278977717431
7.22198854846213
-8.113598111153545
12.29865299620823
14.81937851463219
9.593225368894835
2.078035437777542
14.44627812032182
14.32433031168888
-23.52386497151328
-11.4945105869303
18.07495908646747
-6.406381201995202
20.92154788700761
-1.322860776937561
17.86998572801296
-8.473780074161809
1.49814424356133
12.02935438490743
-1.956087628414545
0.1624095656699841
17.11748377025354
-13.98544201336403
29.56946967334928
5.207404491510068
19.19284650494447
-6.390585940034486
-30.75265112193284
10.58361607886552
-24.36206518202818
16.97420201889803
2.846588800584785
18.69176447118889
-16.37184148462223
4.549495490205836
-4.914712130717591
-9.464207621191052
7.308520229045825
2.107969139997736
1.034197255223339
-4.472540253232512
-4.983219881245621
5.936754185935008
1.404535797424488
8.093880499932016
10.91997406722552
9.971924317706968
2.1571263140527
-7.814798003474247
6.68934470235278
-5.353656137546233
11.58834083017427
-20.99369333643797
-18.94490075080211
-4.489452621724304
18.64243961429426
7.424449088614007
32.10922803167967
2.048792586226882
16.50424071457704
1.331101886691511
-4.966149836261186
18.67527855214229
26.36934983973084
-24.3748488899169
-8.323262567832712
14.80862966878176
-7.419774685811683
17.24602437716399
-23.49640139479388
36.57757303498558
16.95507420416056
0.878447494933203
23.64142838803571
30.44804333013446
16.2796330301298
7.694071288973443
23.13189223614757
-15.17313882741188
-39.55284846676962
-37.66641911007315
43.67187838863889
-14.25677576920904
11.72691076072241
13.46678841766671
28.8539155165726
21.7689433663488
-48.01688248119681
-29.46325305759948
1.886429356985259
24.66579906303085
27.32792908903986
2.66213002600771
19.3315486581829
37.06093511994212
-14.16841029991443
-22.75397204130175
1.930806900888015
15.22252721710734
25.33275010056226
-42.89695929429435
-42.69063330911793
47.04309532889462
-0.2415232312224258
-41.07028675037418
18.05139989503421
29.39093751673279
-24.02929566891997
-31.11426782025713
34.85057576257957
-13.38488135847844
17.96480105638751
41.37444439778337
15.84517567063946
34.39880509412088
18.55362942369118
24.6847789431862
41.88600541900295
11.33953762161903
-20.08869462960905
15.38712709910223
25.09830592888292
23.40194320067071
-18.53355620137304
30.63513640046105
42.65543606349184
1.826672543878571
-20.22991892982824
-7.084972150954764
9.711178829584702
58.87987143111665
17.72938646186395
49.16869260187017
-1.696362728402062
6.52386863544562
12.02029966306745
43.60233168053997
32.50755516586273
31.34968241481599
23.40964334113019
-20.85019111365749
-31.94496762824943
28.47245493144148
25.98368653005751
-30.54646779774703
1.620346558947898
32.16681435683246
10.11022288318199
-47.28461856037451
-15.70258654320704
30.95047607841973
31.58203201742425
-19.46849143987837
-22.05659147375952
-11.09477651463469
46.65306262162645
49.3226460450743
2.669583423422658
