12.35642267132023
-5.264111985465719
2.262973853345706
-4.000638264129824
-1.310743689781958
11.56955662916999
-10.12343838309839
0.6916706053068424
50.64435142373277
37.37899543440964
46.39254963905689
-11.87184340451769
-14.37125318745324
13.13432996383178
-2.379363556476302
24.3336930195748
21.01670732001599
25.33289823498066
-30.09286811384535
-7.033169641642744
-11.68210240707941
-1.940657035222433
10.39981779785526
7.657708086387445
10.08083621189915
-10.19300337530216
-8.360992647375719
-1.804624482167205
9.83451300979679
15.65157533996259
3.107386174272144
-6.499271609203295
8.784473164332692
11.22992267759498
-10.54679129295729
-11.11216717988635
-3.034560717528313
-2.306391236292062
7.993380873399537
10.44222709204349
10.28108294295157
-6.867102184675718
2.625228399738084
-4.421652662368085
7.739718405054618
-10.30199456316933
-16.69653326175765
-4.835834063324295
8.595618403384472
3.051953586994131
9.210060348986961
15.39224988784299
7.393743903936686
-3.316985699597955
5.785592098792943
-7.998505996233486
-9.606657789050185
5.677086995635396
5.355442152566648
-10.71072960737699
-6.394538696214883
13.35394814840878
-1.133198860873128
10.72750033744924
11.39892385440449
2.659908236160352
-19.62776408162009
-25.61675681658015
4.316190915004238
11.86069919835461
-24.48355795626016
-32.36606787684614
-7.655854544050254
2.370297769160266
10.38938396455173
-2.54136452667192
7.996951303707812
13.431452467046
0.671423517204745
7.194654645086616
-7.380802716119932
-7.702447562912435
2.111527886006404
-1.544340801190949
12.13768019378749
7.191286562064488
-0.321644842677596
9.492330601543877
-0.5653758866613935
-6.236797822296265
8.240400057264264
0.6144419474248296
-7.252720812955333
0.8871256457977089
-8.325900806960707
3.246323927538286
8.462648522779656
6.485713005283867
6.158106761855128
12.1946530628378
7.03377162177572
6.523231128348348
-8.739015618072642
-1.473391058226303
-5.16088144127187
-5.67142193506225
8.077606463588069
0.9588510082402951
13.23848790377637
-9.271769312852465
7.889997600960548
-8.507162679290509
35.72495859995265
20.90323808093823
16.96987173310476
-22.16596480279913
-44.9475303539727
-24.45676290310168
-3.288901069484091
-1.183715304855258
-8.63739137342619
7.739040525641651
9.315329432038403
-10.23062032032515
6.93114659200281
-8.285948143792751
-1.45339268106988
5.431711698363784
-5.34849030276114
11.02794159261527
14.82269398600692
5.609667532362256
-9.155367817991529
-2.270263439602436
-5.431411724216757
4.980339120202853
-11.01471327865662
-10.21735975174546
0.7646066332598419
1.944672175561965
4.513695353042382
0.7973535262614196
11.77931991224484
-24.29775382702224
-17.7739769629832
44.39658959057944
35.10182631061597
43.7625926461692
-38.80773516680411
5.327529077034547
26.83458083181442
10.65180083856085
22.65006218974578
-29.74862790253192
-5.287417674307695
-7.453676069751555
-1.07317999283934
-8.953110963759624
10.49904473906905
7.265624559422893
-22.28767231668427
-1.499434893581951
-9.213026453924183
-9.842354863723465
-2.98451327573806
5.598587362898472
6.386391270242263
12.35018753913022
-7.879930971446267
4.602007831998894
11.43456329152423
5.402704049090724
-7.749766536630294
-9.847972359249301
12.16203192575765
-25.0951073521843
-2.287948265505081
6.832555461752091
-14.44998019162496
-6.031859242361739
6.885104378911536
3.723956092990907
-10.24805745830694
0.5566092564745253
10.72668050955425
9.250814152737876
12.23019385479429
9.755815334505177
1.662865786886094
-13.15247058419073
-6.809062581351434
-20.20427595116458
10.41175084358686
5.093745253298197
-8.092949546853477
-5.318005589193504
6.857841589282239
0.1888038313324241
7.224319019092197
11.4041723851326
-6.842220458373538
-9.808173107332935
0.3618981480644454
-8.456269738206961
-4.276416367138935
-3.315937754265274
4.901033622750948
6.054966798444336
12.34147226177748
7.035515191226629
12.17584717781953
-13.18669479938584
-7.03102429260303
4.179853370065207
5.140331985171481
32.09349253342192
36.93579561613679
-41.97947114502647
27.19208684673703
0.1947894162384974
10.80466671507303
3.327539147381112
-12.85524084287744
-11.0422742331961
9.177449989886163
8.944463633251431
-1.079502872627317
9.370904547982635
6.155670505517073
-4.287409716864696
-8.471928366776673
-2.965952651856753
-10.4430802208737
-7.477127567983124
10.17007125330283
-21.04605422497201
-2.098205822242027
-22.47171087090432
-7.051805367259552
-3.85931068200869
18.94784840339088
-18.68103119935438
-29.85153096151762
-1.425656646354827
-16.18277999025822
-4.18451864599035
-13.39521336835263
-27.9374798650988
10.02615230948105
-8.977579192211433
-2.921516307385498
-7.86790993949373
8.546416587545931
3.771039131369855
8.545975413421901
-22.01467428147325
-19.17737461670862
-2.699649436960886
-10.74525414363126
-21.56980727582259
-7.625958110771519
1.10966925243748
12.74861832611137
1.434612293331781
-7.992251783330276
0.8512905282336599
6.592745656108442
-6.217183827574251
-1.475866354337145
9.962771356696209
2.979379706040602
11.43863770855397
8.45925797881951
9.741445371856416
6.52377686516629
22.80715908605976
-14.82172051840319
-18.75508686760704
27.63643785085582
2.357574117381264
-0.6339969441578097
-39.06906051383491
-5.988992734733919
-25.27886373353221
-28.2704347953051
30.9422083931704
8.660766336410511
23.05969847242549
-22.28144205998881
-7.882509919291691
-11.17049976187145
-43.06920288332532
-4.901405687640883
28.42587431548404
-31.89870312174575
-41.42663463482293
-9.743708771097245
23.58357122918222
24.46121022987603
42.17426056126425
19.3926950192642
-13.26535598855053
33.32728000408064
15.41990550324784
0.8776390023450923
-14.54226649921655
-22.78156554617143
8.735627363773522
-9.152551564255203
-1.712112921838241
4.518385006797542
8.494527146753677
-2.712809392124859
-32.65805100820378
-23.64449680247523
20.49076744588031
9.013554205420489
44.13526424412859
7.440438638159106
-0.2329863562015828
6.439742178904943
4.634285209435367
12.16137105619731
8.01908619700718
-4.946393631915714
11.4679328937042
-10.09344881797411
0.4448670063007785
8.432120473132517
3.448846696672429
-2.392432659763871
7.527085842786804
-8.045604706654128
-4.642147247187415
1.832010727926073
10.53831582987228
-4.983273776608152
3.403457459602446
-7.601776013147507
0.784955225041698
7.259113206138327
7.742578225237276
-2.298104778329567
-7.602217189262818
8.386731236236205
-0.0004411753024468066
6.474157975249012
0.4834650197655815
6.556368171720353
-10.10405141207562
10.30383521436314
-9.483161831159679
-5.006415171360048
2.164569042464493
-4.252194400833792
-8.135093858836852
-0.3796530946867858
5.485777486377514
-8.492857709747215
9.24393203912777
6.072903155869339
9.737971888090106
-10.04068300248392
-4.240663312013751
11.63913749734118
3.665068736798485
-9.824970839321452
-1.87340777774805
8.860707621904163
2.702924084606132
8.502943773338441
-7.376124615591816
1.576288905581573
7.951563063672157
2.448846222123583
-8.562485505048929
-2.18721134376682
8.546904060144005
10.93038395083372
4.382135117080638
-3.346160913254998
6.375274158905854
5.216324593432974
10.73411540238273
7.755440762933654
2.383479889076373
-0.3577638487826532
-5.650764356204292
2.285060830700511
8.790837292246243
5.984535299632893
-2.536493927348368
-7.495165902893096
-4.932016498849927
-10.30397737324338
-2.074934030715623
3.664859043221177
4.691568634604514
6.768864337523638
-5.371960874154481
9.623585133089392
8.229043343304991
-6.548248836454974
0.1156439495283989
-8.113399394857776
-1.475882386137642
5.739793074713899
3.895391528836335
1.54558463324263
8.209477422055343
-6.182711399626642
-8.159646919244443
-1.408046745390967
6.994311495149263
6.663892788684986
-7.72829603121315
6.637517010369662
-1.215165929330514
-1.976935519783635
6.75160017427388
-7.946736054216124
-5.207680865574134
11.14438306458273
2.166089587920895
5.59684377116618
-8.964005285167962
-3.000209014417754
-2.677499828077376
5.402149227813974
8.066733912208468
5.963796269653062
6.286505462275985
-7.852682941349403
-5.188098259922735
4.924727386743363
5.371273917378772
8.402358241015824
10.74423374102739
6.230497924270821
2.664584682540181
2.739055189502744
-4.513735819165347
10.11282564440186
-7.252791009507315
10.80452463810527
6.150215195673164
-3.276648875619801
3.976142136605365
-7.974068775105105
0.6208895809154666
8.594958381180026
3.758154552323699
5.800019689601378
-10.07904869775224
-5.304112412051734
4.774936284582195
7.935825188053496
-1.844401546152976
3.104005295261002
-3.938071764005479
4.130398643872904
11.27720382629365
-1.533636839948867
-10.84718736153971
5.637347424202884
-8.769891657638055
6.505776462995143
8.068470405751533
-4.831819892139421
-8.382671125601375
-6.819977187574845
0.3268279923327888
-0.2528732758872561
5.637399708932334
12.31871766948274
1.56269394062916
-2.806301990311214
8.129797852677983
7.146805182884213
-2.499409781666797
-8.139266171898173
-5.639856399492495
11.9918896540637
-4.586166630901908
-11.92673001342923
-8.07523222617686
1.884281196488655
8.699264148821413
12.22613571698071
-1.941968575775332
8.994131268465907
-10.46299780398031
-6.889922829407443
-0.4827722658424394
8.203595702754088
10.93609984271526
-8.521029226679113
-0.7905355666324125
5.890272992113916
11.53919136783038
6.544949851069145
3.573074974602675
-5.405218505320441
-4.958671974532087
-8.97829347924495
-5.547539293290005
6.407150563372491
4.636801874771289
0.446546530373448
-5.570214689367016
-7.34056337907149
3.116153279068206
11.65782402759763
13.28543077997981
10.18434116642014
-4.654309443037048
5.32660973524262
-1.770348688674574
8.686367967405083
-4.857731431096536
3.851497787528607
9.980919178884431
-9.426864073466374
5.158133358631047
-1.347625728496113
1.213595880509161
-6.170411555040817
12.17646318783132
7.361603486689323
-4.82278582431846
8.709229215912297
3.314953292798592
-6.190254878644278
-7.549285320469316
7.208812338806718
2.79256919924321
-30.12947112554418
-5.216497998510837
37.02671749956134
-25.38145270927762
-6.984215887817315
-11.20733654441909
1.775067958633915
-7.304358914476475
8.523399305583801
1.454924940322687
-6.832616927763011
-0.6167137137153913
6.866441437734763
-4.223120660346781
8.759283849328979
0.4717419902999863
-6.59970142304975
-10.02396650899293
6.672728540031537
-2.806355057350173
4.296147785702392
1.282187405903973
7.217611455270414
-2.376580758958145
9.372530997292337
-1.01279529447914
-9.682959368694945
7.023449284055071
5.935424037766055
12.02149327111281
-13.12546257087319
4.71453983191619
-7.384007437776019
10.96286731158326
-6.259345837813306
8.189901591093449
6.086069244707631
7.102502845065463
8.54167074748085
7.335485420739689
5.648918370714104
11.02672172189994
6.681317967794977
-4.994241521673767
5.658067063309908
11.53119541902768
5.377803355582477
-11.5271498476205
-6.396506210648508
25.97762981892122
6.350058415858898
-9.97677949707936
5.741455130486127
-7.068474359791064
6.866116737755897
-1.656957873678352
-10.97388567074861
3.475361755967046
11.88398952579975
-5.466028172328079
5.66588169184547
-10.10933175291122
-0.628766691984753
7.801516547601214
9.801941316115833
12.36173543679554
4.92634750256833
9.480565064648749
-2.742109716674889
6.21590321763381
-2.842547898123205
-8.087877011871131
-7.071443415939772
7.483155160433827
-9.058451120407584
-4.504233549969486
3.926049724510724
-2.772965718674032
6.503684162061272
-4.814859703947024
5.1446537205062
-8.523074622589286
-3.870647991012737
5.507857507395784
-9.505208170469722
-3.064113669952166
3.893859044928103
10.94961801669134
5.722309382065715
8.408627773859841
9.276649878331186
-30.7896902361807
-13.1775002708002
36.78893940086647
-11.84678029267082
0.8680221026596605
7.309116601583329
-6.218107831312521
2.506924366376772
10.62983290536688
-0.09873153376621834
9.715993414057301
1.121089018744559
-7.016180309142907
-6.781777622469646
4.652426642731337
-3.557105444614378
9.378505509441576
-8.209532102223166
-3.64931320742168
2.695459440426877
6.441094500119329
-1.359030442106119
-10.72856444350198
0.4033454101932655
9.128377596717108
6.708814665868992
-0.9138394858613068
11.13190985892344
-6.68304608006745
4.554217578014653
-7.668457228917743
-5.245329113380302
8.430283266963601
2.423128120304902
4.56021890048652
-4.802192234010591
4.649963957035851
8.786423051844301
8.725032191752149
-2.419562925632933
9.708320167968083
9.452156189281158
-13.9962645769407
-9.327512365037643
-1.672324661739598
-8.087408906995037
0.3472884393818133
7.15304260022282
9.178557690700645
-16.3411827313032
33.35069538031893
2.851409617694449
-13.17209721621507
-20.65336741603235
-7.622654145793857
12.12788309195505
1.589253992549661
10.02395134058689
-10.87788602381632
-4.312184684729675
-8.594904389056252
3.303052457193209
9.211908134669835
11.4749800303634
5.048469429075197
16.05806835788585
-2.34908171323681
11.8979568399926
-8.137269324866551
-0.1010247392432774
4.583088327523005
11.22721640024073
8.208388881427329
4.601430390391145
9.270182594084545
11.00959894336781
-7.397551160182314
4.668752207798379
5.908855671953464
-11.99898156844338
-8.28445719817392
0.5409100665892468
15.88946533589409
14.60740396751309
-2.998777953509514
7.676477330058971
1.739416356312369
7.655187707677271
-4.316260321454671
-3.981695214547921
-9.209003849350024
7.31477422915462
7.75081889854637
8.608127180566882
5.915771339176621
3.625300557394088
11.20145058531424
-3.018827522303513
9.42257632074223
10.81510898835832
8.825367263529316
5.285679247831443
-0.2561639796272865
11.9730669760236
-2.103931749721724
8.77303864280238
6.72733750069137
9.959513425003999
10.34185452049082
-10.91608679556405
-1.469963524673206
6.363912343891697
12.90849209888596
-9.288480047498346
2.161447895402018
-5.761608482434196
-1.206185323442621
9.446123267622148
1.627606751334041
10.65230858806437
5.873128358634745
7.833875868040647
1.960747507602274
10.14554136769153
6.565268080889903
-6.153392059472006
-11.21706843492635
-3.032274572996165
9.714290057961097
4.909683329200168
14.59477931442351
6.544579754247556
8.18479386122052
16.12675176485794
-10.74704420384167
9.582172010987803
1.267334426659753
24.40934120691368
3.526871568416139
1.550370350560905
-11.16828978529774
-15.51369352193653
-8.670164090298741
-6.110369990728417
8.036244582602011
0.234402676139451
2.559794115652918
6.344772653533428
9.029202622318412
4.136459094957783
-3.200028332748028
-5.245729475631792
8.701167263978073
8.867050887164352
12.44140384910596
7.576150029203789
8.434697347207239
8.831269251093303
-8.744333041064214
-5.237519802410499
-1.688574068715983
9.607895375336524
11.61219937178431
6.776858828976717
-19.30053666694034
-4.473367471469961
11.9274605919083
30.04461462231863
9.879659902623663
-9.615440681565724
12.74656462873255
-3.580273286510282
-19.62757140655663
4.748018420672993
-14.74708215390689
4.880489255562554
-12.71866013977869
-7.847362289994368
-5.821847200550044
8.125049537462047
6.219131612123395
-4.892743527656631
12.06707921943898
3.506813238959052
-4.416243140341932
7.055758971867816
-7.923056378406518
12.01437863081255
14.82716919561549
9.685095985403029
2.025515089862731
14.06649390140211
13.94689673853277
-23.05354628291543
-11.32178422456485
17.90488740880367
-6.311966675089451
20.8083069132813
-1.282061369244385
17.44002158175174
-8.212988004971116
1.416514745225236
11.73176205845691
-1.905917924623279
0.1658836226016684
16.74157960826934
-13.63767998273567
29.22667163317647
5.084402969324862
18.72208295164322
-6.35701710323568
-30.49928576524168
11.25517286214304
-24.14226866368686
17.61218996538079
2.90341950437952
18.94290994395507
-16.0235068354344
4.476746674161904
-4.836803854015384
-9.313550530052003
7.170984238988312
2.077295703410442
1.016433596298599
-4.345403749628757
-4.865253817934446
5.81000146617865
1.392532668379499
7.958234009959246
10.67525528336029
9.629502748820036
2.148232544082942
-7.481270202277269
6.565701340244309
-5.22730863471396
11.29646944387768
-20.33186809312041
-18.32756409675109
-4.284478472634834
18.75373875214486
7.715604610678835
32.58363397233833
2.004303996947759
16.04738962035513
1.293352951441655
-4.835340542322656
18.30666623866376
26.04316870773393
-23.79377101785158
-8.182426067755657
14.85579115763902
-7.218075032388168
17.25248503292737
-22.93646273580353
36.73727661010683
16.57569598537467
0.8573082818743389
23.14200678050139
30.64741085428727
16.40082806376151
7.736502470441896
23.03821722491636
-14.75403666851254
-40.07868936132954
-38.17305480635224
44.05173199225135
-14.43269876013256
11.83664167298898
13.82989522048299
29.26568619950994
21.88148545260911
-48.63571969303101
-29.86085086414754
1.905634558121169
24.47056006522653
27.12027358851523
2.649713523306669
19.48479157752713
37.46407279250531
-14.24658279042576
-22.91090838399299
1.95712097677345
15.2960238480764
25.51695981881469
-43.3874341225427
-43.18204142462937
47.50684876788997
-0.2361538593364919
-41.53403810604675
18.11715403036035
29.54260663819125
-24.15927869375871
-31.54347944183921
35.35970857434974
-13.56419822690057
18.20228719759202
41.94264324919155
16.03949044002027
34.81435926934351
18.77486882950972
24.86802936177181
42.24321549804057
11.42545260775098
-20.16495471517289
15.43579097921572
25.23166965549633
23.55983884304664
-18.71960341737898
31.00350517394338
43.15128026728922
1.853396016114403
-20.39143423018678
-7.384200747644006
9.795878676092356
59.51898726767147
17.97928121506244
49.72310859191057
-1.671830812635476
6.582934675021614
12.14777509393455
44.05832653326058
32.85227511300346
31.76648542439778
23.74035604890978
-21.00903890343256
-32.21509032303368
28.64386214347934
26.26934043428821
-30.81776289394081
1.648003321399355
32.46576621630588
10.22093597045356
-47.74300262957237
-15.83245119322184
31.13055527854461
31.91055143869573
-19.49510057938486
-22.24483024647321
-11.20605141992909
46.96300647176595
49.65290104651314
2.689894574347825
