12.35802582067676
-5.264702541673954
2.263277674242991
-4.000676703989609
-1.310705249922172
11.57028871073742
-10.12421988104235
0.6917239699417451
50.64506079141587
37.37953820943589
46.39330542292493
-11.87279068589354
-14.37264137421415
13.13581865370342
-2.379771368309426
24.33416276162573
21.01684938519826
25.33376836255912
-30.09355861807265
-7.033357211707633
-11.68369466943938
-1.940796116791737
10.40252125781888
7.659282619500697
10.08261505384866
-10.19400587280465
-8.361712115102682
-1.804754031272911
9.83630727703283
15.65330866671987
3.107817631145945
-6.49987409445543
8.785366982570425
11.23115474640039
-10.54821009396454
-11.11364979111594
-3.034979334913677
-2.306716643381676
7.994522707385157
10.44373548544409
10.28238299706567
-6.867941695104371
2.625574725589349
-4.422153920319961
7.740695966612378
-10.30296295225114
-16.69805270882564
-4.836324359977967
8.596539261926001
3.05225947060121
9.21106099628946
15.39400337577047
7.394695345337817
-3.317313376466645
5.78631164342394
-7.999308045357621
-9.607691732346629
5.677549358169836
5.355914375718186
-10.71200872645612
-6.395089753700153
13.35522242068325
-1.13337350762797
10.72835484097376
11.39979655013529
2.660140457098579
-19.62875420729525
-25.61780870637844
4.316918977407393
11.86172834869856
-24.48443519939641
-32.36712557453932
-7.656808272474279
2.370672995159304
10.39107891384089
-2.541687016834635
7.998137760679901
13.43286362242132
0.6714417094581512
7.195396604838226
-7.381717509012734
-7.703352496129214
2.111798933049122
-1.544550970918254
12.13928019419921
7.192236622612292
-0.3216349820593007
9.493516441465719
-0.5654396967098939
-6.237467018100086
8.241493451107848
0.6145217366335718
-7.253742997419041
0.8872497822887188
-8.327066857625452
3.246790348971711
8.463846471793762
6.486618935299991
6.158801525436695
12.19598221621126
7.034459034835381
6.523954895882119
-8.739656092763274
-1.473521756308577
-5.161523181659033
-5.67202732085976
8.078670457853052
0.9589406681294718
13.24019363833053
-9.27265822281958
7.890997168315034
-8.507980790257804
35.72534167581295
20.90358645020664
16.96984833596116
-22.16641392028887
-44.94845141973122
-24.45732155935905
-3.289363722917646
-1.183877035892131
-8.638560194546605
7.740138324467923
9.316656306055316
-10.23159888998993
6.932056499363186
-8.286759715452188
-1.453584117288733
5.432409613179675
-5.349196470118356
11.02950204437114
14.82476107081736
5.61044442984078
-9.156555489030657
-2.270561759697328
-5.432143566416184
4.981025769541064
-11.01548360766498
-10.21808183395416
0.7646774323771907
1.944839173341667
4.51402670487077
0.7974017729131386
11.78016104048097
-24.29865223058789
-17.7748679576216
44.39714898355641
35.1022048242865
43.76314996461986
-38.80816715732436
5.327703603841244
26.83553591634244
10.65220063240743
22.65088441528771
-29.74930237330077
-5.287647365627209
-7.454683160164782
-1.073323858770582
-8.954330046883669
10.50053334453022
7.266134335888673
-22.28889466321915
-1.499646886136117
-9.21431664134971
-9.843735298763312
-2.984925012866367
5.599369157032703
6.387265135178735
12.35188955813513
-7.881006188869543
4.602402673865767
11.43557826827048
5.403068671151525
-7.75006808767537
-9.84865196821792
12.16292100547851
-25.09605400232737
-2.288133636933066
6.833175596967013
-14.45105464270042
-6.032509596940081
6.885993729901023
3.724411921728482
-10.24895140136699
0.5567639186424159
10.72809163732844
9.252007846638376
12.23176935902177
9.756921517657796
1.66298635789796
-13.15313675700792
-6.809533743587301
-20.20531890735719
10.41316933501621
5.094406133395011
-8.09393515887464
-5.318763200268958
6.858810287385383
0.1888480158377661
7.225360384381203
11.40580872725833
-6.84308405387914
-9.809407756508961
0.3619199648726433
-8.457471611780553
-4.277023262566307
-3.316410501050124
4.901708249378538
6.05577965488691
12.34309499011051
7.03651237274229
12.17757348674649
-13.18834129138423
-7.031932073169648
4.180448347937916
5.141061112187412
32.09406881432784
36.93645779597909
-41.9802412778255
27.19256979460313
0.1947817560940427
10.80571532035349
3.327761223856965
-12.85557405645535
-11.04388875767161
9.178731511780416
8.945764137779641
-1.079698348828586
9.372190150348361
6.1564092166031
-4.28786858929424
-8.472520099808795
-2.966323706082837
-10.44427780415848
-7.477954096840278
10.17132771894464
-21.04691206660565
-2.098583879925614
-22.47259662384387
-7.052182150735559
-3.859592176548689
18.94832818741616
-18.68134740034838
-29.85206070740231
-1.425684557732296
-16.183335280312
-4.184651505784662
-13.39578516209378
-27.93853178217983
10.02748126312831
-8.978849720915575
-2.921990270388401
-7.869033842530373
8.547787624044895
3.77160240254517
8.547309572583879
-22.01764153297943
-19.1796237589504
-2.699559786693417
-10.74618986225426
-21.57256491005222
-7.626971715514115
1.109815878045042
12.75045212624538
1.434904249363912
-7.993527619083275
0.8513995104155784
6.593995959539114
-6.218293447621559
-1.476083787701356
9.964190404128457
2.979761517206722
11.44027418884095
8.460512642949372
9.742898552647096
6.523784274167906
22.80792036470015
-14.82175522490056
-18.755493340693
27.63700212494998
2.357724509255437
-0.6339990186273394
-39.06944538006014
-5.989054498801522
-25.27927761570184
-28.27100114394903
30.94289178196201
8.660945141384781
23.06020140663768
-22.28194664447164
-7.882690373567184
-11.17071330666219
-43.07000037001119
-4.901499020893247
28.42637615010172
-31.89928706374079
-41.42716989366822
-9.743888003430875
23.5839871641586
24.46165500966608
42.1750230339188
19.392985545584
-13.26552258104056
33.32787517216322
15.42041447260764
0.8776678474995391
-14.54274662306613
-22.78203749338669
8.736787594187513
-9.153678569136087
-1.712291824589167
4.518970089356435
8.495531487025033
-2.713138595578926
-32.65850812709632
-23.64474091229205
20.49112985433398
9.013767214429132
44.13587076151057
7.441386739475591
-0.2329673733717616
6.44053998156308
4.634869647741899
12.16284987331333
8.020405920561451
-4.947043571864531
11.46977789298596
-10.09474814643336
0.4450766237028331
8.433433896763598
3.449371972399779
-2.39294115187738
7.527980220744317
-8.046630075543145
-4.642680687676114
1.832293757701603
10.53982477692067
-4.984061924505693
3.40394938803787
-7.602976245604637
0.7850350693069112
7.260009521947104
7.743495335001772
-2.298539105524114
-7.60345429947417
8.388011312589606
-0.0004780529068362109
6.474974445548361
0.4834858138561485
6.556958091678147
-10.10525905095717
10.30569953578658
-9.484628400631193
-5.007278016938226
2.165148661623908
-4.252734497478744
-8.136221603733903
-0.3797292538877013
5.486560777274423
-8.494000709842428
9.245109866447274
6.073472282588196
9.739295275829241
-10.04203443924866
-4.241266216010295
11.64106131482282
3.66582299883225
-9.826450119057903
-1.873708244297319
8.861932361759463
2.703385037450336
8.504153258587809
-7.377237334970882
1.576517980501719
7.952741877380288
2.449212782130169
-8.563724925631059
-2.187501024770985
8.548139586418959
10.93190515803916
4.382726841529647
-3.34666880706859
6.376223897964318
5.217056120498055
10.73564060941058
7.756492348432908
2.383765569659897
-0.3577791035509961
-5.65165850808254
2.285363755051283
8.792212096161315
5.985509733811619
-2.536855354149667
-7.496349726597153
-4.932645513535805
-10.30537229272205
-2.075260067436139
3.665352255664318
4.69219360605338
6.769767764715493
-5.372726778945331
9.624839119327961
8.230112226046678
-6.549178319671465
0.1156343538040687
-8.114477873446919
-1.476116712693547
5.74061232386105
3.895921106209584
1.545831339238675
8.21064401601309
-6.183564312204958
-8.160791851137111
-1.408271452809109
6.995253550355217
6.66481267663719
-7.72939564958205
6.638361162525747
-1.215390468281034
-1.977227539210257
6.752520398866796
-7.947904108879623
-5.208552213578089
11.14622639646196
2.166410827331422
5.597786186000524
-8.965210114180513
-3.000585689160566
-2.677894786204935
5.402939316072061
8.067805361980362
5.964624423616939
6.287315334008227
-7.853751632578844
-5.188885590260828
4.925429351012085
5.372037821717477
8.403525003731827
10.74570014906901
6.231261908684625
2.664866043567419
2.73935189652551
-4.514438243204691
10.11431493874229
-7.253790141061493
10.80633840136188
6.151203110862673
-3.277228750754283
3.976561393673326
-7.975238333555701
0.6206306503255179
8.595869014230187
3.758549088762076
5.800768222188046
-10.08062236957203
-5.304915195349424
4.775707172823414
7.937022264527852
-1.844691217848436
3.104415510005974
-3.938649015502081
4.131123650255041
11.27896735937244
-1.534159581610746
-10.84882993034961
5.638267157765567
-8.771255770849073
6.50684834276826
8.069772663200952
-4.832606753613176
-8.383925198497682
-6.821000883820995
0.3268428221340388
-0.2529557390069268
5.637846683621872
12.31971288397406
1.562924317876147
-2.806702359594682
8.130969463014237
7.147843709618001
-2.499850686822231
-8.140550874162241
-5.640700198462833
11.99287003387263
-4.586781101458832
-11.92830720346672
-8.076222088381616
1.884537720702706
8.700205760451988
12.22743877842739
-1.942298945974965
8.99537287791483
-10.46466403511439
-6.890951304456781
-0.482814292788876
8.204726721691003
10.93767182219026
-8.522365087440038
-0.7906461576648807
5.890802431510608
11.54035937397725
6.545650449481754
3.573712730400623
-5.406102842181405
-4.959494371237395
-8.979815571927913
-5.548440210457342
6.408137011328958
4.637621113201344
0.4466084704011187
-5.571010198149396
-7.341526097576588
3.116530816029092
11.65917171351475
13.28698686217706
10.1860613218347
-4.655135291350638
5.327577460677007
-1.770515898142346
8.687541012893393
-4.858483861179439
3.852085115395367
9.982712752878898
-9.42843186442229
5.159091705203282
-1.347914832098038
1.213932002048069
-6.171535887479066
12.17823872309462
7.362654140828242
-4.823621052575048
8.710568973526273
3.315234404098544
-6.190860747476027
-7.550041362458186
7.209456428117286
2.792859694505427
-30.12952755700495
-5.216506955778269
37.02653749603664
-25.38152464996775
-6.985148918799642
-11.2086700891529
1.77523417531755
-7.305112837927037
8.524963236643536
1.455270266782586
-6.833441875017206
-0.6170030179983854
6.867525930809703
-4.223521174763852
8.760383097972866
0.4716709673271566
-6.600290466488335
-10.02546249025545
6.673507360802847
-2.806712699721554
4.296738078946813
1.282385925260791
7.21874979478759
-2.376769287314048
9.374592134160734
-1.012989747549415
-9.686934499429048
7.025358828167547
5.936363855506174
12.02341119959923
-13.12806434786308
4.715459326673063
-7.385467892332917
10.96430672618046
-6.26045194108192
8.191081171107605
6.087047357723073
7.103450781057783
8.542640896102991
7.33629661096654
5.649556936304882
11.02778855979744
6.681866209120247
-4.994708930670428
5.658655541017009
11.53228955165514
5.378231628739802
-11.5277453837645
-6.396753917221911
25.97801314645304
6.35015291473165
-9.977367487281414
5.742596452327007
-7.069692963124347
6.867612412474176
-1.657437312924101
-10.97591126901255
3.475621840691348
11.88510372069375
-5.466542978904275
5.666427974932014
-10.10856285942395
-0.6288775197690785
7.802910565099947
9.802394367876278
12.36361534199248
4.925770160288035
9.479685344138073
-2.743238644627826
6.21643886143583
-2.842688460793383
-8.088364855240819
-7.071961437080568
7.484528959675034
-9.059127328027737
-4.505212134451943
3.926575992375688
-2.773225552967693
6.504355840504799
-4.81558458533089
5.145175225898504
-8.525049738881352
-3.871620472374938
5.509368300863843
-9.506095150633096
-3.064405947692857
3.894222022882468
10.9505793093892
5.722794153805562
8.409481884742091
9.277581390776048
-30.79006369759056
-13.1776681304507
36.78862251131088
-11.84677519776647
0.8680995039569804
7.309788705022294
-6.218675742663679
2.507164118300452
10.63055170850749
-0.09907640729583843
9.716746773601468
1.1213761485275
-7.018018921921496
-6.783561181783902
4.653429279989256
-3.557952977798149
9.380988786414918
-8.211382275730491
-3.650677491981903
2.696504035539091
6.44168920248336
-1.359180615359093
-10.72962812103288
0.4033428203476506
9.129182668120041
6.709410651312512
-0.9138049282599653
11.13297094756669
-6.684484764048382
4.553915202927998
-7.669008816440743
-5.245676394092562
8.431788117881142
2.423332428038598
4.560704790491979
-4.802624585303482
4.650350236703479
8.787200101365242
8.725839853958671
-2.419772010609193
9.709135112835011
9.452974819932408
-13.99730736331395
-9.328210909952729
-1.672450589269458
-8.088036677551383
0.3473425240084517
7.15366580251075
9.17939526287188
-16.3426481204678
33.35035250856175
2.851233337902706
-13.17288516747314
-20.6550000095257
-7.623215572508693
12.12890712156899
1.589393857057395
10.02477306055906
-10.87856474073931
-4.312351889058416
-8.595370617478977
3.303338730510012
9.212609425306489
11.4757461447501
5.048791366021818
16.05916398277831
-2.349233305992714
11.89870934039363
-8.139395066742916
-0.1010464823697785
4.583417838028783
11.22804657722301
8.208992956161438
4.601731094327101
9.270827537655766
11.01037263440355
-7.398024693651879
4.6690964483451
5.909270688140894
-11.99975580961594
-8.285138252212949
0.5409781429107814
15.89097129187321
14.60880628591633
-2.999049760762451
7.677127303833118
1.739545105283064
7.655760325878987
-4.316657309588562
-3.9820280588521
-9.209813214694989
7.315413756665163
7.751507181790407
8.608886294429274
5.916215205715281
3.625575122359673
11.20230369877806
-3.019053625288956
9.423327976950437
10.81594385092765
8.8261163936802
5.286088495156545
-0.2561602939673688
11.97414752376206
-2.104134059134239
8.773845475620835
6.727918678713073
9.960759811981911
10.34290105773003
-10.91716020738227
-1.470140005305916
6.364474638749931
12.90961520330708
-9.289345064011135
2.161623651995458
-5.762112049715509
-1.206344280980289
9.447020198167007
1.627815147280097
10.65336447552364
5.873634014129673
7.834614643397837
1.960980627158265
10.14660124878545
6.565987678289211
-6.154057918071755
-11.21798278981483
-3.032362166032701
9.714544671308882
4.910018322734374
14.59515291327001
6.545140563638409
8.185620622902608
16.12800111339356
-10.74799155175438
9.582860550237772
1.267415032834287
24.41023965933576
3.527233018241983
1.550377896503385
-11.16966769442129
-15.51559002399269
-8.673944771360537
-6.112723822836526
8.038348580666694
0.2344577274430928
2.561220968004592
6.347181534264212
9.030005769541797
4.136849864867752
-3.200302047617491
-5.246228845371191
8.701967457004947
8.86786244371722
12.44238160957324
7.576728577949453
8.435379202530953
8.832052738689088
-8.745093992325346
-5.237955023221817
-1.688736705451168
9.608705110354377
11.61314410692284
6.777451562374733
-19.30066309980966
-4.473283991205165
11.92753163318883
30.04474411842562
9.879726413449282
-9.615528509098196
12.74690683464777
-3.580613570144835
-19.62786023595227
4.748002912361028
-14.74725199861247
4.880608240855133
-12.72004559566933
-7.848110335942561
-5.8223808767528
8.125815423692783
6.21971780844347
-4.893155904914277
12.06816449081078
3.507138969253252
-4.41659673437839
7.056357286519167
-7.923735702517157
12.01540658499891
14.82737910876805
9.685134590754286
2.025729459632097
14.06782814355147
13.9481963010736
-23.05407786887042
-11.32188589466119
17.90463692138358
-6.311910353134413
20.80874411023839
-1.282165006973636
17.44069406505415
-8.213843987022759
1.416575556475423
11.73219197426639
-1.906097614415018
0.1658949860779853
16.74216751611326
-13.63828958824977
29.22652281582037
5.084569485099711
18.72285907282221
-6.357165845394785
-30.49911917383964
11.2552297217424
-24.14195333047627
17.61239556714017
2.904107188724382
18.94328850036204
-16.02411850720232
4.477350400966743
-4.837319955816652
-9.314670359000083
7.172426708969382
2.077574159081381
1.016403418514735
-4.345922345280496
-4.865653029214
5.810524036103924
1.392615874891043
7.958828729564495
10.67617706438492
9.630419541815563
2.148304693818241
-7.482114845025007
6.566212853071558
-5.227785155713364
11.29744181566156
-20.33245535271686
-18.32801635623125
-4.284617982332572
18.75416555493089
7.71563783635896
32.5836088246523
2.004438997061146
16.04783737025528
1.293472537787728
-4.835692544036601
18.30713208323602
26.04365419289175
-23.79454103473314
-8.182797090486579
14.85598644739628
-7.218268504840359
17.25265066472289
-22.9371619221019
36.73752938906503
16.57627252977159
0.8573791124611654
23.14282462676107
30.64741795941801
16.40081562477826
7.736522111024432
23.03878353740189
-14.75436483208308
-40.0782665534665
-38.17268276254853
44.0524913222883
-14.4325148558316
11.83682920640904
13.82944327001288
29.26515242256681
21.88154294180916
-48.63539770846236
-29.86107384555892
1.90558379470695
24.47091916944169
27.12065446354145
2.649735294122029
19.48487872468682
37.46324046963043
-14.24660233453751
-22.91089584854279
1.957075138853584
15.29603325654668
25.51688626570741
-43.38699075948882
-43.1815824217669
47.50732804123596
-0.2361533627197889
-41.53361808552857
18.11721248514824
29.54263559076829
-24.15911181938075
-31.54272130133314
35.35942925448141
-13.56435955644243
18.20229808648622
41.9424659996782
16.03918131217504
34.81350517564389
18.77432386364998
24.86797098840383
42.24304445177491
11.42542310554001
-20.16501769951303
15.4357091527409
25.23172393362088
23.55981112786131
-18.71944720344588
31.00307908889051
43.15083740167974
1.85337267350189
-20.39136000958946
-7.383609481503615
9.796014780693504
59.51854107341295
17.97836174502328
49.7225262930493
-1.671912805944375
6.583036745362545
12.14775831350271
44.05848858468779
32.85238081345221
31.76665764282373
23.74016790995465
-21.0095543499772
-32.21566212042782
28.64468354155924
26.26934406364257
-30.81762135062896
1.647964339645287
32.46558569142703
10.22085300887329
-47.74348140677355
-15.83275113916736
31.13151529733506
31.91073027042327
-19.49525491676072
-22.24473268329025
-11.20610777084301
46.96426643650194
49.65423789105321
2.689971454067399
