12.37225885443855
-5.2700464227891
2.265964920383468
-4.001054213313342
-1.310327740598457
11.57661851421402
-10.13111361191211
0.6921932568962798
50.64955869913948
37.3830883337842
46.39850731497156
-11.87964465732213
-14.38368391572073
13.14629371998943
-2.38307593069513
24.33701318808787
21.01674112646412
25.3401367835641
-30.09815848190223
-7.034682298631764
-11.69781864727984
-1.941978499878322
10.42634651036012
7.673119178522722
10.09857965449035
-10.20310857652778
-8.368251442748011
-1.805878589299194
9.852339395563629
15.66888460916341
3.111688831346434
-6.505243578484821
8.793406788282407
11.24221808206092
-10.56079413365704
-11.12679461785466
-3.038676354805827
-2.309612702249913
8.004633933599516
10.45711249997509
10.29399874584456
-6.875477848905018
2.628670219447369
-4.426666527102899
7.749443560779363
-10.31164676884618
-16.71166646148616
-4.840721462487966
8.604815454076357
3.054999401634386
9.220052037558167
15.40961429672961
7.403143257117622
-3.320272061662809
5.792681869696998
-8.006471077728733
-9.616932427032538
5.681717974137398
5.360175087311137
-10.72341533064388
-6.400019685300225
13.36664616461101
-1.134814138856475
10.7361308586915
11.40772900352467
2.662210670852822
-19.63656375307594
-25.62578579468408
4.323395657207037
11.87094499822093
-24.49097165730304
-32.37481908291317
-7.665328528834799
2.373932509648507
10.40592321701948
-2.544555150059868
8.00858681786875
13.44553691868521
0.6715981455514977
7.202053272410078
-7.389921731160734
-7.711464631029119
2.1142263912258
-1.546411997419511
12.15348741381114
7.200650738219343
-0.3215428863975435
9.50414812167333
-0.5660004822087705
-6.243483648395537
8.251181431275892
0.6152365897526577
-7.262820907090161
0.8883844053484484
-8.337421514728156
3.250904905151283
8.474529760755162
6.494708667631481
6.165052634653687
12.20793829354133
7.040688833769249
6.530455127674681
-8.745518331487643
-1.474728967767851
-5.167249460705928
-5.677483166026825
8.088118268450671
0.9597426501455343
13.25536772709587
-9.28074186558189
7.899888029921691
-8.515417799090082
35.72773937114027
20.90557578375321
16.96809926732552
-22.16912234209557
-44.95406575960698
-24.46066360888572
-3.293466728307222
-1.18530708845542
-8.648946431433918
7.749843573114958
9.328418711820465
-10.24048451305616
6.940145378012469
-8.294106816230849
-1.45531375274561
5.438614812932324
-5.355479698678383
11.0433102939112
14.84316033502052
5.617354412316711
-9.167143466945442
-2.273214903218415
-5.438663604823141
4.987142141453885
-11.02240546727311
-10.22450651202745
0.7653240673577557
1.946377693612108
4.516940174973819
0.7978989531261045
11.78772953605656
-24.30406541514283
-17.78183424574234
44.39904216179147
35.10304225549392
43.76510294761009
-38.81015272930036
5.328953775623653
26.84332219167377
10.65543756781848
22.65755224106332
-29.75363466092619
-5.289412918274323
-7.463639347426685
-1.074600603795852
-8.965169914517974
10.51372580649109
7.270789361879704
-22.29877442205219
-1.501530565115281
-9.225805923918566
-9.856018187189287
-2.988572496780612
5.606324271742086
6.395049932549751
12.3670631075017
-7.890569313531191
4.605921659897233
11.44471471460825
5.406296587035306
-7.752466595197023
-9.854698572930767
12.17088420143237
-25.10196436643136
-2.289736034524047
6.838793060271668
-14.46062023558885
-6.038418126434377
6.893928564702553
3.728479860320565
-10.25671930571754
0.5581290879012168
10.74060456158737
9.262569108402252
12.24575926330187
9.766897984283892
1.664139063085686
-13.15876317783439
-6.813427503692973
-20.21394270132433
10.42580574436422
5.100295814250142
-8.102758919241275
-5.325509926462197
6.86744569359997
0.1892571783492361
7.234662637870827
11.42044890970843
-6.850766614963788
-9.820363596098858
0.3621118836611263
-8.468170897079597
-4.282384607184108
-3.320620759299104
4.907734161290925
6.063001688304995
12.35756066250318
7.045405470268005
12.19295561689995
-13.20305473153433
-7.040023801730211
4.185786286163342
5.147550141275161
32.09744527068649
36.9402135613177
-41.98485356161711
27.19537492007154
0.1947428314520653
10.8148483944323
3.329617877875869
-12.8582667367478
-11.05833701379943
9.190118766863078
8.957450278698401
-1.081437982748243
9.383622434318895
6.163030925100704
-4.291796588659947
-8.477566563176266
-2.96959698955252
-10.45482750995952
-7.485230517369941
10.18247547426235
-21.05362627620366
-2.102231974972864
-22.47945981292029
-7.055179524775407
-3.860834026499214
18.95139430263917
-18.68299761084625
-29.85499328495201
-1.42583353785048
-16.18788461462345
-4.18576996256341
-13.40051519402927
-27.94696516256299
10.03926102705186
-8.990122200601309
-2.92616762928153
-7.879004306934926
8.560027073601262
3.776602990806359
8.559262213939146
-22.04164058683834
-19.19745617947498
-2.695656883877045
-10.75190200762747
-21.59479257362209
-7.63594484353119
1.111117892796076
12.76672519646692
1.437571170874868
-8.005253802350104
0.8524147247657649
6.605306688160588
-6.228415405572968
-1.478035445639697
9.976899018802834
2.983190167218127
11.45493445689697
8.471744216422188
9.755840147400951
6.522231171266886
22.81222833054505
-14.82216358583577
-18.75964010539019
27.64054575280727
2.358674474131384
-0.6339392133648262
-39.07008838700434
-5.989222040830543
-25.28187127823221
-28.27448496726179
30.94732360998168
8.662060694901092
23.06347618398798
-22.28526292492
-7.883847421521147
-11.17199567282099
-43.07469812471942
-4.902070353682637
28.42915974852015
-31.90270245318309
-41.42876287216296
-9.744838646494534
23.58639144729824
24.46422174769011
42.17959639306827
19.39465300394568
-13.26647036292487
33.33123010527024
15.42428028671705
0.8778303054296955
-14.54644997606587
-22.78494340204292
8.747062737532415
-9.163756414614712
-1.713929905792937
4.524306125327486
8.504807843966805
-2.716154867766661
-32.66112336808184
-23.64570438348979
20.49340213532576
9.015418983618476
44.13910650576055
7.449826496468815
-0.2326684857528495
6.447601565852073
4.640098684830553
12.17611005287653
8.031990711611014
-4.95283667662266
11.48619469946926
-10.10629393405472
0.44684801511533
8.445554172024707
3.454203987831554
-2.397336396046267
7.536011355609417
-8.056245123719679
-4.647725201895422
1.834857133779324
10.5531419665597
-4.991350184280074
3.408519922307969
-7.614059030248672
0.7858110821799144
7.26839343653412
7.751995203038903
-2.302583057665878
-7.614823896039846
8.399870106815737
-0.0007648634966993928
6.48258233615838
0.4836017685094678
6.562372873251433
-10.1152039491193
10.32374902562749
-9.496720307204972
-5.014465246756545
2.171166221807681
-4.257642989403864
-8.146687929164969
-0.3804530450894156
5.493782156122261
-8.504523270345556
9.256017769831246
6.078771117016768
9.751425148452181
-10.05457825765013
-4.24688028953436
11.65821800154752
3.672654046168285
-9.839753213666011
-1.876447248581679
8.873158743495766
2.707625447945829
8.515323410647476
-7.387274632855749
1.578575135205576
7.963305972351282
2.452478575724463
-8.574839026008961
-2.190108177832453
8.559497827146847
10.94579016790811
4.388073184674573
-3.351214181899805
6.384730840645717
5.223624848679699
10.74960600098398
7.766234880838183
2.386292335733886
-0.3578353347232632
-5.659563334055979
2.287958011628828
8.804477731673206
5.99421077780318
-2.539980238823724
-7.506734159865138
-4.938534691494953
-10.31847723576187
-2.078242724587983
3.669875992436411
4.697936119017838
6.777932301700854
-5.379942544103473
9.636470811291547
8.240234511676931
-6.557716990452937
0.1153518934525144
-8.124882620442667
-1.478403114098085
5.748118717527216
3.90094789281625
1.548082362525568
8.221151253825564
-6.191205009632011
-8.171026108003005
-1.410287278539105
7.003625152748957
6.673068891124541
-7.739287368490812
6.646479509128916
-1.217526105410176
-1.979821099665268
6.760738831048028
-7.95890536973877
-5.216640348900385
11.16290308645676
2.169532950483289
5.606296079394335
-8.975994849409002
-3.003981670624139
-2.681435891400874
5.409930766038424
8.077592379894883
5.972013174674047
6.294558971579621
-7.864005617323061
-5.196344012472432
4.932094317854452
5.379351013281414
8.413912432652349
10.75902827340229
6.238236017872809
2.667661607217056
2.742265025167869
-4.520792262017972
10.12843832527487
-7.263057292812968
10.82293643365702
6.160269360653809
-3.282555592996047
3.980501708896276
-7.985563999872376
0.6184836419138102
8.604047718628262
3.76223561353864
5.807697965408686
-10.09490007436576
-5.312240842273905
4.782659228192137
7.947521349354639
-1.847170824088453
3.108056310065284
-3.943531230111061
4.137864063539249
11.29525001928847
-1.538925188692876
-10.86299245271688
5.646706434384885
-8.782996270237224
6.51651972360991
8.081395287202238
-4.839465036176626
-8.395172712926955
-6.830297164338067
0.3270887824810874
-0.2537877364996983
5.641487687296801
12.32769691072365
1.56487555714389
-2.810266947025899
8.141384984903173
7.157385956640274
-2.504039254819792
-8.152582803819381
-5.648543576757729
12.0006080566343
-4.59220970927661
-11.94226283956569
-8.08499788070373
1.886794708576541
8.708403940366303
12.2387820891152
-1.945260931112867
9.006391002239976
-10.47945194834653
-6.900092418206031
-0.4831407377063075
8.214696070000128
10.95165193017705
-8.534191014058115
-0.7916949382895697
5.895275446815181
11.55029100034822
6.551667870935985
3.579359527246239
-5.414010614156199
-4.966753917966929
-8.993370140833562
-5.556607008010465
6.416951678760017
4.644876444209812
0.4472566946225606
-5.57797787973653
-7.350053117197669
3.119858926302019
11.67096210796888
13.30061364999594
10.20148344863417
-4.66266707587261
5.336254243883667
-1.772075233964796
8.697836802541888
-4.86522920555285
3.857264959440354
9.998921322625637
-9.442824961971363
5.167735505146417
-1.350448269593802
1.216884696081004
-6.181634107015682
12.19405364328284
7.37204588967923
-4.831185829636247
8.722494158848155
3.317695657508995
-6.196119964776726
-7.556620534333063
7.215044101315204
2.795366845637265
-30.13332139168216
-5.217117923446549
37.02905638808564
-25.38490484812625
-6.993824839143811
-11.22096272728664
1.776838409287067
-7.312301321812227
8.539192120098527
1.458361957059549
-6.841161231950552
-0.6194654925604314
6.877458812865703
-4.227137898561806
8.770663260940667
0.4711401017027859
-6.605543951708785
-10.03888826979389
6.680270065939045
-2.809865185899646
4.301864036130597
1.284095970622133
7.229023093742661
-2.37840604272807
9.393299547953243
-1.014688412357939
-9.722102362772217
7.042615559453237
5.944927087500452
12.04055822773895
-13.15141079085246
4.723630370768313
-7.398518810882222
10.97716895996403
-6.270407774099633
8.201606708627335
6.095631174145035
7.111729227788022
8.551103177325661
7.343362819992801
5.655015537060957
11.03653289316921
6.686209245758677
-4.998623146814397
5.663722131160939
11.54125011127155
5.381517368940409
-11.53872043573295
-6.400761818439329
25.98447048285403
6.351843605857799
-9.987382545350755
5.752891971682632
-7.080830145107869
6.881003031124061
-1.66173332548722
-10.99403814809374
3.477976329315356
11.89503550510107
-5.471156904212119
5.671281310491356
-10.10250268376754
-0.6298521575652667
7.815711296870326
9.806831144025862
12.38080912128058
4.921147535675762
9.472650537412301
-2.753227348043696
6.221695751230828
-2.843867639178228
-8.092782104868828
-7.076684062793976
7.496924333021861
-9.065563406517038
-4.514060383110205
3.931503176373418
-2.775562246584249
6.51028540378375
-4.822007759074594
5.149784835527029
-8.542736390556968
-3.880485530981661
5.52288127027998
-9.513815621634947
-3.066933233269055
3.897348442172869
10.95889886088858
5.727005402553034
8.41705918688983
9.285847645068259
-30.79902905747223
-13.18223421974554
36.78951937234329
-11.84818377347134
0.8687884537460016
7.315670837758952
-6.223754187431152
2.50927654269186
10.63702031742642
-0.1020761016014018
9.723518942463542
1.123964679200989
-7.034581270271587
-6.799714393110432
4.66225089352089
-3.565421183050251
9.403366833281678
-8.227672121356669
-3.662574278649295
2.705728599818315
6.446882387397262
-1.360500570805723
-10.73909643200007
0.4033417525456984
9.136372451373878
6.714744755949656
-0.9135013575625952
11.14243819929789
-6.697638265176733
4.551503048530065
-7.674374911438855
-5.248914465644224
8.445563537688439
2.425460459761605
4.565097858515054
-4.806394291682389
4.653728662692872
8.793938636058456
8.733030713580598
-2.421627680454983
9.716267240589314
9.460122949554505
-14.00653118809345
-9.334400773524607
-1.67358614019066
-8.093573693856547
0.3478078499137848
7.159085323515872
9.186659269904077
-16.35672768346426
33.35377165039058
2.850033646470528
-13.18053338827516
-20.67056771526009
-7.628246096355331
12.13789491713885
1.590622762783432
10.03200431096768
-10.88442525717638
-4.313840031796492
-8.599554243662695
3.305911332996335
9.218868849660838
11.48249034116103
5.051643526170192
16.0688306516977
-2.350683988499565
11.90546555705892
-8.158545939572628
-0.1012419450139554
4.586340310537307
11.23538848184898
8.214333031897162
4.604379842646431
9.276510230901389
11.01718717077918
-7.402327569947808
4.672130401412032
5.912957499905119
-12.00670746787193
-8.291115000829382
0.5415564710807491
15.90418960795843
14.62107615054959
-3.001409738182327
7.682839522649067
1.740676961867277
7.660814645834951
-4.320089945544257
-3.984944442779908
-9.216837902118058
7.320939539440793
7.757544893343757
8.615469506193415
5.920137645040609
3.627992732171751
11.20984291055542
-3.02105546076408
9.429969751143396
10.82330686866684
8.832671468586737
5.289705271176852
-0.2561442931953277
11.9835177226408
-2.105890602265187
8.780813637422742
6.732960815703538
9.971792597150355
10.35198738061796
-10.92638607538549
-1.471781113596433
6.369158997538482
12.91933040128408
-9.296734547322346
2.163212378872911
-5.766356407470777
-1.207740345554091
9.454604952165443
1.629651537686324
10.66234528853881
5.877527988729507
7.840940109282202
1.963412115706305
10.15727196438517
6.570651236447415
-6.159732729712726
-11.22761339399165
-3.033753540351838
9.718851897718716
4.91354820229784
14.60111158999341
6.550171401289314
8.193859851242797
16.14116159814285
-10.75611802361378
9.590990198276035
1.268192017033244
24.42573528245723
3.530378149102316
1.551337890407388
-11.17904606198046
-15.52936965580943
-8.70741400018807
-6.133436088558883
8.057303984658333
0.2348668453007792
2.573977961402688
6.368302894275163
9.036957931147876
4.140209974089125
-3.202704084242098
-5.250556907464472
8.709017010057728
8.874930754999184
12.45102523061724
7.581850182127954
8.441381545977535
8.83885142026131
-8.751635206598939
-5.241743669337943
-1.690084789464294
9.615799192493709
11.62148363428819
6.782566373408009
-19.3050156974452
-4.470270614096308
11.92946987396476
30.04911843631294
9.881331484236162
-9.617452309355757
12.75260543118399
-3.586620727049616
-19.63262688780939
4.748416557078167
-14.75036720738263
4.882259689326955
-12.73038396449962
-7.854653252570028
-5.827079308583166
8.132494604034404
6.224866429945812
-4.896747956798917
12.07763483826503
3.509891536019463
-4.419677256325654
7.061550417901219
-7.929568789260054
12.02431004194324
14.83474508367707
9.687563388261692
2.027573944642606
14.07951968061783
13.95957391420516
-23.05681422449925
-11.32059217422115
17.91176161918725
-6.312276130686486
20.82115402465758
-1.283113459796519
17.44809943924956
-8.221350082921044
1.417532396060619
11.7362220498966
-1.907628172190827
0.16591374386291
16.74453809360094
-13.64385022087633
29.23235379289437
5.087362681792887
18.73121290115819
-6.358746907154399
-30.5037380121354
11.25804793056123
-24.14499111014453
17.61679483772717
2.909392405050785
18.95084528537042
-16.03056703926918
4.482255103677417
-4.841812181931261
-9.324067290702944
7.185631545821185
2.079996182581414
1.016098042120847
-4.350323633817963
-4.869175042127713
5.815074221017265
1.393337119781842
7.963922352618725
10.68424926060039
9.638882474559466
2.148848132454144
-7.49003433454522
6.570585228852739
-5.231893458836969
11.30588398208954
-20.33693546381707
-18.33125102214503
-4.285196518641777
18.76102622302142
7.724444815605565
32.59250490178977
2.005684442221898
16.05173894505909
1.294529966724892
-4.83891726013202
18.31862600640773
26.05569583803044
-23.79978972306596
-8.184656132937416
14.86156660938416
-7.221165372917334
17.26100448507282
-22.94186511053861
36.74892766059192
16.57862434973618
0.8579246123898538
23.15754326579149
30.64793486131811
16.39974048845438
7.737069832964612
23.04622274181719
-14.7572089780968
-40.07498266459543
-38.17039386021678
44.06112869645116
-14.43137752998259
11.83907075289557
13.83147867907678
29.27010914201528
21.8873610513403
-48.6377031442262
-29.86492009923983
1.904588813933072
24.48216985757717
27.13343015572963
2.651260298213245
19.48792317583603
37.46549622652606
-14.24819437274144
-22.91086502851706
1.957195056735313
15.2980003444247
25.5194949819613
-43.38684738103397
-43.18150978719423
47.51371875509169
-0.2361993727308593
-41.5336708594972
18.11964856191453
29.54619471680602
-24.16129523886193
-31.54404333086594
35.35761264472912
-13.5664702803484
18.20303863941054
41.94205498590802
16.04145288168844
34.8142359283645
18.77278304680931
24.86806008627811
42.24617431141733
11.42654615481018
-20.16778693820181
15.43863046310971
25.23531863922217
23.56229992625194
-18.71977723697121
31.00244246860677
43.15064802061335
1.85317652039167
-20.39279595055765
-7.382748091445684
9.796688175941831
59.51890788303198
17.97757305072808
49.72221970740607
-1.673018713146666
6.584442341219234
12.14820555383528
44.06198982137374
32.8548906387844
31.76950891956388
23.73901633836589
-21.01495877440338
-32.22205795505543
28.65324007962484
26.27044828638288
-30.81962816763965
1.647838936379523
32.46746710684431
10.22149463722507
-47.74991813485912
-15.83613387629381
31.14133850254225
31.91378426560114
-19.49878377902662
-22.24597247138887
-11.20709918162069
46.97747237883579
49.66819885278963
2.690726472714836
