12.36173373367295
-5.266088412269301
2.263979886550001
-4.000776135046764
-1.310605818865018
11.57212316688958
-10.12612369682733
0.6918552397883793
50.64637507972181
37.38056596672758
46.39480457192146
-11.87486236633335
-14.37588879188161
13.13903625435985
-2.380737741177857
24.33503512223547
21.01693150139451
25.33555807960927
-30.09481054697351
-7.033728520928173
-11.68747128745596
-1.941162092618095
10.40875800249888
7.662830583495604
10.0866765649596
-10.19642201996811
-8.363450693041534
-1.805060762222792
9.840587930170773
15.65737792362374
3.108828327105123
-6.501286655662589
8.787463466972049
11.23404977647745
-10.5515042170987
-11.11709158158033
-3.035948211632517
-2.307474924518448
7.997171181475104
10.44723686802033
10.28540608587058
-6.869914472145262
2.626384359924452
-4.423328147146732
7.742971653212691
-10.30523255005728
-16.70161436292638
-4.837473495420157
8.598704157764692
3.052976697710286
9.213415258493928
15.39808979178263
7.396904753055895
-3.318103620880135
5.787974799487791
-8.001185059824518
-9.610114992294854
5.678635149394164
5.357024185186904
-10.71500838050946
-6.39638180880514
13.35820924461372
-1.133767949126699
10.73037291781298
11.40185509443412
2.660679049973045
-19.63094805010428
-25.62004235965894
4.318626578277635
11.86414086718994
-24.48627441139884
-32.36928660092828
-7.659021727327229
2.371535759653489
10.39500439897805
-2.542434413350057
8.000885541689147
13.43617765412982
0.6714821770298173
7.197137137344421
-7.383866472202874
-7.705477443308905
2.112432389924005
-1.545038883491774
12.14298986791617
7.19443441803327
-0.3216109638097229
9.496298861498707
-0.5655873636275407
-6.239040517729955
8.244029292929687
0.614711104063565
-7.256120986328786
0.8875455441507367
-8.329778026206709
3.24786559743957
8.466635799873968
6.48873050841304
6.160438560261339
12.19910811414153
7.036087669870436
6.525654960900845
-8.741176043945366
-1.473836519154959
-5.16302044472821
-5.673453153671646
8.081143372597875
0.9591527905713533
13.24416381591128
-9.27477112319923
7.893324510001829
-8.509924187724085
35.72624086311496
20.90416881090814
16.96938664586738
-22.1671614566451
-44.95000523639914
-24.4582341577085
-3.290438088789167
-1.184250358435757
-8.641277397468791
7.742681311516704
9.319736218886025
-10.23392391235615
6.934171718358349
-8.288682369362649
-1.454031140141745
5.434033634213518
-5.35083930638622
11.03311939609424
14.82957405846117
5.612250486623404
-9.15932237730912
-2.271257604304716
-5.433847086110231
4.982627056820729
-11.01728059669201
-10.21976687358407
0.7648469355699058
1.945241541261026
4.514788009494109
0.7975137219586489
11.78212753296322
-24.29994900515035
-17.77683908833317
44.39768635545548
35.10244453290055
43.76369736487088
-38.80877166677342
5.328048130673589
26.83763575771127
10.653073872603
22.65268614745587
-29.75047674564228
-5.288133629159409
-7.457027041326231
-1.073657037801209
-8.957165126400806
10.50398658087214
7.267339523885465
-22.29162709871603
-1.500138084120066
-9.217323572433861
-9.84694699809963
-2.985877238411728
5.601184969731011
6.389299306090346
12.35585584485814
-7.88350808990327
4.60333291007805
11.43798413420615
5.403927411911884
-7.750692270722655
-9.850256672707925
12.16500841239194
-25.0974627257588
-2.288581171466898
6.834651227487999
-14.45358958397312
-6.034056721860605
6.888064773679975
3.72547529006988
-10.25096522649132
0.557135646666475
10.73140400549068
9.254805955902899
12.23547488887192
9.759532010531478
1.663286436788392
-13.15461968012952
-6.810557839827132
-20.20762665015833
10.41647414173218
5.095949085118785
-8.09624557257326
-5.320525054649801
6.861069761630977
0.1889539941031334
7.227793456053907
11.40964091190728
-6.845102804444794
-9.812292469553441
0.3619758928647618
-8.46026603136246
-4.278418566057694
-3.317510689233066
4.903280849612306
6.057665865923743
12.34687054542928
7.038839467890114
12.18159481477427
-13.19219465652216
-7.034056803321371
4.181847463377307
5.142755344127046
32.09501967202054
36.93751165845637
-41.98155752141984
27.19335548899705
0.194764472355943
10.80810087362667
3.328258046343393
-12.85630383365028
-11.0476650123262
9.181699415122573
8.948802318490596
-1.080146713776743
9.375176547520274
6.158137850767256
-4.288894650868965
-8.47384427442665
-2.96718966988237
-10.44703249934879
-7.479842827751918
10.17426835916724
-21.04873645751205
-2.099564400797956
-22.47446057607486
-7.053006970654238
-3.85970949487717
18.9491720576291
-18.68178154494939
-29.85285660568818
-1.425724119226918
-16.1845618799934
-4.184949616906555
-13.39706880814272
-27.94081977840193
10.030557480632
-8.981799300789152
-2.923088737897892
-7.871644188738537
8.550990771806639
3.772912484933425
8.550430652026145
-22.02455460930489
-19.18486965842072
-2.699202295533754
-10.74831497860324
-21.57898851286784
-7.629318190162577
1.110155111568495
12.75471178911226
1.435610063842816
-7.996614577077908
0.8516677274561956
6.597005460435819
-6.220972485949003
-1.476598045387682
9.967518291832661
2.980668939786649
11.44411633302012
8.463447352687792
9.746309194837352
6.523109918195614
22.80888155342006
-14.82207205127624
-18.75685421828394
27.63794670753023
2.357982569902117
-0.633988990140365
-39.06963822525744
-5.989094309141069
-25.27996413751558
-28.27193569823307
30.94409421620083
8.661252833483005
23.06108202643629
-22.28284138819394
-7.883012187285017
-11.17107506010947
-43.07133026689733
-4.901664184697268
28.42713248715555
-31.90025520741713
-41.4276208012861
-9.744156172363695
23.58464049475248
24.46234311928546
42.17632199377497
19.39347822972548
-13.26580911165829
33.32879667352623
15.42145360467335
0.8777026273350356
-14.54375097445066
-22.78284377119436
8.739473302511721
-9.156302811696602
-1.712713111055823
4.520360166850828
8.497932774903864
-2.713920911237563
-32.65928734205205
-23.64504873498709
20.49177107016289
9.014238606530554
44.13681979792263
7.443589693634979
-0.2328970955345352
6.442381911391139
4.636231468527933
12.16629978105124
8.023468641832343
-4.948555450361852
11.47407950773412
-10.09775384712255
0.4455660975112078
8.436554679914179
3.450610865876584
-2.394118855521339
7.530068305671441
-8.049112683048353
-4.64398439563611
1.832971326926199
10.54331995423962
-4.985943814164772
3.405128287666435
-7.60583873234433
0.7852333727797298
7.262189105643983
7.745716918587584
-2.299583422204039
-7.606398855524396
8.391072101925747
-0.0005601218618478793
6.476955722816342
0.4835278140653873
6.558389941844852
-10.10795467279626
10.31054265302182
-9.487939350459063
-5.009249582608737
2.166686227174274
-4.254035240988443
-8.138957546649122
-0.3799167709421612
5.488470379146031
-8.496760077789874
9.247992762135087
6.074862134561147
9.742505621686933
-10.04530033904905
-4.242724841752012
11.64564870161843
3.667643495133112
-9.829916855884441
-1.874418814844412
8.864860471783825
2.704482450669018
8.507057944996363
-7.379851161072463
1.577054905640991
7.955498044897237
2.450065692021866
-8.566626673906704
-2.188183528792181
8.551095765043872
10.93553232249069
4.384126515688003
-3.34785647766015
6.378443140984646
5.218770198885549
10.73927929146207
7.759040773820375
2.384436554664698
-0.357802527556615
-5.653766870784304
2.286065848005051
8.795495792688673
5.9878396643811
-2.537696556391232
-7.499134049654491
-4.934189647355722
-10.30879386661991
-2.076051212458014
3.66654106495258
4.693719884041046
6.771934568383245
-5.374604219026377
9.627909531391582
8.232742654874246
-6.551405811053506
0.1155806209029863
-8.117162035461412
-1.476709003404258
5.742592278122734
3.897225100219767
1.546418416120493
8.213404852483222
-6.185564580809569
-8.163469875459089
-1.408799004046178
6.997460455355197
6.666986436207023
-7.73198299458294
6.640453034114298
-1.215944400217819
-1.977905295195733
6.754670872231863
-7.950770657725997
-5.210676052521962
11.15065709323605
2.167216212132604
5.600047131831783
-8.968029715838394
-3.001473174531367
-2.678825045966708
5.404786287828257
8.070357933764988
5.966556539179439
6.289204677915155
-7.856397436388909
-5.190825795508098
4.927161080707154
5.37393410740347
8.406259460185058
10.74918298094859
6.233073270517994
2.665571642444069
2.740094607278061
-4.516109714227873
10.11798687303729
-7.256204323997144
10.81072318711659
6.153592904276857
-3.278631726369345
3.977572602527151
-7.978005231196788
0.6200153223366998
8.598020596228613
3.759522382624034
5.802575495812277
-10.08433360793488
-5.306815435386477
4.777518170482446
7.939832720773549
-1.845367177903414
3.10539350436653
-3.939958973040094
4.132922240923215
11.28334107954798
-1.5354248383223
-10.85261287510722
5.640511057201924
-8.77439819024856
6.509429946841534
8.072881210382171
-4.834439214897222
-8.386959133951475
-6.823507878612262
0.3269109553099625
-0.2531645796607211
5.63889761626144
12.32206208515689
1.5634512599591
-2.807656124472677
8.13379455914054
7.150418839218851
-2.501026423501501
-8.143856425847117
-5.642830017893853
11.99515109027558
-4.588250336792472
-11.93207070390561
-8.078586756451232
1.885150085095108
8.702466396389484
12.23056674838638
-1.943096306964212
8.998354377988971
-10.46863252879248
-6.893402161506764
-0.4829044322565159
8.207430139001881
10.94145068284736
-8.525536219722653
-0.7909242416618874
5.892062208573761
11.54313763084132
6.547319117970337
3.575230366340772
-5.408210518692115
-4.961437491575222
-8.983440884424452
-5.550609961678335
6.41049772855524
4.63957375564797
0.4467730262801883
-5.572896385706284
-7.343820360367771
3.11743818490838
11.66240376952787
13.29071673347102
10.19018371505597
-4.657130284259933
5.329897542603101
-1.77092397277616
8.690334568729067
-4.860286172706537
3.853483947842664
9.987027828283113
-9.432224634941468
5.161395389676815
-1.348599748128195
1.214729373388743
-6.174232197764804
12.18248619678356
7.365170368257878
-4.825632445470864
8.713770116694088
3.315908476062812
-6.192320365807792
-7.55185728441721
7.21101449699345
2.79355937815986
-30.13055564185922
-5.216676071591785
37.02719547229848
-25.38244564518724
-6.987398907598009
-11.21185369508638
1.775642097301441
-7.306942138660384
8.528739112982896
1.45609888214739
-6.835428656741111
-0.6176847452927522
6.870153063153767
-4.224454793485732
8.763041011071836
0.4715134883114444
-6.601647433843959
-10.02894903717597
6.675279015037684
-2.807533126245906
4.29808638810967
1.282861864119655
7.221415916671841
-2.377192634361008
9.379521897810667
-1.013454625654216
-9.696422660142673
7.029925763286456
5.938554032782356
12.0278386983449
-13.13429931748226
4.717658474444707
-7.388961575319137
10.96775683058806
-6.263106179140398
8.193906763284611
6.08928468458404
7.105619517640204
8.544965582444732
7.338243365307377
5.651075413354039
11.03031235613399
6.683164481280517
-4.995818522042268
5.660067861065187
11.5348749913059
5.3792369500477
-11.53053791535513
-6.397928565716311
25.97985970246633
6.350650795513872
-9.980017225414024
5.745337737571517
-7.072640221099711
6.871193146383739
-1.658586059907171
-10.98076465539482
3.476248283826603
11.88776776161737
-5.46777342459055
5.667729183665664
-10.10674161138395
-0.6291467379639908
7.806282989531833
9.803519627095891
12.36816803119308
4.924406562384783
9.477594879705173
-2.745927427937546
6.217743917840201
-2.843007711290816
-8.089495753166281
-7.073160927032839
7.487837823780469
-9.060751637663246
-4.507563307391343
3.92786647885138
-2.773850064505121
6.505957930309903
-4.817315832214708
5.146421012325355
-8.52977922527675
-3.873967669996472
5.512991245767811
-9.508228841005284
-3.06511207556078
3.895106019661259
10.95292802385068
5.723974072603061
8.411519484223682
9.279807991424851
-30.79262535295941
-13.17903658068484
36.78894473223344
-11.84719283555129
0.8682885044952647
7.31140526740029
-6.220038573768937
2.507738032735647
10.63228767509227
-0.09987422771027253
9.7185626966781
1.122066442597832
-7.022411457441236
-6.78783298213347
4.655811574265908
-3.559971359701488
9.386958934006955
-8.215782959147013
-3.6538979076357
2.699000212465438
6.443116764849503
-1.359536919215945
-10.73216191008241
0.403340681014994
9.131117269512064
6.710840716594599
-0.9137249689165897
11.13550259956096
-6.687958739716379
4.553188343836247
-7.670334006214224
-5.246488041570354
8.435429773890858
2.423845972530016
4.561885060734832
-4.803667232719802
4.651284663063451
8.789086148127646
8.727776596960805
-2.420276544383694
9.71110188223121
9.454951892975423
-13.99981801677534
-9.329892151947446
-1.67275663428515
-8.089548672725389
0.3474747676379571
7.155189726311642
9.181446706698333
-16.34660344191047
33.35117702422959
2.850891048483853
-13.1750310579666
-20.65938158130126
-7.624565675766142
12.13137842419666
1.589730206779514
10.02675364974943
-10.88026792702224
-4.312778139391325
-8.596496243299898
3.304026520242517
9.214295876895141
11.47759527158818
5.049566418867048
16.06180375068612
-2.349596134523725
11.90052275276173
-8.144477894698014
-0.101097493368369
4.584208479098579
11.23004158634056
8.210438306836902
4.602457612815732
9.272383463278663
11.01223735680995
-7.399162583979826
4.669925857645577
5.910269347306865
-12.00162022738421
-8.286799147578273
0.5411472176533076
15.89473071424694
14.61229905747327
-2.999720545136774
7.678748701579441
1.739853905646253
7.657135524799682
-4.317633368955085
-3.982853759194367
-9.211807710898455
7.316989130124777
7.753212132773039
8.610758904689177
5.917281597874423
3.626229833717494
11.20436020226025
-3.019603285483229
9.425163525197798
10.81797893653662
8.827946363288925
5.287078607429589
-0.2561499906146652
11.9768070277791
-2.104624772028494
8.775825836438644
6.729347165751408
9.963736845771173
10.34541666331387
-10.91974047197525
-1.470576283647917
6.365830179972343
12.91237153171409
-9.291427515637393
2.162059837397206
-5.763327168709837
-1.206722210945901
9.449164182895988
1.628312961768807
10.65588638873765
5.874807135097484
7.83640646264433
1.961599324708996
10.14959747681411
6.567508816522857
-6.155638034346143
-11.22081545298433
-3.032817297977952
9.715762070870378
4.911089612515274
14.59685121606351
6.546541350414084
8.187998153723179
16.1319050666124
-10.75031169496179
9.585363716930873
1.267620427833761
24.41496050176605
3.528100352286327
1.550520689962692
-11.17262615325262
-15.51977399835309
-8.682968062039619
-6.118319694187607
8.043380395988216
0.2345784574900362
2.564648395402893
6.352898129324484
9.031975827160657
4.137801485406051
-3.200981190696515
-5.247459862404016
8.70396452317272
8.869864311093011
12.44476682104175
7.578130370662286
8.437023441666833
8.833971939006471
-8.746952404601871
-5.239020514839829
-1.689130400562674
9.610712488898107
11.61553666943974
6.77891160925385
-19.30181747057338
-4.472220686321958
11.92806961104854
30.045943516714
9.880173927913598
-9.616055866791092
12.74857936503944
-3.582088659797094
-19.62920891293417
4.748110004176511
-14.74811977428449
4.881089143597214
-12.72314684991966
-7.849969391897575
-5.823712413009725
8.127711969845453
6.221182449746245
-4.894174341862081
12.07084550114538
3.50793188954177
-4.41745511957051
7.057822003982419
-7.925387007474268
12.01793212344146
14.82959678445883
9.685761603859405
2.026256979386985
14.07115184052651
13.95142438373838
-23.05504820324776
-11.32169386656976
17.90630937917405
-6.312022693064499
20.81187143689369
-1.28243165815496
17.44276303785633
-8.215982011285622
1.416840926809976
11.73335433661837
-1.906529518982182
0.1658997871679023
16.74302551040351
-13.63988385496175
29.22800324544237
5.085310842983009
18.72519469715605
-6.357593581104641
-30.50028598026567
11.25599519116501
-24.14269240202557
17.61358877227494
2.90556205751246
18.94543251816674
-16.02592210899389
4.478689792040061
-4.838498256299306
-9.317188051353519
7.175935852653761
2.078214684600474
1.016334826438136
-4.347147867270934
-4.866636446918704
5.811832800942692
1.392815412610199
7.960305204420927
10.67846924649994
9.632822935684718
2.148472403967478
-7.484350527526003
6.567489789575391
-5.228953951475956
11.29984288939009
-20.33361215155633
-18.32878797110797
-4.284569862847502
18.75619484532552
7.718595661407775
32.58642905190477
2.004824181017013
16.04904228858323
1.293769774574308
-4.836625059611336
18.31071501518401
26.04738363281148
-23.79625234502853
-8.183433060015162
14.85733164878768
-7.219126621788453
17.25463509404435
-22.93870557320368
36.74018622632452
16.57712572304156
0.8575467716634444
23.1473400742207
30.64731684014837
16.40029029775719
7.736668618989023
23.04076470831562
-14.75527251366361
-40.07743484299327
-38.172108773013
44.05476126354292
-14.43222218490567
11.83741313073666
13.83023420687524
29.26659782284941
21.8828545776751
-48.63613756691116
-29.86213558981338
1.905326075302693
24.4737617156338
27.12389413018443
2.65013241458312
19.48555113261762
37.46400485384432
-14.24702654228356
-22.9106482213124
1.957185168278255
15.29656566417556
25.51758175726787
-43.38692296534421
-43.18153175579908
47.50900410576455
-0.236174194685129
-41.53360533174273
18.11787390548514
29.54359220613144
-24.15966614600233
-31.54340939240717
35.35898567259273
-13.56495567126531
18.20250599755698
41.94239259474275
16.03987046141231
34.8138724393743
18.77400197813049
24.86783339060305
42.24387154383028
11.42571830056591
-20.16576958109967
15.43636361615692
25.23260668728027
23.56039659000205
-18.71953585715385
31.00287288933828
43.15074877753749
1.853317632960401
-20.39174595487776
-7.383743245926904
9.796243070941122
59.51865181811655
17.97845372129525
49.72240874750155
-1.672210097460748
6.583406922282381
12.14787588920907
44.05941333613906
32.85304224612412
31.76746166869334
23.73988659264671
-21.0109770502794
-32.21734813920283
28.64691371528244
26.26963531760353
-30.81815324942411
1.647926428866415
32.46607967988817
10.22101609279842
-47.74517830438928
-15.83364086247262
31.13407958553913
31.91153744585553
-19.49622978658306
-22.24506358810103
-11.20637108946907
46.96772044801145
49.65789076487771
2.690170316181707
