12.36005577644357
-5.265450133582663
2.263661476465948
-4.000735746940584
-1.310646206971195
11.5714713922038
-10.12539456154742
0.6918059355091153
50.64588419836499
37.3801779902724
46.39422352098813
-11.87420114164492
-14.37476649310717
13.13829122179451
-2.38040696960855
24.33461695346766
21.01688024292863
25.3347253248457
-30.09425106967408
-7.033560725340962
-11.68576447137669
-1.941004220059735
10.4059057070693
7.661204350084938
10.08481414214954
-10.19532757148155
-8.362662796694721
-1.804925738980268
9.838681922060568
15.65550409998863
3.108362571411511
-6.500636477191066
8.786495945263928
11.23271584141566
-10.55000762798675
-11.11552721093607
-3.035509622933761
-2.307131756417765
7.995975717735156
10.44565673343833
10.28402557627897
-6.869008168149611
2.626013390431439
-4.422788258573418
7.741931093586093
-10.304179304328
-16.69995902648993
-4.836943737486019
8.597706215847637
3.052645238894688
9.212331167862057
15.39620277388426
7.395888078638658
-3.317736710578199
5.787203717022405
-8.000314713530452
-9.608999056861901
5.678133382111843
5.356509827382112
-10.71362479491474
-6.395779718639964
13.3568245405176
-1.133586743621083
10.72942854496238
11.40088730024251
2.660422787148222
-19.62992112971408
-25.61900505052141
4.317845081972514
11.86301528876379
-24.48541830766638
-32.36828605052359
-7.658012187054029
2.371150620423233
10.3932439078445
-2.542094465977879
7.999647393126558
13.43464995408383
0.6714587556377238
7.19633380931382
-7.38287806258729
-7.704501623198173
2.112143522090858
-1.544815694974403
12.14130632172119
7.193436324062966
-0.3216235543349685
9.49502158406449
-0.5655195822831819
-6.238316145519788
8.242875871998335
0.6146249548637339
-7.255044734420382
0.8874096139112112
-8.328550070585788
3.247381927126574
8.465378251667811
6.487777479166668
6.159685928568478
12.19767161650827
7.035335666811475
6.524875054224021
-8.740464512688998
-1.473692855720709
-5.162335950074697
-5.672796562760517
8.080017590197091
0.9590556246818002
13.24235353896333
-9.27379762226078
7.892262205908121
-8.509028521420102
35.72575565210064
20.90390284030217
16.96959383020089
-22.1668405605733
-44.9493392514685
-24.45783554297109
-3.289952285859292
-1.184081708175365
-8.640043621157735
7.741533061045732
9.318344947837804
-10.23285324573566
6.933206580268081
-8.287798408276462
-1.453826908440533
5.433291529232361
-5.35009133336168
11.03148534323893
14.82739075627751
5.611431070490525
-9.158059000170981
-2.270940563750486
-5.433070777550967
4.981899978219091
-11.01643791377976
-10.21898315688534
0.7647691008081222
1.945054835971201
4.514435359305267
0.7974547559053907
11.78120701516957
-24.29941914925448
-17.7759085554659
44.39747202626388
35.10236416918905
43.76347938945407
-38.80854194201907
5.327904397160272
26.83663987753005
10.65266011878303
22.6518327007246
-29.74993815599139
-5.287905839466413
-7.45596191491888
-1.073505334380723
-8.955876966704773
10.50242665912267
7.266771656217803
-22.29034391558605
-1.499915051000697
-9.215959686281405
-9.845490774986066
-2.985447115907997
5.600367870064642
6.388383380989469
12.35407185493623
-7.882371633378439
4.60290710350525
11.4368785988564
5.403527588087662
-7.750398930940638
-9.849516370088404
12.16403799069316
-25.09687390389013
-2.2883854836338
6.833971498347533
-14.45242347452083
-6.03335101045124
6.887118437046845
3.724988221601814
-10.25001606025359
0.5569706639181992
10.72991157546235
9.25354814129882
12.23380302754612
9.758339230831002
1.663146316269128
-13.15392651683594
-6.810079240812333
-20.20654440878855
10.41497075468881
5.095247094286864
-8.095192913521826
-5.319723658717024
6.860043660814083
0.1889040905000202
7.226685184354209
11.40789520119498
-6.844187618981985
-9.81098806611681
0.3619528486118463
-8.458998843932033
-4.277788819059509
-3.31701262871427
4.902570328405773
6.056817877578848
12.34517238874298
7.037781099000187
12.17976731829754
-13.19044000676848
-7.033091713653548
4.181210023242
5.141986216968894
32.09460505410789
36.9370514534586
-41.98100765227427
27.19301298083961
0.1947729945856823
10.80698672458378
3.328020522009951
-12.85595923230242
-11.04594234677951
9.180359147092579
8.947419996729622
-1.079941923777672
9.373830499589877
6.157348291056104
-4.288418366769624
-8.47322555512611
-2.966800451306632
-10.44576665578832
-7.478966202985554
10.17294091184869
-21.04788399668028
-2.099117438220402
-22.47357708587193
-7.052617892469039
-3.859721859339689
18.94876655929333
-18.68157466915301
-29.85248600424154
-1.425693089778273
-16.18397975431208
-4.18480718258098
-13.39646516602122
-27.93973854173992
10.02916280196859
-8.980466839538202
-2.92259573983939
-7.870465738271994
8.549544795062207
3.772321644163009
8.549019866603393
-22.02150507388974
-19.1825610124935
-2.699459683404223
-10.74743092618806
-21.57615752472642
-7.628250918314027
1.110001100848687
12.75278848681513
1.435287776319591
-7.995216237545509
0.8515480540614565
6.595653990812595
-6.219758875804465
-1.47636343051558
9.966000417197714
2.980254892156062
11.44236384406522
8.462108916768678
9.744760251316428
6.523510595086461
22.80848841946547
-14.82185281097034
-18.75616182284717
27.63753415527393
2.357861736335309
-0.633992636427078
-39.06956762951963
-5.98908392045387
-25.27967241888073
-28.27152679217652
30.94355808773806
8.661115221567455
23.06069034467018
-22.28244287092588
-7.882867740917568
-11.17091133456746
-43.07074340029782
-4.901592074711847
28.42679291503789
-31.89983206625136
-41.42742937117283
-9.74403847513628
23.58434651048351
24.46203231895836
42.17578064685917
19.39328196957342
-13.26570620693735
33.32838499119289
15.42095919276801
0.8776858109077345
-14.54327337935806
-22.78249868347672
8.738252019873833
-9.155124348169606
-1.712522283468469
4.519731570420719
8.496845258724289
-2.713567721624101
-32.65898817708946
-23.64494264475603
20.49150370110424
9.01404553187162
44.13644633959541
7.442602058577211
-0.2329391494794986
6.441556636144025
4.635607713537011
12.16471933544416
8.022093289642871
-4.947869998045491
11.47214053316957
-10.09639429997721
0.4453475501014078
8.435130086388835
3.450047243501716
-2.393596513170987
7.529111615978018
-8.047971242764275
-4.643383306778953
1.832664774786435
10.54174185839866
-4.985082843020987
3.404587936201543
-7.604531820986294
0.7851389611076854
7.261187051590011
7.744697516658166
-2.299105230457808
-7.605056752393121
8.389670779294983
-0.0005249302505211412
6.476048081781428
0.483510466043992
6.557737067292137
-10.10685216768579
10.30848053682563
-9.486556810916293
-5.00842794073391
2.165975164052633
-4.253445721031851
-8.137704698715213
-0.3798281414265076
5.487601669675021
-8.49550007819103
9.246698556662654
6.074226607112832
9.741047392040857
-10.04380274558612
-4.242054361514484
11.64360766903192
3.66682079183291
-9.82834948826061
-1.874095481163687
8.863525046342637
2.703981289074118
8.505729670573043
-7.378668465310739
1.57681188535659
7.954254010390259
2.449681020539443
-8.565317753191735
-2.187875623154979
8.549744910614345
10.93388221429504
4.383493494877277
-3.347321433959845
6.377442126469222
5.217996321550523
10.73762053166589
7.757876555618815
2.38413730127258
-0.3577953763604391
-5.652837064076548
2.285765763668922
8.794080954735891
5.986831889572588
-2.537329203870362
-7.497913092898027
-4.933489533512788
-10.30722878810874
-2.075693491854109
3.666008719128075
4.693037163325197
6.770974856699714
-5.373739254355277
9.626526696714386
8.231535296990762
-6.55038872317312
0.1156194098746971
-8.115915888477241
-1.476431417705485
5.741702211718117
3.896626183819974
1.546150995811383
8.21215913276226
-6.184663936272704
-8.162264711620793
-1.408560730035374
6.996473818239493
6.666008136802899
-7.73081492995779
6.639484472700436
-1.215685317400901
-1.977600775771921
6.75370398227686
-7.949456684407965
-5.209704863782122
11.14868353841906
2.166839849483236
5.599038360612838
-8.966761667760965
-3.001073191491338
-2.678407165143946
5.403961359337097
8.069200019467754
5.965688474471882
6.288354509744523
-7.855169792029681
-5.189931136289249
4.926365403364015
5.373057604866693
8.405034548960369
10.74760718567746
6.232253847469948
2.665238657162161
2.739751822314673
-4.515353341559649
10.11629653677257
-7.255105165838471
10.80874322671386
6.152512518590316
-3.277991486565139
3.97711368347514
-7.97678689865195
0.6202953567690219
8.597082292487373
3.759096886600209
5.801748382785362
-10.08264975101429
-5.305951523697702
4.776698225554375
7.938602829459394
-1.845076027990002
3.104966138517994
-3.939394948676934
4.132148537953618
11.28148820942435
-1.534855010234868
-10.85096933446221
5.639548168932326
-8.773031640428306
6.508315192996533
8.071543483517376
-4.833636689704303
-8.385677357566767
-6.82244907413168
0.3268905933378217
-0.2530746020365308
5.638515445235991
12.32125018540188
1.563228287407293
-2.807249061821212
8.132602759776223
7.14933967202126
-2.500565349665874
-8.142505372772563
-5.641940036637969
11.99435955778158
-4.587639299215748
-11.93049252145078
-8.077602600404806
1.884894256543643
8.701568158276851
12.22932397541153
-1.942752267955945
8.997099554956208
-10.46691336251304
-6.892345758642819
-0.4828677882735455
8.206295741856662
10.93985182099039
-8.524161092635497
-0.7908038152126194
5.89159005820662
11.54208512290904
6.546670251437319
3.574567603239935
-5.407276089403113
-4.960583887559006
-8.981843692015815
-5.549645177955731
6.409477969837952
4.638724063477873
0.4466922011394423
-5.572099308634291
-7.342853216543509
3.117064221009907
11.66110287887791
13.28920745777132
10.18836923936872
-4.656230709287457
5.328870424889059
-1.770753906296583
8.68916352803131
-4.859498814629776
3.852889921399195
9.985101135340251
-9.430504008773701
5.160366208459507
-1.348299817368782
1.21437414688791
-6.173034753770784
12.18066695806674
7.364088914734773
-4.824734932852813
8.712388732542953
3.315645119681307
-6.191749782147332
-7.551141975021587
7.210417636597128
2.79328774311021
-30.13028980854124
-5.216639210944127
37.02711297977235
-25.38221038202075
-6.986371820933289
-11.21041298820143
1.775457366859041
-7.306106937895276
8.527029208131722
1.455722263385864
-6.834523938297804
-0.6173738605152048
6.868966927577106
-4.224041172541311
8.761829192910167
0.4715830050895374
-6.601053186779082
-10.027361924842
6.674495792712175
-2.8071640779081
4.297483790279434
1.282651353597987
7.22019785199743
-2.377012008964739
9.377320043146307
-1.01324903768685
-9.692105048828248
7.02786841691605
5.937546481249238
12.02581839759462
-13.1315148488833
4.716695773276056
-7.387408904207703
10.96629281743617
-6.261929567817939
8.192697594210369
6.088271932909918
7.104647871064056
8.544038656053907
7.337474071480075
5.650495057042327
11.02943629609355
6.68273475090322
-4.995414879278139
5.659520899783692
11.53399228499598
5.378941245398352
-11.52926263674664
-6.397732335950598
25.97945018207642
6.350584379065753
-9.978923302701723
5.744105940713522
-7.071306936375046
6.869585288040379
-1.658062289272571
-10.9786253426546
3.47600181650043
11.88669414549586
-5.467262116933875
5.667201598729419
-10.10759369997279
-0.6290203251160348
7.804766165148098
9.803046366731973
12.36613022769375
4.925045602961399
9.478573380321848
-2.74470136472177
6.217150083274347
-2.842874923554083
-8.089012128032984
-7.072636196009781
7.486340801391993
-9.060025014113853
-4.506497225267481
3.927289316092711
-2.773595220744323
6.505311005182913
-4.816578046735014
5.145918812820509
-8.527647593796225
-3.872908818128254
5.511363238770599
-9.50739490092846
-3.064839563597468
3.894772515707005
10.95204563812366
5.723527664336572
8.410692334656737
9.27890622285304
-30.79196515274752
-13.17861822184274
36.78928821522447
-11.84716549053295
0.8682138857767423
7.310769220870535
-6.219492543078055
2.507509219705857
10.63161386627408
-0.09950421874733341
9.717842732267989
1.121761094376432
-7.020430399004489
-6.785906937325187
4.654738792151036
-3.559051498127911
9.384272072837193
-8.213790312169225
-3.652426241142485
2.697869382926236
6.442555336798718
-1.359392193375837
-10.73111809136605
0.4033456092823292
9.130347356253447
6.710269506654956
-0.9137711258088885
11.13446370807394
-6.6864027058123
4.553527800492475
-7.669746981590212
-5.246137204147821
8.433786530561516
2.423609784327482
4.561364079126109
-4.8032599994594
4.65092496464539
8.78836722785349
8.72700175439682
-2.420077842128837
9.710339076628438
9.454184961630848
-13.99885193226485
-9.329243581266951
-1.672639174984434
-8.088963869241459
0.3474214326404905
7.154605401057951
9.18066290633606
-16.34502216045139
33.35108766523414
2.851031337648268
-13.17418217441777
-20.65764803136145
-7.624040623941076
12.13041691658618
1.589597994410462
10.02598329859676
-10.87966545662604
-4.312625870910573
-8.596081628563606
3.30375053933441
9.213638613334627
11.47689758673989
5.049272428501567
16.06079911216277
-2.349451626229777
11.89983215856974
-8.142191488786121
-0.1010740234968509
4.58390152542349
11.22926575239869
8.209874025107029
4.602182058122035
9.27179039672945
11.01152670530522
-7.398724081241028
4.669608344802821
5.909888065880253
-12.00090616587235
-8.286160395371818
0.541084184716672
15.89331451593638
14.61099197168134
-2.999467629261081
7.678141756391251
1.739736319059356
7.656604412534801
-4.317279168316356
-3.982553563363674
-9.21107153751729
7.316456887226283
7.752592575296586
8.610100067249784
5.916868075112326
3.625972504864206
11.2035608430158
-3.019391732472716
9.424459423684207
10.81720049698779
8.827244578373429
5.286692770514362
-0.2561541162227119
11.97580775140877
-2.104433615817868
8.775080516128863
6.728807856718067
9.962496860568676
10.34442971888233
-10.91875059030944
-1.470379376576702
6.365364885048971
12.91135789654729
-9.290646017967122
2.161883492512758
-5.762890205268526
-1.206564579309402
9.448371208994919
1.628104577079735
10.65493578387473
5.874471389446929
7.835744260794637
1.961272868841609
10.14847594881399
6.56728498154078
-6.155051033628214
-11.22005723787477
-3.032854155341254
9.715462566276807
4.910898790893912
14.5964420024005
6.545993010357029
8.187203081434278
16.13095602975913
-10.74947440458731
9.584963020020762
1.267548260089962
24.41403497726258
3.527755817413722
1.550339334065914
-11.17199667445992
-15.5186981938376
-8.678856035015638
-6.115772205444298
8.041117460694094
0.2345234461943496
2.563083853445262
6.350295632167917
9.031234632388907
4.137442263487817
-3.200727234690773
-5.246999895042316
8.703220397115935
8.869144508935413
12.44385116513821
7.57758834000285
8.436385303034315
8.833241473586998
-8.746265935164045
-5.238622129057916
-1.688992812661579
9.610017638136842
11.61475033688463
6.778400536785197
-19.30145383956143
-4.472381882862269
11.92792448653654
30.04562638130535
9.88005519703739
-9.615910627847317
12.74831671831739
-3.581190966844097
-19.62886580819442
4.748079433031174
-14.74788637773815
4.880979434751048
-12.72233601433711
-7.849272693346208
-5.823215189417736
8.127005100379444
6.220635095240278
-4.893792369069097
12.06987174303682
3.507643806054506
-4.417129894237562
7.057273122309748
-7.924773698892749
12.01702266521577
14.82907195688661
9.685543211775597
2.026057504401728
14.06990778759805
13.9502202905641
-23.05470096605074
-11.32185930087725
17.90578802139863
-6.31197006559044
20.81065893637933
-1.282322545470187
17.44194072373567
-8.215172758329404
1.416727207708683
11.73284166516706
-1.906370004151018
0.1659241111209092
16.74273090075209
-13.63921166877372
29.22764732200956
5.085051602086724
18.7242632701909
-6.357460614404883
-30.50005633149544
11.255886316496
-24.14259571957539
17.61334693090511
2.904870914808468
18.94479966287253
-16.02521351428268
4.478128891221009
-4.837985442953141
-9.316114336827649
7.174403141977014
2.077937693704262
1.01637593235388
-4.346701538603659
-4.866262822153621
5.811346564451127
1.392741074411984
7.959780663766138
10.67760938543859
9.631899963959174
2.148434099744275
-7.483465860579346
6.567039587407542
-5.22851797397046
11.29901045069434
-20.33320919273073
-18.32847649407146
-4.284642226161909
18.75540507548554
7.718266352637162
32.58592127434018
2.004732699231045
16.04856696644169
1.293643180039652
-4.836349799553599
18.31013691844021
26.04674284700699
-23.79548229943018
-8.18305102196304
14.85699628030949
-7.218675509861527
17.25398116021001
-22.93797480753014
36.73970563271223
16.57680678940538
0.8575074917346835
23.14648671744791
30.64721994947732
16.4003063697844
7.736605929931626
23.04004730178814
-14.75492378603884
-40.07812083250729
-38.17268759968339
44.05390814160211
-14.43245384932895
11.83718782049822
13.83051619914856
29.26677683188089
21.88270935254202
-48.63645370500176
-29.86197920478983
1.905433237447374
24.47265666990785
27.12262900216972
2.649972332289723
19.48572447284299
37.46437558182783
-14.24691357958773
-22.910614019697
1.957040901103932
15.29644267406288
25.51745069184138
-43.38719309069299
-43.18178625514999
47.50845573343832
-0.2361733920332379
-41.53383809370391
18.11770189463031
29.54335625332829
-24.15942639682916
-31.54349387738225
35.35953957036418
-13.56484276846767
18.20256967700022
41.94280343524664
16.03992874872151
34.81440324966145
18.77447450111422
24.86765492181108
42.24375219066562
11.42565435861776
-20.16557117758697
15.43626063291699
25.23249057055658
23.56040979174762
-18.71960221192138
31.00313381680492
43.15101970464126
1.853354996431233
-20.3916829911479
-7.384067480088449
9.79622993745547
59.5189659667282
17.97865110905849
49.7227360296005
-1.672080778992544
6.583263865030009
12.14788588871117
44.05921146457747
32.85290554198536
31.76741244534986
23.74023375430059
-21.01041440501777
-32.21672032665814
28.64599785869339
26.2696416715335
-30.81809783740281
1.647948165616642
32.46604600441436
10.22100801748757
-47.74462912889984
-15.83330355739299
31.13301916516356
31.91132557493441
-19.49596581782724
-22.24503798781284
-11.20630592211617
46.96632272255613
49.65641226311864
2.690089539969351
