12.36523983969939
-5.267399206743089
2.264641592695678
-4.000870349878754
-1.310511604033031
11.57353395970404
-10.12773146971022
0.6919634241926461
50.64774139333213
37.3816267443225
46.39631145548431
-11.87630246265041
-14.37837287374787
13.14104528869964
-2.381478757127775
24.33575002697429
21.01694011304246
25.33716617866341
-30.09610590504312
-7.034084277984281
-11.6909110393397
-1.941419607207079
10.41470673451309
7.666316803829484
10.09067402836252
-10.19869249431864
-8.365084002599
-1.80533993254555
9.844488087392767
15.66119340629591
3.109778742467462
-6.502601220514467
8.789433403869358
11.23675790054907
-10.55459877555976
-11.12032289617352
-3.036856892854418
-2.308187900331089
7.999660494009292
10.45053094676374
10.28826164708348
-6.871760022095979
2.627143238817068
-4.42443550574724
7.745120949899434
-10.30734870956678
-16.70492074893603
-4.838548289720693
8.600730370691764
3.053646604632911
9.215615660682721
15.40191931502348
7.398988169261979
-3.318809913971
5.789539339955873
-8.002931172534774
-9.612379975067578
5.679654673487648
5.358064138010866
-10.71779809157199
-6.39757203421214
13.36099531014031
-1.134106409835211
10.73226604851882
11.403781309526
2.661168477451316
-19.63282422010682
-25.62201774902115
4.320226065698698
11.86637245874529
-24.48791134025547
-32.37125045714735
-7.661118409999808
2.372339277738846
10.39865944167954
-2.543140672643344
8.003457358273591
13.43927866175006
0.6715152615189984
7.198764823169412
-7.385873902835685
-7.707464447262505
2.113029396127048
-1.545495392628821
12.14648707257346
7.196505714045497
-0.3215905350716043
9.498903298305677
-0.5657241193807575
-6.240513839917823
8.246410875417242
0.6148852943042254
-7.258356467501494
0.8878268994237889
-8.33232675500766
3.248877035846797
8.469266660857393
6.490723236307171
6.16196905527835
12.202039282171
7.037611780430603
6.527249562313715
-8.742612831336139
-1.474135091701209
-5.164427502356963
-5.674789720197286
8.083466006887416
0.9593480518005343
13.24789350761464
-9.276755548049291
7.895509046462894
-8.51174687044864
35.72701072188151
20.90478743322371
16.96910913350538
-22.16797274144458
-44.95168131215458
-24.45922892692271
-3.291447921969525
-1.184602027128443
-8.643832386953848
7.745069474033346
9.322631467932048
-10.23610359801653
6.936160993360103
-8.290486886658599
-1.454459259076552
5.435558805469652
-5.352384461971713
11.03651739069072
14.83410576604068
5.613952109745503
-9.161928223587951
-2.27191016059185
-5.4354528353723
4.984133281567708
-11.01898382865892
-10.22135360999057
0.7650086779524593
1.945616709131936
4.515514769679087
0.7976302171956496
11.78399250755416
-24.3013265319913
-17.77847792530821
44.39848123164347
35.10292216251428
43.76449966315907
-38.8094990004554
5.328388193103666
26.8395569123364
10.65387181845065
22.65432896352961
-29.75165332685882
-5.288569799265307
-7.459230362837831
-1.073970284840464
-8.959832552019678
10.50723349950003
7.268477738418246
-22.29399269602515
-1.500602187886091
-9.220153657096919
-9.849972479986754
-2.986774270854377
5.602896343682835
6.391215204759376
12.35958934108807
-7.885862268985447
4.604204376473416
11.44023199773554
5.404719875535976
-7.751314496296222
-9.851754534511878
12.16697031608456
-25.0989567476743
-2.288988596658863
6.836027625355626
-14.45595891269708
-6.03551212153121
6.89001806377127
3.72647538686273
-10.2528776314822
0.5574762754014971
10.73448190544658
9.257400900552065
12.23891297886263
9.761987506637695
1.663571075065001
-13.1560343686962
-6.811518201390005
-20.20975526356139
10.41958611550362
5.097398321149765
-8.098416430140762
-5.32218779182774
6.86319821149259
0.1890550077929951
7.230085818829137
11.41324933860938
-6.84699206625721
-9.814987283841333
0.3620183506242582
-8.462903316657147
-4.279739784558816
-3.318548140090375
4.904766016318086
6.059441348718864
12.35042730807575
7.041030818577172
12.18538600126255
-13.19581474985859
-7.036047080038382
4.183163529570664
5.144355179062515
32.09605476945173
36.93867899393886
-41.98295993412835
27.19422160770372
0.1947535109460433
10.81035390746743
3.328720161789357
-12.85696492560945
-11.05123097942601
9.184505799975968
8.951688327864018
-1.080577036059144
9.377989479289283
6.159767666630258
-4.289861308151269
-8.475089273794879
-2.967995223572558
-10.44962897198952
-7.481633746261671
10.17700563046578
-21.05033471196328
-2.100440036503739
-22.476096883718
-7.053720895710568
-3.860073472363083
18.94989467653901
-18.68229675858464
-29.853755665811
-1.425762172575384
-16.18568508739855
-4.185227957225215
-13.39823705951159
-27.94289876506134
10.03345767969499
-8.984575175258154
-2.924118290394838
-7.874099650249758
8.554008897325602
3.774143663686204
8.553377617426911
-22.03035496662785
-19.18915311740922
-2.698137704351075
-10.74959809292276
-21.58435519725312
-7.63152558264609
1.110475524396266
12.75871884289055
1.43626594326853
-7.999489625416684
0.8519159177867562
6.599772516102799
-6.223456792985081
-1.477080999579684
9.970653934807247
2.981512086962245
11.44773492907201
8.466222790657143
9.749491432132091
6.522848608224156
22.8099681499802
-14.82222328752045
-18.75790158959214
27.63899520991188
2.358245010657059
-0.6339815679160876
-39.07009303913566
-5.989193528379336
-25.28075019903193
-28.27297677856601
30.94536074473507
8.661577502581663
23.06202162755869
-22.28378324908422
-7.883339114032467
-11.17145890637853
-43.07276017385445
-4.901833163886463
28.42799349417137
-31.90130126832372
-41.42833805755192
-9.744457389920868
23.58536926217581
24.46308353114129
42.17771344507358
19.39400489429636
-13.266114647309
33.32982666019598
15.42237598703334
0.8777142725126902
-14.5446617108551
-22.78370855984728
8.742001107963805
-9.15877619135459
-1.713114893844425
4.521671300025933
8.500208742661167
-2.714661784208589
-32.66011954245457
-23.64543482891047
20.49245237441451
9.014684712863215
44.13788719415504
7.445661288723196
-0.2328174705800846
6.444114420769431
4.637515614238775
12.1695564311056
8.026320167025927
-4.949981359191516
11.47812718526891
-10.10059824700332
0.4459997707236816
8.439555024610032
3.451807018217318
-2.395202081192937
7.532040808152942
-8.051460388547376
-4.645205188340886
1.833608491719214
10.54659802992781
-4.987748006506442
3.406255200537271
-7.60857518957217
0.7854280216143429
7.264241714770447
7.747807874951856
-2.3005840377599
-7.609206473781156
8.394003207182735
-0.0006312825645600116
6.478813680390752
0.4835661615976749
6.559744084003815
-10.11023281567762
10.31502333042506
-9.490788429868656
-5.01095949180072
2.168190736039354
-4.255250666113025
-8.141541216429646
-0.3800996781792202
5.490266880901983
-8.499356521536452
9.2506674286051
6.076177931030439
9.745517549015243
-10.04839191053641
-4.244105861580465
11.64982803165186
3.669339628223915
-9.833195483017846
-1.87509442722285
8.867632728429255
2.705531383810879
8.50981742899012
-7.382325019939024
1.57756199157951
7.958101060789633
2.450870459522831
-8.569366211348319
-2.188827134554625
8.553900030208487
10.93895451904043
4.385443055340541
-3.348976594296981
6.380539071529389
5.220389620335826
10.74272716184539
7.761441535921112
2.385054485297604
-0.3578153005717936
-5.655664794930885
2.28668137115981
8.798454601797536
5.989944162835572
-2.538446007802508
-7.501637772445624
-4.935634746222139
-10.31202179665671
-2.076787995015941
3.667636776439322
4.695132357997904
6.773913044285538
-5.376387050210366
9.630767104462892
8.235233802296195
-6.553511468946329
0.1155021281326627
-8.119731675906831
-1.477278992159851
5.744424772110452
3.898451795632991
1.546973786213329
8.215987388706129
-6.187445867678614
-8.165989296105785
-1.409296303277443
6.999512856538567
6.669013602325141
-7.734419651101451
6.64245268605648
-1.21647453567942
-1.978543429221229
6.756692993903781
-7.953471569106018
-5.21266406376287
11.15471824504312
2.167986579200178
5.602121657970581
-8.970681473487378
-3.002307334184765
-2.679695525954607
5.406501829401757
8.072763587988913
5.968374136511082
6.290985957422497
-7.858927224045049
-5.192665471846201
4.928792684037634
5.375730792447766
8.408809160796009
10.75245911546202
6.234786184526465
2.666261754040268
2.740807508183818
-4.517672935630947
10.12145815209538
-7.258480447361991
10.81478572537984
6.155812537315971
-3.279943017960842
3.978537435702302
-7.980488434723947
0.6194443858084075
8.59993287459794
3.76040054739121
5.804286047067658
-10.0878563990648
-5.308622438699632
4.77923395768697
7.942346168627068
-1.845972976283843
3.106276268751106
-3.941110555236828
4.134578878052352
11.28731274024071
-1.53659980739999
-10.8559611424444
5.642550529109268
-8.777180455908864
6.511773233259775
8.075689428759109
-4.836069897822348
-8.389683161578168
-6.825766976538154
0.3269668795352804
-0.2533710151539603
5.639731232067123
12.32386109665204
1.563916190968859
-2.808510434129138
8.136312152488378
7.152733862875523
-2.502070408542849
-8.146832594385266
-5.644762205461542
11.99689416686866
-4.58955201608551
-11.93542025421761
-8.080686430519954
1.88569150518694
8.704403225579826
12.23324642905295
-1.94381660584487
9.001005982154053
-10.47220677740806
-6.895604977055376
-0.4829801235308839
8.209827150043917
10.94482258552781
-8.528390169092292
-0.7911788359148717
5.89310226333429
11.54545260043914
6.5487339471686
3.576601798766658
-5.410129871475784
-4.96319176250433
-8.986731669661642
-5.552596587586813
6.412624852491668
4.64133246866265
0.4469381078778529
-5.574575843279388
-7.345868229264761
3.118231429323874
11.66520113686927
13.29395524197554
10.19392905355442
-4.658973189986834
5.33200971432283
-1.771292383555235
8.692807270172857
-4.86191933968327
3.854733824153572
9.990982906232521
-9.435755560928344
5.163506564153713
-1.349216619740063
1.215453259079591
-6.17669297586315
12.18630126880105
7.367436539437396
-4.82747635072897
8.716653159229098
3.316487664714561
-6.193555270189385
-7.553408222767302
7.212316764160482
2.794146700430468
-30.13148857773283
-5.216821455362406
37.02786746773464
-25.38326431586456
-6.989535375716956
-11.21487053801832
1.776032840725893
-7.308706165893788
8.53223480464939
1.456862071324219
-6.837318753304968
-0.6182893923937928
6.872588374302008
-4.22533516976592
8.765568224736976
0.4713874207977276
-6.602922712595462
-10.03226536998505
6.676931901530912
-2.808309784907574
4.299344375422002
1.283268669337209
7.223955592188391
-2.377587535365111
9.384052801601214
-1.013873141650475
-9.705169644423362
7.034109963221311
5.940686897796115
12.03209368720083
-13.14000285034462
4.719641363113376
-7.39214624033673
10.97084801878977
-6.265527324483013
8.196443278078791
6.091406813385797
7.107654164438433
8.546969704645242
7.339912790460571
5.652350325666143
11.03228837925228
6.684129880291213
-4.996718665191619
5.661254251695587
11.53688260115609
5.379938062710522
-11.53336215810826
-6.398703835024051
25.98126683382706
6.351000279295062
-9.982490967621619
5.747856604162095
-7.075372720844259
6.874475536038287
-1.659646443162228
-10.98516868989583
3.476801908779608
11.89012335861369
-5.468871723233127
5.668881822081659
-10.10524590399379
-0.6294128541693732
7.80935246929915
9.804486608942447
12.37229890146636
4.923233974176436
9.475833057759008
-2.748389942036936
6.219029369119744
-2.843290749267478
-8.090557482317692
-7.074310139763671
7.490877786127684
-9.062320129439954
-4.509721029970918
3.929044367682623
-2.774404737268156
6.507366157568361
-4.818864733636914
5.147513205842095
-8.534122003209818
-3.87613260376353
5.516296985467049
-9.510042934109441
-3.065702383795368
3.895829098054689
10.95484495097522
5.724949661847844
8.41332145782423
9.281770890809101
-30.79482340610746
-13.18013471657239
36.78911359084285
-11.84753512903137
0.8684494297020403
7.312789976868838
-6.221241531351124
2.508238751153006
10.63379986927945
-0.1006152409007025
9.720156451588153
1.122691214460757
-7.026437112742756
-6.79175621164987
4.65798942345542
-3.561833437120592
9.392429612099276
-8.219822892349891
-3.656876447547228
2.701288682687917
6.444340549593306
-1.359852953397241
-10.73441511935181
0.403338404474733
9.132818664541997
6.712105583162743
-0.9136434055651219
11.13775353438555
-6.691140952142424
4.552599116897319
-7.671623936083705
-5.247266732812532
8.438765382161415
2.424357213179999
4.562946456263366
-4.804551223288975
4.652074086423753
8.790652045697046
8.729480270626532
-2.420713070698849
9.712773118870707
9.456625306232196
-14.0019819980904
-9.331346720512174
-1.673022437048579
-8.090848813230762
0.3475828953828028
7.156445229300685
9.183123837019393
-16.34984314163283
33.35189276951363
2.850608891994096
-13.17678825304361
-20.66295500150709
-7.625748976514345
12.13348618665377
1.590020376658004
10.02845208848493
-10.88157053541164
-4.313111859874843
-8.597465223412039
3.304636145503218
9.215769346244281
11.47915820289288
5.050232248274582
16.0640567840842
-2.349942838379372
11.90210135519963
-8.149128320350613
-0.1011451996464885
4.584898581191941
11.23177487307669
8.211702867887757
4.603071366654087
9.273706625883264
11.01382456755487
-7.400175125474899
4.670635268403859
5.911133188922478
-12.0032465309495
-8.288190529198065
0.5412771429747072
15.89773932102943
14.61508729911526
-3.000259568136258
7.680050826854746
1.740117957078699
7.658324292388016
-4.318410974325854
-3.983512675217195
-9.213407964982745
7.31821717912173
7.754566767149353
8.612225514527163
5.918206308146197
3.626804294286333
11.20613727145904
-3.020072012779798
9.426711890690713
10.81969489380294
8.829467669770416
5.287930967229867
-0.2561478142662316
11.97895489956921
-2.105034095252481
8.777427135919021
6.730506844858504
9.966377941149741
10.34755492390606
-10.92189507697811
-1.470979045644988
6.366874438614754
12.91457737594747
-9.293140981601162
2.16243225612573
-5.764297784474467
-1.207056906126009
9.450916024503105
1.62875410220655
10.65797292416459
5.875628355572126
7.837853482991481
1.96222512391192
10.1520793920594
6.568292258724034
-6.156944529631064
-11.22286589486679
-3.033011623131464
9.716692500857372
4.911771130836204
14.59812764781179
6.547702935628869
8.189854270080811
16.13463702706269
-10.75214512065255
9.586934092396364
1.267803555828106
24.41821494629135
3.528843203783699
1.550871190509439
-11.17436558815228
-15.52252404941214
-8.691296537739316
-6.123484291256733
8.047983113850858
0.2346808785784149
2.567812281448723
6.358165141695677
9.033574950433746
4.138577959741287
-3.201527762895637
-5.248448055137055
8.705558416335416
8.871449978738205
12.44678391661491
7.579332979833731
8.438431710220463
8.835540941692223
-8.748447426209308
-5.239887445483448
-1.689431573915575
9.612298280430153
11.61737096042385
6.780061232562295
-19.30286603512991
-4.471585181901665
11.92852654235689
30.0469890773037
9.880546197532528
-9.616509517866914
12.74970411915413
-3.583787132709875
-19.63026656212416
4.748224271378743
-14.74883142348135
4.881435144907869
-12.72523678716871
-7.851459050397124
-5.82478044447826
8.129226023545018
6.222351107975073
-4.894996990677654
12.07297774087906
3.508559980165204
-4.418170064438419
7.059015852511341
-7.926730042483641
12.01994867734335
14.83128085347601
9.686356517371793
2.026678606470221
14.07381015699472
13.95400646914123
-23.05560157544616
-11.32133837941079
17.90797603236806
-6.312225193460343
20.81493350099081
-1.282652023630875
17.44445764258955
-8.217688492457397
1.417060491673972
11.7342631958684
-1.906874914192735
0.1658915615417006
16.74337638206188
-13.64113810923169
29.22931441140652
5.085971559485219
18.72710966768755
-6.357941035589072
-30.50128388327142
11.25674765393902
-24.14334285131321
17.61468868953541
2.906957468344885
18.94728827803811
-16.02739714824096
4.479828968612598
-4.839532381271859
-9.319361353612431
7.179150282174823
2.078780686411642
1.016247342791291
-4.348158489371806
-4.867450932353574
5.812859464171789
1.392983004712569
7.961441685521434
10.68031039476968
9.634748981050299
2.148582221959954
-7.486166753776964
6.568458677990709
-5.229895289446563
11.30172985434249
-20.33466597272806
-18.32959329283729
-4.284899990287974
18.75791950929854
7.720314560281872
32.5883587350711
2.005072680453108
16.04976598231766
1.29400833540276
-4.837309727229064
18.31310166418155
26.0499078534096
-23.79713137385109
-8.183714980517863
14.85910451970799
-7.219646553191137
17.25705468424617
-22.93947262664154
36.74423170512896
16.57748482039019
0.8576587470561098
23.15041139077806
30.64753465166144
16.40011172464746
7.736806190582999
23.0428194997329
-14.75575764660557
-40.0765756784775
-38.17151458652535
44.05691700006216
-14.43193673990842
11.83797606644048
13.83043922607272
29.26766667038456
21.88512718555721
-48.63664871876259
-29.8630691055189
1.905061098685217
24.47670123716689
27.1271586947305
2.650457457605395
19.48717702121354
37.46436788255036
-14.24742292690144
-22.910728461235
1.95731571263936
15.29704852207497
25.51824488024165
-43.38694692936568
-43.1815840552792
47.51060537737288
-0.2361792139802882
-41.53367902161064
18.11846253468201
29.54447144863789
-24.16010717527548
-31.54264666136619
35.35849008704405
-13.56545580014359
18.20267440872655
41.94225226681681
16.04033081065447
34.81391042503736
18.77357961453969
24.8680441748912
42.24468892301884
11.42600891387515
-20.16644287001233
15.43722744449074
25.23343713079404
23.56092916861922
-18.71961283215582
31.00277474257379
43.15076772407418
1.853267906945979
-20.39212079483319
-7.382539485585969
9.796209686124975
59.51859726181417
17.97719086139505
49.7223875760119
-1.672507962355327
6.583762179874423
12.14799298278312
44.06029428722455
32.85367499658502
31.76813020871919
23.73957785235369
-21.01232165245264
-32.21894094171876
28.64905305504607
26.26991280882458
-30.81868001692754
1.647905039769329
32.46658505870359
10.22119635786684
-47.74678459632494
-15.83448329821648
31.13653266169856
31.91230130307941
-19.49705570512998
-22.24538870210091
-11.20661928995275
46.97101595991472
49.66137470662976
2.690358745845687
