12.37645302700432
-5.271626496646945
2.266755684056468
-4.001159380471941
-1.310222573439863
11.5786918191448
-10.13355053505131
0.6923542350266216
50.65116946457633
37.38433640276994
46.40028902205736
-11.88167597117463
-14.3870343723016
13.14975749420061
-2.384106444404363
24.33803762783762
21.01688853644329
25.34211893655949
-30.09969121370342
-7.03510452895059
-11.7018884789538
-1.942223107954893
10.43345291369374
7.67740957211017
10.10351347028827
-10.2056566006199
-8.370079805874179
-1.806193795958903
9.857322384968121
15.67344525736782
3.112817192898616
-6.506786591828917
8.795757782169787
11.24544998251653
-10.56450604818357
-11.13067163465078
-3.039765484605809
-2.310466924748265
8.0076115075776
10.46104174742532
10.29742954872909
-6.877687508113699
2.629581059547105
-4.427995274851681
7.752027260485958
-10.31418158585124
-16.71566235639767
-4.842017665065575
8.607241032487257
3.055797591832121
9.222685277928523
15.41411898997781
7.405562042893725
-3.321149091433392
5.794515185055513
-8.008556991835414
-9.619603804922166
5.682940609465966
5.361422179367263
-10.72671114824937
-6.401480761931388
13.36997917075492
-1.135212966347896
10.73843172318968
11.41006724628476
2.662806093439072
-19.63886594291541
-25.62819867487666
4.325230400240196
11.87364469037523
-24.49298571024181
-32.37722346635475
-7.667848492031587
2.374891970718572
10.41024420432032
-2.545402247113542
8.011644837288394
13.44925870013085
0.671635523934438
7.204005858831042
-7.392327488794865
-7.713845934324342
2.114941142255411
-1.546958251066974
12.15768158641283
7.203136906198502
-0.3215184296510951
9.507268630305223
-0.5661655840371597
-6.245252843877425
8.254039123118092
0.6154442528577244
-7.265496823057929
0.8887183484683527
-8.340476842865526
3.252112318636919
8.477653671378835
6.497079285673083
6.166887684534272
12.21145759552935
7.042516153823071
6.532370335801356
-8.747261151400716
-1.475089621244241
-5.168941442824799
-5.679087259784248
8.090906156518157
0.959974279375599
13.25984759702925
-9.283126783165162
7.902510860533964
-8.517605772173175
35.72861035176882
20.90628622996285
16.96770700760069
-22.17006588451105
-44.95600464952643
-24.46180742478153
-3.29467592606789
-1.185728940991905
-8.652012669753397
7.752701081399302
9.331880186587798
-10.24310105937892
6.942536579123866
-8.296273085467403
-1.455832577007538
5.440445726015978
-5.357336738398589
11.04737699867068
14.84859406619283
5.619398871787211
-9.170274009136602
-2.273995708300033
-5.44059918233912
4.988945849779622
-11.02447079512789
-10.22643467964554
0.7655210121589537
1.946827970120391
4.517820281989158
0.7980361129842432
11.78999180899519
-24.30579113495318
-17.78385175077712
44.3999244631389
35.10355985726265
43.76600190080474
-38.81098631776962
5.329359891858409
26.84565435252458
10.65640924922613
22.65954966373185
-29.75506886404559
-5.289947174583375
-7.466283734048332
-1.074980015277932
-8.968374589586388
10.5176091348325
7.272171527951574
-22.30167203427674
-1.502090853165286
-9.229195195863355
-9.859648208928816
-2.989649301024877
5.608360948219176
6.397343640654169
12.3715090898446
-7.893394577702982
4.606965509879642
11.44740600812873
5.407239503317441
-7.753187442488609
-9.856491122060673
12.17326264487452
-25.10382724590965
-2.29019399099623
6.840440504668401
-14.46345663531506
-6.04016650339696
6.896278301930124
3.729674824732459
-10.25898371095569
0.5585512890455444
10.7443283945724
9.265711961934729
12.24990056910731
9.769841325239812
1.664468827342529
-13.16042694066969
-6.81460127338161
-20.21652055391394
10.42954502992623
5.102032148757877
-8.105372495632446
-5.327512876857099
6.869998911579575
0.1893842063819101
7.237422206263607
11.42478754165038
-6.853038342581138
-9.823615310163781
0.362161802404774
-8.471338858832052
-4.283973502023814
-3.321865097165023
4.909520252304757
6.065127865757971
12.3618296818999
7.048038012505493
12.19751178462678
-13.2074046421253
-7.04242255880169
4.187365352368517
5.149473765748099
32.09864078559249
36.94155311452709
-41.98647443351296
27.19637314685997
0.1947328803478253
10.81753500094935
3.330164529795853
-12.85908056266456
-11.06262572483675
9.193493752297961
8.960926057468974
-1.081958697921922
9.38699294743504
6.1649820777339
-4.292965379734261
-8.479070096570389
-2.970576977421555
-10.45794745307645
-7.487370472101579
10.18577710619412
-21.05565794777949
-2.103303676197253
-22.48155759955865
-7.056093614787379
-3.861278978577555
18.95235427318311
-18.68360309698995
-29.85604729161988
-1.425899653096411
-16.18924509246015
-4.186104702814482
-13.40191927637891
-27.94949684210149
10.04274044933711
-8.993436126357498
-2.927391157041688
-7.881935839745304
8.563586371693223
3.778072533438884
8.562747071211374
-22.04813475720549
-19.20218567880593
-2.693999719406101
-10.75309968542967
-21.60078503999
-7.638594872547269
1.11150028559192
12.7715086655071
1.438345008987274
-8.008736078652108
0.8527221313726727
6.608662974567521
-6.23138079333904
-1.478616423785948
9.980667012505515
2.984188621636468
11.45928342743953
8.475094719790588
9.759665370998334
6.521939386232945
22.8136332533597
-14.82232412001237
-18.7609033459542
27.64179257699476
2.358949842448838
-0.6339225613722135
-39.07056457225793
-5.989332731041631
-25.28284273397293
-28.27571513966264
30.94882444215241
8.662442046823179
23.06458668559767
-22.2863824068706
-7.884237751304596
-11.1724441930895
-43.07635211315998
-4.902267642344065
28.43014764022464
-31.90390792161086
-41.42951442764841
-9.745179973830142
23.58723529889528
24.46512169537311
42.18120731385979
19.39526858218217
-13.26683305894865
33.33241528618013
15.42546398307784
0.8778864023881384
-14.54757757455751
-22.78593874685141
8.750095159511655
-9.166746679982555
-1.714437241690799
4.52586872245245
8.507576881970813
-2.717037633185097
-32.66210164255416
-23.64614901926375
20.49419720667052
9.015952622145669
44.1403462106055
7.452309423849109
-0.2325676918953392
6.449709068949935
4.641640284274773
12.18002249420761
8.035352238517582
-4.954544681459032
11.4909775247584
-10.10969734294748
0.4473497194367154
8.4490859935848
3.455625286213455
-2.398599363405415
7.538382195318284
-8.059099965989066
-4.649248337301851
1.835576794745318
10.55704708281021
-4.993460707442691
3.409851629260237
-7.617270855590455
0.7860414879454198
7.270866641937295
7.754462072355643
-2.303742662843202
-7.618110163264287
8.403312336982331
-0.0008393050002843249
6.484825132620198
0.483595432767103
6.563886033145546
-10.11907167156084
10.32914175595353
-9.500942019638197
-5.016928697190942
2.17278758131577
-4.259054049102082
-8.149713213200616
-0.3806308589909242
5.495791442653151
-8.507568430581237
9.25934699190009
6.080290614767465
9.754845495240264
-10.05820473162116
-4.248514391511187
11.66351620051736
3.674554897855732
-9.843625550325683
-1.877240831861416
8.876392308136282
2.708846766946587
8.518537100669668
-7.390195293640474
1.57917910099807
7.966384727059624
2.453430250705168
-8.578068802455075
-2.190863163347167
8.562769991761673
10.94981642129482
4.389630067714035
-3.352527463272623
6.387205630252021
5.225541344502729
10.75363315048886
7.769082350427222
2.387046423638852
-0.3578552097854298
-5.662105393157335
2.288822987242245
8.808471422323624
5.996996312869283
-2.540978533001312
-7.510007358753978
-4.940326529734863
-10.32236245527626
-2.079091401682123
3.67132297788654
4.699651315628557
6.780526826065135
-5.382035925432041
9.639977846476915
8.243271053987591
-6.560186361944315
0.1152997825679808
-8.127971273899002
-1.479043769510306
5.750414379961887
3.90251241545937
1.548724140662357
8.22421029370885
-6.193433396675781
-8.174007788427044
-1.410859654099514
7.006093364885086
6.675486152875519
-7.742157533164526
6.648927507434983
-1.218116933625983
-1.980574393340991
6.763148136206918
-7.962203273689447
-5.219023001323393
11.16801153817687
2.170460999545358
5.608882902540299
-8.979155102365176
-3.004989648844819
-2.68245330496067
5.411963376441667
8.080476621956974
5.974165448642059
6.296701813124938
-7.867044444106885
-5.19853120910305
4.934133075763077
5.381556192319151
8.416953020569073
10.76292992936028
6.240305948613965
2.668513237660063
2.743180277542673
-4.5226239882834
10.13266427905088
-7.265804272653295
10.82790591020286
6.162984929295246
-3.284096135213525
3.981708148131626
-7.988961354893359
0.6181296519221378
8.607091097005769
3.763555549177633
5.80969033691647
-10.09904205313041
-5.314367505034188
4.784674543483328
7.950928384745412
-1.847901963607271
3.109203848897339
-3.945214582695961
4.139995613671203
11.30044663573961
-1.540265643947202
-10.8678146294339
5.649450815900205
-8.786939119424719
6.519648439202981
8.085210188789993
-4.841724532126926
-8.398792817634597
-6.833231085717694
0.3272199257860862
-0.2541231884425566
5.642601177697836
12.33014802191395
1.565561742009497
-2.81147510142794
8.144669639069573
7.160451023094191
-2.505358396942685
-8.15635417463734
-5.650995810215795
12.00292801201278
-4.59391691807154
-11.94675969503914
-8.087878683949592
1.887499354330324
8.711113117544571
12.24252169111574
-1.946162588694646
9.009982153233333
-10.48413743495948
-6.903038826086958
-0.4832779372791058
8.217895571748548
10.95614473835196
-8.537974842688994
-0.7920865888405513
5.896724393189608
11.55346878572334
6.553567359069174
3.581098605200482
-5.41645193951002
-4.969028822114358
-8.997550544126478
-5.559128636814323
6.419760886639483
4.647108339568496
0.4474231155719888
-5.580190211015784
-7.352842761414894
3.12098329591718
11.67480882756963
13.30503003599422
10.20623697225351
-4.664920984298582
5.338884856558147
-1.772652546290436
8.701173502823988
-4.867352116679411
3.858881011733285
10.0038058442477
-9.447081074370971
5.170317951454739
-1.351198225849157
1.217718844481495
-6.184686141966708
12.19904848109964
7.375034896186959
-4.833487906967623
8.726233121351367
3.31853747967924
-6.197897479299788
-7.558821924677455
7.21693121017908
2.796200411602855
-30.13439673181226
-5.217291827975473
37.02976785929921
-25.3858684162713
-6.996377125429751
-11.22461453328651
1.777355300275968
-7.314510220242092
8.543325204822205
1.459222241525636
-6.843509865633608
-0.6201284795054928
6.880392739273413
-4.228237420018024
8.7737324406685
0.4710003685751251
-6.607121724607387
-10.0428847650626
6.682276777618745
-2.810797923448961
4.303392500265106
1.284570697744545
7.232086853064066
-2.378884292428162
9.399033995560734
-1.015162802199084
-9.731396777581187
7.047761878915555
5.947516113519358
12.04573666434354
-13.15834585815329
4.726084801305944
-7.40240499559805
10.98132965151176
-6.273441227481814
8.204942755870974
6.098220590543345
7.11419043043762
8.553825526473076
7.345653960653182
5.656744373126545
11.03929321152204
6.68754687041451
-4.999901447253193
5.665346374302715
11.54412891406082
5.38254885339405
-11.54206770501466
-6.401951299039879
25.98636478877894
6.35235518894367
-9.990399950030541
5.755940852875109
-7.084102942197344
6.884904647456454
-1.662932486968949
-10.99952603252609
3.478857944634976
11.8984950291469
-5.472760889433677
5.672959482450434
-10.10081406373912
-0.6299745748972361
7.819855427055762
9.80899330854694
12.38635984774436
4.919966489953605
9.470839501955865
-2.756043360639175
6.223381400094361
-2.84418591095987
-8.09409193092659
-7.078122104344087
7.500521251136798
-9.067567330131222
-4.516694293123741
3.933135831941598
-2.776386890111175
6.51228889722458
-4.824013591099848
5.151364453404725
-8.54783717412535
-3.883113381062786
5.526765173886156
-9.516434958413576
-3.06778543748111
3.898393728725738
10.96170675756277
5.728443513680892
8.419637097437619
9.28867578129306
-30.8016326209064
-13.18362694344808
36.78965538338863
-11.84856789201221
0.8690386787529806
7.317688194632818
-6.225535538348643
2.509990326236125
10.63948410990032
-0.1028627857909937
9.725995486642587
1.124743154369322
-7.039478868654327
-6.804541350995938
4.664723832762405
-3.567385450075342
9.409878592267974
-8.232109335144798
-3.66560489279117
2.708200094775897
6.448649519820978
-1.360924446881437
-10.74234691089723
0.4033734257503256
9.138899253857659
6.716614821616662
-0.9134886027613052
11.14572035385447
-6.701678534393333
4.550873066613576
-7.676009882840963
-5.249906020068499
8.449830099563727
2.426103879122799
4.566504460633513
-4.807697864455163
4.654898942304124
8.796228951506583
8.735525845314527
-2.422284414764664
9.718751838810007
9.462596801157282
-14.00988403684785
-9.336649303662012
-1.674004996106491
-8.095555092152175
0.3479533865169742
7.160923309609371
9.189101292125658
-16.36122386016797
33.35444062987222
2.849617003898791
-13.18297250192821
-20.67554745769899
-7.630103404324644
12.14103624909339
1.591042343382363
10.03455082716015
-10.88633758395245
-4.314323597531693
-8.60125230922147
3.306816765792726
9.221145736740061
11.48502250076278
5.052715829345598
16.07242343500924
-2.351272116644791
11.90806905196216
-8.164222011326922
-0.1012973034020401
4.587400934247176
11.23802058644598
8.21625323306316
4.605378239328473
9.278612941541942
11.01970765881878
-7.403988010896667
4.673234717699795
5.914328951299548
-12.00936631513103
-8.293183278377249
0.541745036937101
15.90857622025109
14.62514276740597
-3.002208956401786
7.684759186176683
1.741094743117224
7.66264432215161
-4.321231629131994
-3.985931218165845
-9.219194463264117
7.322771230393948
7.759579581598058
8.617673985598252
5.92154953322513
3.628852311512733
11.2125238584319
-3.021767366079874
9.432306196754654
10.82590476991202
8.834928311450799
5.290974331888715
-0.2561550401221889
11.98665293104465
-2.106485417451434
8.78313780414185
6.734662485841914
9.975378047565883
10.35502233689028
-10.92939079718911
-1.472314493000042
6.370698919110662
12.92258178532968
-9.299169605199218
2.163761557603194
-5.76776104201651
-1.208171551872301
9.457076292932831
1.630221203245691
10.66524783403757
5.878782549842818
7.843013409916082
1.964230854443421
10.1606540439243
6.572205391738382
-6.161580045822501
-11.23058750542019
-3.034164310174753
9.720142193984506
4.914640935385546
14.60288926045265
6.55188286332236
8.196423192413938
16.14522844294797
-10.75882022914668
9.593345581317291
1.268492442087406
24.42995577680934
3.531408573949666
1.551667755010712
-11.18211766639089
-15.53386394463228
-8.716234033810682
-6.138867571698662
8.062924696227713
0.234937480355372
2.577366520540374
6.373805005846847
9.039292844957943
4.14133001007748
-3.203515125797131
-5.251990445789379
8.711362983570529
8.877296085400138
12.45407358480062
7.583671551298037
8.443508481223756
8.841147906003538
-8.753832169076315
-5.243040359831306
-1.690519142379464
9.618183305760025
11.62429635756591
6.784272313814043
-19.30624875209196
-4.469638557528941
11.93002085830577
30.05036711943614
9.881790498986026
-9.618000426568923
12.75430649607155
-3.588448651144038
-19.63400961253386
4.748528331411354
-14.7512625599834
4.882747062992947
-12.73378543562295
-7.856821488643218
-5.828643508880055
8.134709914723233
6.226576245349798
-4.897962834476973
12.08081121009129
3.51079180760495
-4.420730799186297
7.063313027784829
-7.931522603140782
12.02731267278399
14.83661019493821
9.688248325732562
2.028177980479996
14.08339773179017
13.96335342546586
-23.05796738278827
-11.3204680808219
17.91335501987675
-6.312466688665354
20.82439931973246
-1.283433455625688
17.45039391582506
-8.223817031293203
1.417804400052324
11.73749930145953
-1.908133667170828
0.165933100623713
16.74550069374293
-13.64563296719571
29.23382310010168
5.088194408538187
18.73382737394058
-6.359194951288957
-30.50482363563061
11.25881072615582
-24.14562869040218
17.61800567745876
2.91104429935317
18.95306473050279
-16.03258951112361
4.484013373085069
-4.84353563801796
-9.327549016966508
7.189716369177281
2.080875510222943
1.015969826480365
-4.351746325178411
-4.870402026008958
5.816566119339664
1.39359857580103
7.965612570957906
10.68696814234204
9.64162142613784
2.149046452612923
-7.492574964647961
6.572013990490052
-5.233263244490201
11.30870244834984
-20.33858299320636
-18.33246994153444
-4.285494207037225
18.76275609940784
7.726242789403458
32.59453686666141
2.006113052214521
16.0530887860565
1.294902755161943
-4.840024042936147
18.32143929299994
26.0587127312116
-23.80161562421759
-8.185335190434424
14.86291511668008
-7.222048030528996
17.2631098061918
-22.94352122063002
36.75159923874143
16.57956759319252
0.8580944034594957
23.16146333512027
30.64832085504777
16.39965941623048
7.737273439546022
23.0482503066034
-14.75818603069923
-40.07391415252069
-38.16963933198219
44.0635546450786
-14.43102248406817
11.83971087647027
13.83178076756662
29.27130541576869
21.8886841221918
-48.6382232735326
-29.86594954947222
1.904274831744326
24.48515783622418
27.13686600884572
2.651708172693633
19.48848943285841
37.46600233149591
-14.24866143868939
-22.91104741566935
1.957246660646757
15.29855305389937
25.52022952931679
-43.38678370934937
-43.18146529583755
47.51547909070792
-0.2362168068086183
-41.53366425827964
18.12034626059802
29.54721449221602
-24.16192513374369
-31.54454642868795
35.35697428704081
-13.56703353025705
18.20319085866956
41.94180772565048
16.04202043275756
34.81429415883002
18.77227372619192
24.868294077347
42.24705968713852
11.42686823153641
-20.16857660416607
15.43952464836878
25.23632792134269
23.56298286970117
-18.71985154399743
31.00224460155321
43.15056691697129
1.853119449727848
-20.39319659632173
-7.382621294354617
9.796803272807734
59.51889942019402
17.97751289866373
49.72209614769839
-1.673345051815507
6.584833438614204
12.14832231756627
44.06293473684584
32.85556681637156
31.7702243887056
23.73861685744759
-21.01647586389421
-32.22384378210087
28.65566755237883
26.2707333646454
-30.82019146853587
1.647801047751638
32.46799251959163
10.22167647509907
-47.75169590576217
-15.83708349700165
31.14412310932912
31.9146124170053
-19.49979090847509
-22.24631604655817
-11.2073679193405
46.98120660633057
49.672143414818
2.690936807032031
