12.37922856104177
-5.272677004275267
2.267279232697968
-4.001227793642173
-1.310154160269634
11.57996795458183
-10.13500274395174
0.6924506990735225
50.65177660151168
37.38483857618597
46.40104508129726
-11.88292223698761
-14.38904715538165
13.15182175840438
-2.38472925994303
24.33851728686352
21.01678758313319
25.34326956508291
-30.10046705468467
-7.035334167252665
-11.70459667153444
-1.942409263208765
10.43809975901447
7.680185134638518
10.10672605963736
-10.2073870582621
-8.371323237002025
-1.806408643701985
9.860597191162919
15.67649368859922
3.113573398785413
-6.507827195212855
8.797332783970905
11.24761347339272
-10.56695783414699
-11.13323238956879
-3.040484037701178
-2.311029171296535
8.009570732936604
10.46363005571902
10.29970247446499
-6.879160940821001
2.630186366291482
-4.428880215206891
7.753740287398318
-10.31587991870412
-16.71832436601311
-4.842878215847938
8.608862594761739
3.05633482986074
9.224445334991369
15.41715177631724
7.40719668555734
-3.321729703769373
5.795751160119653
-8.009955139952902
-9.621400616197453
5.683759407384829
5.362259601437127
-10.72892640462618
-6.402444437840662
13.37221474092746
-1.135485252737717
10.7399608954024
11.41162794601437
2.663215868282996
-19.64033139007131
-25.62966175901354
4.326481982084971
11.87544614908802
-24.49417650814805
-32.37860373326546
-7.669516111298956
2.375518678780125
10.41309125439886
-2.545962141835513
8.013666177551974
13.45174081349334
0.6716670515324411
7.205309790375778
-7.393932231666756
-7.715432054642401
2.115415145100918
-1.547321552701984
12.16044991478275
7.204777341488368
-0.3214998054853411
9.509347376001696
-0.5662745526968099
-6.246431026000831
8.255928662409209
0.6155827484132698
-7.267259571588301
0.8889389836228506
-8.342489624601761
3.252907171706813
8.479712933332475
6.498641947252668
6.168110503372842
12.21379921313691
7.043739041216755
6.533642739807085
-8.748412076111711
-1.475327034430299
-5.17006017316192
-5.680156473317028
8.092748359057603
0.9601287830438919
13.26280852973604
-9.284715354039749
7.904245414327487
-8.51906607245343
35.72871635876617
20.90653534002007
16.96728139387555
-22.17046593523168
-44.95684677729921
-24.46232344755629
-3.295472013510849
-1.186007424422184
-8.654035136937253
7.754582773927858
9.334159303319369
-10.24484413359314
6.944116629067392
-8.29771555950296
-1.456175309394808
5.441656657648762
-5.358563117578524
11.05005477778182
14.85217480309908
5.620746191506029
-9.172343424083802
-2.274511459385872
-5.441876814688221
4.990135402646049
-11.025825093786
-10.22768788374865
0.7656492829549399
1.947128569911953
4.518389340451526
0.7981372072857462
11.79147437863863
-24.30697788102904
-17.7851579140629
44.40007218826779
35.10354549387328
43.76616707906464
-38.81114926784865
5.329576226867335
26.84714295295617
10.65702771750058
22.66082133422706
-29.75579895168306
-5.290274719723079
-7.468027718362862
-1.075230048023796
-8.970487692491288
10.52016673568858
7.273085039232175
-22.30354725614177
-1.502459971490558
-9.231428613214021
-9.862039392227009
-2.990357451880036
5.609702975685434
6.398852865445464
12.37443757050719
-7.895257648253498
4.607652915845806
11.44919315478097
5.407867699140329
-7.753657564385571
-9.857663161723401
12.17481644831098
-25.10511508615969
-2.290499633725851
6.841540245929573
-14.46531608135509
-6.041325454041406
6.897831965870822
3.730466607153881
-10.2604878734541
0.5588260737948667
10.7467828695808
9.267783678641919
12.25263480842856
9.771792058025218
1.664691748223222
-13.16152525789504
-6.815372977541676
-20.21819515607847
10.43201221495402
5.103179589479097
-8.107100307330647
-5.328832620721842
6.871681944346091
0.1894663252697354
7.239237205485704
11.4276435229601
-6.854539044551007
-9.825761450898312
0.3621953525776602
-8.473428461322019
-4.285022120171391
-3.322684806125446
4.910696731526903
6.066525534432277
12.3646395489017
7.049770894097756
12.2005145608237
-13.21027989433825
-7.044005380611323
4.188406336235809
5.15074365967124
32.09910964054927
36.94206801109558
-41.98711873764667
27.19676211461175
0.1947327563023676
10.81931394828723
3.330518795908331
-12.85959642763331
-11.06544815452534
9.195718849386102
8.963215245274537
-1.082302786609724
9.38921032359497
6.166274507543405
-4.293743071698239
-8.480064721241945
-2.971222417138178
-10.46001757445439
-7.488795153417102
10.18795679651419
-21.05695417842863
-2.104005593551865
-22.48287333503355
-7.056669899899215
-3.861666862417299
18.95294858660663
-18.68384787753287
-29.85647225253822
-1.425919158044932
-16.19011522354134
-4.186321634136473
-13.4028221740142
-27.95109605811195
10.04503477533937
-8.995619887699627
-2.928194331793137
-7.883866907862314
8.565941861868374
3.779039325894439
8.565050305035573
-22.05243414800899
-19.20533011316924
-2.69297298365233
-10.75390173965882
-21.60475518360257
-7.640345916470115
1.111752978717065
12.77465921974113
1.438855401058667
-8.011009014208742
0.8529205510389473
6.610846650730684
-6.233323726309143
-1.478999181211895
9.983145352058031
2.984851145687091
11.46214452354273
8.47729328330214
9.762187408325101
6.521819969150684
22.81461545075186
-14.82218101679011
-18.76143496681784
27.64236379809746
2.359108859542329
-0.6339051081437591
-39.07049596247241
-5.989330367927544
-25.28325493789547
-28.27626890767492
30.94956011396053
8.662621588804791
23.06513288836214
-22.28693853783684
-7.884427219827447
-11.17262437329365
-43.07700127381428
-4.902347529913345
28.43055309638362
-31.90437690223226
-41.42960483623923
-9.745305903259418
23.5875947122343
24.46552423845534
42.181851493948
19.39547068853278
-13.2669380221818
33.33290063027275
15.42620343326295
0.8779295327157667
-14.54827389380498
-22.78638082209826
8.752098896672269
-9.168715106189731
-1.714772279390318
4.526894866689227
8.509390015577926
-2.717615589395155
-32.66240871228007
-23.6462022027651
20.49452330987451
9.016206508255665
44.14072549578801
7.453942810956125
-0.2325036008254568
6.45109954105561
4.64266418825414
12.18262045737364
8.03757258098711
-4.955672574681842
11.49413618930805
-10.11194932834344
0.447678966843506
8.451428373740052
3.456563608293088
-2.399425072870579
7.539956253046511
-8.060928755969453
-4.650198762399221
1.836063821259648
10.55962831764636
-4.994864765507898
3.410729994203023
-7.619401067342325
0.7861936998657323
7.272456307655149
7.756059999303315
-2.30451871598454
-7.620292632078423
8.405594760024886
-0.0008915618092109994
6.486262584291701
0.4836036942272696
6.564914618826966
-10.12125016480247
10.33258130156156
-9.503390662630281
-5.018350425635346
2.173965192993434
-4.259991251525884
-8.151698294806254
-0.3807460402274016
5.49714069484668
-8.509562577739727
9.261530853665215
6.081310940395342
9.757131950238806
-10.06057871135645
-4.249571337215645
11.66700585639967
3.675821029009835
-9.846180973515658
-1.877766412739417
8.878534926460706
2.709663287413206
8.520670654509688
-7.392121632287645
1.579576524738963
7.968414570260672
2.454059334649506
-8.58020087289392
-2.191362812976808
8.564938542810239
10.95247458627735
4.390655987208442
-3.353395126208651
6.388838050174312
5.226805752506424
10.75630135075117
7.770952250425681
2.387536036995026
-0.3578642745709322
-5.663717904985739
2.289370356840462
8.810989466520263
5.998757538204973
-2.541612180534486
-7.512094314380563
-4.941502865867386
-10.32491907776479
-2.079651517419644
3.672255591471841
4.70077402173203
6.782194802289535
-5.383416211831569
9.64227688894521
8.245267560657366
-6.561818608194453
0.1152573645756399
-8.130010198729517
-1.479471383499323
5.751907109203474
3.903530700885467
1.549149227055045
8.226225209114743
-6.194901893224187
-8.175972885882443
-1.411238299028059
7.007713571238796
6.677075981895332
-7.7440511157686
6.65053881844578
-1.218511642987252
-1.981070994446988
6.764734588930428
-7.964362575426084
-5.220587630083156
11.17130458094223
2.171073346591108
5.610553992042198
-8.981237912920419
-3.005653203198263
-2.683123918891348
5.413298673987072
8.08237469212968
5.975584704331657
6.298114011186453
-7.869050464648224
-5.19997445801521
4.935461476674006
5.383002092384904
8.418951871996926
10.7654986136857
6.241667129023136
2.669076009476519
2.743774951077607
-4.523831492901746
10.13543592835363
-7.26760645160376
10.83114162910827
6.164753062806748
-3.285111326969286
3.982495136401206
-7.991184884809876
0.6178595021716933
8.60904448611813
3.764390158823864
5.811007370618565
-10.10178491156203
-5.315773921183903
4.786010985288304
7.953088266628982
-1.848376407231807
3.109939211473601
-3.946271977258799
4.141322290687894
11.30365993638481
-1.541147122652651
-10.87084181332407
5.65116869528262
-8.789421033329988
6.521619114174543
8.087594259611464
-4.843149051030093
-8.40102369614274
-6.835048570163306
0.3272890638805425
-0.2543150647587454
5.643273027328749
12.33160714430718
1.565975137101375
-2.812231919495685
8.146708642196144
7.162337646819788
-2.50612491380183
-8.158616108567715
-5.652491230476443
12.00431798793285
-4.594983042401564
-11.94955430293395
-8.089657391604749
1.887942346239984
8.712769222458737
12.24480892417604
-1.946732686900165
9.012207876220083
-10.48710240588223
-6.904893907213278
-0.483359361673189
8.219881226985509
10.95894055928066
-8.540369715142598
-0.7923266574619091
5.897588121831314
11.55539035714915
6.554726877812334
3.582208494471766
-5.418022746411747
-4.970482129824386
-9.000231240281108
-5.560750590222494
6.421534543079161
4.648530329710218
0.4475406145988171
-5.58156702636832
-7.354571243335591
3.121673559902823
11.67717145928933
13.30775226525522
10.20928091543141
-4.666388570029231
5.340578436226876
-1.773004212452956
8.703240581756512
-4.868702480301351
3.85989691201424
10.00696700998383
-9.449864400661863
5.171991234231072
-1.351679290518909
1.218264059951365
-6.186655091834063
12.2021995481821
7.376920094966915
-4.834975791265268
8.728599384634379
3.319044155034576
-6.198973660057577
-7.560159774346461
7.218068498653071
2.796706803128752
-30.13505733143921
-5.217394206268891
37.0301935091297
-25.38645297941217
-6.998047397808167
-11.22700562483005
1.777685304500112
-7.315938082343882
8.54603897963084
1.459794659777533
-6.845037183943306
-0.620577899360796
6.88230870100008
-4.228958240355598
8.775732718908664
0.4709009137909638
-6.608155287383085
-10.04551804243738
6.683603160291882
-2.811415053272572
4.304406143120355
1.284894176176122
7.234103001687909
-2.379197033693845
9.402794187668206
-1.015466824020418
-9.737592679796979
7.051188218052929
5.949208779573246
12.04913541747635
-13.16284528272402
4.727668623830201
-7.404919161835243
10.98393550453995
-6.275397208817962
8.207049072458648
6.099926681517387
7.115821203763533
8.555497893647921
7.347053549337919
5.657802213949441
11.04095461522646
6.688334145761655
-5.00066350207226
5.666347635785798
11.54586823355142
5.383152417724928
-11.54424827767567
-6.402587567825873
25.98743660538979
6.352623329123058
-9.992366874081174
5.757926110290316
-7.086244296640532
6.88744809229148
-1.663730302164435
-11.00306583671806
3.479380437767443
11.90058641565139
-5.473739056794053
5.67397715589329
-10.09968218473769
-0.6300638447586493
7.822550398476874
9.810297359246297
12.38994495925105
4.91918934472334
9.469618354363028
-2.757914645344149
6.2244592999725
-2.844387582297196
-8.094950721323007
-7.079056213534212
7.502886635902448
-9.068846903339933
-4.518417866481316
3.934196511967274
-2.776886426027125
6.513506397345029
-4.825279459887824
5.15232028478523
-8.551178437985644
-3.88484539088034
5.529326813641965
-9.518017814584287
-3.068300718160105
3.899024341750473
10.96339803469735
5.729306701305116
8.421205992029149
9.290392816832563
-30.80310332676406
-13.18438196280546
36.789694121039
-11.84878135917331
0.8691868192533497
7.318903910158696
-6.226609250627239
2.510423187918058
10.640922742407
-0.1034085428265536
9.727468733348472
1.125260001391552
-7.042731290065088
-6.807746950165462
4.666333090634928
-3.56869015779765
9.414172245367551
-8.235023305741262
-3.667628721024204
2.709833912172403
6.449717095217898
-1.361186115964087
-10.74433130193916
0.4033848721084348
9.140417270706171
6.717739526046311
-0.9134539864847815
11.14771619289876
-6.704338373544249
4.550429069458432
-7.677104025322419
-5.250563139242223
8.452614350456638
2.426540904030955
4.567394604624104
-4.808480717927704
4.655598483353857
8.797607419882816
8.737032417449173
-2.42267772550573
9.720236806302033
9.464079195157572
-14.0118562480131
-9.337971953920151
-1.674249428332834
-8.096727920947641
0.3480455168932092
7.162038936947892
9.190587312264075
-16.36396406481725
33.35503724551168
2.849390802057182
-13.18446320405749
-20.67857880128605
-7.631193490536742
12.14291452694223
1.591294634299276
10.03606807771079
-10.88751725532623
-4.314614736469529
-8.602208706590098
3.307359756997961
9.222488112873217
11.48649292636086
5.053338800480292
16.07452133811312
-2.351605969614902
11.90956843822099
-8.167991278551085
-0.1013362069404323
4.588028411753011
11.23958129702375
8.217391906065236
4.605959688086521
9.279843948088404
11.02118259608062
-7.404944841448394
4.673884277047563
5.91512833429438
-12.01090460088774
-8.294426340738172
0.541862035076092
15.91123441819294
14.62760518987917
-3.002694253048332
7.685923067560719
1.741338676410956
7.663722541587378
-4.321921345547123
-3.986531983381591
-9.220623318133638
7.323892256203053
7.760804085944463
8.619010455949763
5.922383814759123
3.629363508271122
11.21411590592495
-3.022189404917696
9.433696315121823
10.82745344284302
8.836288371588486
5.291732098530192
-0.256157613819666
11.98855855024322
-2.106846444365378
8.784553296394321
6.735695348492015
9.977599748077095
10.35686657805908
-10.93121998551171
-1.472653138625124
6.371627900476422
12.92455568045654
-9.300639197632163
2.164096421627026
-5.76859950730111
-1.208444328913374
9.458566834537942
1.630580800227711
10.66701115162221
5.87952060883137
7.844281036678029
1.964760421692174
10.16287555404706
6.573096246483328
-6.162715799491662
-11.23245605714813
-3.034340918490511
9.720869996243239
4.915252041572208
14.60389227567596
6.552927776788503
8.198115135535167
16.14770810105599
-10.7604592603954
9.594780326139485
1.268662789915562
24.43262432216899
3.532039702112662
1.551881403622048
-11.18393062459506
-15.53655102497952
-8.722125919997435
-6.142478404752862
8.066655058704651
0.2349842989624334
2.579647579465222
6.377462653103548
9.040710911017571
4.142008937506178
-3.204005252656344
-5.252863202377852
8.712781442128234
8.878720179378785
12.45588574418618
7.584752402457968
8.44477344062647
8.842541795847758
-8.755153251554608
-5.243819008872354
-1.690779561122558
9.619644677936238
11.6260092961468
6.785303044059048
-19.30697049962439
-4.469126504588647
11.93035640668986
30.05112397655871
9.882065168074895
-9.61833026502323
12.75521090584148
-3.589779306418853
-19.63481329022807
4.748604369470126
-14.75179102609933
4.883022275604248
-12.73581204385124
-7.858135834615029
-5.829587462287438
8.136057175891334
6.227607324031732
-4.898701973011603
12.08272543084225
3.511334240775269
-4.421361696108333
7.0643736917353
-7.93269593285427
12.02912205203078
14.83784399544236
9.688640234835685
2.028548373085321
14.08574315623969
13.96564464022555
-23.05816876756208
-11.31989929764377
17.91506749742744
-6.312492202367973
20.82679125538944
-1.283629231357539
17.45183396191502
-8.225311347587777
1.41797994484789
11.73826946932757
-1.908449849452732
0.1659387359593389
16.74567656470159
-13.64671931719584
29.23496679441856
5.088743880802122
18.73546319601552
-6.359423548420396
-30.5056464540773
11.25929781552301
-24.14622291231821
17.61872136395906
2.91172375740375
18.95432196935975
-16.03385401192931
4.485040292588622
-4.84465442643034
-9.329694725386254
7.192315718282247
2.081420780275872
1.015894507572032
-4.352620451973574
-4.871133333476355
5.817483990208854
1.39375713062293
7.966659659072544
10.6886173203691
9.643291286701727
2.149175669953588
-7.494115606988491
6.572902523325475
-5.234091334072266
11.31042423932192
-20.33921322855876
-18.33284861048988
-4.285627730682043
18.76374391075851
7.727790860676055
32.59596321486645
2.006364618606597
16.05358549776642
1.295118199694589
-4.840706251226843
18.32325528230649
26.06063947143557
-23.80215940839719
-8.185485741469291
14.86388590064806
-7.22242157897909
17.26473941526038
-22.94395303886496
36.75383326003527
16.57973782886594
0.8582063694104088
23.16396153267238
30.64842223589553
16.39948291167588
7.737384190458368
23.04937164160181
-14.7584672979047
-40.0730843810793
-38.16901863602052
44.06511993102104
-14.43075605699466
11.84012370952811
13.83221930442414
29.27248748098457
21.88994735951635
-48.63847547815661
-29.86652246264969
1.904065757370657
24.4871609936868
27.13928345824701
2.652122464639982
19.48909384507824
37.46667369608784
-14.24893932408802
-22.91103804560747
1.957134307634437
15.29889181847172
25.5206742281159
-43.38667701928587
-43.18138155943195
47.51660646431937
-0.2362235357949249
-41.53360345848817
18.12076756927039
29.54783114217857
-24.16237059032624
-31.54491071318754
35.35642105969563
-13.5673308624074
18.20325736607596
41.94151996604666
16.04259821372433
34.81455123145955
18.77195301784524
24.86817235427623
42.24758771524807
11.42706357282637
-20.16905879058629
15.44026817672416
25.23710383597286
23.56353992151611
-18.71988239028298
31.0020735979895
43.15045349934176
1.853073559323984
-20.39344630546728
-7.382540122250637
9.796835659085499
59.51879164941042
17.9775798510279
49.7219559906343
-1.673563914629222
6.585098906331584
12.14837990371458
44.06351012587879
32.85597869176914
31.770588228245
23.73826258949845
-21.01746480469981
-32.22499623632054
28.65725947479481
26.27087977103312
-30.8205241566289
1.647778112149706
32.46830227240353
10.2217824093213
-47.75283000916981
-15.83769979856026
31.14595084436169
31.91513021966429
-19.50039541433399
-22.24651986534608
-11.20753143286526
46.98365064292183
49.67472427789461
2.69107363337249
