12.3646327101844
-5.26717071965474
2.264526902908746
-4.000853951175852
-1.310528002735932
11.57330446042543
-10.1274825186318
0.6919470844346287
50.64733791765093
37.38131853868062
46.39589477903885
-11.87605172419051
-14.37797067064805
13.1406771420998
-2.381358542196595
24.33565603843061
21.01696378794903
25.33692136938863
-30.0958218196955
-7.034005561616686
-11.69036563574522
-1.941425229906744
10.41362986293065
7.665640706408022
10.08991612275405
-10.19834013886395
-8.364832427415688
-1.805298399088414
9.843893854878589
15.66053835187914
3.109615688651609
-6.502385264991323
8.789096414733532
11.2362946020045
-10.55405835322817
-11.11975873033922
-3.036698557790911
-2.308062582053029
7.999223734596944
10.44995598051641
10.28776393010297
-6.871441956148032
2.627011596343209
-4.424243749875043
7.744746305464171
-10.30699184284874
-16.70436173062839
-4.838361272574313
8.600381850711035
3.053533997218993
9.215236958157599
15.40127194964693
7.398635197677089
-3.318692250520746
5.789270984326934
-8.002636777836852
-9.612000965319991
5.679480737759094
5.357889058720025
-10.71732745625502
-6.397369882797065
13.36052583615295
-1.134061051514087
10.73193940572575
11.40345426298814
2.661096543720787
-19.6325530251059
-25.62171521313428
4.319957581514974
11.86600045760859
-24.48765416265732
-32.37092693148757
-7.660752335436894
2.372198535511681
10.3980298883857
-2.543017600933806
8.003014073231054
13.43874312456027
0.671514857757724
7.198485039903332
-7.385528251833239
-7.707119939494973
2.112925337431211
-1.545416979900711
12.14587619745543
7.196144187427767
-0.321591678635295
9.498453588611985
-0.5657003759385335
-6.240258085931464
8.245995771389362
0.6148551116034906
-7.257964880511478
0.8877780131830708
-8.331880164107668
3.248701511965043
8.468814566495459
6.490380918815807
6.161702960206951
12.20152789208081
7.037347259557845
6.526970182796626
-8.74235771856439
-1.474078147129395
-5.16418063311411
-5.674557709638663
8.083060175970035
0.9593158406749996
13.24724080748877
-9.276401146660517
7.895127033441633
-8.511425405065049
35.72656016075629
20.90459140518002
16.96910841080073
-22.16776019804183
-44.95125278175136
-24.45898459889482
-3.291270589994234
-1.18454080176357
-8.643384367704362
7.744651711222888
9.322125582719124
-10.23571698556912
6.935811191501152
-8.290166429892187
-1.454382929282479
5.43529089129927
-5.352113774812329
11.03592229608069
14.8333114571264
5.613653278033092
-9.161469133305625
-2.271795314242116
-5.435169065786732
4.983869377443136
-11.01868310139749
-10.22102958284057
0.7649757419062161
1.94555055352976
4.515379274462753
0.7976535171358726
11.78365884420793
-24.30141934535827
-17.77827029184435
44.39823267215532
35.10275678537502
43.76425788729991
-38.80924470489931
5.328314199891519
26.83927423086351
10.65375811299316
22.65409187484956
-29.75144819735366
-5.288511163382566
-7.458843568838404
-1.073915281024521
-8.959363870274011
10.50666638878027
7.268279570268096
-22.29364956732113
-1.50052030019429
-9.219658179862156
-9.849442075348037
-2.986617498490273
5.602602912219691
6.390886929669564
12.35895228691172
-7.885448590975493
4.604036979809153
11.43982047429492
5.404572960967836
-7.751201066505902
-9.851433217575016
12.16658013342578
-25.09907286100745
-2.28889006560708
6.835783498462108
-14.45547019901217
-6.035247512696238
6.889673819822756
3.726300066201764
-10.2525735365627
0.5574082597443016
10.73392830849949
9.256931874034747
12.23829701756525
9.761547577198817
1.663515809222131
-13.15577402443851
-6.811376874354815
-20.20943214637021
10.41903844183146
5.097143873344368
-8.098031766586626
-5.321894566050818
6.862824579151428
0.18903656501008
7.229682683403086
11.4126155114021
-6.846657503502055
-9.814507153318722
0.3620128997249857
-8.46244169383589
-4.279508853976763
-3.318368682182216
4.904509920484777
6.059135758767372
12.34981741282185
7.040646125678186
12.18471914323256
-13.19517563854094
-7.035694074306317
4.182932837427406
5.144073014069816
32.095764207858
36.93835124948966
-41.98258125945405
27.19397866452204
0.1947589113318757
10.80998179687238
3.328639587973719
-12.85687652362885
-11.05060260341237
9.184018773617131
8.951188915464771
-1.080500764151125
9.377504431730411
6.159481561165481
-4.289710308705827
-8.474892680992085
-2.967849655611102
-10.4491918671599
-7.481342209463895
10.17652004916349
-21.05022414881948
-2.100232149440977
-22.47596432401701
-7.053658122741927
-3.86019079290765
18.9499920004317
-18.68215954609586
-29.85350584414062
-1.425740175993181
-16.18551611160231
-4.185182364150108
-13.39805526943083
-27.94260304042194
10.03295086317557
-8.98409003989104
-2.92393752161431
-7.873669532910045
8.553491983685374
3.773928514740974
8.552871145271451
-22.02943938964621
-19.18849772509921
-2.698396664657451
-10.74945567374346
-21.58351353680689
-7.631140661281119
1.110420506389588
12.75801855848932
1.436162101500139
-7.999032438687306
0.8518773822334501
6.599337165579373
-6.223062215694313
-1.476996429327985
9.970101830996008
2.981365151889301
11.44709825518714
8.465733053586932
9.748940405837949
6.523149055029028
22.81018279439123
-14.82196875447195
-18.75745175114288
27.63877533413831
2.358174526574192
-0.6339747843069055
-39.06991847284043
-5.989162187512767
-25.28060080735884
-28.2727501191552
30.94508902766816
8.661501103794036
23.0618162585613
-22.28358793057262
-7.883272766069068
-11.17134629723182
-43.07235160243322
-4.901785545400237
28.42776566904462
-31.90100530601431
-41.42809300691304
-9.744372588528556
23.5851786201507
24.46293703739985
42.17734017078511
19.39384760633312
-13.26601937732791
33.32955121650883
15.42230620033722
0.8777584206773386
-14.54454777611857
-22.78349257321463
8.74156116856962
-9.158354231566257
-1.713046733625017
4.521453981717503
8.499832367484958
-2.71453851088226
-32.65986698448132
-23.64529074182243
20.49226817240482
9.014576242001391
44.13755890536756
7.445307489438837
-0.2328298566901152
6.443815733877623
4.637292392237015
12.16899003163387
8.02583135586703
-4.949732010661779
11.47742950292499
-10.10010580727526
0.4459258541443643
8.439042051475029
3.451598147032374
-2.395015813012784
7.531697630980312
-8.051059009062213
-4.644993785508543
1.833507711447848
10.54603167320602
-4.987443904558536
3.406065223872215
-7.608113786605201
0.7853953458326504
7.263896855438921
7.747459478066189
-2.300418850727358
-7.60873462918403
8.393509128562668
-0.0006208409864470181
6.478501497274812
0.4835626239965199
6.559534041810528
-10.10987894504351
10.3143411384179
-9.490348549449166
-5.010698258725872
2.167950216606006
-4.255060566529558
-8.141124437543009
-0.3800682895990576
5.489985946343677
-8.49893798226789
9.250256058261968
6.075971426144776
9.745046514801313
-10.04787832668763
-4.243877421702208
11.64919226528322
3.669075098538562
-9.832635416072492
-1.874980436821003
8.867169702999462
2.70535526239343
8.509356163731557
-7.381903160157174
1.577473869271388
7.957654984064513
2.4507322524816
-8.568898721766679
-2.188717599665455
8.553432548962395
10.93838776249174
4.385223462987351
-3.348785674912759
6.380181117018045
5.220113050035421
10.74215014579675
7.761056145685839
2.384955210114892
-0.3578135403421718
-5.655369710825789
2.286586344330246
8.797997240396658
5.989617920354404
-2.538331050987391
-7.501248806995024
-4.935409229476413
-10.31151016490709
-2.076672275184864
3.667466540395099
4.694915115963127
6.773608279492665
-5.376100935203569
9.630324345641922
8.234837890387581
-6.553164304592212
0.1155164790766754
-8.119321413014459
-1.477189174704794
5.744138816245091
3.898259721103703
1.54688139219189
8.215562181114411
-6.187127749855573
-8.165561401302375
-1.409212031049591
6.999173478757021
6.668680788756423
-7.734009139327561
6.642132240579514
-1.216388705802331
-1.978433652201184
6.756349371287341
-7.953043237947712
-5.212348841933045
11.15408284008762
2.16786516598721
5.60179590752603
-8.970233213025436
-3.002167852878579
-2.679551570445571
5.406217660569246
8.072366328382508
5.968065357461178
6.290681652174958
-7.858520948651341
-5.192372287014625
4.928536124301029
5.375448900324451
8.408385510755426
10.75191790029874
6.234500706310755
2.666148663434405
2.740694398733882
-4.517417198539992
10.12090840762565
-7.25811160065316
10.8141447529655
6.155461299605489
-3.279733227671815
3.978378379059177
-7.98011719698838
0.6195303955938041
8.599647644830943
3.760270111597132
5.804000903161841
-10.08725841800566
-5.308315781037329
4.778942634387849
7.941956057603575
-1.845879094979664
3.106141740008331
-3.940932042104162
4.134325762488956
11.28670894972078
-1.536411632889374
-10.85543952431357
5.642236947450074
-8.776746360495146
6.511410898614017
8.075257800215011
-4.835814315627832
-8.389270924433269
-6.825424032930424
0.3269591484117965
-0.2533451883282237
5.6395980897714
12.32357137394923
1.563846897222485
-2.808379315369149
8.135925741975663
7.152383187903719
-2.50191894398425
-8.146390921811459
-5.644471996796189
11.99661217699468
-4.589349953068922
-11.93490658789294
-8.080366711283656
1.885607598771295
8.704105159401111
12.23283438324996
-1.943704540395882
9.000600518324594
-10.47165351268494
-6.895266363284663
-0.48296997839672
8.209459811455083
10.94430505630714
-8.527948969875926
-0.7911407104941262
5.892943293660388
11.54509408420579
6.548513840141339
3.576387147917201
-5.409830530505634
-4.962917753941596
-8.986217677838582
-5.552286933038529
6.412296383909762
4.6410586108322
0.4469127755105668
-5.574318851124333
-7.345556626295138
3.118110937809176
11.66476972017009
13.29345511277685
10.19334554124445
-4.658683455204002
5.3316790974753
-1.771237772827151
8.692429786589594
-4.861666444190215
3.854539877054688
9.990362554523188
-9.435194532713178
5.163175055678901
-1.349119407920597
1.21533848375193
-6.176306920330703
12.18571209714342
7.367086908745705
-4.82718750721071
8.716206316758079
3.316400373299644
-6.193366812998467
-7.553170440504823
7.21211876188039
2.794056343298082
-30.13135862314162
-5.216800441722297
37.02778112044233
-25.38314856387899
-6.989185591555486
-11.21437088916388
1.775970230949036
-7.308415026415494
8.531680435753527
1.45674081608841
-6.837010894307066
-0.618194572606278
6.872201731142486
-4.225185304838161
8.765155830460401
0.4714041400272023
-6.602702923256447
-10.03168968549406
6.676645600418296
-2.808173916591001
4.299127998194245
1.28320737917233
7.223515775795304
-2.377517611188659
9.383341424522328
-1.013807408642247
-9.703777299992877
7.033447265490698
5.94030837241186
12.03134140255676
-13.13910520392206
4.719331695064537
-7.391645409281895
10.9703736221616
-6.26514774359467
8.196052079295779
6.091033053333795
7.107301918762436
8.546658779576374
7.33965455774106
5.652150779509603
11.03196975107295
6.683973299354085
-4.996580255546779
5.661069163635556
11.53655670082199
5.379818980391342
-11.53298931971181
-6.398586848856024
25.98104769764
6.350943761707219
-9.982153473107326
5.747459788993172
-7.074939607621733
6.873957470164788
-1.659478716989556
-10.98447944088161
3.476720378232988
11.88976870602034
-5.468704736550444
5.66870790705029
-10.10547403290909
-0.6293736542975994
7.808863247680272
9.804337307330128
12.37164293455426
4.923414972336638
9.476100386283214
-2.747989167489301
6.218816329619223
-2.843247163075845
-8.090375926594854
-7.074107069415067
7.490396322526892
-9.062063503344913
-4.509378073978594
3.928858899719018
-2.774321539526385
6.507152747816701
-4.81862519257702
5.147349121125905
-8.533436210363833
-3.875791303623672
5.515774722524065
-9.509767185492253
-3.065612567673512
3.89571838720894
10.95455121657283
5.724800575047611
8.413048335528821
9.281474283417397
-30.79418991990791
-13.17983517256583
36.7889967406884
-11.8474211400919
0.8684259446978001
7.312580559466115
-6.22106079394859
2.508162818501596
10.6335768477609
-0.100496049947434
9.719917329940513
1.122592193679927
-7.025800558396194
-6.791137486107598
4.657644929949478
-3.561537440861836
9.391566048279865
-8.21918240153604
-3.656402702473464
2.700924652111572
6.444154617117975
-1.359803628291593
-10.73407290657748
0.4033397162267013
9.132563306947414
6.711915480065848
-0.9136595061144035
11.13741263302847
-6.690641418174625
4.552685446178201
-7.671404159063336
-5.247128763269242
8.438236958707492
2.424275405379649
4.562779710168837
-4.804417738614507
4.65195362692507
8.79041314276053
8.729223600945266
-2.42064781654391
9.712519685872639
9.456371362166369
-14.00165877235233
-9.331129585999042
-1.67298335077594
-8.090653468340898
0.3475661158994052
7.156254000215049
9.18286765739656
-16.3495234419843
33.35218083255818
2.85064631288863
-13.17661961251657
-20.66259238531469
-7.62557497436111
12.13316749958011
1.589976076095067
10.02819566345211
-10.88135737589436
-4.313068943330995
-8.597325123014295
3.304545724362573
9.21555104373204
11.47892802381126
5.050133719484662
16.06372246833673
-2.349894159031105
11.9018708341303
-8.148392745465188
-0.1011380560504824
4.584794444526104
11.23151203980408
8.211510433332796
4.602980913578761
9.273510082219223
11.01358877951865
-7.400027916022141
4.670529177497032
5.911005307945702
-12.00300886710685
-8.287979892384138
0.5412574642404521
15.89729087006191
14.61466778105591
-3.000177910953216
7.679852757904278
1.740078712180776
7.658146243862058
-4.318291270863978
-3.983409667085469
-9.213160309219809
7.31801591155408
7.754362460058645
8.611996777479687
5.918067505457816
3.626715996139885
11.20586948909072
-3.020001613804845
9.426479168506656
10.81942960296983
8.829237354295694
5.287801987410495
-0.2561483252911595
11.97862653274898
-2.104971833290993
8.777180229121671
6.730329706719839
9.965974315303464
10.34722678451582
-10.92156419922941
-1.470918974253008
6.366705909494457
12.91423140880565
-9.29287881601304
2.162376588848677
-5.764149598306743
-1.20700421407454
9.45064521836969
1.628685389822681
10.65764942619684
5.87548754309771
7.837624882525883
1.962137336027675
10.15170404151232
6.568137416546262
-6.156737711919971
-11.22254689053205
-3.032980181569213
9.716550438336089
4.911649600457011
14.59792914781515
6.547525497667418
8.18956670736762
16.13419649230934
-10.75185482075808
9.586670995567708
1.267776023932506
24.4176710431154
3.52872922415603
1.550835846627106
-11.1740392724715
-15.5220356877582
-8.689969925133296
-6.12266434238613
8.047254682803416
0.2346630505231775
2.567305616529541
6.357327365691124
9.033328554638793
4.138459516283241
-3.201446302890433
-5.248296826447493
8.705321978865094
8.871207428175294
12.44648079501137
7.579153495525376
8.438219585798889
8.835301541535378
-8.748217913729345
-5.239754141519002
-1.689385084916119
9.61204049375176
11.61707295440553
6.779876704694034
-19.30272497243772
-4.471724925543518
11.9284589976725
30.04683804609985
9.8804899053232
-9.616445424800668
12.74953061523444
-3.58356662436154
-19.63010394326772
4.748210068452714
-14.74872524181788
4.881378707504486
-12.72487512731771
-7.85123447570797
-5.824620820278235
8.128997981701385
6.222175843274013
-4.894869038360292
12.07265373032862
3.508463771704048
-4.418062419295346
7.058832828987007
-7.92652618895641
12.01963084551866
14.83100004713552
9.686279547740773
2.026613655972754
14.07341031764607
13.95361880306006
-23.05549934272551
-11.32134289193618
17.90825739178262
-6.312139444753551
20.81467276280745
-1.282623090669117
17.44433610577092
-8.21743811049391
1.417070174692626
11.73415645063953
-1.906822137091708
0.1658854484664771
16.74335989807104
-13.64097858693225
29.22960028335776
5.085980611914341
18.72695919785566
-6.357914857869997
-30.5015345252247
11.25643988946544
-24.1436196708632
17.61435474734243
2.90641537075826
18.94676878074553
-16.02726592850306
4.479650320253539
-4.839377585482127
-9.319027909350982
7.178648527835819
2.078693163674032
1.016268857429131
-4.347996442449872
-4.867327295212803
5.812703375116883
1.392950436010982
7.961238873671965
10.68003066863697
9.634508282212526
2.148535499146051
-7.485972777932361
6.56828843493592
-5.229750641829879
11.30142557865387
-20.33452011902785
-18.32948765847545
-4.284763990435147
18.75768954844797
7.719960793285781
32.58779578661444
2.005032461115722
16.04975612846975
1.293980865924933
-4.837196249088235
18.31269877102857
26.0494484520525
-23.79716577231029
-8.183756193296245
14.85869734622467
-7.219691322587536
17.25661439381639
-22.9395314550452
36.74288227433367
16.57747444946435
0.8576343171103628
23.14989501949349
30.64754418424531
16.40018392360458
7.736749682379951
23.0424535390289
-14.75577526222974
-40.07657191479866
-38.17148182923896
44.05655561654477
-14.43195256891423
11.83788934636792
13.83010623846596
29.26738490838927
21.88418492824557
-48.63641787970666
-29.86279789547844
1.905090092067478
24.47630571614492
27.12681220783184
2.650506491727227
19.4862678808491
37.46447988787106
-14.24736026052899
-22.91079450202136
1.957040490393781
15.2969911480612
25.51816897995578
-43.3869457983924
-43.18158170043124
47.51032280545483
-0.2361779771472107
-41.53367180600701
18.11837904817605
29.54435140825339
-24.160317097411
-31.54351707881282
35.35840427254807
-13.56530507190042
18.20258292015825
41.9421121915738
16.04035341091602
34.81397339623958
18.77361998548216
24.86783499343128
42.24458156208934
11.42597235999667
-20.1663481313465
15.43727867010282
25.23357878921248
23.5611284905782
-18.71961699046219
31.00280425914965
43.15076782964481
1.853273991603142
-20.39206728958991
-7.383199980901368
9.796300118930725
59.51872136945799
17.97821200708183
49.72242125085054
-1.672450298815108
6.583707919132303
12.14796357173434
44.06012279414269
32.85354984443084
31.76788799191123
23.73952926587024
-21.0120933296188
-32.21866627800228
28.64869871223945
26.26984191767566
-30.81860920961713
1.647909900318813
32.46651911187733
10.2211778315957
-47.74650078740897
-15.83434157112282
31.13612452061658
31.91215922109223
-19.49693532019746
-22.24534128150539
-11.2065729490476
46.97046609173906
49.66079204101879
2.690325948439884
