12.36084341605247
-5.265748225029377
2.263810914102213
-4.000753247313528
-1.310628706598252
11.57178140712176
-10.12570839852423
0.6918281658270095
50.64591226617965
37.380212190784
46.39431545347256
-11.8745477926757
-14.37532510119324
13.13873838382611
-2.38057338843107
24.33479112001918
21.01689080429625
25.33509914927598
-30.09439602850507
-7.033613845482316
-11.6865452853065
-1.941051590274808
10.4072755469092
7.662005120375781
10.0857230779569
-10.19581895139473
-8.363014918122234
-1.804980281119397
9.839468281477092
15.65637283676843
3.108579717847306
-6.50093652268488
8.786943737130931
11.23333285937627
-10.55070872245548
-11.11625945409417
-3.035717730942717
-2.307292198156888
7.996541632369607
10.44640354405239
10.28467292867044
-6.869429114024713
2.626186398718353
-4.423039977392604
7.742418669694611
-10.30466064756237
-16.70071803464462
-4.837185999836987
8.598165063676161
3.052796273592599
9.212829676522878
15.39707584207397
7.396365400374296
-3.317900315762112
5.787559592692693
-8.000710461293183
-9.609516249381311
5.678364028132861
5.356746457344073
-10.71426572224166
-6.396057383308127
13.3574569182411
-1.133682703211571
10.72984933110765
11.40132122264195
2.660552818923974
-19.63043283698059
-25.6194889404645
4.318208345038664
11.86353203453209
-24.48580623806575
-32.36871299512029
-7.658486531239816
2.371333297867456
10.39407332157059
-2.54225424105463
8.000229946654116
13.43535106435396
0.6714718919156477
7.196702965218416
-7.383336241589291
-7.704953818732732
2.112279299093111
-1.54492041664976
12.14209911982235
7.193906042363414
-0.3216175703928144
9.495615540061975
-0.5655507308850936
-6.238648099975953
8.243416524690751
0.6146646159216634
-7.255553605457996
0.8874734991961011
-8.329129951036647
3.247611676984338
8.465972073806171
6.488226858902459
6.160033402473979
12.19832844204923
7.035677098380635
6.525231073868527
-8.740768403261313
-1.473753932419961
-5.162651344083363
-5.673097368635878
8.080541725558062
0.9590974634557731
13.24319306828351
-9.274233604108105
7.892753100507631
-8.509431029600485
35.7256094002328
20.90390813762532
16.96939823363853
-22.16688763788307
-44.94944553911611
-24.45790241790625
-3.290182314015223
-1.184160920757403
-8.640622284279512
7.742077055980842
9.319004355726463
-10.23333106626042
6.933655636040648
-8.288196143761763
-1.453922829279686
5.433635527874466
-5.350439968161592
11.03225936607617
14.8284202770807
5.61181682546939
-9.158646663461466
-2.271088307605487
-5.433434073948569
4.982242181385421
-11.016780682801
-10.21928183259176
0.7648025745342915
1.945134920896934
4.514568788336358
0.7974988491456687
11.78158325797264
-24.29991621798998
-17.77641686540316
44.39734103661489
35.10221866737511
43.76336012555994
-38.80846874685405
5.327952549719009
26.83705331842305
10.65283312030358
22.65219127942465
-29.75012211275402
-5.288002275420691
-7.456461365624585
-1.073576343658103
-8.95648147462451
10.50316527979849
7.267014470019012
-22.29098565458875
-1.500020108135944
-9.216603452153018
-9.846178092405006
-2.985651318196608
5.600753364822371
6.388813676097973
12.35490966756357
-7.882905132136789
4.603087550063067
11.43736085977751
5.403694284156417
-7.750532719893756
-9.849788148044277
12.1644167511905
-25.0974150658285
-2.288458947808117
6.834273312879936
-14.45287569915546
-6.033666575249571
6.887558356505213
3.725212588443156
-10.25042667981525
0.5570562038046249
10.73061860254031
9.254140464894178
12.23458752916585
9.758879162388357
1.663199330971068
-13.15422700171237
-6.810304092149267
-20.20701512090208
10.41567625419807
5.095574881196707
-8.095679830316868
-5.320101371186816
6.860526776040772
0.1889287179801205
7.227208120769576
11.40871704609614
-6.844614251754402
-9.81160107894997
0.361961323160721
-8.459596690233285
-4.278087756214613
-3.317247957064335
4.90290403597783
6.057217047211637
12.34596877701477
7.038279408304494
12.18062814586708
-13.19125471041306
-7.033542974186074
4.181508932250055
5.142348735034735
32.09464245080113
36.93709209591933
-41.98106523782371
27.19304183280131
0.1947740289140237
10.80748288405832
3.328116616209256
-12.85610357715922
-11.04675571670726
9.180991791738508
8.948071274871539
-1.080039586153967
9.37446499713856
6.157711733993858
-4.288641369692245
-8.473503421056353
-2.966986831647394
-10.44635310153238
-7.479366268287271
10.17356239905814
-21.04830898171157
-2.099255427102228
-22.47399995313933
-7.052788119756865
-3.85990256084084
18.94905355548073
-18.68160382139361
-29.85253116833841
-1.425690972050429
-16.1842201933682
-4.184862045181257
-13.39671102668921
-27.94019355650485
10.02981982320779
-8.981095240173662
-2.922827612234258
-7.871020690552914
8.550224182656596
3.772600495573065
8.549683529736418
-22.02294087398816
-19.18364582663274
-2.699330552453939
-10.74784941932155
-21.57748919889826
-7.628751910002937
1.110074549173148
12.75369573898891
1.435433523094062
-7.995845784953398
0.8516013594348663
6.59626221587352
-6.220307844165023
-1.476478133741346
9.966716124324625
2.980447070603252
11.44319425416105
8.462747145902719
9.745493695031165
6.523499353922213
22.80895611719186
-14.82170126173165
-18.75621116758305
27.63762267895382
2.357912156376785
-0.633980910643594
-39.06938848733959
-5.989056103102467
-25.27971052249373
-28.27160359011338
30.94368894066148
8.661141459585073
23.06078218338488
-22.28254748616704
-7.882906754973135
-11.17092734637338
-43.07079577489434
-4.901600619550472
28.42684019691828
-31.89986842909234
-41.42730064941043
-9.7440502658154
23.58439054624116
24.46211983993846
42.17583926673692
19.39328138008796
-13.26570007415634
33.32844081801898
15.42121183269529
0.8777292963019273
-14.54348253371184
-22.78255789328367
8.73882645991953
-9.155672986051075
-1.712608240436283
4.52001988899937
8.497339880144562
-2.713730572140964
-32.65898145486466
-23.64487819044058
20.49154311328888
9.014103263928508
44.13642129701681
7.443064739080675
-0.2329205158840742
6.441942424129014
4.635899477316992
12.16545862916566
8.02274002605788
-4.948193077888877
11.47305179304795
-10.09703250194985
0.445451676091277
8.435796407400783
3.450311766964982
-2.393843373266899
7.529559145490263
-8.048518866847322
-4.643677169843246
1.832804033272118
10.54248418695934
-4.985484640566547
3.404841697237968
-7.605142737688384
0.7851836031836459
7.261664815860308
7.745180325750677
-2.299326167945374
-7.605683393766681
8.390326337887251
-0.0005406548466468231
6.476481203349077
0.4835155109341057
6.558034647254301
-10.10728527280405
10.30945839688282
-9.487109537214002
-5.008758675210917
2.166333057435126
-4.25370744444322
-8.138283490887943
-0.3798755996629995
5.487993491433302
-8.496080485765773
9.247249716071883
6.074519142611795
9.741700937311853
-10.04450649206737
-4.24237304595457
11.64444857116158
3.667181802117529
-9.829088768825981
-1.874246884869779
8.864143855412276
2.704213421185718
8.506346864541339
-7.379226849421942
1.5769272981739
7.954841887511883
2.449861916816968
-8.565933250657501
-2.188018655918563
8.550372091066173
10.93464426583525
4.383786390836629
-3.347572859553762
6.377914590909782
5.218360393571451
10.73839074475534
7.758407889454461
2.384272172186872
-0.3577969915445769
-5.653236253652429
2.285886261332528
8.794692101964662
5.987271491634885
-2.53748360233165
-7.498438986015359
-4.93379288151752
-10.30792859896966
-2.075855229647667
3.666236528200729
4.693332432767209
6.771383815963576
-5.374135717212472
9.627125314215839
8.232073370047434
-6.550857878984633
0.1155940417783552
-8.116479329690554
-1.476559989719562
5.742091758573631
3.896889027155233
1.546275520579157
8.212727445479603
-6.185083733214169
-8.162828951123799
-1.408672651867961
6.996920317266345
6.666451924748729
-7.731359251564203
6.639919341959726
-1.21580713119007
-1.977745218390371
6.754156300006644
-7.950046924484255
-5.210143119501223
11.14955645925425
2.167009713173185
5.599487024119392
-8.967352268087543
-3.001256274198332
-2.678600547337206
5.404336697677986
8.06972606636581
5.966095991937949
6.288751728304052
-7.855726475138187
-5.190337111150717
4.926719532544544
5.373449020420268
8.405592969865561
10.74832661483922
6.232628122565393
2.665389365475332
2.739903806851502
-4.515698495833061
10.1170566406767
-7.255602304894206
10.80963014614654
6.15299697518034
-3.278282323428473
3.977319985992286
-7.977266792012575
0.6201757355895686
8.597442567286665
3.759256224261242
5.802133444734293
-10.08344026703419
-5.306357227725026
4.777083037405617
7.93912251682433
-1.845202731468133
3.105147288704737
-3.939624062044824
4.132502541512764
11.28232644552185
-1.535113418233904
-10.85165067475834
5.63997839407784
-8.773599290969914
6.508805842667774
8.072126600226918
-4.833975226755348
-8.386243937948612
-6.822923187993942
0.3269007116875615
-0.2531081072043077
5.63869950474744
12.3216524979358
1.563320754228089
-2.807420606758588
8.133135835271357
7.149823904579696
-2.500777306604774
-8.143125339447266
-5.642348047312082
11.99475174950544
-4.587910484004191
-11.93118085604944
-8.078027479435514
1.885008497383768
8.701968583157297
12.22988093060376
-1.942908329967637
8.997648113389166
-10.4676634250218
-6.892801544722711
-0.4828799294732903
8.206796834065155
10.94055644134917
-8.524755093046704
-0.7908512816985516
5.891807623685019
11.54257155581565
6.546966692525706
3.574861879522688
-5.407684870368096
-4.96095538211333
-8.982546749272721
-5.550069435342784
6.409921614642265
4.639102439193716
0.4467294874882758
-5.5724511887697
-7.343270365863282
3.11722557420976
11.66167984207355
13.28987906744502
10.18917187237646
-4.656633172249944
5.329329328779857
-1.770819175353855
8.689676761239475
-4.859842543795353
3.853153376983594
9.985962502313386
-9.431279302542427
5.160828686334621
-1.348436080369808
1.214538791960503
-6.173569906573171
12.18146475688922
7.36455983637383
-4.82513382236668
8.712995917121546
3.315762815156503
-6.192007184904107
-7.551461888294672
7.210689120724092
2.793410544199334
-30.13046712987283
-5.216665246896224
37.02721294295554
-25.38236968153603
-6.986839889893028
-11.21107046064652
1.775537946397215
-7.306482554736384
8.527804515836161
1.455895296168896
-6.834931232058417
-0.6175193616523482
6.869502039351839
-4.224230576363318
8.762377841898925
0.4715513285887479
-6.601329336348751
-10.02811086562743
6.67486294757766
-2.807336486439391
4.297764200152853
1.282746569537038
7.22077438456709
-2.377098754375742
9.37830923595404
-1.013341172850033
-9.694098097677616
7.028817170054412
5.938027796661123
12.02677470612061
-13.13276956732037
4.717129046085866
-7.388108702370192
10.96692597162203
-6.26245513464352
8.193226312764729
6.088746927166983
7.10510068965861
8.544454265881805
7.337817979447647
5.650763923887267
11.02986571126209
6.682953004692389
-4.9956048717315
5.659777342077422
11.53443162384813
5.379101794150277
-11.52980657625755
-6.397875958673773
25.97970380474604
6.350633248331127
-9.979413648120673
5.744660860694568
-7.071909210661063
6.870314440148942
-1.658302485835327
-10.97958418240641
3.476097261975562
11.88713791469538
-5.46747366497955
5.667420021525994
-10.10718317573145
-0.6290729254615552
7.805457473067936
9.803244194112501
12.36705326845328
4.924751208069735
9.478110256116747
-2.745270434827451
6.217411876316522
-2.84293070930052
-8.089234425412222
-7.072880669420864
7.487021415250547
-9.060342593482295
-4.506983533266574
3.927546919918307
-2.773699656228624
6.505585758381165
-4.816904924051192
5.146131055555099
-8.528616943632892
-3.873389191042124
5.51211053136787
-9.507769999176622
-3.064963935382175
3.894926304330583
10.95245311765764
5.723731068436926
8.411040658740081
9.279285411388569
-30.79199108059396
-13.17868010968039
36.78905276083652
-11.84712834978332
0.8682447500956803
7.311050811512202
-6.219717889251022
2.50760928262394
10.63187103895173
-0.09968190046960251
9.718129153274001
1.121903930337402
-7.021340305031961
-6.786792468986969
4.655227770239172
-3.559474509065945
9.385499739421334
-8.214702302727433
-3.653106498225076
2.69838920153368
6.442806063232958
-1.359454703940924
-10.73155294620086
0.4033407242925173
9.130667879333689
6.710506850964366
-0.913741876875761
11.1348936784018
-6.687110554847978
4.553359072754488
-7.670021657728743
-5.24630371579205
8.434530441663886
2.423717949287382
4.561595813125983
-4.803441527071477
4.651085024086827
8.788695003759155
8.727327162949756
-2.420161020404598
9.710675863127792
9.45452654852898
-13.99925280374399
-9.329511767683282
-1.672684837757669
-8.08921172702637
0.3474474350169731
7.154874112849298
9.181026235275828
-16.34594667466601
33.35165322203693
2.850999297247267
-13.17470648116446
-20.65865905043333
-7.624248718748821
12.13083688124626
1.589656813940242
10.02631597842868
-10.87995324122131
-4.312712375767863
-8.596225212933129
3.303864438926428
9.213905527377342
11.47718042626868
5.049389619582588
16.06120879992752
-2.349492065899152
11.90008964185578
-8.143244230427637
-0.1010858760450709
4.584028373659462
11.22959287453481
8.210110303946715
4.602293758223255
9.272034780974952
11.01181920354595
-7.398881713889242
4.66974102940637
5.910041079760659
-12.00117550051959
-8.286444046258692
0.5411149086682082
15.89397118330399
14.61159433221228
-2.999582965191047
7.678416219235102
1.739784433813514
7.656826936589621
-4.317442000058519
-3.982688760873052
-9.211410810502128
7.316701373498043
7.752863559411866
8.610393428836263
5.917042483056474
3.626081935839396
11.20390356598734
-3.019482576140643
9.424766560582443
10.81753656427766
8.827558953105983
5.286861085743145
-0.2561493158862037
11.97627222194889
-2.104520900530982
8.775429474220235
6.729057898512083
9.963035980720846
10.34487243323819
-10.91921074949266
-1.470464801424879
6.365598109049134
12.91184256216109
-9.291011531162843
2.161962266403338
-5.763099188447105
-1.206636280738319
9.448745943007296
1.628199223389912
10.65538221900213
5.874654286294787
7.836062909575569
1.961408620620354
10.1489998979288
6.567462207926567
-6.155329823289901
-11.22047162243495
-3.032880342407154
9.715628871672301
4.9110184567429
14.59667389695166
6.54624445188396
8.187591278842978
16.13149008022519
-10.74988029635339
9.585245629012903
1.267578385912378
24.4145419023493
3.527912347730324
1.550392928158152
-11.17239909594505
-15.51931177486886
-8.680756950412597
-6.116947909720778
8.042158349440475
0.2345478194743609
2.563809066276503
6.351495708382213
9.03157879017636
4.137609979980922
-3.200842747114023
-5.247214323799907
8.703558886746409
8.869462812392008
12.4442491463461
7.577821632123993
8.436659163266091
8.833578800175758
-8.746589825222332
-5.238806944770078
-1.689063011919263
9.610327122629203
11.61510448899162
6.778651738723066
-19.30164314073874
-4.472346867964125
11.92802021280399
30.04583976163855
9.880135312870673
-9.615987700310129
12.74850921054236
-3.581537689542856
-19.62907056196989
4.748097455309853
-14.74802554276548
4.881045023802848
-12.72279203032994
-7.849593636338451
-5.823441515330978
8.127331692686566
6.220885788921427
-4.893968810335285
12.07030555889118
3.507782880322181
-4.417278577269053
7.057526813173594
-7.925061456080883
12.01745868285423
14.82929627297137
9.68565544049738
2.026152121492772
14.0704794242115
13.95077320883855
-23.05485233012446
-11.3216834131582
17.90676783285673
-6.312050832222142
20.81174597962145
-1.282376852384144
17.44254259941232
-8.215554962775872
1.416836816744287
11.73316891693506
-1.906445902717046
0.1659039249219979
16.74280149816081
-13.63961481906381
29.22845124573228
5.085304634516963
18.72491945285581
-6.357507320816958
-30.50065392898318
11.25580365009223
-24.14314661082768
17.61331097091391
2.904978146576224
18.94486273151541
-16.02570578078038
4.478350884507864
-4.838186382709545
-9.316537270039285
7.175091772479036
2.078051383492445
1.016353756310618
-4.346912699519629
-4.866427511017531
5.811571674450697
1.392770004879446
7.96001087422331
10.67799918421121
9.632391777286827
2.148439200229775
-7.483952573163017
6.567240867262941
-5.228722049425
11.29939013445992
-20.3334994558222
-18.3287220895505
-4.284684868000376
18.75593192397873
7.718443131895392
32.58622929625496
2.00477736684201
16.04881458769539
1.293692055351461
-4.836452749709353
18.31051076756825
26.04716522174303
-23.79583140491885
-8.183179004049624
14.85743778855678
-7.218933831711424
17.2547604420657
-22.93830153556538
36.74068535164225
16.57689757302779
0.8575298691899764
23.14696351671833
30.64736640870527
16.40036708115423
7.736654455538101
23.04061679212069
-14.75512253198906
-40.07773441297514
-38.17235358571445
44.05428748999014
-14.43233373877859
11.83728938933701
13.83029737257114
29.26679557167017
21.88324756322429
-48.63618110980935
-29.86198400555736
1.905380832209356
24.47369427359703
27.12379681205576
2.650102538488751
19.48592490991577
37.4641842290569
-14.24699932744472
-22.91071195331929
1.957074210136232
15.29652980063376
25.5175628960697
-43.38708256905483
-43.18169021908032
47.50869116229478
-0.2361785454884201
-41.5337505088231
18.1178195486766
29.54352912775365
-24.15956921877114
-31.54311722843885
35.35919175364499
-13.56485790937477
18.20250693184385
41.94252678722366
16.03988458564341
34.81408169068672
18.77419710521494
24.86778616446672
42.24387818979668
11.42570957899676
-20.1657044416125
15.43649819928281
25.23265379380395
23.5604886869447
-18.7195780713721
31.00302730562465
43.15090402996518
1.853332059635168
-20.39174317866201
-7.383548009196885
9.7961555943379
59.51876097194477
17.97825931921242
49.72260537793386
-1.672165107042354
6.583335033719153
12.14787672527815
44.05929149684584
32.85295816946124
31.76736484109552
23.74001985115799
-21.0106647802314
-32.21699810659921
28.64640617534308
26.26962312994048
-30.81816861652927
1.647939714725284
32.46610833274378
10.22103309514364
-47.74486971144938
-15.83345494454533
31.13349146904345
31.91141477056946
-19.49612300562828
-22.24507523854445
-11.20633332687608
46.96694641358842
49.65707095493933
2.690124540715238
