12.35986662817551
-5.265386003087174
2.263625964138525
-4.000730982125171
-1.310650971786609
11.57136251541309
-10.12528160425576
0.691798066220713
50.64604623654276
37.38028799094789
46.39433911901685
-11.8740782274436
-14.37459480012057
13.13811857020828
-2.380357089348896
24.33469524602241
21.01700226899994
25.33475632074925
-30.09435432462291
-7.033576092600961
-11.68555566916624
-1.940974611461342
10.40555532187332
7.661011691312546
10.08459420438487
-10.19517214424943
-8.362551852583135
-1.804903348337441
9.838396588974375
15.65530061278104
3.108312351906085
-6.500556250594628
8.78639101507372
11.23256859477002
-10.54984440671908
-11.1153551129338
-3.035460311908793
-2.307092630787072
7.995838473614299
10.44547443227662
10.28388030871513
-6.868909610867029
2.625973654643544
-4.422732018011479
7.741822075436185
-10.30405707077153
-16.69976800421592
-4.836884284132974
8.597598916950757
3.052610125580688
9.212212944400951
15.39598578732221
7.395771993563054
-3.317692977061637
5.787117176724766
-8.000213811683325
-9.608868610597501
5.678078671264514
5.356453382416004
-10.71346497621028
-6.395710929991917
13.35666719370466
-1.133557824509647
10.72932589517156
11.400781964394
2.660393539941738
-19.62987753645914
-25.6189931261454
4.317754051803808
11.86288371985258
-24.48543530238891
-32.36833241368026
-7.657906655255691
2.371105000099528
10.39302590124027
-2.542058216896362
7.999501959656777
13.43448320180893
0.6714560695734793
7.196245943001315
-7.382770282542496
-7.704395577141628
2.112113008557473
-1.544792759036381
12.14112465621213
7.193330503737053
-0.3216252884540539
9.494883290488186
-0.5655107055726992
-6.238237259532401
8.24275177637162
0.6146140302373264
-7.254922589418827
0.8873942658764381
-8.328411569983656
3.247326842594765
8.465232257823898
6.487666471604144
6.15960281843719
12.19751642696654
7.035255098358108
6.524789873970846
-8.740388424061123
-1.473677263782047
-5.162261328976169
-5.672726553477788
8.079894803161407
0.9590447269934582
13.24215613084275
-9.273696153329388
7.89214657956176
-8.508932361052338
35.7261288930586
20.90403972887875
16.96981275463934
-22.166947920888
-44.94955532504007
-24.45797006835173
-3.289896576138369
-1.184062949488375
-8.639906129595017
7.741402215497451
9.318186477108483
-10.23274087914253
6.933101851624652
-8.287704904033776
-1.453803961222843
5.433211724533053
-5.350009551565624
11.03129878803968
14.82714427980725
5.611338442681581
-9.157921574697236
-2.270905890181132
-5.432985148500997
4.981818516685156
-11.01635923250669
-10.21892669272322
0.764763792228179
1.945035973652107
4.51441186609827
0.7974325388149852
11.78112302530121
-24.29929916610427
-17.77585920823183
44.39780315968613
35.10264452083446
43.76379901642561
-38.80877274829128
5.327896543199182
26.83660792691021
10.65264796272611
22.65180593037323
-29.75004810263788
-5.287905466808333
-7.455843181997406
-1.073488978817594
-8.955733309816138
10.50224942964982
7.266711159548391
-22.29027107513553
-1.499890127055253
-9.215805837607059
-9.845325760109796
-2.985397919850309
5.600272210452325
6.388274152859905
12.35386015792644
-7.882244332020957
4.602872657456129
11.43677359586023
5.403492705571838
-7.750389700741501
-9.849471936915954
12.16396266424909
-25.09673170365984
-2.288381930812767
6.83390094135388
-14.45234459526593
-6.033280889985782
6.887015685136155
3.724936425192241
-10.24994792172741
0.5569512636569022
10.72974519256981
9.253409473802794
12.23362198767543
9.758217313978657
1.663135777842495
-13.15388240416107
-6.810046312301125
-20.2064827644617
10.41480366411996
5.095170473110357
-8.095081535112744
-5.319633189360404
6.85992784196894
0.1888983694636981
7.226560815192153
11.40769816995353
-6.844087556797736
-9.81084406894526
0.3619498630996552
-8.458853469371249
-4.277716106760087
-3.316954894006304
4.902485427637793
6.056717187938131
12.34496995324886
7.037662450772753
12.17956103013075
-13.19025200719951
-7.032985930355805
4.181137361018687
5.141898577084487
32.09478089844198
36.93725894820013
-41.98121622573335
27.19316381672444
0.1947680983025501
10.80689918578902
3.328009550721472
-12.85595040911515
-11.04574830116725
9.18020153404756
8.947255136128659
-1.07991699708354
9.373672075360853
6.157266074832913
-4.288380080354713
-8.473182088218213
-2.966756516242164
-10.44564615318227
-7.478889635471972
10.17279392921251
-21.04784733262629
-2.099082235280421
-22.47356019620014
-7.052600360803099
-3.859584673075704
18.94876509816887
-18.68167383528956
-29.85264867876559
-1.425712864150534
-16.18395995983634
-4.184802002200251
-13.39643645023553
-27.93971139869997
10.02901164995426
-8.980314733424985
-2.92253506420013
-7.870329217426064
8.549371226017213
3.772252323568618
8.548853418761189
-22.02104853303437
-19.18220509114318
-2.699389085071827
-10.74723567710793
-21.57572903028739
-7.628137747298717
1.109985515589694
12.75256706007217
1.435245389521837
-7.995030605517791
0.8515298774378995
6.595472735253237
-6.219597339539297
-1.476335715189849
9.965831298396571
2.980212519664868
11.44216701000913
8.461954455896811
9.744581057704375
6.523439959159997
22.80834977206661
-14.82208916336485
-18.75631613935527
27.63763229842145
2.357876198919591
-0.6340041428856669
-39.06990661689534
-5.989115589340521
-25.27975609945096
-28.27163644177148
30.94367534385096
8.661154496866642
23.0607782323521
-22.28252085164717
-7.882897109390753
-11.17097484296884
-43.07098764919911
-4.901617083131594
28.42693581517434
-31.90001280673739
-41.42778282102918
-9.74409513394334
23.58445776031042
24.4621426382156
42.1759843240351
19.39337693322386
-13.26575824446278
33.32855289971955
15.42095983477658
0.8776848802907337
-14.54327495203304
-22.78260739687991
8.738123263590635
-9.154982030563419
-1.712497500647368
4.519654226841012
8.496709609822146
-2.713525575837232
-32.65913517825386
-23.6450840485997
20.49158524944064
9.014051129201649
44.1366692918989
7.442484523905158
-0.232946397062813
6.441456464153732
4.635542098217114
12.16455407706474
8.021920903325645
-4.947794152850585
11.47190628851589
-10.09624066403657
0.4453195036676252
8.434969414116956
3.449985385165279
-2.393523940064813
7.529011973036797
-8.047846592016745
-4.643320472019337
1.832620291665908
10.54156017585938
-4.984984029086402
3.404526120208752
-7.604379821285384
0.7851303308271755
7.261071103251766
7.744576240280278
-2.299045973588454
-7.604897631431519
8.389510149364769
-0.0005178090105998023
6.475940763896414
0.4835051379856373
6.557648513637702
-10.10664954379056
10.30826255936213
-9.48631316540358
-5.008280637096796
2.165915672010622
-4.253363130813795
-8.13754471795775
-0.3798190913781181
5.487486308110165
-8.49533723393232
9.246513888280015
6.074143381398994
9.740849440230107
-10.04362221236607
-4.241974107397646
11.64329994514469
3.666706065594829
-9.828167343696698
-1.874057403646524
8.863361999754721
2.70392138495711
8.5055694874036
-7.378531377918483
1.576784260213094
7.954109943271205
2.449635963416478
-8.565164304854859
-2.187838616903319
8.549580792639707
10.93367737752875
4.383415102914434
-3.347258894822408
6.377325684456117
5.217905412309985
10.73741940747433
7.757725624937401
2.384096582528955
-0.3577925129191831
-5.65270380859048
2.285716794649946
8.793878637346884
5.986690117380022
-2.537275056012666
-7.497738921399951
-4.933391630034954
-10.30702067271092
-2.075647030156655
3.665930821457744
4.692941348426595
6.770834658196368
-5.37362904243511
9.626332978322997
8.231373643293217
-6.550262278306062
0.1156211324172547
-8.115752512220423
-1.47639642728683
5.741577852353158
3.896542740460935
1.546119019752275
8.21200243431395
-6.184554981188504
-8.16212077021137
-1.408532825968509
6.996347476659897
6.665883414414779
-7.730673998842851
6.63935608684563
-1.215654960504925
-1.977565789431032
6.753587944917935
-7.949282416245349
-5.20957664935257
11.14841240767189
2.166790152150555
5.598900784254217
-8.966609073120466
-3.001023065758851
-2.678356316217448
5.403857239371131
8.069053055422795
5.965586005606204
6.288252763913039
-7.855011049262258
-5.189815237515212
4.926257336567019
5.372939171032586
8.404880303301281
10.74740937268655
6.23215172119346
2.665195813150456
2.739705768531964
-4.51525765478815
10.11607257123939
-7.254963425216507
10.80847743586847
6.152367935444597
-3.277908051086607
3.977055378242134
-7.976593900585204
0.6203363783865091
8.596930315316683
3.759027579779763
5.801648103707546
-10.08245275956097
-5.305851659566502
4.776601098271211
7.938420604919868
-1.845035111995565
3.104903837686082
-3.939305817400597
4.132050805261107
11.28124613070753
-1.5347805848127
-10.85071589589374
5.639415797218835
-8.772822585445756
6.508161844597311
8.071356619608407
-4.83351676603182
-8.385502096989383
-6.822307328921177
0.3268879926139976
-0.2530609872640895
5.638458314677912
12.32112577059508
1.563194771957429
-2.807188516687858
8.13244111389378
7.14919532599148
-2.500516570912648
-8.142346887351064
-5.641830329711102
11.99423774437662
-4.587554760007499
-11.9302717179748
-8.077463643203474
1.88485851837493
8.701432924238949
12.22913692037565
-1.942706968816522
8.996922663076361
-10.46667214333049
-6.89219558228272
-0.4828608790568735
8.206137684613559
10.93962962999486
-8.523965172616112
-0.7907849805037755
5.891519312655804
11.5419287458512
6.54657629599228
3.574476560457673
-5.407145698742932
-4.96046386394655
-8.981622258570713
-5.549511623550949
6.40933470271533
4.638607813698907
0.4466818341088823
-5.571990061872008
-7.342716952410995
3.117008501332402
11.66091250730171
13.28898768452385
10.18811943521107
-4.656109501554572
5.328731040853123
-1.770726888961443
8.688998561626619
-4.859388394494516
3.852808075119973
9.984840543538219
-9.430275990062407
5.160227339811485
-1.348260451146507
1.214329535549932
-6.172873664200252
12.1804116951458
7.363936014572641
-4.824613209583995
8.712196466175611
3.31560540450441
-6.191660981337496
-7.55103264493632
7.210324566179284
2.793245756325555
-30.1302143657534
-5.216627028003651
37.02709326642941
-25.38214442474777
-6.986243882164159
-11.21023519337243
1.77543327096113
-7.306005500394221
8.526798897438873
1.455671665909292
-6.834412211537626
-0.6173347432045095
6.868806517915433
-4.223991316388727
8.761677158107764
0.4715932942332689
-6.600985912836777
-10.0271721374732
6.67440286817409
-2.807121297051842
4.297408283322963
1.282626620483443
7.220050845397939
-2.376994591267724
9.377023192190549
-1.01321999691514
-9.69155172460256
7.027592914387311
5.937424208100208
12.02556885054157
-13.13114606879734
4.716563310188061
-7.387203203219756
10.96608216573289
-6.26177095352613
8.192525518228992
6.088144658690891
7.104529583199018
8.543904004201503
7.337361281217773
5.650409425696098
11.02929957583821
6.682667466443146
-4.995352457490252
5.659438505952685
11.53384751616179
5.378890156371172
-11.5289872673775
-6.397593204017327
25.97927455625207
6.35053468551584
-9.978665802045885
5.743942861696617
-7.071127223333997
6.869375122108999
-1.657992388066821
-10.97833426524255
3.475962203681261
11.88653450959512
-5.467187184326393
5.667123656749291
-10.10772114780615
-0.6290042779828521
7.804569843053388
9.802979603928657
12.36586124662639
4.925140731216802
9.47871687518311
-2.744543638144812
6.21707747370948
-2.84286224498051
-8.088964129596281
-7.072579211116988
7.486141274158626
-9.059939725815665
-4.5063635705519
3.92721060059944
-2.773556645062921
6.505218143297664
-4.816475683939712
5.145846480196161
-8.527367526337594
-3.872766882056792
5.511147093720171
-9.507266384937273
-3.064796799192995
3.894719160473832
10.95190295408006
5.723456291365356
8.410572311476235
9.278774785326915
-30.79183814192811
-13.17856517399751
36.78923951605216
-11.84715254062174
0.8682024714678557
7.310672055013749
-6.219410849220813
2.507474736325432
10.63150671176673
-0.09945890076623456
9.717731114739465
1.121721348070486
-7.020162779559693
-6.785649883844167
4.654600660442362
-3.558930686138122
9.38391399141929
-8.213531368047981
-3.652239956168852
2.697723036466672
6.442469585220065
-1.359371664086978
-10.7309656187578
0.4033452075777673
9.130230777592597
6.710183970774281
-0.9137755889966787
11.13431083362806
-6.686190970561699
4.553576166663763
-7.669684383013517
-5.246101884281743
8.433574160551657
2.423582505488558
4.561291419833613
-4.80319731701379
4.650869700148053
8.788253090472129
8.72688557730746
-2.420046799485111
9.710221824921875
9.454067014730741
-13.99870106927465
-9.329143195703933
-1.672621571298981
-8.088873122854425
0.3474135977511374
7.154510192098967
9.180534422856635
-16.34482870374642
33.3508518264933
2.851063107967323
-13.17408800012654
-20.65743136335512
-7.623959551404854
12.13026862226762
1.589578127447969
10.02586485031905
-10.87956444912504
-4.312602659609206
-8.596009757527147
3.303709716728639
9.213537673917175
11.47678359971781
5.049224465563555
16.06063546568453
-2.349430277802761
11.89971946511363
-8.141884123130913
-0.1010712013602093
4.583851865967324
11.22914310703024
8.209784802884956
4.602135855267529
9.271693716700902
11.01141102133589
-7.398654769352947
4.669557867502206
5.909827949225755
-12.00079065060672
-8.286059399348574
0.5410723680200314
15.89309348914244
14.61078052287164
-2.999425630010736
7.67804605754446
1.739717314909419
7.656521630543778
-4.317213914130099
-3.982494760284456
-9.21094142335415
7.316335530845453
7.752467272770316
8.609960438921235
5.916804297645094
3.625932941995918
11.20343806875625
-3.01935830922397
9.424349213941122
10.81707967040904
8.82713176568271
5.286633773666543
-0.2561548113990824
11.97563891181835
-2.10440376980874
8.774956088078387
6.728717054152578
9.962322165121069
10.34427840201414
-10.91859911308876
-1.47035085378405
6.365286331402983
12.91118967351757
-9.290523942282491
2.16185584496933
-5.762819950500657
-1.206542717838238
9.448248254655834
1.628075175454755
10.654790968151
5.874409014363974
7.835637184374575
1.961228167547036
10.14828029432077
6.567207695779291
-6.15495735394206
-11.21985850496867
-3.032806375677409
9.715321520327162
4.910805922283601
14.59625302994277
6.545903340997195
8.187052128215617
16.13066442822705
-10.74933382908921
9.584761087833904
1.267532539299449
24.41371434831623
3.527703996414422
1.550321465352533
-11.17184357785521
-15.51847566194289
-8.678331751090116
-6.115450139160367
8.040812917271069
0.2345128805299156
2.562881635332131
6.349963000589839
9.031110899505814
4.137383390595847
-3.200682823157847
-5.246921858014215
8.703094315721691
8.868998363749636
12.44370753196952
7.577505128577202
8.436286721738515
8.833120824989894
-8.746154363079404
-5.238557375738123
-1.68897056935712
9.609859721989825
11.61455159707415
6.778308993799421
-19.30129991347663
-4.472346653531685
11.92788728614922
30.04554293705257
9.880025527375267
-9.615852805613331
12.74812789276906
-3.581072598120709
-19.62873987581768
4.748069947388887
-14.74780837175718
4.880931508271594
-12.72216504890452
-7.849159372947739
-5.823135143520571
8.126881027900474
6.220548783499789
-4.893727509085737
12.06968118632516
3.507596987311281
-4.41707881060611
7.057183793512139
-7.924675796548667
12.01686636891338
14.82895326012983
9.68544710792278
2.026024229897101
14.0697081554756
13.95001617217305
-23.05483266760763
-11.3219664023356
17.90543334688756
-6.312186833722119
20.81033392490773
-1.282312967464642
17.44187001701481
-8.215047430403555
1.416718905041406
11.73286626527243
-1.906332243429057
0.1659040473362801
16.74264583418648
-13.63919850816924
29.22739974896134
5.084984477929068
18.72418298544403
-6.357373454097548
-30.49978872235729
11.25589951382928
-24.14241527069588
17.61327296793091
2.90490057785244
18.94468560195144
-16.02515111026861
4.478032548941285
-4.837902771881464
-9.315935323429644
7.174196345569621
2.077893310108931
1.016384918812911
-4.346632102936128
-4.866202400471991
5.811269288010913
1.392730457555436
7.959692250640591
10.67747168734178
9.631766333408603
2.148422963051251
-7.483343366793021
6.566961791175556
-5.228446662892307
11.29883029123858
-20.33306224466589
-18.32837036966946
-4.284611840063282
18.75518762726825
7.718126369478109
32.58575985010531
2.004691875568596
16.04845040447527
1.293624908092738
-4.836242602732583
18.30993920710002
26.04649673944628
-23.79536955327791
-8.18305089162954
14.85674857632646
-7.218627766498836
17.25393227142563
-22.93787638717528
36.73917339706122
16.57674178662034
0.8574931659367857
23.14618180929039
30.64711805694458
16.40023394006635
7.736557533711532
23.03979946747198
-14.75482549601705
-40.07817919075526
-38.17274156263783
44.05380729221073
-14.43248143721279
11.83716301386015
13.83057222313071
29.26676708512267
21.88242482087415
-48.63639205593337
-29.86194208047472
1.905437632651318
24.4725600377653
27.12252075882645
2.649960721088392
19.48524112597677
37.4641957218765
-14.24688411677336
-22.91056052338413
1.957072956341537
15.29641085551216
25.51741575613452
-43.38723047163583
-43.18182942472585
47.50840350061983
-0.2361675965952632
-41.5338736880273
18.11765565077022
29.54329497196388
-24.15941560410316
-31.54375786956381
35.35958291445452
-13.56480327373247
18.20257644256325
41.94283657572816
16.03978502474356
34.81423500091276
18.77444997634423
24.86763348073552
42.24372029438337
11.42563932111348
-20.16551740312704
15.43619486217687
25.23240410555955
23.56034280080287
-18.7196137327539
31.00317554161316
43.15106288090712
1.853356783061368
-20.39167503792453
-7.384342264997708
9.796209243198312
59.51899851809425
17.97895459597402
49.72278927522395
-1.672061304940386
6.58325366142313
12.14788734015147
44.05919594199358
32.85289811948693
31.7673797161791
23.74026012929514
-21.01034646222399
-32.21664428379684
28.6458862945507
26.26964445274659
-30.81808097852167
1.647955740787112
32.46603672067769
10.22100490033181
-47.74457110057784
-15.83326250301137
31.13289024226304
31.9113086009285
-19.49587832606756
-22.24503182121586
-11.20629782203969
46.96615274527398
49.65623275619392
2.690080010338522
