12.35596523812713
-5.266499105559812
2.263102909779676
-4.000665437757683
-1.310716516154076
11.5707644872341
-10.12640347571196
0.6919856694670503
50.69750553792787
37.41724656966392
46.44047067231457
-11.86580125175239
-14.36936544241503
13.11770200693152
-2.378904613098267
24.37539460743482
21.05639659012512
25.37029789833104
-30.13492118884706
-7.045931324793239
-11.67975076108534
-1.938939680216333
10.3919411745667
7.657231076619916
10.07955509852937
-10.19184510058277
-8.360140400054521
-1.805162302109792
9.835226624561255
15.6566777760776
3.107988059638613
-6.496060868066501
8.785551166223213
11.2336641542252
-10.55331279643096
-11.11887112719086
-3.036036132489564
-2.307843626732689
7.996841777385
10.44438423816413
10.28442939251316
-6.871126611068073
2.626835819028003
-4.423013621852872
7.74254820444949
-10.30008550718289
-16.69551504164792
-4.837487598086282
8.599850455919579
3.052275868919873
9.214851819411631
15.38764439713099
7.390332823983274
-3.318998017348722
5.783595468656349
-7.997311574810436
-9.604048928474901
5.67756310735448
5.355049801622676
-10.70933084184916
-6.395429534149178
13.35236137604281
-1.13131514666387
10.72671229734152
11.39661758818207
2.656638481339774
-19.65831584146952
-25.65436643672145
4.313901308216798
11.85802744377214
-24.52305129022983
-32.41622922314254
-7.657593573661727
2.37250501295579
10.39378335050458
-2.54188118665928
7.998409354331536
13.43733805360663
0.6699052908959801
7.197235775317347
-7.385492986531815
-7.708006292122523
2.112469446280961
-1.545430341061532
12.14256803179207
7.194658681275749
-0.3225133053417203
9.49796243228654
-0.5655583312029172
-6.240102277889578
8.245469170599074
0.615001363481009
-7.257509170062967
0.8871488299369573
-8.33123129292202
3.244932013882515
8.45690559575052
6.481178050659912
6.162575950818743
12.20187442994136
7.037502340237952
6.527330484743134
-8.739979107089528
-1.475100383024943
-5.164372089614089
-5.674543945942537
8.082834994206818
0.9592918686124183
13.24720708314096
-9.279040319929443
7.89531056810389
-8.512602723269312
35.76266548504927
20.92463467971643
16.9885291331579
-22.189447415123
-44.9931125013083
-24.48135593957396
-3.290878519316651
-1.184066478915093
-8.642775033485892
7.741999391113827
9.318374704885139
-10.23833218856166
6.936018699206815
-8.293396623859614
-1.454618981364317
5.435752237006163
-5.351896514338405
11.03287790998527
14.83089499076278
5.612514867737165
-9.163109242945451
-2.272738025245103
-5.436287461007612
4.983557303095471
-11.01736156056798
-10.22472064277595
0.7664375958752263
1.944935564658981
4.518920432073895
0.7926409177495081
11.78379915631813
-24.33382441883292
-17.7960338895821
44.44447599103952
35.13741398563935
43.80958358093222
-38.85029091199218
5.333820424252816
26.85999652015792
10.66215530343245
22.67257867452294
-29.77920993465257
-5.29606442075828
-7.458708554401346
-1.073722122798438
-8.958975016293014
10.50244118430651
7.264878724226616
-22.31495432203506
-1.500266462106083
-9.218380122919275
-9.847337687363455
-2.98423079920626
5.594029221652825
6.381454434331736
12.34143583937341
-7.885252893077513
4.608699799931157
11.447477441534
5.409324586810667
-7.757806398777185
-9.856446011865556
12.16965620698327
-25.12646533578775
-2.295489603541934
6.838777642451903
-14.46514581118871
-6.038152855091663
6.890371218035563
3.726821781574893
-10.2509175552541
0.5628180550848748
10.75279662824366
9.275800822122873
12.25940522816981
9.764974636490209
1.662860396158577
-13.16713098524218
-6.817369331449423
-20.22755831449056
10.41984476371576
5.098838636094364
-8.102114240057984
-5.321006127583219
6.863106888671804
0.1877671351110705
7.229054284965643
11.41088031133642
-6.852910518720329
-9.82554830601295
0.3644302679090201
-8.457189490715198
-4.275363464677936
-3.314363624509175
4.897462958934928
6.051321611017253
12.33531712155917
7.041287150328091
12.18411301662838
-13.20095287587843
-7.040677654447283
4.181826026156603
5.142825866497115
32.1267461206273
36.9737260853288
-42.02496019495695
27.21959117673402
0.1940248003868603
10.81373561041502
3.333286297391957
-12.86455491891386
-11.046450043008
9.172826424259025
8.940823965201679
-1.079945040802684
9.365685234305724
6.160275221588231
-4.292811880187055
-8.480229727032015
-2.972637787908816
-10.45308710121427
-7.480449313098701
10.18997857323609
-21.0738695528511
-2.098639613696034
-22.49738336849083
-7.0604273291215
-3.855745792073342
18.9752299395075
-18.69377659630307
-29.87513736986367
-1.423513815768557
-16.1978412163055
-4.187417846240014
-13.41018898246543
-27.96864309542567
10.03009858607002
-8.980137061037386
-2.922606496420864
-7.870515846624072
8.544668237879879
3.772090801607589
8.543622251899778
-22.05883919622168
-19.21603698879703
-2.754387640290071
-10.79227059590093
-21.61141098459133
-7.630467807606685
1.109621214378831
12.75222786413273
1.433673712033318
-7.988300857580626
0.8511554027195374
6.590021153689934
-6.21351873111276
-1.476995805727368
9.966505001785414
2.98360440658727
11.44350080711923
8.459896397318838
9.740811080868459
6.537790530073039
22.8309757319329
-14.83803080510942
-18.77413635231418
27.67115638759641
2.35922950505108
-0.6348924100880375
-39.11065556685152
-5.996050595253466
-25.31192688280959
-28.30604879764705
30.98216779705103
8.672169595353489
23.08898986407227
-22.30999820219503
-7.893177932773249
-11.18136077367899
-43.1140820947238
-4.907154943977103
28.45162355396301
-31.93272132092664
-41.4698850724505
-9.754134908825776
23.60464358856726
24.4831455141477
42.21898499534317
19.41531991039587
-13.28025896817543
33.35877849802385
15.436956039398
0.8785019258333346
-14.55845411333836
-22.80366508550568
8.74008902228692
-9.149499332223193
-1.711645167956249
4.514548706602391
8.489292185590331
-2.711379248055909
-32.69557887862135
-23.67235477584904
20.51175656104192
9.023224102739542
44.18411133630982
7.437854163328218
-0.2320024594352638
6.438120085882201
4.635959808599536
12.16556182489759
8.021278338080245
-4.947909350359877
11.46727473397634
-10.09286232834705
0.4474282117651468
8.423766392900921
3.445996395872108
-2.395373995928603
7.529602015818901
-8.037882955600582
-4.638354085806275
1.831704700527906
10.54029054083878
-4.97776999720219
3.399528869786009
-7.593850291320138
0.7834485760490991
7.253507363115353
7.73737347034021
-2.295915059102472
-7.594896277578513
8.377298866929863
-0.001045986060978082
6.47005878632562
0.4838661073389072
6.554978098972962
-10.10829816321455
10.30566839084116
-9.488109863524208
-5.009927723816605
2.160276742892193
-4.251465089808418
-8.130753225889443
-0.3790037227843808
5.483617057535064
-8.488847653251229
9.242617901182754
6.071111992027119
9.735082147449349
-10.03328852914678
-4.237382564329428
11.64038892736738
3.663970155881132
-9.817741637370547
-1.871684201749634
8.854313887556291
2.700313495599037
8.496219460148129
-7.370199175374715
1.576375314061728
7.946057435582206
2.447542461829616
-8.555203659440695
-2.18552153796526
8.540476551999362
10.92333857421275
4.379267839863238
-3.343230077678956
6.369682121230164
5.211973582178482
10.72599808947609
7.751749502673
2.382862022033446
-0.3580944269742548
-5.650332043520744
2.285272491296928
8.791585644083129
5.984689137488842
-2.53639551626008
-7.494303283271779
-4.930837588961108
-10.29972507058297
-2.073865832709227
3.664573090054407
4.690784036140049
6.768469025976704
-5.368887481426738
9.621621624356736
8.225859238676886
-6.544070735142799
0.1162795141831404
-8.109579725035255
-1.474780545664974
5.738438923566669
3.894467684320957
1.544207475770706
8.204557725959745
-6.178290443008799
-8.154017988918993
-1.406611371951099
6.990647453218699
6.660350250118912
-7.72249791797856
6.634799180480552
-1.213910274323601
-1.975727545620257
6.747406616899168
-7.943544871906465
-5.204834953824916
11.14171375806701
2.165051407306387
5.595383313410497
-8.959132048970337
-2.999150642902614
-2.675136540533093
5.398108182387978
8.061322521348258
5.959981406231206
6.283995510131362
-7.84870945591409
-5.185495117305846
4.923101164346011
5.369248230666581
8.39725882525847
10.73645906200987
6.226193873869553
2.663214339127332
2.738709917405408
-4.510265188854146
10.10859628043264
-7.248975105045736
10.80021826683016
6.147742943562526
-3.274231626784824
3.974743478290374
-7.976418773729356
0.6201882996898129
8.596607077288191
3.759000843198451
5.795905964683345
-10.07051267018724
-5.298981218441724
4.771531451780044
7.935604535002413
-1.843971239798602
3.103895936848171
-3.938609357710847
4.131080195287855
11.27981736443558
-1.532214569100051
-10.8480029483604
5.637989904860087
-8.770317956847745
6.506313153414006
8.069689552593051
-4.831708598592593
-8.384407044575898
-6.821030645985842
0.3277065232720111
-0.2541556351617268
5.636751162033273
12.3181673586967
1.563376398773001
-2.80689650611872
8.130251410063201
7.148737169443873
-2.503564190340586
-8.145391647948475
-5.641827459214522
11.99046083237097
-4.585198812038001
-11.92558343985811
-8.074884310293649
1.884061232060199
8.701839352933598
12.23001924194572
-1.941628064812881
8.9955198524386
-10.46271271989144
-6.890105200507877
-0.4830320568262239
8.203932977996514
10.93714791647422
-8.521084654301422
-0.7915868732103566
5.890906797964464
11.53941708782937
6.544210455704014
3.572607520552183
-5.404054832789407
-4.957907766764023
-8.976662352515303
-5.546330443974419
6.407073144045384
4.636210729598507
0.4461470661850328
-5.569522213715802
-7.340384628389729
3.117442821458273
11.65932535479972
13.28703816518478
10.182541172632
-4.652475322803151
5.325350097424395
-1.770862414722128
8.686965035222045
-4.857191074652653
3.85069912968227
9.97782541976285
-9.421974569878479
5.156347440968049
-1.347102900545754
1.212614812513755
-6.168580879703542
12.17490208932995
7.360787301121499
-4.821477979373037
8.707890202955719
3.316168786109907
-6.193598566885719
-7.552139323147974
7.212724074287333
2.793818685886644
-30.14620125104695
-5.219123829668343
37.04161413490747
-25.39528751571482
-6.979295970309166
-11.20067143504192
1.77478212530136
-7.300636671757577
8.518115556380621
1.453441422919023
-6.828883732758886
-0.6156749923129011
6.862962609306484
-4.221375465765047
8.754078094443903
0.4717529391647926
-6.598247544450162
-10.02076900691043
6.670122546381354
-2.805061495572086
4.293250469971142
1.280914685349582
7.215707512389825
-2.376872077653079
9.365299612194912
-1.012635225994298
-9.666013302171327
7.018427668950927
5.934792825395238
12.01849478232948
-13.12006144320802
4.713116726880514
-7.381195692001808
10.96228727744118
-6.257688023294303
8.18901015584621
6.083701958943517
7.098311966008702
8.541882533670393
7.335797328733765
5.648510289627678
11.02598159504875
6.681416197648037
-4.995206631846733
5.65994236683547
11.53234584651965
5.377471306325695
-11.57987379407447
-6.415973791763181
25.99398131510175
6.352784447492099
-10.02272219640802
5.738865751088451
-7.064674133228996
6.862373420449773
-1.655152947687824
-10.9708047501636
3.475893427923503
11.88419410133915
-5.467148418797152
5.666100716347015
-10.11422331321888
-0.6276575800263723
7.795987730250386
9.804050257909905
12.3558720395965
4.931150382433283
9.486565733775022
-2.734710098641944
6.213208740611758
-2.841074026041764
-8.084610489240404
-7.070000483460436
7.478637602848822
-9.054282766591637
-4.498867412611835
3.924777903548898
-2.77327712094219
6.50337150908827
-4.814114789983102
5.144830752668985
-8.517526369644596
-3.866775232119685
5.50365633295095
-9.509767351894581
-3.066064322201119
3.896555287331378
10.95830273023585
5.726378604585647
8.408300674523309
9.276648628822608
-30.7728743141115
-13.20322153875722
36.7854663676067
-11.84232816372962
0.8683479535752083
7.312050982829612
-6.218093384220438
2.507163506353433
10.63209428995014
-0.09761756521652031
9.717337066284534
1.120796803542319
-7.011219373433698
-6.776183794601379
4.650751139031562
-3.553859700512202
9.370431567216082
-8.204610841703525
-3.644726531804557
2.69186534126521
6.443703029537657
-1.358540756152145
-10.72971185602216
0.4035372767331051
9.128794164443809
6.708518646505369
-0.9147572231094059
11.13324913406093
-6.678566228212405
4.555415354260286
-7.665860483053421
-5.243536462818994
8.423645314512703
2.422324021214635
4.559884311142396
-4.804887476192618
4.652229069409368
8.792442926449592
8.725256889016391
-2.42027551675676
9.712954001517627
9.457116545105492
-14.00030553366313
-9.329932022019605
-1.6723978460663
-8.090108768425569
0.3478872410381238
7.159456235969743
9.187790575313651
-16.42084618662694
33.3918875586706
2.846774822761974
-13.21566195849189
-20.73606979529104
-7.623275868292785
12.13322951756909
1.589656939814921
10.02765294978777
-10.8787788177592
-4.315223608664573
-8.596540261959689
3.302736040233621
9.212932806835695
11.47941831957802
5.049786167457919
16.06368340695226
-2.346871943243504
11.89927630141042
-8.13201617674693
-0.1009532811176804
4.584265087374828
11.23076446506995
8.210473243952086
4.603571465825042
9.273944976765927
11.01389724137282
-7.396658113134564
4.670373511292373
5.910196765724875
-12.00022958139235
-8.289581361614347
0.5422727209918649
15.91211087074548
14.62731185694471
-3.00167078178646
7.683027057890585
1.739952265453198
7.65753417698074
-4.320549537807783
-3.986645359192354
-9.218569484682204
7.32353846615628
7.760985581046199
8.619326568581126
5.917581910390874
3.626208157040716
11.20549249111489
-3.020291221581681
9.427735900059659
10.81838914517112
8.831854082235903
5.287910580777865
-0.2558374568412056
11.98630660542934
-2.105576567075521
8.782396346418317
6.734326766746074
9.958945542384704
10.3459580098596
-10.92040416986997
-1.471340375285146
6.367966985310947
12.92055403907004
-9.292691359795953
2.163736173538251
-5.764511471482399
-1.206085205164997
9.449063793944015
1.62771281071441
10.65514899866463
5.87240348024621
7.839307360619851
1.966903879828343
10.16106668865433
6.554318283909251
-6.154874539794224
-11.2306926470973
-3.036529837723112
9.732228402134131
4.917418065558461
14.61713907255711
6.552587053718973
8.194162809363984
16.1481107129233
-10.75681786554064
9.595523659149212
1.269067724168732
24.44526966255696
3.528179889225632
1.557151597683973
-11.15204122535034
-15.49660662021195
-8.653378078300234
-6.10155629932826
8.031062895399844
0.23503557721093
2.55182178109479
6.336591874313046
9.038233802880079
4.14021385695758
-3.203910258744248
-5.251979838890918
8.712652445094726
8.877624859840154
12.44802712247397
7.579284334339104
8.437996009718441
8.839903333839841
-8.751704288345829
-5.24236203389906
-1.689956843966143
9.620226981985008
11.62549970443
6.783523556195241
-19.32097303781699
-4.471227034709097
11.93483720387922
30.06211159225984
9.885947904911871
-9.621252030767799
12.76875823955647
-3.606748404700297
-19.64119686808284
4.750913735974112
-14.75628619815471
4.884910670368875
-12.7091928235655
-7.857489895769582
-5.8291555568943
8.135476726859336
6.227549240612501
-4.898019946445652
12.08153511831742
3.509342255390922
-4.418905389225777
7.061747443385602
-7.928247644624603
12.02588558961361
14.84974600317739
9.699721007018384
2.028334339195804
14.08503913615472
13.96463228383356
-23.11664701599632
-11.34735318151543
17.93151073478552
-6.326375622728136
20.82747080345946
-1.284799014034808
17.49201420984186
-8.229083812620239
1.429577428375308
11.76929383478931
-1.907927486019745
0.1649724143649535
16.79027139398277
-13.67722132082198
29.27886391624185
5.09959190306329
18.77681322391914
-6.365840723114826
-30.54511273621337
11.20381205224145
-24.17927201334075
17.56965277535455
2.895960068708201
18.93054615044728
-16.06243678154122
4.478182142081245
-4.837606237958369
-9.315788380443541
7.170204470334632
2.077684990674714
1.014610006159223
-4.344565396695207
-4.868742787982468
5.815955051509414
1.390653245257827
7.954208454796301
10.68469783947882
9.658661240876134
2.138253403362201
-7.52040783715662
6.563555209296306
-5.231924125570115
11.31018382565008
-20.38710886372416
-18.38183614133921
-4.294989936867942
18.77283967262362
7.693317864720989
32.5724120315279
2.005272722975046
16.09211892671997
1.295788102477721
-4.841976147858602
18.33422579110385
26.0751540063742
-23.86106741718455
-8.20639560615531
14.86143400393347
-7.235768438024936
17.2653078899801
-23.00272642947737
36.75019733823225
16.62529897920447
0.8583409875185115
23.17620193858606
30.6602286441142
16.40606423896755
7.740928216654332
23.06782960962107
-14.79633082377377
-40.07939949847118
-38.1731079974554
44.05743991930203
-14.434044859753
11.83890865599498
13.79957235918612
29.25305780498733
21.88876333444353
-48.62779453127577
-29.85572595689735
1.906291501512712
24.50107632804973
27.15384642623267
2.652770098183256
19.48488944861226
37.45942475410668
-14.25416440505577
-22.91930042760105
1.9597937383288
15.30397368727713
25.52915663102127
-43.39916006455381
-43.1936964249723
47.51201635639844
-0.2369984601161192
-41.54558251697139
18.12727438848949
29.55813809204228
-24.17116968434462
-31.53546415600648
35.35617189082976
-13.5609288504968
18.20108860833606
41.94015174692387
16.03458608180409
34.80665465610693
18.77206857451097
24.87909416692689
42.26073796457891
11.43086370347327
-20.17616368668797
15.45348544599707
25.24444444080792
23.56936289368953
-18.7241461320315
31.01223644840202
43.16216160512529
1.853577547515893
-20.39922767940146
-7.364294471275601
9.790958994615371
59.52734157478767
17.9745353055977
49.73638258051005
-1.67508154730801
6.583979856331386
12.14992515680034
44.0646611769025
32.85693337288342
31.7620174587796
23.73906313814532
-21.01080345999825
-32.2185312638904
28.64663048553321
26.2729535159496
-30.82987426170886
1.648113908395711
32.47798817030263
10.22518294347039
-47.74901481692474
-15.83427879732254
31.13320622650117
31.91473602001167
-19.50719993490446
-22.25280522697888
-11.20772780395568
46.96748502382341
49.65743394547948
2.689948921603583
