12.35326868865891
-5.262950576008949
2.262376662508125
-4.000528929043015
-1.310853024868758
11.56828715437228
-10.12206403285159
0.6915741622449019
50.64312499633848
37.37804687211183
46.39118782232732
-11.86917446889272
-14.36781405125664
13.12885956753334
-2.378352496323756
24.33276984612047
21.0164355805977
25.33124690601128
-30.09160611919143
-7.032770214520933
-11.67885095287208
-1.94023852436387
10.39473164041048
7.654973370018324
10.07769627891398
-10.191248214155
-8.359733670852536
-1.804421821144301
9.831447626531684
15.64822061875128
3.106554620854804
-6.49815932886226
8.782766447340602
11.22754822021523
-10.54397707880512
-11.10923462470001
-3.033723665915088
-2.305740381496659
7.991077573873359
10.43920194556973
10.27852410300368
-6.865454176760017
2.624544736327414
-4.420672398536514
7.737793680244686
-10.30019201895721
-16.69370233460691
-4.834900999754693
8.593831030343932
3.051373555200267
9.208114281338394
15.38899525453145
7.391987369577418
-3.316334265561823
5.784281301506782
-7.997007892249012
-9.60471395302487
5.676211829793694
5.35455768134713
-10.70832163741312
-6.393510314247038
13.35156557320545
-1.132888469929829
10.72591286507289
11.3973165524998
2.659522192347214
-19.62578610333529
-25.61470912960696
4.314811325439639
11.85880133490983
-24.48182066005048
-32.36401712065852
-7.653979367200791
2.369530578351104
10.3859846965152
-2.540730416169442
7.994579807896963
13.42873203008675
0.6714036875851745
7.193228106756503
-7.379010890804114
-7.700665041149948
2.110988032916573
-1.54392431488413
12.13449797508065
7.189403449206845
-0.3216541480560981
9.489998923165032
-0.5652575459641533
-6.235503923317937
8.238236698051274
0.6142832519496479
-7.25066127892625
0.8868407732755923
-8.323575147414658
3.24538445184026
8.460257498901015
6.483895155434043
6.156740726220805
12.19207079561291
7.0324363592564
6.521824419568712
-8.737794360178507
-1.473128831172743
-5.159634436423915
-5.670246376699081
8.075510959199578
0.9586608507316173
13.23514539472951
-9.270018844876784
7.888033221480697
-8.505565190055798
35.72440169479188
20.9027571322577
16.97023437741727
-22.16533530912161
-44.94624803595464
-24.45601611800432
-3.287975370698677
-1.183399965044098
-8.635087544129417
7.736825871565626
9.312645763756413
-10.22867969521167
6.929372370234636
-8.284328977258353
-1.453028735485862
5.430341092757248
-5.347112172888639
11.02480124073016
14.81856652398428
5.608150602749395
-9.153024214236412
-2.269654386863003
-5.429994031464704
4.978956893765821
-11.01321889042645
-10.21590889163488
0.7644536542913112
1.944350717419812
4.513007016081835
0.7973099984282872
11.77767254483225
-24.29621863579935
-17.77230127812976
44.39607955504934
35.10160489872982
43.7620687852837
-38.80718253351939
5.327225122985361
26.83274338378924
10.65103559117501
22.64847997429125
-29.747563397476
-5.286963198214901
-7.451687579627094
-1.072913867845037
-8.950718857150875
10.49604573018653
7.264665528858453
-22.2853082947383
-1.49903127740136
-9.210415921333333
-9.839609628975232
-2.983665058198016
5.59705438439099
6.384661944046778
12.34692863400942
-7.877804989385074
4.601183237374397
11.43248347703613
5.401964849791154
-7.749195670596584
-9.846598440198113
12.160259608023
-25.09352863327211
-2.287522068957119
6.83130024123865
-14.44778167748452
-6.030518627380456
6.883369827808419
3.723030182185413
-10.24620927633685
0.5563277007801521
10.72383626112068
9.248388765509709
12.2269990317491
9.753548809034541
1.662601319776453
-13.15116051941649
-6.808169617078655
-20.20224894418316
10.40895092460723
5.092401290634998
-8.090947488723911
-5.316549633374876
6.855944571702524
0.1887284865651587
7.222305922142349
11.4009688007329
-6.840465801689275
-9.805685452989822
0.3618231089365522
-8.453843627792597
-4.275180746709414
-3.314926861957399
4.899831915814017
6.053400144765018
12.33850729491247
7.033577437626841
12.17249420490826
-13.18334877882447
-7.029194290075362
4.17866288060942
5.138916766625289
32.09268282112897
36.93489567366835
-41.97834947274285
27.19142456956659
0.1948018197071033
10.80253697730685
3.327094622569065
-12.85461316826558
-11.0391456895544
9.175012662830312
8.941988378671965
-1.079135020303906
9.368327003664191
6.154154488152751
-4.286507521600917
-8.47077093581184
-2.965219653121771
-10.44066200869256
-7.47544235492723
10.16750856049488
-21.04436166934489
-2.097402769689225
-22.47004575368487
-7.051088424857594
-3.859047663154504
18.94695890017096
-18.68069222428702
-29.85090366143618
-1.425684084623887
-16.1817077908343
-4.184263411854477
-13.39407932606152
-27.9354431731262
10.02350994332525
-8.975032121153816
-2.920563277987453
-7.865657803916883
8.543729729126873
3.769910202341396
8.543350775646568
-22.00820708649891
-19.17238400510314
-2.699340802696333
-10.7427900781593
-21.56378889262865
-7.623953446825354
1.109374317073145
12.74494232553232
1.434065066172969
-7.989906149046841
0.8510992946569916
6.590445217924642
-6.215116264168634
-1.475447494118144
9.960010667008024
2.978610268598305
11.43545815963322
8.456847877008194
9.738612428507668
6.523917358652882
22.8060065638402
-14.82164456210605
-18.75416731797502
27.63548073722033
2.357396060147666
-0.6340107696231729
-39.06885443224765
-5.988923026153011
-25.27808467722788
-28.26949150697967
30.94103236552048
8.660463887035085
23.05883590479703
-22.28056848042534
-7.882196459858763
-11.17021143705096
-43.06809244110718
-4.901258252106687
28.42521957691959
-31.89788100415457
-41.42625049455803
-9.743471105107082
23.58300672215826
24.46060020025305
42.17315129244926
19.39223857104453
-13.26507812377692
33.32647782957049
15.41895732863124
0.8775934790861896
-14.54136384854779
-22.78091272387091
8.733327764339771
-9.150374789382388
-1.711699407715682
4.517252378326209
8.492663302239553
-2.712165399753259
-32.65731669505046
-23.64417574420656
20.49023191498811
9.013140950665727
44.13440765668839
7.438675378983527
-0.2330242841027447
6.438209394018704
4.633138829024012
12.15846607219125
8.016454119268152
-4.945094525901736
11.46429300631335
-10.09089202615037
0.4444181942773598
8.429593926975267
3.447838887020906
-2.391404887932156
7.525327240842292
-8.043449275449554
-4.640962554629059
1.831514543302114
10.5353102237261
-4.981755040114426
3.402486720888172
-7.599433702657199
0.784808059569497
7.257285161005345
7.740749992250184
-2.297292299555178
-7.599812657320308
8.384241760988568
-0.0003789541408478424
6.472477097998635
0.4834648316502312
6.555311853632469
-10.10244634671842
10.30008473860048
-9.481113066339027
-5.005223052361863
2.163161938872365
-4.251247226042675
-8.132972077593434
-0.379485345930328
5.484316175058383
-8.490734769563117
9.241831862712184
6.07184702424148
9.735563401602997
-10.03804229109623
-4.239487545566615
11.63586945084452
3.663716379981506
-9.822044065856373
-1.872829712423958
8.858358680274685
2.702041245018183
8.500595989508762
-7.373919690900288
1.575819891899609
7.949214354521798
2.448124374029716
-8.560060365804791
-2.1866659015216
8.544522493739185
10.92748723252367
4.381031310811623
-3.345187320617283
6.373394462913469
5.214873046251279
10.73118839422105
7.753486730824123
2.38296473784508
-0.3577626906709332
-5.649240535151096
2.284554174766625
8.788465216137611
5.982828137374863
-2.535870719893629
-7.493108864430052
-4.93089083102343
-10.30141282476786
-2.074309185452287
3.664015467910739
4.690426377993097
6.767295444277927
-5.370521993514672
9.621317208457048
8.227103640118147
-6.546455923519746
0.115706557090199
-8.111397083865887
-1.475427898734465
5.738324654165463
3.894456325582892
1.545104535717561
8.20726701824133
-6.181114097638048
-8.15747644261312
-1.407602194604623
6.992568953939154
6.662162482417347
-7.726218632099378
6.635969186537786
-1.2146980663377
-1.976362344924403
6.749874248198817
-7.944624325731263
-5.206061510570748
11.14107038354658
2.165491648187122
5.595150854022401
-8.961830543466222
-2.999563852033183
-2.676723397611136
5.400607297468253
8.064632721111934
5.962266690929995
6.285107149397429
-7.850667254281547
-5.186641832389877
4.923474145047098
5.369884225923144
8.400171148839794
10.74135611918567
6.228951783413773
2.66402542273531
2.738562815307936
-4.512404337382621
10.11011597567796
-7.250967152569567
10.80121236513706
6.148414980487468
-3.275556232214264
3.975410921811962
-7.972153079616801
0.6213332803788831
8.593486375113004
3.757515687202494
5.798554745010239
-10.07596093425525
-5.302520358339093
4.773440575342381
7.93379471059686
-1.84386832900259
3.103279977325728
-3.937155297611037
4.129089002249253
11.27398986925104
-1.53267837739257
-10.84453909932242
5.635706643858927
-8.767670031760774
6.503911042419257
8.066244298560692
-4.830514733118205
-8.380412860334646
-6.818079606942138
0.3268212588038042
-0.2527895401625063
5.636348220861514
12.31628284100632
1.562333254841466
-2.805637077334478
8.127623322049455
7.14490086739569
-2.498639581538579
-8.136922799727632
-5.638283223844315
11.98946156856794
-4.584945817350959
-11.92374493379941
-8.073368776852426
1.883777934069332
8.697477860611734
12.22366470594589
-1.941347051823188
8.991913348748957
-10.46004591039259
-6.888115397447417
-0.4827147336436526
8.201503405374998
10.93326039938724
-8.51869885738461
-0.7904099432841357
5.889137765241824
11.53664109232949
6.543430082660707
3.57193051352553
-5.403648224746215
-4.957238143899566
-8.975578737538431
-5.545919529150772
6.405400663888408
4.635314900435606
0.4464100806874921
-5.568713350718602
-7.338799114885038
3.115504788402456
11.65521574951112
13.28242367820002
10.18123442829034
-4.65279738476467
5.324855131498558
-1.77008576363456
8.684218138588946
-4.856379296502527
3.85037615715492
9.977652516378079
-9.423971213642249
5.15638014922083
-1.347083830555445
1.212951081206879
-6.168356201238816
12.17315995553053
7.359671620052704
-4.82127236959323
8.706755451587966
3.314419998957766
-6.189157309731387
-7.54786968566706
7.207579628508653
2.7920170853963
-30.12756136456244
-5.216151646755994
37.02501788719952
-25.37969461865644
-6.982453341929394
-11.20482870557987
1.774789885856328
-7.302983041587715
8.52047575385223
1.454260190185028
-6.831086875891489
-0.6161541941659817
6.864428481523166
-4.222375366109425
8.757243228763688
0.4718961676736576
-6.598574833156409
-10.02112340105402
6.671233681221866
-2.805682914582674
4.295034219660107
1.281764559144503
7.215440488886787
-2.376199464588262
9.368594021006006
-1.012444040291244
-9.675265105671768
7.019860471356354
5.93367592283213
12.01793481764814
-13.12065320970424
4.712822920641738
-7.38130728353561
10.96020887688328
-6.257319980912979
8.187713071068281
6.084258901779666
7.100717135526902
8.539710960708465
7.333840027466959
5.647503324333235
11.02408228254045
6.679934624436126
-4.993211012133727
5.656868774911499
11.52846675752142
5.376578960955715
-11.52547255926469
-6.393363258065816
25.97380132169044
6.348834551079555
-9.974658054977215
5.739345924718292
-7.066215560658256
6.863333231541278
-1.656047275709244
-10.9701429021013
3.474890148245855
11.88186844717232
-5.465130235470301
5.664852681145499
-10.11106801982372
-0.6285252130532075
7.798846831883541
9.801256657991425
12.35821161937656
4.927654723244583
9.482542809014408
-2.739758273466136
6.214932683702616
-2.842239132595215
-8.086929232910252
-7.07047100211838
7.48058268101873
-9.057171818728564
-4.502283727270472
3.925088338877107
-2.772495804555494
6.502370750102584
-4.813488337786232
5.143658374230221
-8.519380513874776
-3.868790762523858
5.5050126721411
-9.503577307655362
-3.063579852722042
3.893159628580269
10.94777497112902
5.721393072967085
8.406978301573563
9.274866552820734
-30.78530642821771
-13.17537877813724
36.78654180224443
-11.84571734138879
0.8678882499503014
7.307885703836266
-6.217015764268497
2.506459514543634
10.62854554281095
-0.09808045554443977
9.714612653284778
1.12055113717088
-7.012737124764981
-6.778414220154637
4.650589757974888
-3.555494347315915
9.373803441527777
-8.20608411419528
-3.646719323495509
2.693469688967432
6.439997454649525
-1.358712376032357
-10.72662600106097
0.40335690890349
9.126832180474247
6.70765014228097
-0.9139328863940324
11.12998291333801
-6.680333759481878
4.554888095590387
-7.667413002778871
-5.244690099937265
8.427372061395833
2.422722905821964
4.559364794309743
-4.801426188528786
4.649235871488692
8.784972925437975
8.723475274944349
-2.419182034882924
9.70682672837386
9.450662058852272
-13.99432245087551
-9.326203002194193
-1.672072974245007
-8.086244677285638
0.3472012817597412
7.151974143389518
9.177095423803241
-16.3369436843326
33.34753395084459
2.851527045676655
-13.16971172452415
-20.64875519199714
-7.621583024920357
12.12600876205597
1.588983937891986
10.02242989804994
-10.87671299209895
-4.311811507665012
-8.594061512446471
3.302489182066473
9.210566960274393
11.47361411883445
5.047881084106073
16.0560971613737
-2.348733549649179
11.89655069084515
-8.133288260237139
-0.1009837445294943
4.582483042539831
11.22569410285939
8.207276872389139
4.600919774238939
9.269039218241403
11.00821608584076
-7.396614644329324
4.668119446342039
5.908077774878736
-11.99753442914196
-8.283250375866272
0.5407967435185637
15.88654291224589
14.60469976094487
-2.998309766976675
7.675266843672177
1.739176871711381
7.654130030747864
-4.315447920819297
-3.98105581516284
-9.207437713341301
7.313366935023343
7.749439303227629
8.606544657141329
5.914953152062909
3.624793831911106
11.19989376215723
-3.018417232532383
9.421223412584709
10.81363819506801
8.824047118556638
5.28494061101325
-0.2561646702198134
11.97108720059117
-2.103578862804737
8.771562175796479
6.72631527854542
9.957146712176188
10.33988677186377
-10.91393596898695
-1.469727108110569
6.362641592269302
12.90623488639843
-9.286728042725157
2.16116561560726
-5.76054119935405
-1.205870931606012
9.444208858848745
1.627207928289113
10.65007978866174
5.87159798441397
7.832368700114603
1.960770714490219
10.14328592699445
6.561991129840025
-6.151887794278381
-11.21291091230198
-3.030395698565068
9.711802113213622
4.907331304485805
14.59130308701226
6.543593293715538
8.182515213356307
16.12024221730044
-10.74506927098423
9.576648923758604
1.267172872784847
24.4016175982908
3.526186845571827
1.550814504306187
-11.16306441711626
-15.50721206480499
-8.662821074878517
-6.10586612592006
8.032304514008592
0.234322898270333
2.556954958456094
6.340189016072773
9.02772684577921
4.13573705398979
-3.199525024419246
-5.244771922301704
8.69954348513915
8.865362199453143
12.43964064871049
7.57509993105077
8.433445959601857
8.829894141718036
-8.74282221183843
-5.236677940814023
-1.68820686828389
9.606215882371744
11.61006594483742
6.775564203604453
-19.29847927193335
-4.473510597783014
11.9264811456312
30.04236804339445
9.878825066165248
-9.614507489303231
12.74219781046222
-3.581294796979422
-19.62496677267896
4.747866748535886
-14.74546580112704
4.879500973297938
-12.7138789237452
-7.845908867183335
-5.820787587535996
8.123527818951535
6.217994151075556
-4.891989792193204
12.06488722349672
3.506144271631058
-4.415562543912885
7.054615342831459
-7.92170681507514
12.01224214388828
14.82496867425967
9.683971782630667
2.025121280019393
14.06390301777348
13.94431540680035
-23.05148379281583
-11.32130510456575
17.90181262845473
-6.311337318981586
20.80398915107122
-1.281843151867486
17.4372865496787
-8.21127606800664
1.416047777995195
11.73017868845163
-1.905533667390847
0.1658187138255484
16.74014647440568
-13.63571235566659
29.22311773289113
5.083417346445908
18.71912970190798
-6.356306521261242
-30.49600690669388
11.25362112881926
-24.13970038643464
17.60992765008077
2.902176522580809
18.93958908709469
-16.02123877114179
4.475890022697104
-4.835970703027442
-9.311860726925881
7.168385006243027
2.076869066923279
1.016458231169257
-4.344147655411683
-4.864540716547952
5.809035894301554
1.392414782955486
7.957316268915476
10.6735766104455
9.62732384521845
2.14828037480919
-7.479043468941237
6.56490148514045
-5.226381898170285
11.29442275042108
-20.3298492848604
-18.32599922246468
-4.284112730635212
18.75099279412855
7.709756781741707
32.57662719899987
2.003850062979753
16.04573655409191
1.293177722158591
-4.834501740799476
18.29994298536408
26.03575600451517
-23.79130904053517
-8.181644855484061
14.85346066988615
-7.216981280278933
17.24934313576482
-22.93420368652586
36.73222309012824
16.57432776023045
0.8571053538286061
23.13444472572989
30.64563127027252
16.39999174379547
7.735813020528735
23.03510552489695
-14.75255883150046
-40.07781383869232
-38.17195263112826
44.04892171321767
-14.43245012213484
11.83593578362341
13.82563440515716
29.26051407730019
21.87876242038513
-48.63225914333737
-29.85846900521755
1.905861209458771
24.46632441601774
27.11532647015042
2.649002054142382
19.48287995471689
37.46020475707495
-14.24563952638141
-22.90981824988824
1.957052166484572
15.29504835997367
25.51550413071994
-43.38626082041843
-43.18089745859023
47.50434582595534
-0.2361097530787352
-41.53288394640605
18.11588689778811
29.54068788605383
-24.15858066556812
-31.54033232363363
35.3583348634009
-13.56300752128909
18.20132269476127
41.94082520701364
16.03741256477931
34.8112027030956
18.77379013851306
24.86687041737417
42.24116953394021
11.42480098818612
-20.16354297452984
15.4348796723352
25.23004436786839
23.55845196523682
-18.71895701551918
31.00279381768308
43.15015106982011
1.853376873779524
-20.39054941845881
-7.381751657652783
9.795164695341462
59.5169155285558
17.97732480245135
49.72175083354887
-1.671592402819327
6.582490343819673
12.14735725248421
44.05643940915215
32.85087625252368
31.76433021597502
23.73950251062308
-21.00742277563849
-32.2129859318607
28.64149172414395
26.26838590646934
-30.81636854796682
1.648013513857911
32.46438206242816
10.22045577046682
-47.74045558046632
-15.83137342560549
31.1278651695324
31.90908215629235
-19.49333255256592
-22.24392629235825
-11.20556315642537
46.95923859513747
49.64891449954739
2.68967590417422
