12.37776382523272
-5.272125258433102
2.267002844492171
-4.001197357183998
-1.310184596727801
11.5793107567029
-10.1342662255915
0.692401429850722
50.65137754694177
37.3845184590839
46.40057524627209
-11.88233764771973
-14.38802851883307
13.15085163621663
-2.384410088171797
24.33821812013477
21.01680025631359
25.34262342964303
-30.09998935356656
-7.035197864077508
-11.70317408308516
-1.942314071594181
10.43563940420656
7.678711167381461
10.1050253510748
-10.20648883143467
-8.370679557901276
-1.80630119579683
9.858929659533143
15.67488638233169
3.113175131223889
-6.507280264976535
8.796502372141637
11.24647222670157
-10.56566636995632
-11.13188317880798
-3.040105891883669
-2.310732727057577
8.008540042372831
10.46226965643889
10.29850670950119
-6.878384044668293
2.62986740240035
-4.428414155630513
7.752839230044748
-10.3149835445422
-16.71691616149259
-4.8424223620131
8.608006152243377
3.056051274808869
9.223515842928462
15.41555426688891
7.406337888368673
-3.321417863860239
5.795098849537792
-8.009216425389772
-9.620455417350962
5.683327262068446
5.361818387149364
-10.72775576680806
-6.401932607928391
13.37103481208452
-1.135342995674788
10.73915080190026
11.41080257989094
2.663001073135084
-19.63954631390757
-25.62885504656603
4.325823173458802
11.87449379846526
-24.4935120526802
-32.37782129460583
-7.668639310082
2.375188532687976
10.41159316554196
-2.545667436370996
8.012600016442176
13.45042851698028
0.6716517788687231
7.204620628297733
-7.393085948968302
-7.714594840080041
2.115165564477642
-1.547130274966963
12.15899338779436
7.203913932540019
-0.3215088744646505
9.508251512690869
-0.566216806280915
-6.245807891405973
8.254933642522337
0.61550969846739
-7.266331863640962
0.8888233990198334
-8.341430111123831
3.252489530209667
8.478632922376393
6.497822604714672
6.167464566464182
12.21255993544067
7.043090352372503
6.532968850361927
-8.747801505227583
-1.47519883068298
-5.169469584245491
-5.679591085102005
8.091777293739376
0.9600465047424255
13.26124687559023
-9.283870108492994
7.90333036785019
-8.518289180018535
35.72866340363242
20.9063725655641
16.9674868074177
-22.17021098783485
-44.95631501942509
-24.46200292080054
-3.295053310134153
-1.185860841838307
-8.652969825459218
7.753592640129687
9.332960537211134
-10.24391660991686
6.943283860986652
-8.296947822663986
-1.455994049565501
5.441018513880274
-5.357916509770578
11.048645941057
14.85028995830838
5.620036444951378
-9.171252218430075
-2.274239657246863
-5.441202434322936
4.989509424547999
-11.02511191738548
-10.22702895997472
0.7655809297375811
1.946968783277164
4.518090177691512
0.7980829547917728
11.7906928489217
-24.30623132569242
-17.78445720564293
44.39990602290064
35.10348170928299
43.76599096950537
-38.81098656424198
5.329450752463605
26.84632477745757
10.65668703258983
22.66012204496406
-29.75535746383902
-5.290090440366647
-7.467108989175303
-1.07509824273381
-8.969374338845268
10.51882138663334
7.272602672223188
-22.30254738490064
-1.502265347170736
-9.230253514892514
-9.86078052592233
-2.989984089696513
5.608999217205827
6.398060546146748
12.37290239293646
-7.894276099692737
4.607286120216727
11.44823988264561
5.40752879267097
-7.753393286545134
-9.857048320614824
12.17399773814197
-25.10431427839572
-2.290336706876185
6.840953769122422
-14.46433444440235
-6.040711088472151
6.897012562314569
3.730049781957898
-10.25968648919486
0.5586777346017817
10.74548217945241
9.266685207514552
12.25118809666314
9.770760867406713
1.664574487884511
-13.16092207384395
-6.814952155738761
-20.21728019279677
10.43071185658894
5.102574621398998
-8.106186377158904
-5.328137230668009
6.870796440055798
0.1894222094244954
7.238280767425492
11.42613939768374
-6.853745863637445
-9.82462496230462
0.3621794898968755
-8.472328322267829
-4.284469669513128
-3.32225323775236
4.910077970781535
6.065791420283064
12.36316555780463
7.048858571224611
12.19893366670686
-13.20876099619446
-7.043168083354525
4.187858648088555
5.150075088784149
32.09880304917807
36.94172818259796
-41.98669609996089
27.19650711708641
0.1947308558279966
10.81836422478774
3.33032655863523
-12.85931117488144
-11.06395989268749
9.194547638129887
8.962010391445391
-1.082120966881172
9.388044641844155
6.165592906967073
-4.293323877435074
-8.479526639293459
-2.970879108960032
-10.45891677982182
-7.488037667143572
10.18680444554699
-21.05623747681358
-2.10365503049881
-22.48214792609178
-7.056358120578298
-3.861395120267007
18.95258244797716
-18.68368595482876
-29.85619729961061
-1.425910450653995
-16.18963773351638
-4.186202747176022
-13.40232803272856
-27.95021248929607
10.04382782872425
-8.99447202098192
-2.927772300025683
-7.882851757905546
8.564705827746241
3.778530349639337
8.563841816272346
-22.05022779394145
-19.20372820426902
-2.693562617375748
-10.75352308121427
-21.6027213472512
-7.639423946431109
1.111620262008383
12.77300237654003
1.438590481328401
-8.009836180377613
0.8528200544575203
6.609718769129057
-6.232318966322492
-1.478796962668806
9.981838910706493
2.984502904297536
11.46063586410602
8.476132869722965
9.760860011490404
6.52177412216725
22.81397756990463
-14.82229083619729
-18.76117659806811
27.64198516095552
2.359034438252775
-0.6339150523868579
-39.07045527145954
-5.989308731693515
-25.28295072208845
-28.27590021470388
30.94910073276067
8.66250926366196
23.06479149037456
-22.28659148118357
-7.88430923688763
-11.17251134315975
-43.0765835520261
-4.90229593587693
28.43028685074801
-31.90407221048839
-41.42948972326557
-9.74522107196664
23.58736170435725
24.46526702966196
42.18142695578783
19.39532295911591
-13.26685908486368
33.33258279041006
15.42578980373521
0.8779053314937071
-14.54788446581841
-22.78610401256542
8.75104420986561
-9.167684413279442
-1.714596817212585
4.52636109752737
8.508449257818059
-2.717315612091151
-32.66218204547068
-23.64612525408842
20.49431207969466
9.016056790182891
44.14043731772816
7.45308758095643
-0.23253724358308
6.450368824346249
4.642125209043708
12.18125334258937
8.036404637985621
-4.955079456567155
11.49247812361566
-10.11076098074016
0.4475064490143855
8.450205123273335
3.456073485602441
-2.398993145306486
7.539128118235619
-8.05996046380282
-4.649690376524813
1.835809273532974
10.55826745115023
-4.994131637737274
3.410270087879535
-7.618287439343412
0.7861142934230989
7.271613966468029
7.755215852641252
-2.304113524430035
-7.619151458348539
8.404401725912683
-0.0008640162107133976
6.48549965065934
0.4836018886318267
6.564378386429795
-10.120227182755
10.33066564275167
-9.502222108840289
-5.017661329975154
2.173297521554564
-4.259504642616053
-8.150657136396791
-0.3806829656593839
5.496437632753718
-8.508516189558932
9.260405176286273
6.080776512858663
9.755942279035915
-10.05932937332527
-4.249011557436808
11.66523087584765
3.675165784409804
-9.844841355963849
-1.87749116551892
8.877414551568416
2.709237699640167
8.51955550882885
-7.391111724293357
1.579367892670624
7.967350199464304
2.453729625405031
-8.579083332115161
-2.191101011631734
8.56380472127085
10.9510849585299
4.390119346988822
-3.352939954166582
6.387982311204551
5.226143383507817
10.75490572808405
7.769974166778724
2.387280231088956
-0.3578590452015719
-5.662904128463725
2.289100782543726
8.809705328744911
5.997856503356527
-2.541292636943659
-7.511034480596171
-4.940896382919191
-10.32359031722671
-2.07935789952438
3.671783179077901
4.700191753135423
6.781346499275228
-5.382693934218155
9.641088137278034
8.244232418057855
-6.560965620268405
0.1152823786820503
-8.128950041936191
-1.47924626258729
5.751141078957587
3.903010727912608
1.54892695096314
8.225174958808804
-6.194132356787626
-8.174942680749153
-1.411039512635822
7.00686959174765
6.676248007677477
-7.743059303416216
6.649703782476548
-1.218305372011245
-1.980810325646035
6.763903170086597
-7.963248634126865
-5.219777869608924
11.16961465167861
2.170756421490233
5.609695889653967
-8.980148795119801
-3.005306943842327
-2.682774677148026
5.412602167137514
8.081385089343334
5.974841846154752
6.297374134377652
-7.868009157615062
-5.199226246397683
4.934778821345209
5.382256998160448
8.417909106037564
10.76415976904017
6.24095789848236
2.668782913963595
2.743470769961617
-4.523201878429714
10.13400506168042
-7.266672655599357
10.82947376591012
6.163842119022314
-3.284584518425229
3.982088148379047
-7.99006514614313
0.6180050739142247
8.608070314513082
3.763967543498117
5.810317812538509
-10.10034941615143
-5.315037938759096
4.785311472551927
7.952004915570682
-1.848130350059535
3.109563320886962
-3.945760436390552
4.14061158879595
11.3019432328474
-1.540693107194958
-10.86935677761686
5.650265934243007
-8.788202031970915
6.520604550500532
8.086372017248172
-4.842441590769405
-8.399853150209132
-6.834085701983549
0.327245930983782
-0.2542063102126818
5.642930404181353
12.33086453786611
1.565767458808973
-2.811848816983967
8.145646850320095
7.16133164512294
-2.505690866734755
-8.157368121196679
-5.65167728850409
12.00361851877203
-4.594432544875461
-11.9481151561041
-8.088742803337244
1.887713711106213
8.711919476848028
12.24363519034005
-1.946435313985275
9.011060354749089
-10.48558445460848
-6.903946231710872
-0.4833209177883357
8.218855196772958
10.95749566503213
-8.53914913692112
-0.7922051657478595
5.89713674272869
11.55439323440067
6.554124744310259
3.581638218975649
-5.417220017506056
-4.969741839832049
-8.998858235889797
-5.559918763272356
6.420625311615273
4.647797427061963
0.4474781757709115
-5.580854706880166
-7.353682594891476
3.121321405447602
11.67595632847768
13.30635202210958
10.20771618602849
-4.665631650440638
5.339706111478511
-1.772827883708713
8.702176108024847
-4.868010075588765
3.859372353430577
10.00533776547199
-9.448426647798728
5.171128273046343
-1.351430011355562
1.21797985520954
-6.18563952817574
12.20057866990347
7.375952411072554
-4.834209507239659
8.727382421663085
3.318785419359513
-6.198422726636707
-7.559474490293415
7.217487338003713
2.796446988456265
-30.1349050598078
-5.217373647938591
37.03020940682241
-25.38631192905169
-6.997182327510065
-11.22576488886301
1.777517229799466
-7.315202966980008
8.544635689418078
1.459496628181648
-6.844250618056716
-0.62034156323099
6.881321553360017
-4.228582574072755
8.774699573053747
0.4709523635688302
-6.607616451560831
-10.04413136841916
6.682906085483241
-2.811089378803008
4.303872236479346
1.284727190505635
7.233042001578124
-2.379033864768339
9.40084545469775
-1.015310533226771
-9.734351047309788
7.049405702244257
5.948314767298808
12.04733951283653
-13.16051812787639
4.726849380622878
-7.403619392965718
10.98259883026383
-6.274387203907586
8.2059662770196
6.099024787114145
7.114961622314453
8.554634917583812
7.34632992343148
5.657256471329119
11.04011280196893
6.687934161116213
-5.000268511708672
5.665837584224328
11.54499831661083
5.382856346329643
-11.54325314275651
-6.402430617683511
25.98709403306453
6.352538629992605
-9.991498012826408
5.756898724791176
-7.085139039128506
6.886130941518643
-1.663314158486751
-11.00123658842813
3.479116886023017
11.89952033443763
-5.473242424431677
5.673458258105525
-10.10028903949981
-0.6300151465710497
7.821163588229384
9.809648713378232
12.38810493327677
4.919604102596551
9.470273906648876
-2.756928256792326
6.223909069470857
-2.844287401896515
-8.094505648201915
-7.078568826862054
7.501663150467671
-9.068196491394348
-4.517526661279168
3.933652202403709
-2.776632547464918
6.512882017724269
-4.82462626524897
5.151830255707172
-8.549445141534074
-3.883944341241822
5.527994196186636
-9.51720814545819
-3.068036981408905
3.898701916825281
10.96253913419121
5.728867756585121
8.420403461921874
9.28951455890949
-30.80304167657718
-13.18435317815297
36.7901503974723
-11.84886041315823
0.8691110916716197
7.318282250445729
-6.226062067610902
2.510202173059751
10.64020070512808
-0.1031195917414968
9.726724136872276
1.124988094625831
-7.041044418330693
-6.806074802995847
4.665500841820834
-3.568010980367988
9.411938576431339
-8.233511876884561
-3.666570509088164
2.708983435960964
6.449171162892504
-1.361051765242138
-10.74332031279021
0.403380332887809
9.139644535426228
6.717166816344672
-0.9134765467691819
11.14670066366896
-6.702955179018494
4.550669861149697
-7.676532393073509
-5.250218246460205
8.451178836994526
2.426314163726426
4.566941386855092
-4.808080073267195
4.655241405805096
8.796904738373378
8.736264220529646
-2.42247770080504
9.71947912273729
9.463321473221253
-14.01085754308142
-9.337302215797402
-1.674124470849558
-8.096132505724581
0.3479971138058575
7.161471340812865
9.189831356698326
-16.36253235622138
33.35452224021402
2.849483525760292
-13.18366844539161
-20.67699202305635
-7.630643342135085
12.14195681887768
1.591165698278048
10.03529532313776
-10.88690932667866
-4.314459666835664
-8.601736018091062
3.307083964142524
9.221809028971176
11.48575553007284
5.053026757701076
16.07346721901567
-2.351439752453114
11.90881995807797
-8.166032500683929
-0.1013162371029038
4.587711688943584
11.23879146979064
8.216815489876952
4.605669506905855
9.279224801730242
11.02044051699364
-7.40446657813487
4.67355531105435
5.914725044258936
-12.01013615302103
-8.293792675995389
0.541803145711332
15.90989214169023
14.62636171231215
-3.002445580539054
7.685336162358872
1.741215742333329
7.663177760213346
-4.321574358009176
-3.986234335087564
-9.219905713978422
7.32334724367894
7.760190886781891
8.618347327054062
5.921961969873292
3.629103814232003
11.21330906867751
-3.021975993212612
9.432992274741927
10.82666765526851
8.835595817670484
5.29134710581164
-0.2561576520837255
11.98759521288451
-2.106661491074744
8.783837037463778
6.735172749408044
9.976456524180943
10.35592147934729
-10.93027981329065
-1.472478660726441
6.371163678303802
12.92356710913297
-9.299884136881401
2.163927711542825
-5.768168434253731
-1.208304979513379
9.457801140786961
1.630395688186076
10.66610610902645
5.879160742939108
7.843642336726458
1.964481587907328
10.16176374422593
6.572696347833817
-6.16214195472613
-11.23161948879147
-3.034337326451684
9.720631938167429
4.915011345494434
14.60355879450446
6.55240342779186
8.197282159369548
16.1466308365204
-10.75963939907981
9.594227410506173
1.26858689846261
24.43167058706614
3.531715713878551
1.551755129957154
-11.18308315568122
-15.5352617307041
-8.719040575274088
-6.140584436120732
8.064716251307996
0.2349695762976997
2.578456200344215
6.375553964107734
9.039994690293721
4.141663333491961
-3.203758174273638
-5.252422464082168
8.712067843273941
8.878007071021038
12.45496829096048
7.584205259027156
8.444129622195369
8.841834243326534
-8.754484956440173
-5.24342915147611
-1.690647741393053
9.618933836902816
11.62518307265383
6.784797148577328
-19.30678132131225
-4.46933814571221
11.93026328251955
30.05092620071751
9.881987885930764
-9.61823387182651
12.75496925614777
-3.589067395301121
-19.63455541637269
4.748593147376432
-14.75162857461439
4.882926852693363
-12.7348383005334
-7.857472691854649
-5.829112678834603
8.135377622492761
6.227085878422689
-4.898331356352355
12.08176524414726
3.51105580319672
-4.421040350145176
7.063837216237749
-7.932096149510784
12.02822629917336
14.83744317599022
9.688547449707182
2.028360013756378
14.08455856797711
13.96449030327778
-23.05786897235792
-11.32004430259099
17.91414019256467
-6.312418097243036
20.82549229330274
-1.283530432284143
17.45102593845747
-8.224555976424622
1.417873956879806
11.73782466922009
-1.908291741770068
0.1659392265005057
16.74545087468123
-13.64611640948409
29.23418449453212
5.088439965751562
18.73455637335213
-6.359294203364418
-30.50503872457138
11.25939429504546
-24.14574452755394
17.61868849842466
2.911352100208982
18.95418126510399
-16.03315197669553
4.484560831867046
-4.844102865470217
-9.32866370344221
7.190958946484064
2.081154745892946
1.015936821184706
-4.352178624178404
-4.870763024078143
5.817018721735832
1.393675383293307
7.966125052280979
10.6877817426598
9.642429927845825
2.149106331585229
-7.493323586962789
6.572449664102787
-5.233671378248602
11.30958157853139
-20.33868438857701
-18.33243515296364
-4.285611876550924
18.76326269331384
7.727632145194764
32.59585243066743
2.006249236153644
16.05307251191457
1.295000083328107
-4.840385923239234
18.32269776660982
26.06006729843019
-23.80147359534647
-8.185244727617352
14.86362984292035
-7.221961946545607
17.2639791139334
-22.94331715551575
36.7530409489823
16.57951164827804
0.8581564397056396
23.16308368901169
30.64848150782082
16.39960142862829
7.737369533152313
23.04887457002448
-14.75807242840459
-40.07375670109341
-38.16960429900035
44.06448092208271
-14.43098305528697
11.83994621331077
13.83258973766815
29.27257391755834
21.88941110619171
-48.63901080867288
-29.86649911969262
1.904152413826307
24.48594105995564
27.13791039101355
2.651969331133628
19.48906183535503
37.46731018878843
-14.24888007906281
-22.91111197483736
1.957108309690261
15.29882029489741
25.5206193832998
-43.38700514979878
-43.18170467223575
47.51625461003613
-0.2362151250718345
-41.53390089086722
18.12066291763412
29.54770037358346
-24.16236302598816
-31.54552583873442
35.35699305698729
-13.56727748551851
18.2033740560695
41.94199531974526
16.04282916657941
34.81534085767491
18.77251169121048
24.86822028556015
42.24758305461798
11.42703745586766
-20.16893829773333
15.43998418005547
25.23695246614042
23.56351107464236
-18.72000467161199
31.0023831229038
43.15079003983467
1.85310425752676
-20.39344606381416
-7.383162812146578
9.796968285920187
59.51935608237499
17.97824835345583
49.7223877967656
-1.673441391671332
6.585002262751076
12.14840691918119
44.06342888226952
32.85593154937641
31.77065154135873
23.73862125369475
-21.01703739238117
-32.2245347229011
28.65654155503359
26.27092927289706
-30.8205456122913
1.64780379204487
32.46834940779327
10.22179908808186
-47.75246974373979
-15.83744779166433
31.14511839224576
31.91502196070646
-19.50022173987427
-22.24655032187158
-11.20749733170658
46.98256618390991
49.67357894589056
2.691012760456155
