12.36427601031628
-5.267036277871777
2.264459401092594
-4.000845558065183
-1.310536395846601
11.57317522759898
-10.12732208567104
0.6919360852481076
50.64714316707299
37.38117345337914
46.39569350557907
-11.87587960801928
-14.37767032095772
13.14040914367432
-2.381267287538151
24.33553347557221
21.01691476374701
25.33668092766333
-30.09561287745456
-7.03395650960794
-11.68995266970226
-1.941326771292629
10.413113923341
7.665414821716459
10.08962356583763
-10.19809059019512
-8.364653243396434
-1.805270953467
9.843500201624364
15.66012783583989
3.109511068261385
-6.50222585736792
8.788880340574595
11.23600022940693
-10.55375074880934
-11.11943698379733
-3.036608417882575
-2.30799288231451
7.998980665466587
10.4496305365956
10.28747563338128
-6.87124751377508
2.626933669731703
-4.424127606433362
7.744528790438072
-10.30674823994446
-16.70399007276195
-4.838247147067245
8.600165214217288
3.053457504203954
9.215001297770712
15.40082260998546
7.398389264391589
-3.318618711864381
5.789085672980889
-8.002433370791438
-9.611736937004562
5.679369283688566
5.357772369951946
-10.71700798410494
-6.397241827963809
13.36020574034046
-1.13401155833619
10.73173136657905
11.4032372611306
2.66103261846172
-19.63231262969531
-25.62143471336618
4.319766163989947
11.86574292526736
-24.48742315604318
-32.37063743774068
-7.660541965285158
2.372123272239249
10.39766794664764
-2.542946819855512
8.002753992462067
13.43841236251316
0.6715058950347146
7.198309950570909
-7.385316448728096
-7.706913370845518
2.112864770609044
-1.545369578570075
12.14552999748084
7.195939899233792
-0.3215969133338403
9.498181218688055
-0.5656862338601499
-6.240102413170496
8.245757866728015
0.614836087594862
-7.2577457998249
0.8877509884468817
-8.331630441416575
3.248599806519075
8.468546893367341
6.490179334757924
6.161543792864498
12.20122023475831
7.037180994394523
6.526804056178134
-8.742204641992195
-1.474047383285393
-5.164039240936151
-5.674416178945365
8.082828569228189
0.9592921704285788
13.24686780859433
-9.276191964107335
7.894907453483196
-8.511228376102775
35.72649065954201
20.90448338582322
16.96907831606296
-22.16762096250721
-44.95096602059317
-24.4588097838121
-3.291172643606128
-1.184505729503618
-8.643133002254972
7.744416448343383
9.32183986906368
-10.23548413281893
6.935615281816294
-8.28997443749997
-1.454341802593065
5.435139724613338
-5.351960355835865
11.03558908694287
14.83286877557634
5.613487343955509
-9.161212379552834
-2.271730853841146
-5.435013872092067
4.983721831975479
-11.01849632373677
-10.22091493477138
0.7649635882849894
1.945509693230009
4.51530265582877
0.7975813875824854
11.78345991289749
-24.30106166293327
-17.77804258984653
44.3980181145123
35.10259619941746
43.76404272422344
-38.80909346603606
5.328269428590341
26.83900055575042
10.65364217670031
22.65385532788573
-29.75122343487605
-5.288442697047584
-7.458627275564157
-1.073884639089469
-8.959102833958221
10.50634560276002
7.268157257576679
-22.29334524667173
-1.500475557192978
-9.219381432365411
-9.849146939377173
-2.986528561733755
5.602428352741037
6.390692985376795
12.35857020543997
-7.885218196535495
4.603955765395654
11.43958839432338
5.404486398920984
-7.751119690011849
-9.851329451449432
12.16642462512582
-25.09864304904821
-2.288860593287116
6.835632632817532
-14.45528521841121
-6.035101994799256
6.889481526459174
3.726198506170068
-10.25233296500689
0.5573844964097864
10.73363867275382
9.256689346772507
12.23796836800488
9.761300499312279
1.663483806384646
-13.15560608597205
-6.811256103252722
-20.20915453017817
10.41873570269718
5.097000209007867
-8.097816691568507
-5.321735491319409
6.862618379887907
0.1890293116923378
7.229463869842793
11.41226846549963
-6.846471439533443
-9.814247159667925
0.3620070208671184
-8.462185496185386
-4.279380889006677
-3.318266197869135
4.904362402273469
6.058955361731469
12.34945806988226
7.04043456524667
12.18435386930268
-13.19481689921725
-7.035500756876671
4.182804604817836
5.143919300673614
32.09558096302938
36.93813516727271
-41.98234190613933
27.19382242049595
0.1947601519555959
10.80971746196851
3.328582390241825
-12.85677598270238
-11.05026143658521
9.183743290477475
8.950906421048277
-1.08045983305082
9.37722155060359
6.15931613936068
-4.289594663388083
-8.474739907108098
-2.96777572578562
-10.44891080009688
-7.481135072278354
10.17625417674316
-21.04995379496365
-2.100209759871326
-22.47568543882061
-7.053548444990408
-3.86003841761263
18.94974403612612
-18.68204568897898
-29.85332921779539
-1.425731644634147
-16.18535837294395
-4.18514523579235
-13.39789842439649
-27.94229802706653
10.03266522995133
-8.983816309982258
-2.923838512408013
-7.873428611879613
8.553183988735535
3.773807101147802
8.552570896662274
-22.02884732476517
-19.18804918453667
-2.698523177493055
-10.74931976553877
-21.58296313536026
-7.63092178060047
1.110387697526556
12.75762341492172
1.436087493150531
-7.998715800454846
0.8518505844917833
6.599026853129399
-6.222784736673097
-1.47694932097606
9.969801595486572
2.981279029374821
11.44675091145729
8.465471833658121
9.748625898409088
6.523019074582659
22.80978245477124
-14.82200727263888
-18.75741234464516
27.63857082395737
2.358139403371548
-0.6339753897549695
-39.06974868648438
-5.989122083169579
-25.28043142039358
-28.27254621440161
30.94487065028453
8.661446526625078
23.06165636831624
-22.28342413018635
-7.883214279008858
-11.17128352802926
-43.07210434756045
-4.901758544542873
28.42759757402994
-31.9008208203183
-41.42788809716172
-9.7443127502455
23.58504336270617
24.4627807411693
42.17710205809412
19.39375701876692
-13.26596971209447
33.32935612058192
15.42213699291911
0.8777373818034353
-14.54439960766613
-22.78334504786274
8.741309479009303
-9.158104049082489
-1.713008375979098
4.521315268883564
8.499594768769757
-2.714460301888856
-32.65972673166034
-23.64520667722003
20.49215622659943
9.014520053800075
44.13736289518894
7.445095664811165
-0.2328368680183262
6.443643760069786
4.637160678424938
12.16865637378338
8.025544677333281
-4.949590098859404
11.47702249882559
-10.0998166092233
0.4458841906775343
8.438729419114024
3.451477821466786
-2.394913952096262
7.531495687161548
-8.050796588022298
-4.644853379735659
1.833437346798277
10.54570081138111
-4.987251597764708
3.405943208596147
-7.607820275794555
0.7853745344731557
7.263665273327422
7.747225988820725
-2.300308200465929
-7.608433371925315
8.393194806487527
-0.0006130945768322829
6.478290726843324
0.4835607168278181
6.55938230306768
-10.10970485553371
10.31376076580927
-9.490112857219364
-5.01055295784565
2.167731037153579
-4.254929913583259
-8.140834989982439
-0.3800433206589582
5.489780785421758
-8.498649249369064
9.249969517032854
6.075821594353632
9.744710700879967
-10.04753418723194
-4.243719341607134
11.64877116611407
3.668889116144779
-9.832295558740297
-1.874908308956207
8.866872398523656
2.705243302365603
8.509058144438564
-7.381645677858107
1.577423418565143
7.957387254462956
2.4506498775388
-8.568614969029529
-2.188651126027106
8.553129590035791
10.93802152827692
4.385085007814816
-3.348667889648863
6.379963838053039
5.219947082486069
10.74178071329584
7.760791667117821
2.384891934915284
-0.3578142551163162
-5.655173708635307
2.286528547301368
8.797681768092133
5.989390617168274
-2.538254511159833
-7.500986444040259
-4.935253780124223
-10.31115351222214
-2.076587506404529
3.66735365894163
4.694759055251131
6.773401529322312
-5.375899731868856
9.630012835548074
8.234566006490073
-6.552936525432672
0.11553090642514
-8.119035101738934
-1.477120649725795
5.743941166018403
3.898128431633856
1.546820454500121
8.215287891493062
-6.186932447031739
-8.165300009327158
-1.409158160965774
6.998962120770877
6.668467436828093
-7.733752898864156
6.641914454253518
-1.216325774117565
-1.978367563020522
6.756141849365728
-7.952744910080662
-5.212125932212723
11.15363762386362
2.167777287476192
5.60156888766423
-8.969960330466316
-3.002083107549641
-2.679457633531899
5.40603717773261
8.072112838345513
5.967877220309243
6.290502706311829
-7.858240230611116
-5.192164576018083
4.928357628774541
5.375249085772722
8.408120282662397
10.75157047331265
6.234323636061496
2.66607565635824
2.740618980497199
-4.517246841697229
10.12052220117511
-7.257865825449485
10.8136948232797
6.155216943045498
-3.279586338018346
3.978279493343873
-7.979882079435898
0.6195919983138182
8.59947412865667
3.760188731283323
5.803814843848952
-10.08688897578233
-5.308125173967847
4.778763799306193
7.941702258318792
-1.84581273424614
3.106047871295534
-3.940826250674835
4.134128676122272
11.28624538887889
-1.536277750372494
-10.85512311288482
5.642006346929615
-8.776480638493956
6.511153223283477
8.074954922531123
-4.835654385119712
-8.388967231396459
-6.825165541980364
0.3269511650531492
-0.2533253886612825
5.639498446579867
12.32335429303953
1.563801694981256
-2.80829114636862
8.135641848462738
7.152116713417332
-2.501790710525166
-8.146029728655259
-5.644239036618844
11.99640308070321
-4.589200705236788
-11.93453521504083
-8.080136494247839
1.885545469684874
8.703891910412722
12.23253911009362
-1.943621821321306
9.000311174881245
-10.47126695061268
-6.895029996942995
-0.4829650992324956
8.209194991675938
10.94393299383203
-8.527645126921072
-0.7911161866967894
5.89282385039377
11.54482674751575
6.548349361898157
3.57623695226251
-5.409623388390942
-4.96273193086791
-8.985860340066395
-5.552068736648502
6.412064896772494
4.64086376768357
0.4468914564994422
-5.574133370390014
-7.345334501525267
3.118026719639218
11.66445773148168
13.29309261595383
10.19293250175635
-4.658477882019529
5.331445131186261
-1.771201128855619
8.69216008774934
-4.861487370968268
3.854398721230552
9.989923014991014
-9.434803286340177
5.162939351785914
-1.349049721573995
1.215254338654327
-6.176033397990769
12.18528625588601
7.366836366105494
-4.826983671361573
8.715886087801115
3.316336874131134
-6.193234085163897
-7.553001586770546
7.211976779219189
2.793992052956932
-30.13130532241885
-5.216793982006468
37.02778306522526
-25.38309750640736
-6.988957543689114
-11.21405508119534
1.775931071487783
-7.308236432467268
8.531287544434578
1.456652202135612
-6.836812493823308
-0.6181218223839891
6.87193236235099
-4.225097544562673
8.764888622882763
0.4714239463484216
-6.602576933386813
-10.03136625984144
6.676480637694378
-2.808096044534794
4.299001264675851
1.283154090977238
7.223270222037376
-2.377479381767843
9.382819167585353
-1.013760975298428
-9.702748695496902
7.032960261024127
5.940116107472445
12.03095038574451
-13.13846402133757
4.719104651222096
-7.39128774170016
10.9700319257812
-6.264877657059831
8.195768371912303
6.090834300875821
7.107097313090581
8.54643100914339
7.339465555499926
5.652002886383863
11.03173520038635
6.683855861244304
-4.99647739677574
5.660934125940584
11.53632225686472
5.379732322611526
-11.53276169687766
-6.3985074324275
25.98091997088889
6.350911355738075
-9.981950979648964
5.747176274137643
-7.074635330578983
6.873586373864122
-1.659355194139617
-10.98398231044714
3.476663714830403
11.88951577102481
-5.468590629712409
5.668583316376791
-10.1056729864782
-0.6293366985954312
7.808523144372385
9.804261824132057
12.37119324832349
4.923565778989037
9.47633629536017
-2.747699112305673
6.21869067914344
-2.843207703612213
-8.090263889841065
-7.074000885690211
7.490054203030033
-9.061898393107981
-4.509127861662345
3.928732051204174
-2.774263550605707
6.506999574416135
-4.818449893890581
5.147232073598359
-8.532941590621837
-3.875541296341631
5.515391698475492
-9.509570958480802
-3.065548483508681
3.895639903730603
10.95434735644227
5.72469822585829
8.412852063752178
9.281263121171303
-30.79403413058887
-13.17969868847265
36.78906528254223
-11.84741139619024
0.8684110542963551
7.312433526289636
-6.220932449744318
2.508108252769474
10.63342747420097
-0.1004042294451023
9.719754263787131
1.122519419077435
-7.025333371659138
-6.790676622323629
4.657400316898134
-3.561322169420261
9.390933016404638
-8.218722516267182
-3.656052400457077
2.700660662522673
6.444022474286148
-1.359767502366735
-10.73383171229187
0.4033422135116033
9.132382894818425
6.711780498331906
-0.9136731990181303
11.13717393578056
-6.690272375352246
4.552770547802056
-7.671264910063988
-5.247056185970482
8.43785989824708
2.424208733440323
4.562670126653866
-4.804325271226944
4.651871094988939
8.790246709395731
8.729040691284155
-2.42060238640204
9.712345626561953
9.456196362921979
-14.0014384582455
-9.330981266374012
-1.672956910949477
-8.090519842100816
0.3475544681214924
7.156123589215938
9.182693085229969
-16.34911817209775
33.35208901455368
2.850700690473447
-13.17641304323432
-20.66215487533602
-7.625453685822162
12.13294801018618
1.589944983394782
10.02801929666239
-10.88123914225688
-4.313036703238853
-8.597234831809789
3.304480031527418
9.215398662643452
11.47877301989577
5.050067173379841
16.06349655770257
-2.349858906560701
11.90171485043702
-8.147852784304245
-0.1011315331064339
4.584723537807429
11.23133371995906
8.211380177896531
4.602920208066348
9.273377382694951
11.01342941419253
-7.399926116475891
4.670457183250201
5.910918619983936
-12.00284636107717
-8.287836559940944
0.5412439457178135
15.89696915761558
14.61437406567445
-3.000122582603864
7.679714074258555
1.740052045990601
7.658024363852649
-4.31821507477251
-3.983353011509343
-9.213002142681004
7.317936715257811
7.754238417612918
8.611874744068258
5.917972292332665
3.626656647232221
11.20568627183551
-3.019953549206019
9.426320188339886
10.81925817082501
8.829080503384112
5.287713983177435
-0.2561492651931953
11.97840458753566
-2.104928710745424
8.777013417318885
6.730209904905706
9.965681969037643
10.3469936404438
-10.92132130159256
-1.470875205629995
6.366595660460207
12.91401330320647
-9.29268642626039
2.162337777159565
-5.764039232571426
-1.206965446102794
9.450446089520799
1.62863488177353
10.65741152953662
5.875388136687421
7.837470864903103
1.962082724894175
10.15146147926663
6.568017931347426
-6.156589925966943
-11.22233377942386
-3.03295502165421
9.7164637756114
4.911577508869264
14.59780907601597
6.547417641146864
8.189378756218243
16.13391128958428
-10.75167552682609
9.586493649336067
1.267766001387901
24.41740463226434
3.528647199985581
1.550810717251178
-11.17379713093617
-15.52167643458351
-8.688987753106643
-6.122056372236659
8.046721244765115
0.2346567281236427
2.566931413777867
6.356713073823327
9.033162682721398
4.138375614839658
-3.20139116949294
-5.248194683042386
8.705157427791804
8.871062323024129
12.4462737499174
7.579029627113939
8.438074311745178
8.835138617133818
-8.748056990017329
-5.23966470307269
-1.689349537800102
9.611940189011287
11.61698114349832
6.779776826632257
-19.3026410883534
-4.471730106068827
11.92842317821543
30.04676519563068
9.880461653089245
-9.616409520934077
12.74941879271575
-3.583443547330175
-19.63000862229577
4.748207824964947
-14.74866332971184
4.881345298483149
-12.72460785619381
-7.851077261772066
-5.824507767474305
8.128844340112764
6.222052860302982
-4.89478706790091
12.07245349179301
3.508392286478502
-4.4179847269787
7.058707452358641
-7.926377011471081
12.01944152901648
14.83091098252113
9.686231567519304
2.026569494834617
14.07313012076983
13.95335210863982
-23.05553511004832
-11.32145066316429
17.90791121384813
-6.312175772838984
20.81432647069145
-1.28259509356469
17.44414839141012
-8.217255081732883
1.417034652180519
11.73408444674688
-1.906791478504813
0.1659048944014145
16.74335933732542
-13.64087592447519
29.22936187665976
5.085867562839744
18.72674348635242
-6.357894019647806
-30.50138832949006
11.25644142246202
-24.14349431326034
17.61433544211657
2.906415256585084
18.94662273530414
-16.02711373672777
4.479559928154528
-4.839285448279875
-9.318845379966127
7.178284046150821
2.078642474231082
1.016263004408805
-4.347879330109659
-4.867244118644331
5.812592539644361
1.39293798399412
7.961140427980904
10.67983665664249
9.634289731018461
2.148547888913231
-7.485741837103527
6.568202441330479
-5.229649130877918
11.30128972678942
-20.33432371704659
-18.3292827626598
-4.284695035554338
18.75750012777203
7.719896374691309
32.58778915885375
2.005040954950878
16.04962868136893
1.293938028811261
-4.837204316249641
18.31243431555076
26.049179137643
-23.79709757474179
-8.183770596674931
14.85842456728813
-7.219643131715551
17.25644575583965
-22.9394612484333
36.7425631019096
16.57745444277624
0.8576363261528069
23.14963863118393
30.647485980139
16.40015328467255
7.73674482344902
23.04219516347171
-14.75569065223836
-40.07682410878878
-38.1716879105665
44.05639326454026
-14.43202571860382
11.83784921741994
13.83028903138071
29.26745342423857
21.88413853475829
-48.63647667768694
-29.86279930420523
1.905136204563628
24.47608888730459
27.126502243795
2.6504133565296
19.48611734640256
37.4642982105998
-14.24733269535529
-22.91074115684557
1.957151626404362
15.29696949003728
25.51815137757042
-43.38705081815826
-43.18167969788538
47.51022960950753
-0.236180010663276
-41.53376366503205
18.1183420171739
29.54430218505705
-24.16017307447514
-31.5434879652097
35.35861658374694
-13.56530710111854
18.20262841204984
41.94229061482078
16.04020747962382
34.8138848541684
18.77367737470457
24.86789278426555
42.24457704715862
11.42596016780251
-20.16630353335409
15.43716439303782
25.23342258463503
23.56099975218171
-18.71964105552749
31.00289040989603
43.15087081568107
1.853287152363818
-20.39206388846751
-7.383314890237247
9.796258191417801
59.51878965772418
17.97818086425834
49.72253146663002
-1.672422832634368
6.583674031184078
12.14798040699202
44.06011687081396
32.85354897696916
31.76793551302355
23.73966219736692
-21.01197616219539
-32.2185440547451
28.64850102127507
26.26987493835658
-30.81861688668897
1.647916038595646
32.46653292717776
10.22118188723495
-47.74640962485598
-15.83427316700055
31.13589485261602
31.91213646253976
-19.49687116435026
-22.24535104113673
-11.2065678931972
46.97016801961619
49.66047718265283
2.690309162218546
