12.37593801929684
-5.27143561691889
2.266658421960136
-4.00114956741355
-1.310232386498255
11.57842546062858
-10.13323990324731
0.6923333732153581
50.65078677569605
37.38405065683162
46.39989783527623
-11.88141876436961
-14.38663215699177
13.14934233172877
-2.383983704890419
24.33788435613193
21.01684829988937
25.34186548607761
-30.09944239283608
-7.035040740933859
-11.70139943535372
-1.94220923449964
10.43254977263174
7.676846630386911
10.10287487063919
-10.20534629908505
-8.369858114940246
-1.806154423864686
9.856689904969462
15.67288975036999
3.112680581978398
-6.50659743109239
8.795471649462298
11.24505585894884
-10.56405255982513
-11.13019666521748
-3.039632067437453
-2.310361001396678
8.00724391551765
10.46055842768972
10.29701154853941
-6.877418133239322
2.629469879244773
-4.427833891421542
7.751712891265973
-10.31386659773174
-16.71515039555139
-4.84185403499821
8.606946158728171
3.055703233443093
9.222365028715474
15.41356506826044
7.405264892032145
-3.321036056281606
5.79428703535221
-8.008300220187779
-9.619278032908106
5.682791087321373
5.361269604630301
-10.72630096199038
-6.40128378935677
13.36956982437277
-1.135161314402402
10.73813504439735
11.40976706953952
2.662732009562857
-19.63858434666172
-25.62789179170911
4.325017186310205
11.87329635961776
-24.4927304789914
-32.37690622784091
-7.66754167209506
2.374772798081524
10.40971099131357
-2.54529861687492
8.011268864729038
13.44880019624988
0.6716320259670628
7.203765342856759
-7.3920332752998
-7.713554773136742
2.11485479945694
-1.546892980640772
12.15716925136245
7.202833475199193
-0.3215214822459174
9.506888074015443
-0.5661441030149168
-6.245034855916201
8.253691558133397
0.6154188772670078
-7.265166880054937
0.8886764912610196
-8.340099716195855
3.251964372758062
8.477272187235165
6.496789088289983
6.166661793745114
12.21102407054821
7.042290766508554
6.532133317783897
-8.747035058562828
-1.475043037310076
-5.16873330513617
-5.678890752832919
8.090564604125385
0.9599461991235539
13.25929790697809
-9.282828811419604
7.902189746693375
-8.517333800977879
35.72830370406103
20.90610152515098
16.96769964518479
-22.1698393948984
-44.95555409168225
-24.46155541769877
-3.294527162397298
-1.185677532663937
-8.651635329724611
7.752348835571073
9.331453706290411
-10.24277500743988
6.942243545567681
-8.296003591612145
-1.455768040813146
5.440222635181183
-5.357108162140435
11.04687598932527
14.84792202938358
5.619145818907928
-9.169890743912216
-2.273900070076593
-5.440359746559303
4.988723315382438
-11.02418851195739
-10.22616699484146
0.765495011572749
1.946771412105602
4.517691507041161
0.7980215146630225
11.78968352520475
-24.30571222403204
-17.78362484564005
44.39964450594839
35.10335234990408
43.7657259490537
-38.81069845761306
5.329290717637388
26.84541162774438
10.65630846155692
22.65934138141103
-29.75481733721851
-5.289885145319763
-7.465957802247456
-1.074932831693289
-8.967978715014199
10.51713124608334
7.271992019091393
-22.30131635417084
-1.502020910441275
-9.228776211904323
-9.859198706648911
-2.989515779666369
5.608112607857774
6.397061249859317
12.37096697331001
-7.893045886645601
4.606827655153238
11.44706319591297
5.4071161033275
-7.753080670620593
-9.856240719943932
12.17293840213732
-25.10373373669
-2.290129976794532
6.840235547076531
-14.46306837839863
-6.039947091204079
6.895990674915057
3.729530995319345
-10.2587235234614
0.5584963693957883
10.74386746495989
9.265322583437944
12.24938945545872
9.769478083683795
1.664428048910676
-13.16019676889988
-6.81446816874222
-20.21623577742664
10.42908305978266
5.101819259817783
-8.105050032545067
-5.327263795732354
6.869682930600444
0.1893669279683317
7.237077468835257
11.42424668738475
-6.852758792586585
-9.823213735322474
0.3621573671677676
-8.470946306696101
-4.283777067126858
-3.321710147625127
4.90929972319862
6.064866902790031
12.36130768584806
7.047710553266541
12.19694672260027
-13.20686929013461
-7.042125730223871
4.187169235214102
5.149236163081956
32.09834414136563
36.9412141233878
-41.98607885552499
27.19612367010106
0.1947374084728919
10.81721989378923
3.330105360830248
-12.85899779471096
-11.06208930606619
9.193076788344953
8.960494652946114
-1.081893818503045
9.386577035190122
6.164743554426848
-4.292825939682158
-8.478896213564964
-2.97045495240512
-10.4575694897878
-7.487114533891009
10.18537109622048
-21.05550319271466
-2.10316004602182
-22.48138601993285
-7.056039010039131
-3.861260608517795
18.95234314827075
-18.68346278407651
-29.85579695688341
-1.425882828513534
-16.18910315554093
-4.186070260108111
-13.40176760459682
-27.94922653045014
10.04231445700006
-8.993028659243064
-2.927239106067368
-7.881574884668946
8.563151363227785
3.777890757652305
8.562321796192069
-22.04735193920217
-19.2016219579085
-2.694192561379417
-10.75296059669457
-21.60006407874601
-7.638272683119944
1.111453773571701
12.77091942252832
1.438251483102797
-8.008315648913332
0.8526853822600339
6.60825413124729
-6.231023212610951
-1.478544872826196
9.980195473411889
2.984066886228574
11.45874033754214
8.474673366823659
9.759190200853523
6.522087380426131
22.81360375836461
-14.82220217714539
-18.76060406063716
27.64159269962841
2.35890125624692
-0.6339185559500844
-39.07035378927158
-5.989307444144735
-25.28269144282394
-28.27551125684955
30.94857740201622
8.662373602371463
23.06440165273183
-22.28620381098298
-7.884175744127052
-11.17233417129699
-43.07594091875749
-4.902220474811211
28.4299141300373
-31.90360674897036
-41.42925505823152
-9.745090459340549
23.58704413583578
24.46493219770547
42.1808162639969
19.39510159996001
-13.26673611605769
33.33213460839504
15.425347008232
0.8778880676758015
-14.54745893453273
-22.78571467894165
8.749726458044085
-9.166384194127193
-1.714376222910888
4.525682875916993
8.50724653415196
-2.716932771188004
-32.66183771741572
-23.64599053503957
20.49399865622888
9.015847181251836
44.1399891762111
7.452007957023216
-0.2325821325277584
6.44945144471582
4.641452674700084
12.17954674228857
8.034938198067206
-4.954335777382479
11.49039046538584
-10.10927959733633
0.4472878626389482
8.448661361418715
3.455452267291353
-2.398442123020368
7.538094053233918
-8.058768035281098
-4.649073274820195
1.83548818414439
10.55656748003884
-4.993209094200566
3.409694761023268
-7.616888445300746
0.7860154166376118
7.270576897157199
7.754172594312567
-2.303605108916224
-7.617718019401604
8.40290385549708
-0.0008295714725185822
6.484561459526945
0.4835956994630673
6.563703713896558
-10.1185354141131
10.32854103446514
-9.500360892095928
-5.016584498674013
2.172627784756302
-4.2588776950868
-8.149346925963103
-0.3806111619877737
5.495549008029741
-8.507196960191159
9.258933320915567
6.080108028571013
9.754426706534181
-10.05777769971386
-4.248319274963992
11.66284434807777
3.674318695028903
-9.843156051997797
-1.877146197945186
8.87601089075736
2.708702447774007
8.518160866253643
-7.389841523274979
1.579104866611318
7.96600986248945
2.453314522849495
-8.577677513225225
-2.190772504541281
8.562384599009029
10.94933697412501
4.389443282031448
-3.352369712061292
6.386904999986196
5.225307806394836
10.75315709900466
7.768735760258461
2.386952369324904
-0.3578500267691822
-5.661784328292697
2.288711376033689
8.807969432343345
5.996648946105497
-2.540850636580599
-7.509595076783424
-4.940106306885638
-10.32188969662225
-2.078988499417237
3.6711431915064
4.699438170625282
6.780201756323754
-5.381783389620121
9.639544478583682
8.242901197612294
-6.559893700320906
0.1153032165951722
-8.127597983465972
-1.4789669747436
5.750131691330686
3.902320943935938
1.54864915696206
8.223846082277026
-6.193163843390824
-8.173646948286384
-1.41079259001258
7.005797472390304
6.67519692514312
-7.741812996239545
6.648631011737971
-1.218048614633454
-1.980483106449913
6.762854360118052
-7.961803543263192
-5.218735133036133
11.16738166841288
2.170348715119904
5.608565811876964
-8.978773956426462
-3.00486822870496
-2.682333191802051
5.411721839889538
8.080133076559001
5.973905722934648
6.296440780088529
-7.866679629386657
-5.198268403049904
4.933883866780548
5.381287925912434
8.416590063961255
10.76246627076385
6.240059083570877
2.668411228959032
2.743068415303433
-4.522407194604905
10.13215226410719
-7.26547561659292
10.82730095113664
6.162655129259692
-3.283911980048334
3.981563647044429
-7.988525704356294
0.6181745220166708
8.60670031496919
3.763384312803792
5.809458421614698
-10.09854396371406
-5.314112915013411
4.784431044172829
7.950495708591133
-1.847810746532845
3.109058565546642
-3.944998243527097
4.139730761526447
11.29980590022697
-1.540106463938235
-10.86719897274308
5.649105997630314
-8.786435387446559
6.519258060364812
8.08472899761135
-4.841437139395688
-8.398340318279075
-6.832869398384155
0.3272057299462652
-0.2540759501098943
5.642466401287398
12.32985434729172
1.565470929803993
-2.811320478352713
8.144264377879766
7.160075139709555
-2.505213388510369
-8.155913249708417
-5.650699893150635
12.00264853472362
-4.593704097596683
-11.9461918396822
-8.087512139408169
1.887411610483689
8.710774656211933
12.24205419574447
-1.946052458364133
9.009532399298621
-10.48355204147069
-6.902667575195253
-0.4832581725041862
8.217494319281052
10.95558485413409
-8.537499579578103
-0.7920380872177162
5.896542377965798
11.55307053212349
6.553329994652716
3.580884462696663
-5.416148496596006
-4.968744436632361
-8.997032958711223
-5.558815857687106
6.41940940057438
4.64683272104899
0.4474040581699712
-5.579911044021668
-7.352487726826235
3.120841445720481
11.67432820103517
13.30447875418373
10.20564857467241
-4.664645825206832
5.338561460798987
-1.772576678768576
8.700752485705852
-4.867087114836614
3.8586797009102
10.00320728933572
-9.446567118987078
5.170002634254702
-1.351106502762924
1.217618792622938
-6.184311180767345
12.19842371003758
7.374660306686936
-4.833204669016073
8.725766808795443
3.31842925996865
-6.197674440465033
-7.558545728740453
7.216693406087963
2.796096856007489
-30.13427160359544
-5.21727283618702
37.02971540309117
-25.38575715890642
-6.996072715880056
-11.22417932316288
1.777292450972952
-7.314245534032918
8.542828300967663
1.459119668212354
-6.843228231526107
-0.6200479765859217
6.880040606835541
-4.22810661923558
8.773365181523467
0.4710173162196992
-6.606935503271451
-10.04238848096328
6.6820335937255
-2.810684387331448
4.303204736459171
1.284516879743796
7.231704104891035
-2.378828872083181
9.398335367036982
-1.015104620935125
-9.730281141579171
7.047143175108859
5.947187184084769
12.04508418971916
-13.15749875039643
4.725783295051881
-7.401929982378559
10.98080493205491
-6.273067700167007
8.204524919594071
6.097897044659467
7.113889130398855
8.553486750235187
7.345368094378281
5.656528135100464
11.03895812352952
6.687387971741583
-4.999740557688602
5.665147548215486
11.54378210119166
5.382430003169127
-11.54161632716507
-6.401801002921532
25.9861116805766
6.352279260184762
-9.989994187445097
5.755568758502632
-7.083708612033508
6.884431066727775
-1.662787715175002
-10.99885099889713
3.478741614777867
11.89804727957816
-5.472553826402239
5.67274247475205
-10.10102434755323
-0.6299580934462866
7.819364193475185
9.808735232182638
12.38569787532833
4.92011117870681
9.471066266994132
-2.755703160959889
6.223180268652688
-2.844158737251381
-8.09394490307338
-7.077952830439683
7.500088615211407
-9.067339024626184
-4.516383911729893
3.932938496147241
-2.776280007024396
6.512031633305301
-4.823763409451765
5.151160346557026
-8.54721882091806
-3.882795058206485
5.526297202765766
-9.516103699858004
-3.06767869529367
3.898264144361979
10.96135619515901
5.72826220252318
8.419305677508573
9.288311634375628
-30.80151056309906
-13.18352049737835
36.7898095360517
-11.84859076233984
0.8690059518444643
7.317430951439469
-6.225304796617851
2.509900155702472
10.63915730987363
-0.102770784511478
9.725672131181035
1.124648869206151
-7.03888953762137
-6.803959772187998
4.66442380172674
-3.567150149411291
9.409092297660836
-8.231574002550555
-3.665240299436521
2.707903376547234
6.448425003469819
-1.360871289748725
-10.74192810932402
0.4033681572001586
9.138573073661654
6.716373600933011
-0.9134851585661039
11.14529628343804
-6.701188957398046
4.550955141968058
-7.675814371376728
-5.249786165904663
8.449322382818737
2.426028221537503
4.566333721101478
-4.807530791861799
4.654748349386831
8.795940898148451
8.735204933375634
-2.422199455551474
9.718431267837627
9.462279135739776
-14.00944425987743
-9.336354433084281
-1.673949275241888
-8.095296471143648
0.3479354571152146
7.160692299685754
9.188795322771066
-16.36059038412258
33.35403960748422
2.849653417172509
-13.1826152106625
-20.67484361974004
-7.629858739791668
12.14063071897644
1.590988516682923
10.0342204499678
-10.88609208725041
-4.314253235618136
-8.601023239335481
3.30669943115605
9.220847245685261
11.48468766420588
5.052574175552632
16.07194966659961
-2.351192191927717
11.90772264785186
-8.163538395345794
-0.101290572977133
4.587262002394429
11.23767771145735
8.216002160258332
4.605246686321969
9.278336482698744
11.0193755432587
-7.403766431237369
4.673089811585093
5.914147795226111
-12.00901318131597
-8.292919162028207
0.5417224223313207
15.90802383971618
14.62463041073195
-3.002107367165972
7.684518674516355
1.741039085940695
7.662405172188301
-4.321087766963381
-3.985803036882043
-9.218897030708733
7.32251367532463
7.7593222436745
8.617383897857771
5.921366041259816
3.628740170335659
11.21217783930986
-3.021675563671094
9.432007150705502
10.82557327629966
8.834641580560509
5.290811804610293
-0.2561521345305486
11.98626201924068
-2.10641026459544
8.782849678875841
6.734449598780283
9.97492375900897
10.3546425853625
-10.92901655329984
-1.472247055671098
6.370508461828477
12.92216709803299
-9.298866016291313
2.163691995791804
-5.767586486969302
-1.208118642167905
9.456769486567293
1.630150548069507
10.66488811815695
5.878634562885973
7.842755515345763
1.964120946923467
10.16021921038437
6.572026024685716
-6.161352083443969
-11.23021228149263
-3.034114012363106
9.719966266632097
4.914503942115018
14.60264973891274
6.551658633360435
8.196098266349898
16.14471622571541
-10.75847510363542
9.593057594014512
1.268454152866944
24.42937948353494
3.531279539908045
1.551622139746391
-11.18175595250896
-15.53332604253872
-8.715176578039847
-6.138214010611533
8.0622478108865
0.2349297287790477
2.576962624823862
6.373143693971093
9.039001814080729
4.141192549618496
-3.203412339274659
-5.251812421039935
8.711064574158479
8.87699767181684
12.45368273595397
7.583437673277277
8.44323193077215
8.840859866036013
-8.75355952275274
-5.242877582062434
-1.69046747402911
9.61784923777607
11.62390602040116
6.784051676813906
-19.30606856187091
-4.46974667326795
11.92995602494532
30.05022505777536
9.881740703469601
-9.617922764624652
12.7540802710509
-3.588193184675131
-19.63383243286535
4.748514460279111
-14.75114897425532
4.882683468868403
-12.73337810622487
-7.856548637821864
-5.828445617447692
8.134431372095824
6.226359354045949
-4.897809264075902
12.080410010001
3.510681939097821
-4.420596550695123
7.063092049773238
-7.931278486209993
12.02692925802199
14.83632188897254
9.688145797451325
2.02810302108372
14.08290798970136
13.96287699137325
-23.05764130986272
-11.32033225499058
17.91297788648284
-6.312533375814551
20.82390127167109
-1.283393431717889
17.45001590707237
-8.22350516246552
1.417747269470993
11.73730905438026
-1.90807201588367
0.1659330964676614
16.74510793368823
-13.64538106885596
29.23331014088635
5.088028274138598
18.73340934123496
-6.359104340139409
-30.5043861997968
11.25888572556808
-24.14528186561083
17.61799006572116
2.91092338469563
18.95291980233926
-16.03226863303932
4.48377644317581
-4.843316090761176
-9.327092539709717
7.189212372499649
2.080763585497567
1.015992072550676
-4.351570136137474
-4.870245055318229
5.816380989079733
1.393566128191826
7.965404988407501
10.68662604144655
9.641252426822614
2.149024000305501
-7.492228417797437
6.57183885563036
-5.233093993231392
11.30831671200612
-20.33806141798743
-18.33200463549491
-4.285384651632364
18.76253634190337
7.726374224691315
32.59457189564257
2.006056783035961
16.05267676624198
1.294870222492527
-4.839854342779583
18.32107098909084
26.05837886046066
-23.80096254150454
-8.185094344676667
14.86282664952717
-7.22178770373356
17.26300256153326
-22.94290088772311
36.75145684535151
16.57917483728492
0.8580616536522361
23.16092533106268
30.64831388492683
16.39970269860876
7.737307872705086
23.04792099369355
-14.75780654354912
-40.07418546098554
-38.16987550770992
44.06333436085301
-14.43110829181257
11.83964409689566
13.83203555405168
29.27141288185846
21.88863019595501
-48.63840029655675
-29.8659806597667
1.90430996428426
24.48479026478021
27.13643464792611
2.651644383216631
19.48845428412797
37.46606044117264
-14.24861118619084
-22.91100601238886
1.957191657621728
15.29849224267923
25.52015315149504
-43.38686404997
-43.1815426116034
47.515368703917
-0.2362094967172366
-41.53373304090098
18.12026903230948
29.54710342849885
-24.16184651640622
-31.54462920367245
35.35723328588871
-13.56702304683031
18.20326758479652
41.94203481942611
16.04199641922302
34.81441605798661
18.77241963888473
24.86819767104086
42.24698823914451
11.4268343961078
-20.16848433830932
15.43937732797401
25.23625187081014
23.56296149490386
-18.71988114840612
31.00232410883559
43.15065456743014
1.853131007750623
-20.39317152498724
-7.382782686680336
9.796874542669425
59.51907980170819
17.97760615707232
49.7222052593513
-1.673290376080571
6.584801533546231
12.14833046070459
44.06290979827835
32.85555393917107
31.77029063140893
23.73876722526359
-21.01633442033292
-32.22369027721194
28.65542843856444
26.2707523927433
-30.82015385574356
1.647809580715744
32.46796343970621
10.22166090849829
-47.75157820873554
-15.83699888149626
31.14384679362731
31.9145793353397
-19.49966345131458
-22.2463025332382
-11.20735585799317
46.98084567512335
49.67176285746817
2.690917180915247
