12.35943669668371
-5.265225581661044
2.26354463539583
-4.00071620919101
-1.310665744720767
11.57111612081604
-10.12500491630779
0.6917796940952814
50.64591151134429
37.38018016182836
46.39418641377267
-11.87380305083123
-14.37414617589128
13.13766750964506
-2.380222581505203
24.33459467517755
21.01699567073328
25.33455531785302
-30.09419864940563
-7.03353077357681
-11.6851504382584
-1.940957391615595
10.40484530483653
7.660586037137208
10.08411206299886
-10.19489392104621
-8.362349767725739
-1.804865410510433
9.837868141021952
15.65483458586835
3.108196719556895
-6.500397802005779
8.786150131429238
11.23223823224581
-10.54946666806593
-11.11496056602005
-3.035349143405273
-2.307006365826756
7.995535627575636
10.44507292802152
10.28352983928952
-6.868684467098737
2.625880496602408
-4.422596353623009
7.741558314876146
-10.30379543840664
-16.69935999403273
-4.836752667058559
8.597349380374359
3.052526272351881
9.211942358542405
15.39552083344573
7.395525184246202
-3.317599004483447
5.786926304092874
-7.999995666443542
-9.608594529352937
5.677953419662697
5.356326042170049
-10.71312419410348
-6.3955645523047
13.35632170821948
-1.133510162404371
10.72909716420338
11.40054794505929
2.660324880529708
-19.62963371888196
-25.61873736998618
4.317559647172438
11.86260732676222
-24.48522720831065
-32.36808609174683
-7.657649343829008
2.371007164320158
10.39258028986798
-2.541971508657652
7.999185903699885
13.434102048111
0.6714507811946051
7.196045619175575
-7.382525113322928
-7.704152496320015
2.112039875010229
-1.544736410790602
12.14069637573486
7.193076354457967
-0.3216273770987341
9.4945649877249
-0.565493897357551
-6.238056429613095
8.242460302698126
0.6145929808379195
-7.254651244832155
0.887360876288749
-8.328101824827927
3.247202421362308
8.464910805927932
6.487423486507809
6.159416085837285
12.19715736978427
7.035067639813688
6.524594838514699
-8.740223064165141
-1.473641254674558
-5.162089730319148
-5.672562531762646
8.079611424641064
0.959021205739005
13.24170115369109
-9.273453641685622
7.891880004306625
-8.50870889344616
35.72611039627757
20.90398318090502
16.96984006060586
-22.16687505348298
-44.94940801518251
-24.45787376423378
-3.289773906552962
-1.184019772229291
-8.639595057985623
7.74111087030802
9.317833888769165
-10.23247484629449
6.932858797651487
-8.287484588842227
-1.453753284810007
5.433024831839989
-5.349821149627891
11.03088477339675
14.82659517210312
5.611132469766922
-9.157604323168512
-2.270826207734543
-5.432790320513165
4.981635579475579
-11.01616861144015
-10.21873830768765
0.7647447481598058
1.944990256054711
4.514331551670384
0.797430302822752
11.78091336013737
-24.29902186618726
-17.77562704570892
44.39773224234824
35.10260682810431
43.7637243880171
-38.80873307798517
5.32785826578108
26.83635656623003
10.65254263369266
22.65158903355814
-29.74989783598424
-5.287846001839315
-7.455575287560836
-1.073450578319153
-8.955409254056006
10.5018536639448
7.266581808797244
-22.28995859816689
-1.499833965772659
-9.215462702793024
-9.844959589728489
-2.985289808216611
5.600062614784214
6.38804080435552
12.35340228872601
-7.881958676698968
4.602767254747596
11.43649855451998
5.403397049431239
-7.750322189180659
-9.849294579648811
12.16372856168619
-25.09645216777005
-2.288333273317923
6.833731302634281
-14.45206183522741
-6.033101504814206
6.886778116042136
3.72481400167813
-10.2497121290821
0.5569100603898141
10.72936399540502
9.253086545965388
12.23319483551163
9.757915505335747
1.663100653437675
-13.15371923653521
-6.809927897649104
-20.20621620219242
10.41442589895094
5.094993184736547
-8.094814850906001
-5.319432712632556
6.859669783171241
0.1888871303835764
7.226283903301353
11.40726204946191
-6.84385461268609
-9.810511007813629
0.3619429302345994
-8.458535132428048
-4.277556978760824
-3.316829419357072
4.902305443472767
6.056501202144867
12.34453453823421
7.037396777770307
12.17910249467115
-13.18980803465032
-7.032741747018516
4.18097815214648
5.141705714730945
32.09468389570785
36.93714870557606
-41.98109742710302
27.19308303283581
0.1947675323518757
10.80662218986287
3.327951301336062
-12.85586262701819
-11.04531911376131
9.179862421925467
8.946909894820525
-1.079866896275505
9.373330615143992
6.157066285711578
-4.288261005642808
-8.473028549217839
-2.966656399076654
-10.44532728940947
-7.478670888917475
10.17245393530551
-21.04760663022173
-2.098972389636966
-22.47331513507244
-7.05249696613331
-3.859484651500825
18.94863424138805
-18.68161186494358
-29.8525537300383
-1.425708505408668
-16.18381392835396
-4.184767538123462
-13.39628830267471
-27.93943503685838
10.02865650295133
-8.979976341454254
-2.92241087672969
-7.870030898713057
8.549004572699774
3.772102946483816
8.548496116558791
-22.02030890790203
-19.18164918242008
-2.699468184017786
-10.74703796081277
-21.57504356623511
-7.627867322996361
1.109945442347629
12.75207929094998
1.435163288992286
-7.994661745131615
0.8514978877697884
6.595110496855042
-6.219281843625048
-1.476277445995948
9.965452212019256
2.980108295118733
11.44172965457138
8.461621326312098
9.744193046642266
6.52339482174641
22.80811889369123
-14.82212721458237
-18.75627033658624
27.63750500025258
2.357839840968045
-0.6340078539712183
-39.0698739769612
-5.989103650772998
-25.27966515924684
-28.27151285466717
30.9435267597837
8.661117561137443
23.06066787614592
-22.28240920313484
-7.882858881609273
-11.17094186461373
-43.07085823383925
-4.9016008642304
28.42684522515999
-31.89991636970648
-41.42771382294805
-9.74406567511428
23.5843804103706
24.46205183644173
42.1758649594541
19.3933320105889
-13.26573134842752
33.32844609074834
15.42081816834584
0.8776714283674283
-14.54314673761878
-22.78253295470325
8.737812766029439
-9.154676976811956
-1.712447877856663
4.519490924264073
8.49642341511097
-2.713432602716269
-32.65906335956198
-23.64505710609371
20.49153424397532
9.014006253033321
44.13659134416029
7.442229093157518
-0.2329525263004371
6.44124438320082
4.635384424510484
12.16415465274308
8.021573127663544
-4.947620021630209
11.47141544778565
-10.09589206128747
0.4452653425546668
8.434611221685774
3.44984232009719
-2.393394384702739
7.528770222644871
-8.047569776776008
-4.643177455603503
1.832544153320085
10.54115741168644
-4.984768901724929
3.40439232137467
-7.60405268623289
0.7851085395822021
7.260830156910218
7.744330490756978
-2.298926907007307
-7.604561145154785
8.389161223163875
-0.0005084578255384211
6.475721609125568
0.4835003347685906
6.557484366257188
-10.10619123795448
10.30767391959225
-9.485790798189491
-5.007972178494935
2.165779841495429
-4.253209575396741
-8.137231359264417
-0.379800824104046
5.487265712745529
-8.495019465262478
9.246160222570253
6.073984037013359
9.740475289396018
-10.04325739631286
-4.241809894001254
11.64273355906688
3.666491258880241
-9.827767996564518
-1.873975624878212
8.863032330909782
2.703796728493868
8.505244228379205
-7.37823068924942
1.576723017134023
7.95379237477098
2.449537305045173
-8.564830511062423
-2.187761148738837
8.549246812962307
10.93326359150355
4.383254948351388
-3.347122131481007
6.377069358964149
5.21770838178144
10.73700795969799
7.757430533570225
2.384016776271737
-0.3577881030557283
-5.65242990344978
2.28562167805029
8.793440948670552
5.986384405361202
-2.537166308356122
-7.497381724090951
-4.933205000059549
-10.30661875765894
-2.075555980300648
3.665778450116712
4.692756045520926
6.77055760625128
-5.373413757358321
9.625961045413833
8.231062778102467
-6.550008646723875
0.1156210788420321
-8.115441700573294
-1.476331379491368
5.741334431161341
3.896382611425715
1.546052080844741
8.211681810126898
-6.184325002110404
-8.161812324250976
-1.408472653436888
6.996087600120155
6.665629729137341
-7.730377080910737
6.639110322962499
-1.215594212806146
-1.9774873225192
6.753339671458291
-7.948940772392101
-5.209327140758557
11.14786263751437
2.166697051239224
5.598621339671191
-8.966281015821249
-3.000919529208113
-2.678247687876722
5.403640726752402
8.068755411503714
5.965361484937575
6.288033334732968
-7.854704537648889
-5.189589857040597
4.926047972134546
5.372713994095428
8.404560254206078
10.74700310039002
6.231938796060252
2.665114681977039
2.739613633178956
-4.51506430751718
10.11563782640355
-7.254677942464656
10.80794848258336
6.152079565863896
-3.27774546013136
3.976932486276537
-7.976242320434663
0.6204004397645169
8.596642795183898
3.758894509429711
5.801447501098572
-10.08202741453418
-5.305634239797442
4.776393173086954
7.938051583114561
-1.844951819860494
3.104779157083986
-3.939121768199943
4.131818199014283
11.2806742557879
-1.534628805538941
-10.85019575648893
5.639123284628978
-8.772394195044642
6.507819272465614
8.07093996427381
-4.833272424894924
-8.385102375754393
-6.821981690619704
0.326874362412392
-0.2530274907973238
5.638314731794255
12.32079802145081
1.563120688867425
-2.807056540149281
8.132074888979352
7.148856057308426
-2.500343123356112
-8.141894078096389
-5.641550967525343
11.99392362671249
-4.587363442441124
-11.92977330658139
-8.077144594683984
1.884779672489598
8.701121567157646
12.22870805469857
-1.942606986795624
8.996524443637613
-10.46615770164752
-6.891873547849278
-0.4828454353100524
8.205780134531111
10.93913142858006
-8.523550712998896
-0.7907443110114795
5.891342232889909
11.54154739614121
6.54635182027515
3.574284153283876
-5.406881436618095
-4.960215414346659
-8.981165589266924
-5.549241297945677
6.409028112067853
4.638361470842991
0.446666021616425
-5.571743216141834
-7.342409858839016
3.116882353270902
11.66047306524777
13.28848500987367
10.18760276679894
-4.655868917787336
5.328443815031716
-1.770666641185878
8.68862556790118
-4.859158951878118
3.852628712237422
9.984312733886737
-9.429825029362179
5.159947202157269
-1.348175899961692
1.214234553156047
-6.172541440651441
12.1798669896985
7.363611760315009
-4.824365537370015
8.711787660765449
3.315510719904916
-6.191455687989606
-7.550780036554625
7.210107505055769
2.793148344910345
-30.1299980225701
-5.216586110323944
37.02687798665123
-25.38195116320741
-6.985977739849006
-11.2098560252763
1.775379906233872
-7.305778116974014
8.526359287030381
1.455579541701181
-6.834169708861768
-0.6172599799101794
6.868495744553906
-4.223878290433007
8.761357650810012
0.4716084132713363
-6.6008198829966
-10.02677679521799
6.674196916211628
-2.807027633041328
4.29725533485269
1.282571738300078
7.219749166989292
-2.376941587558006
9.376443949142629
-1.013163059426987
-9.690487929650462
7.0270735337116
5.937177412508444
12.02506948800873
-13.1303886136682
4.716297235321107
-7.386775997127037
10.9656324424524
-6.26144399733859
8.19216508885733
6.087892091155751
7.104282970619613
8.543590710296382
7.337096135803863
5.65020515605528
11.02895226830645
6.68248329978395
-4.995195583167162
5.659251699390573
11.53349713107728
5.37874711825759
-11.52846487173325
-6.397312613390422
25.97890483057595
6.350425661296721
-9.978154153995042
5.743612612813364
-7.070779737464187
6.868944622908366
-1.657863550690548
-10.97774123412706
3.475867849316451
11.88615568316479
-5.46701390956689
5.666940507252379
-10.10788202221463
-0.6289789032385279
7.804165016823981
9.802795405369475
12.36530413814905
4.925263159023215
9.478903124137291
-2.744259274994201
6.216909734110367
-2.842822738290333
-8.088819173765279
-7.072428300137325
7.485755737010481
-9.059732479225227
-4.506092503169421
3.927051465158356
-2.773467351230414
6.50499338505132
-4.81625523268132
5.145669036956183
-8.526808189154037
-3.87249427182127
5.510727336900269
-9.506966406981498
-3.06469761278653
3.89459678396447
10.95157807496598
5.723290719424295
8.410287839224155
9.278460733324495
-30.7910772436597
-13.17817865506148
36.78885032992034
-11.84695816406276
0.8681728917868283
7.310441683856649
-6.21921517240689
2.507395040616103
10.63123701991965
-0.09937624618289197
9.717461427092779
1.12164169863501
-7.019660856459065
-6.78516109372864
4.654313932887665
-3.558704283959938
9.383221623805317
-8.213018237517215
-3.651879108215625
2.697436803362908
6.442268793685978
-1.359324349027877
-10.73061327210153
0.4033411304957982
9.129951328517992
6.709978438580199
-0.9137755851104329
11.1339544096389
-6.685784835499915
4.553639986991607
-7.669522447187803
-5.245996435135611
8.433143958103235
2.423526018567059
4.561139136982418
-4.803046641624043
4.650735878531203
8.78798833211391
8.726610205063896
-2.419972882861929
9.709937533699009
9.453782517804946
-13.99832388309638
-9.328891538295622
-1.672573897261046
-8.0886496807908
0.3473955130031985
7.154295931064409
9.180247370376117
-16.34428963188168
33.35105598924026
2.851130095037056
-13.17379616230699
-20.65683609668056
-7.623754015619938
12.12991041448142
1.589531013509688
10.02557620949593
-10.87933642665591
-4.312546464799396
-8.595819719666858
3.303610811666603
9.213285024347242
11.47649444890368
5.049103851552086
16.06022833495191
-2.349370415430551
11.89943052254223
-8.141302550774888
-0.1010659475792505
4.583733886048814
11.22885084582618
8.209572614437551
4.602022137888401
9.271454471029177
11.01112450380556
-7.398474291982911
4.669432338970929
5.909674205014285
-12.0004964548712
-8.285821276352587
0.5410485558012572
15.89256802370429
14.61029300907801
-2.99932936971125
7.677818148279009
1.739670042656388
7.656317646959457
-4.317082348710648
-3.982380544267682
-9.210667900142621
7.316119799481837
7.752235262142095
8.609703903074351
5.91664758701881
3.625838733273955
11.20313949539687
-3.019278236274241
9.424084203454974
10.81678461033814
8.826869830522934
5.286491910828781
-0.2561550170695973
11.97527205653043
-2.104334202905508
8.77468298784955
6.728517653352357
9.961924270569963
10.34392838222049
-10.91824926442965
-1.47029653827187
6.365107185795263
12.91082764844657
-9.290237325964567
2.161797692736021
-5.762650842625352
-1.206494569571357
9.44795272167662
1.628011942945851
10.65444728706808
5.874245435691126
7.835403723289704
1.961158285215224
10.14782340720547
6.566981866105196
-6.154750007199042
-11.21933552623154
-3.032670401805981
9.715067879106851
4.910582235052971
14.59590259861065
6.545720461578977
8.186665123394373
16.12991776222968
-10.74902995622924
9.584197301227237
1.267504077019662
24.41228037921111
3.52758648781615
1.550310717758983
-11.17142114927594
-15.51789009344394
-8.677324892736904
-6.114816189551489
8.040236598876069
0.2344997481094415
2.562508725698508
6.349315919259185
9.030838004930553
4.137252453839514
-3.200589068112013
-5.246754403520558
8.702822934259043
8.868728542736152
12.44336244820013
7.57730076387495
8.436045194890314
8.832851857244046
-8.745902088770887
-5.238412711993442
-1.68892079759627
9.609579546386447
11.61421582416882
6.77812132237237
-19.30107366634229
-4.472990588885845
11.92778029626571
30.0453031015839
9.879938036254046
-9.615753302586896
12.74773827780017
-3.580841540695235
-19.62847917416776
4.748046865505665
-14.74764446000728
4.880834718213771
-12.7217318725158
-7.848902680018011
-5.822951242000723
8.126626093551183
6.220341774805791
-4.893585551281445
12.06931761027908
3.507489376788208
-4.416959160901058
7.056981290931601
-7.924448536378226
12.01653403374766
14.8280830776365
9.685320363811098
2.025951438480969
14.06924445388304
13.94957733627579
-23.05440726931266
-11.32173578489006
17.9058025704047
-6.31201358915734
20.81041804502839
-1.282275015779967
17.44162086627161
-8.214749874271019
1.416694605201499
11.73267148443587
-1.906284317804908
0.1659056077984495
16.74239368047359
-13.63895580173135
29.22753835504144
5.084940081871665
18.72389588297755
-6.357327627377056
-30.49992589788695
11.25557096121764
-24.14259827285425
17.61289858859854
2.904615474464418
18.9441190802177
-16.0249262594398
4.477818639566983
-4.837748320738484
-9.315566962824311
7.173752055079285
2.07780156108738
1.016390873966867
-4.346468962304486
-4.866061681520646
5.811085837350731
1.392700407931282
7.959490373226302
10.67714751777747
9.631444477516403
2.148404536282647
-7.483039937803721
6.566789963455212
-5.228287355708418
11.29850034386627
-20.33276519831339
-18.32812892061775
-4.284526116839282
18.75519471412908
7.717223330377066
32.58529116449265
2.004636278268559
16.04823908134638
1.29358410361098
-4.83609450126126
18.30868180173588
26.04535225129416
-23.79505637691716
-8.182932759128875
14.85678807246281
-7.218568304329341
17.25399100526953
-22.93758773602399
36.73936343763801
16.5764880724376
0.8574686407263855
23.14477630246186
30.6475834180216
16.40077088553673
7.736670450924342
23.03972083110835
-14.75465497736561
-40.07801170903615
-38.17254187945522
44.05341643119377
-14.43243642637144
11.83706297936306
13.8300964506567
29.26611777812528
21.88257536531484
-48.63580849327098
-29.86154685383144
1.905469833945854
24.47255930944823
27.12243163437599
2.64987232495387
19.4853724327105
37.4636375713175
-14.24681253238059
-22.91091296724792
1.957154865967151
15.296278439505
25.51721949587892
-43.38703882328466
-43.181639407738
47.50804817660223
-0.236163596034603
-41.53368683384484
18.11752280519516
29.54309097156526
-24.15931452805444
-31.54285694207306
35.35933450575734
-13.56459180353093
18.20242488730106
41.94253034783783
16.03950360637352
34.81376524649074
18.77426164029361
24.86806783422436
42.24346409692768
11.42556816628994
-20.16536505902612
15.43602132765397
25.23210917286481
23.5600646309211
-18.71951092811106
31.00305025971873
43.15087523289984
1.853351988912794
-20.39155547046192
-7.383542413558918
9.796087845025982
59.51864903335157
17.97826513868253
49.72256118865403
-1.672044542127653
6.583195842233668
12.14782497400592
44.05892288898238
32.85269525470007
31.76701669071803
23.74010545681044
-21.01012582369105
-32.21635345707334
28.64556361278343
26.26949940734652
-30.81789593569499
1.64795257782712
32.46584851484199
10.22094105608407
-47.744211775876
-15.83311386501715
31.13252510586965
31.91109791409727
-19.49569133217718
-22.24490745959762
-11.20622763383224
46.96563897088632
49.65568943591585
2.690050464470208
