12.35723338653403
-5.264413079569958
2.263127479973186
-4.000659194474279
-1.310722759437497
11.56998019291531
-10.1238782204182
0.6917006076767948
50.64472211849906
37.37927679802996
46.39294226150612
-11.87242113988238
-14.37207436995773
13.13531492578511
-2.379605519536339
24.33394574559947
21.01679060677818
25.33337074450673
-30.0932130081435
-7.033264376665142
-11.68293787072772
-1.940752093301054
10.40115963224579
7.658455783576329
10.08169178275551
-10.19353550194276
-8.361374453909864
-1.804692460990551
9.835448023043993
15.65246735749901
3.107608645440908
-6.499592094447636
8.784933662219663
11.23055937023957
-10.54751556334219
-11.11292404467051
-3.034774961287763
-2.30655682112226
7.993963202040454
10.4429977246339
10.28174265222851
-6.867533705340303
2.625405002356034
-4.421907987259922
7.74021506327163
-10.30249810951522
-16.69731746509973
-4.836085260281214
8.596092244668977
3.052113564134963
9.210576025143745
15.39317059956735
7.39424434331077
-3.317155138860459
5.78596985348174
-7.998926269965187
-9.607200746085715
5.677325022976026
5.355685402101852
-10.71139948644399
-6.394819352944697
13.35461167167512
-1.133291396233931
10.72794080840185
11.39937525307095
2.660028434277507
-19.62830771291393
-25.61732366993115
4.316580137771817
11.86123220470236
-24.4840322742997
-32.36663512142111
-7.656337650794963
2.37049012920959
10.3902560736312
-2.54152757645904
7.997554870642736
13.43217750538322
0.6714344449436692
7.195036103649111
-7.381272298936343
-7.702911924034787
2.111666428416387
-1.544449463406877
12.138494202431
7.191769844760761
-0.3216396204824666
9.492938726762986
-0.5654084809682073
-6.237141402166784
8.240958742779574
0.6144837825352075
-7.253242478723351
0.8871886806686845
-8.326495642401882
3.246562029047596
8.46326128948988
6.486175674574632
6.158462460810536
12.19533457928889
7.034126098932932
6.52360165919084
-8.739346818567741
-1.473456887410193
-5.161208480604775
-5.67173292064841
8.078149084836545
0.9588983497920597
13.23935756430565
-9.272225143335655
7.890507650507755
-8.507582985538747
35.72523343379562
20.90342777330239
16.96988134949486
-22.16620323013025
-44.94803179935638
-24.45707045982729
-3.289137248456255
-1.183797565482777
-8.637987163639526
7.739600919542531
9.316006938239722
-10.23112349225828
6.931609299942463
-8.286363007685466
-1.453489216328988
5.432066999107828
-5.348849913827009
11.02873816522032
14.82374744824944
5.610063124198914
-9.155971829827887
-2.27041561548375
-5.431783433699541
4.980689355126921
-11.01511052026638
-10.21773858448179
0.7646421575572978
1.944760483482395
4.513862747803786
0.7973719350561754
11.77975267821078
-24.29814873581858
-17.77447339755484
44.39688524838917
35.10202635748234
43.76288443928529
-38.80797869318131
5.327614567687756
26.83508761998912
10.65201272455773
22.65049916677266
-29.74897658007465
-5.28754012344006
-7.454189599512707
-1.073253162369028
-8.953731900804854
10.49980450611453
7.265889930658286
-22.28833614605351
-1.499542300782716
-9.213684324379802
-9.843058090811992
-2.984722523331814
5.598986997642174
6.386836255711973
12.35105855630458
-7.880478739084381
4.602210864613402
11.43508465247393
5.402894410922507
-7.74990616756654
-9.848337444786956
12.16249906627214
-25.09552066973589
-2.288049243309368
6.832873790265706
-14.45054830990473
-6.032190241422708
6.885556214890631
3.724188395290184
-10.24851295494759
0.5566868188594135
10.72740177886701
9.251426701383378
12.23100607037595
9.756378635778596
1.66292860012002
-13.15280057680524
-6.80930019685866
-20.20481818530929
10.41247278793612
5.094082256146495
-8.093450034829383
-5.31839053055778
6.858335568878925
0.188824037540267
7.22484757893321
11.40500392626912
-6.842661943696807
-9.808803455305165
0.3619115072210353
-8.45688097546717
-4.276724622407356
-3.316178425051716
4.901375218649752
6.055380361339618
12.34229907455108
7.036023545249022
12.17672609864669
-13.18753229014647
-7.031485984429624
4.180156351911583
5.140702551766033
32.09380031566331
36.93614629237702
-41.97989831888199
27.19234452382124
0.1947823166901776
10.8051997741265
3.327654654267524
-12.85542023783509
-11.04309241472831
9.178099840967951
8.94512124675985
-1.079601071150834
9.371558781206135
6.156046304267266
-4.287640333483822
-8.47222879540317
-2.96614151480119
-10.4436866361203
-7.477545120178117
10.17071496024957
-21.04652730699812
-2.098431276715837
-22.47219232084665
-7.052017608843229
-3.859375394084017
18.94809603098319
-18.68118105283519
-29.85179405246953
-1.425665014309096
-16.18307489210228
-4.184588457567926
-13.39551798687547
-27.93803929137483
10.02682777586253
-8.978227530981286
-2.921758825595972
-7.868483183741766
8.547122246500754
3.771327009695828
8.546660894899226
-22.01627240087014
-19.17859466674419
-2.699665860974901
-10.74579926618291
-21.57129586782767
-7.626474961233726
1.109744346927409
12.74955454334255
1.434766588631918
-7.992925820755674
0.8513497333469079
6.593409234539925
-6.217771686726488
-1.475975074733487
9.963491339257205
2.979579373422976
11.4394664112404
8.459887011469533
9.742185777426105
6.523675339430528
22.80747142576734
-14.82180565983173
-18.75535208510354
27.63670854807756
2.357681122771868
-0.6340008088212501
-39.06927068102065
-5.989015956761556
-25.27902742533658
-28.27070935723294
30.94255147901999
8.660858082763493
23.05994863172771
-22.28169339983929
-7.882602845677449
-11.1706129992894
-43.06963100298213
-4.901455792911062
28.42612903854042
-31.89901800403777
-41.42695180779587
-9.743801770443328
23.58378305786489
24.46143645846756
42.17468063557146
19.39285207654724
-13.26544531960783
33.3275848325202
15.42017471155132
0.87765340243516
-14.54252130724077
-22.7818285636638
8.736219308759592
-9.153126582107456
-1.712202722589948
4.518688853112064
8.495047325509283
-2.712980535064809
-32.6582973965881
-23.64463193190627
20.49096133398139
9.013665464338109
44.13559326118823
7.440923854827107
-0.2329785936709003
6.440146054472018
4.634582469633586
12.16212303803335
8.019765946177786
-4.946724357908106
11.46888107075246
-10.09410590656043
0.444976533759317
8.432795400622984
3.449115124550012
-2.392701201800175
7.527540563971577
-8.046133405191004
-4.642421700390538
1.832161048032522
10.53908244654838
-4.983680276217746
3.403711704954862
-7.602396289447904
0.7849956939103829
7.259578448996909
7.743054969250009
-2.298331914195335
-7.602857643262612
8.387391981209097
-0.0004613529221447841
6.474582748577262
0.4834765209914363
6.556682000141826
-10.1046775507209
10.30486009817998
-9.483923674705016
-5.006863898482228
2.164890875820446
-4.252478825452087
-8.135687621144907
-0.3796947677157883
5.486192990787679
-8.493457854681235
9.24455048797417
6.073205483518077
9.738671817223256
-10.04138688225921
-4.240979032619802
11.64014049001792
3.665466338821609
-9.825732182169469
-1.873563483550488
8.861340046728603
2.703161968142889
8.503569815851582
-7.376697653989169
1.576406017738168
7.952168700994771
2.449034526387694
-8.563122218595533
-2.187359531727292
8.54754400327559
10.93117212550642
4.382440054728205
-3.346422962032601
6.375762684215706
5.2166992583597
10.7349035333411
7.755992852108162
2.383628120432892
-0.357770231180211
-5.651233807803083
2.285220972590416
8.791568608380764
5.985054171202491
-2.536683237843706
-7.495788700501144
-4.932346179906211
-10.30471091205264
-2.075107136030639
3.665117641384575
4.691899075219052
6.76933987124669
-5.37236473190621
9.624245254815165
8.229603776790738
-6.548732073724872
0.1156379101532496
-8.113965867784326
-1.476007947445832
5.74022477818379
3.89566988632508
1.545713510860101
8.210083497817505
-6.183149508600263
-8.160235125805825
-1.408163569732408
6.994797978471318
6.664369986824505
-7.728863017694903
6.637957922053545
-1.215285521876457
-1.977085617431045
6.75207155655681
-7.947351702585608
-5.208141422278767
11.14536004033025
2.166259696019546
5.597343054028941
-8.964624459314562
-3.000402156752583
-2.677705752880455
5.402559393343186
8.067289003861882
5.96422230130212
6.286918712070127
-7.853243445644754
-5.188513838425315
4.925097564991315
5.3716778363937
8.402961548728269
10.74499475755962
6.230891570860531
2.664729608405493
2.739210281361153
-4.514103189326737
10.1136114010112
-7.253313471789071
10.80548447789555
6.150737397092458
-3.276955006148199
3.976358468703681
-7.974674167355102
0.6207538760154074
8.595428071289112
3.758357496768123
5.800407848674183
-10.07985961947175
-5.304525730335146
4.775333887868903
7.936454781672486
-1.844554892092688
3.104222230818931
-3.938371340846383
4.130788603754833
11.27815653476716
-1.533914302252882
-10.84804468946484
5.637840527953356
-8.770603892531813
6.506347637350711
8.069159942246191
-4.832232550064425
-8.383340969650915
-6.82052867003078
0.3268392581232419
-0.2529103933313618
5.637659306212583
12.31930815990863
1.562812302540065
-2.80651443463541
8.130430579581128
7.147367931495446
-2.49965322868456
-8.139969222359079
-5.640316003925627
11.99246887610364
-4.586502695205943
-11.92758134524941
-8.075766530036784
1.884421559426475
8.699784137889795
12.22685646488433
-1.942146440584849
8.994798574899365
-10.46388385083093
-6.890469236177591
-0.482792994533044
8.204204920616322
10.93694501386577
-8.521737408627752
-0.7905936554805141
5.890569707682553
11.53984968531933
6.54534264414056
3.573414614530819
-5.405685733141538
-4.959105461540033
-8.979100347007304
-5.548016986240257
6.407676241374407
4.637238988749362
0.4465802711182518
-5.570641392235727
-7.341078646068786
3.116356522678117
11.65856601945422
13.28628683335742
10.1852559732516
-4.654747081539629
5.327123941246446
-1.770437252667426
8.686997913747962
-4.858132031979165
3.851814815507053
9.981871023522427
-9.427692405750467
5.158642641322395
-1.347780025690826
1.213774876389008
-6.171008414935225
12.17741814929128
7.362166818245194
-4.823228386709325
8.70994684459513
3.315108997269721
-6.190589494404194
-7.549703946882554
7.209174459262379
2.792730957805498
-30.12945784290383
-5.216497490989704
37.02656660221612
-25.38145930308775
-6.984702130555935
-11.20802786665088
1.775154137427333
-7.304746970149325
8.524230738164015
1.455109307375973
-6.833045675979068
-0.6168670266159233
6.86701771417113
-4.22332574019374
8.759856271381265
0.4717012981985504
-6.600004214700357
-10.02472232130848
6.673124653569296
-2.806536112693801
4.296446188231005
1.282298780257263
7.218186212575231
-2.37667847040799
9.37363260997428
-1.012898080578184
-9.685072770898847
7.024469629917066
5.935887419430522
12.02244390268927
-13.1268428009054
4.71503393359266
-7.38478329385911
10.96364327762797
-6.259933178945374
8.190537396028823
6.086556495826311
7.102982303137908
8.542209495549811
7.335936303075016
5.649279972017767
11.02735504685571
6.681648861750864
-4.994507046762726
5.658401441428384
11.53185191725292
5.378075079686948
-11.52730568694093
-6.396659931927155
25.97782162134304
6.350106689114704
-9.976970332463871
5.742059504119805
-7.069121424644149
6.866909627186832
-1.657213030492997
-10.97496711368439
3.47550345894263
11.88459713298676
-5.466304268532104
5.666179146448487
-10.1089136787649
-0.6288269197318915
7.802258145433303
9.802178670048793
12.36273256575668
4.926036205155557
9.480086763160115
-2.742703854462698
6.216178653391126
-2.842627235823048
-8.088131318334113
-7.071705515847658
7.483884750772437
-9.058805894475007
-4.50475532738449
3.926329776431513
-2.77310587962965
6.504051209604166
-4.815251333988869
5.14493675745216
-8.524122670073746
-3.87116509963795
5.508662855074953
-9.50569849071759
-3.064276095389033
3.89406546088271
10.95016711141044
5.722584152323698
8.409093678450178
9.277157086674219
-30.78978155588481
-13.1775067100543
36.78879505134743
-11.84677868237866
0.8680634062712499
7.309485799856378
-6.218417983653874
2.507056854279754
10.63022414092986
-0.09891558642341651
9.716403125629824
1.121243049712743
-7.017160928522471
-6.782728226608651
4.652957582829473
-3.557554983994054
9.379827966886381
-8.210512583332692
-3.650038156738847
2.696015348477939
6.441422394899105
-1.359114452810362
-10.72913973217967
0.4033436712711769
9.128818496961856
6.709140970034857
-0.9138210092149914
11.13248340918843
-6.683812630589519
4.554050575611532
-7.668740070277677
-5.245504082149615
8.431085095539263
2.423235993386233
4.560474432842755
-4.802428944262335
4.650179026794397
8.786860247560609
8.725474831428379
-2.419677521188985
9.708770461256098
9.452607969126955
-13.99683958590436
-9.327898066153477
-1.672393238309096
-8.087755339611762
0.3473176330317796
7.153394999863898
9.179031999671608
-16.34198464812543
33.35031961816629
2.851307592338451
-13.17252633195002
-20.65426094934271
-7.622961972713996
12.12844798067716
1.589331376332576
10.02440435078629
-10.87827958518661
-4.312276301217788
-8.59516006894896
3.303209090438429
9.212293345061271
11.47540389653427
5.048646846773841
16.05867133363209
-2.349162980056747
11.8983691524189
-8.138403974850162
-0.1010362564327803
4.58326743709839
11.22767340836356
8.208719793996821
4.601595530229782
9.270537040801667
11.01002450305848
-7.397809846704076
4.668941515161539
5.909084248497476
-11.99940539680697
-8.284839351953702
0.5409488893086207
15.89033394977404
14.60821395160662
-2.998931822060388
7.676853352182932
1.739487470086839
7.655504832657742
-4.316487357042889
-3.981887392675275
-9.209470351982494
7.31513364317181
7.751218314640332
8.608561691881151
5.916017348950931
3.625452360780233
11.20192488039138
-3.01895361824891
9.422998235474841
10.81557882804302
8.825788239917003
5.285907533346954
-0.256162493135715
11.97368812243823
-2.104043628122482
8.773501722345987
6.727670737552972
9.960188092099111
10.34243490546007
-10.91669167368837
-1.470056363793635
6.364242360515859
12.90913148315017
-9.288970864620051
2.161546676205703
-5.76189854103157
-1.206273188720099
9.446635306285362
1.627720812677344
10.65290849167361
5.873450479047055
7.834298723714114
1.960848242700574
10.14608320874268
6.565772807800117
-6.153776833129934
-11.21758732450145
-3.032352356451432
9.714414269539137
4.909905617175047
14.59496933053044
6.544889121796126
8.185234967250032
16.12749294246797
-10.7475848073474
9.582603821105202
1.267377593341765
24.40981634339517
3.527072327256549
1.550335354497101
-11.16921428143355
-15.51492044713673
-8.672174708210653
-6.111620835995962
8.037367715031966
0.2344326902306762
2.56055389010437
6.346053511465531
9.029664215404942
4.136681220945639
-3.200186399592182
-5.246017385196852
8.701631719986384
8.867519272025985
12.44195186046123
7.576472521026333
8.435072973548829
8.831714366441558
-8.744771197516652
-5.237769481023817
-1.688669546519595
9.608351489644658
11.61271502326809
6.777192920616067
-19.30053178515588
-4.473319263341606
11.92748674703642
30.04465218510854
9.879690363093957
-9.615468071636142
12.74676662351642
-3.580310400619285
-19.6277149361143
4.747998544710338
-14.74715987936566
4.880555059981837
-12.71954964028918
-7.847794405336249
-5.822157406635358
8.12549169677315
6.219470658254882
-4.892982994725653
12.0677056711179
3.507001716715429
-4.416443502229018
7.056101650583326
-7.923445217933002
12.01496240105301
14.82721252196919
9.685063713555811
2.025636999132027
14.06726506281224
13.94764910398626
-23.05385908182241
-11.32185831611323
17.90454702032905
-6.311872388530261
20.80830954606746
-1.282119999112345
17.44036599778859
-8.213480596645562
1.416532070571591
11.73200076578936
-1.906021037739666
0.1658875514285833
16.74198669370036
-13.63802180313817
29.22640533623305
5.084464194963962
18.72248599762638
-6.357070889549923
-30.49901202874463
11.25520395627833
-24.14194114106198
17.61227484583082
2.903762525623128
18.94300287400065
-16.02383392597372
4.47705979213332
-4.837070602439176
-9.314130396629489
7.171754802254622
2.07744079648038
1.016425802847523
-4.345706180139111
-4.865479337232111
5.810305837650322
1.392580593411564
7.958583880139063
10.67578517403383
9.63001266567797
2.148278042820503
-7.481734620125147
6.566003285250378
-5.227582959197084
11.29702103600582
-20.33222565869603
-18.32786212515336
-4.284540490523057
18.75379929180865
7.715586336595444
32.58358758273277
2.004363534119534
16.04768516804327
1.293428048735661
-4.835522102152956
18.30691664865349
26.04344846205151
-23.79433610457162
-8.182735608872829
14.85560417407619
-7.218236962471266
17.25225112173561
-22.93699272732196
36.73672512854847
16.57609914199435
0.8573433770778804
23.14243875030732
30.64738263338705
16.4008060107618
7.736531814768131
23.03833978246929
-14.75425711891543
-40.07856470366132
-38.17293436563288
44.05213238467263
-14.43261617403089
11.83673519851006
13.82978829121471
29.26538805275816
21.88112095461308
-48.635573733162
-29.8610287665655
1.905630341515355
24.47048808410056
27.12018193475506
2.649693850674768
19.48447400715893
37.46347916650946
-14.24657662252404
-22.91085081876738
1.957150426474837
15.29600620713307
25.51687779299754
-43.38715968966778
-43.18175205632998
47.50710420503545
-0.2361533460052081
-41.53377370877084
18.11716543800162
29.54258282934354
-24.15907480068059
-31.54334190001332
35.35965910792076
-13.56433674070943
18.20232236982868
41.94264056739287
16.03924034887151
34.81378531597456
18.77454496728673
24.86800124624868
42.24306409316976
11.42541739126194
-20.164961816992
15.43559976173125
25.23159089279833
23.5597273675292
-18.71950396651113
31.00323881044301
43.15100634818571
1.853385980474557
-20.39136749215215
-7.38426709888972
9.795991130879781
59.51873390815783
17.97900515943237
49.72274277760864
-1.671863525454409
6.582981459644471
12.14776753839774
44.0584148301568
32.8523328375715
31.76665911043793
23.74031819458325
-21.00931519848638
-32.21539719034715
28.6442988383792
26.26935137383274
-30.81764670595405
1.647978350689703
32.46562505770893
10.22087158557829
-47.74325755363746
-15.83261026517475
31.13106733576661
31.91064729105883
-19.49515842940327
-22.24475347281302
-11.20608199222298
46.9636776009409
49.65361403642193
2.689936435036747
