12.37830499314342
-5.272326175360695
2.267104969828647
-4.001202800919247
-1.310179152992554
11.57950458911768
-10.13447696995631
0.6924161491128854
50.651496584513
37.38461385960333
46.40072561346315
-11.88250796238213
-14.38835842225687
13.1511171571558
-2.384515370010474
24.33832947491105
21.0168046954882
25.34287629854088
-30.10015018759358
-7.035244758456083
-11.7036769591473
-1.94232669996965
10.43656853536433
7.679295264877567
10.10568622378773
-10.20680830028442
-8.370907467978469
-1.806335756964622
9.859468283882828
15.67547306062059
3.11332079421891
-6.507476396528935
8.796805052204386
11.24688885705311
-10.56614310787799
-11.1323810774485
-3.040245527318452
-2.310842093207902
8.008919726605809
10.46276998551273
10.29894532082839
-6.878668043501312
2.62998429122661
-4.428584203567874
7.753169732174326
-10.31530206802051
-16.71740511592799
-4.842585587828653
8.608323317401576
3.056159989305407
9.22386098207407
15.41613490258933
7.406649832781383
-3.321524779461898
5.795337690319587
-8.009485117499997
-9.620797212269592
5.683484279507379
5.361976932885464
-10.72817462707745
-6.40210303872746
13.37146204992808
-1.135390780476112
10.73942874567607
11.4110858566345
2.663074521851359
-19.63985074821475
-25.62916195428695
4.326071603184148
11.87481952706284
-24.49377117562928
-32.37812105789806
-7.668961032634016
2.37531054307942
10.41214595964247
-2.545775544809071
8.0129942110004
13.45090890801063
0.6716571118514703
7.204872775952646
-7.393394881882408
-7.71490224499273
2.115257520383139
-1.547201255295619
12.15952907630916
7.20423147713888
-0.3215073461647354
9.508652401506602
-0.5662379669451473
-6.246036134838004
8.255301014270728
0.6155376725968724
-7.266673256667638
0.8888650509022594
-8.341820550289659
3.25264350308058
8.479027682577959
6.498121755123257
6.167700991077014
12.21301383291712
7.043326970951252
6.533215665045018
-8.748011333222497
-1.475243801245479
-5.16968686316601
-5.679798167882582
8.092135557077857
0.9600770663569583
13.26182241781779
-9.284176872574566
7.903667511124133
-8.518570769104326
35.72865146198488
20.90642135930198
16.96737996772301
-22.17030016062828
-44.95649706586623
-24.46210880293724
-3.295207422724741
-1.18591477826172
-8.653362337156667
7.7539578474878
9.333401966418942
-10.2442539355521
6.943590442612412
-8.297228032623092
-1.456062045078931
5.441253072136542
-5.358154908773565
11.04916526084638
14.85098364627345
5.620298041813251
-9.171654728173269
-2.274339613249752
-5.441450881527489
4.98973933905945
-11.02535989985706
-10.22726248448296
0.7656061047707104
1.947025898881619
4.518198477862534
0.7980974127081772
11.79096600646147
-24.30651562424089
-17.78472678844878
44.39992866177024
35.10347491861847
43.76601899987325
-38.8110352780111
5.329492359397752
26.84661173127062
10.65680647911592
22.66036819166545
-29.75550827136354
-5.290154982063377
-7.467447564553219
-1.075147288787782
-8.969784937644455
10.51931675239313
7.272767529610366
-22.30292526789912
-1.502337370542916
-9.230685606025945
-9.861244299238619
-2.990122691539945
5.609256715924793
6.398350073297556
12.37346115583168
-7.894637652510442
4.607420622246676
11.44858659894304
5.407652210879995
-7.753485117141642
-9.857281412884282
12.1742883781698
-25.10461303483701
-2.290413661247233
6.841165983496411
-14.4647020387779
-6.040934386526316
6.897315116069571
3.730203844463821
-10.25997300146336
0.5587337889871553
10.74595799118203
9.267083741352176
12.25170929985636
9.771138227914863
1.664617819559522
-13.16113732255791
-6.815098871875871
-20.21759775078327
10.43119021827017
5.102796897052166
-8.106520405953798
-5.328393316614248
6.871121611588555
0.1894390283716867
7.238632685053807
11.42669116269817
-6.854035890019997
-9.825040985342886
0.3621832243229072
-8.472732953572086
-4.284674453013698
-3.322411710771248
4.910305644392125
6.066061076626616
12.36370384082524
7.0491936701387
12.19951492410541
-13.20931730060429
-7.043474928860553
4.188058495804247
5.150321247142408
32.09890212459721
36.94183940504383
-41.98683510918415
27.19658923474152
0.1947302063898975
10.81870679145832
3.330396423379041
-12.85940881722535
-11.0645079230077
9.194980095188898
8.96245493407444
-1.082189033958021
9.388472770933486
6.165842365760909
-4.293473117553979
-8.479716687037216
-2.971005105792033
-10.45931547866131
-7.488310369087028
10.18722420290251
-21.05648541950664
-2.103796292095616
-22.48239875861647
-7.056460429882812
-3.861510241169501
18.9526891290973
-18.68374034030196
-29.85628992649861
-1.425913340508356
-16.18980524060409
-4.18624355454428
-13.40249887450959
-27.95052317776373
10.04427156142205
-8.99489457275471
-2.927927580514439
-7.883225182363105
8.565158100688203
3.778717492897315
8.564283433297962
-22.05101674775659
-19.20429529866875
-2.693341275314644
-10.75365004506535
-21.60344704108849
-7.639763344084697
1.111669389305104
12.77361207165161
1.438681323831775
-8.010232321425628
0.8528519839292787
6.610096162059108
-6.232660618232966
-1.478874240398703
9.982318873681649
2.984625573919152
11.46119310464898
8.47656743906267
9.761350259177066
6.521788837933542
22.81419937195114
-14.82223010078179
-18.76127149614141
27.64211278500382
2.359052448419285
-0.6339096608705473
-39.07043630341249
-5.989311205089638
-25.28306033595419
-28.27602244726143
30.94925531277533
8.662544084755908
23.0649054300388
-22.28671124031534
-7.884349877141593
-11.17254958454283
-43.07672151853453
-4.902312893708414
28.43037658781666
-31.90417193564547
-41.42948876562261
-9.745250176870835
23.58743929417541
24.465353295598
42.18156531557301
19.39536844586719
-13.26688272186246
33.33268948537771
15.42593832692242
0.8779140077197851
-14.54802431266659
-22.78619688587881
8.751432734836781
-9.168057135472081
-1.714658929860377
4.526549741545275
8.508777481807666
-2.717421714333876
-32.66225116924709
-23.64613941111898
20.49438824366688
9.016111756907513
44.14052763844894
7.45339819024188
-0.2325251579477442
6.450635444686628
4.642322715546878
12.18175389189676
8.036835421778498
-4.955297600509526
11.49308567697656
-10.11120002331439
0.4475697090322287
8.450645253825906
3.456250255170386
-2.399151744784001
7.539431160769763
-8.060308769714538
-4.649873329584378
1.835900832305528
10.55876975411886
-4.994394998719968
3.410435440742753
-7.618688560643895
0.7861418860915237
7.271916071373348
7.755518331499587
-2.304258772189326
-7.619563235697083
8.404830439764996
-0.0008746722118623782
6.485774162502532
0.4836022626275007
6.564571735764509
-10.12039882870956
10.33141943224826
-9.50244686371971
-5.017792822812893
2.173604287031582
-4.259674196161062
-8.15102549996239
-0.3807067990864758
5.496684998280037
-8.508885253056379
9.26078594093048
6.080969488458097
9.756359198177908
-10.05977709987736
-4.249211067568893
11.6658040617252
3.675389728282705
-9.845329543989251
-1.87759115328795
8.877816928454385
2.709391160494038
8.51995718598093
-7.391479267180113
1.579444114434749
7.967738399885317
2.453850270432853
-8.579490017959394
-2.191195718569279
8.564212379261567
10.95158159483644
4.390311137759138
-3.353105852935875
6.388294289947011
5.226384170675505
10.75540809293531
7.77031869684853
2.387369209297812
-0.357859744991268
-5.663151173153021
2.289175855557003
8.810097859174979
5.998136827080208
-2.541390698589365
-7.511365274397789
-4.941101760550898
-10.32405124666621
-2.079462632610998
3.671930587089814
4.70039097343305
6.781614443208611
-5.382949486034102
9.64149273525048
8.244588614395605
-6.561270465945697
0.1152701010824468
-8.129318515904645
-1.479328377890648
5.751393220040978
3.903179119880262
1.549007098411725
8.225547674474885
-6.194409898973188
-8.175315832826373
-1.411111400660755
7.007167241487686
6.676540575896237
-7.74341699298797
6.649990141172921
-1.21838043799448
-1.980905935574559
6.764204434175298
-7.96362468342133
-5.220054058842956
11.17016399787356
2.170864885890636
5.609976401895157
-8.98054161673015
-3.005430529647078
-2.682898872396636
5.412848119211871
8.081733783720916
5.975111081865509
6.297642761005464
-7.868370582325944
-5.199484928990079
4.935004652640581
5.382507505551841
8.418278643829474
10.76463265870744
6.241208654865271
2.668885656116692
2.74357063012529
-4.523424011844091
10.13448957547174
-7.26699464932496
10.83003046750442
6.164146687980042
-3.284766932581966
3.982227728146909
-7.990414389108621
0.6179519649893555
8.608366450210474
3.764100942629914
5.810566028897608
-10.10087041976574
-5.315304468436661
4.785565946400361
7.952327033357958
-1.848214099139813
3.109683856796682
-3.945892686004505
4.140853792675727
11.30252237616538
-1.540839661628514
-10.86975933272584
5.65055764145104
-8.788535863469088
6.520922007986488
8.08674647060144
-4.842643172572204
-8.400232368681316
-6.834407924919566
0.327260647284379
-0.2542394849721061
5.643041315691596
12.33110387885506
1.565824454535816
-2.811961023543407
8.145992894205884
7.161668584579139
-2.505850455420605
-8.157815145216256
-5.651964724428393
12.00384314190876
-4.594608938664764
-11.94857069434338
-8.089028794732577
1.88778728696643
8.712176988054136
12.24399314058853
-1.946534597509632
9.011419321669429
-10.48606212347397
-6.904240426787777
-0.4833291447824268
8.21918216437412
10.95795391542811
-8.53952752221352
-0.7922371652284018
5.897280829497306
11.55471096505701
6.554318518124757
3.58182169266691
-5.417477425693527
-4.969974571916866
-8.999299117765007
-5.560187597252797
6.420911279643817
4.648035418645946
0.4475028518431403
-5.581085874531287
-7.353961739037049
3.121425432337371
11.67633033969032
13.30678592710812
10.20822301152392
-4.665883783139432
5.33999268490003
-1.772875860128114
8.702511302490688
-4.868230327683441
3.859541900282128
10.00587647165452
-9.448913631102641
5.171414823229596
-1.351513289389477
1.218078580399658
-6.185974962623007
12.20109643473402
7.376258931900754
-4.834461663486524
8.727772220494428
3.318863707777916
-6.198587349703693
-7.559680887308232
7.217661776432909
2.796524965837901
-30.13460857534107
-5.217323187250589
37.02976744748226
-25.38606856633579
-6.997484876765343
-11.22619921541504
1.777571719240202
-7.315455951069555
8.545113326827018
1.459600683482604
-6.84452235648125
-0.6204266650455811
6.8816542411831
-4.228714351586679
8.775056612052968
0.4709336094975005
-6.607807190826873
-10.04464397828822
6.683160620491524
-2.811208971065726
4.304067810220838
1.284782869707457
7.233435019383116
-2.37909282630329
9.401507133943054
-1.015361741364042
-9.735483082677506
7.050024139811228
5.948652105135651
12.04801301550448
-13.16129775147835
4.727120860498611
-7.404053552769593
10.98301787016626
-6.27472134161873
8.206311006608741
6.099360952666544
7.115276788438488
8.554904901803157
7.346555696970964
5.657430114853693
11.04037494979412
6.688062591073548
-5.000392468946094
5.665995579500665
11.54526077489201
5.382944850898649
-11.54336955824414
-6.402310647509209
25.98688327105497
6.352468850786232
-9.991577461640727
5.75724418841936
-7.085512620845187
6.88657642770564
-1.663459108463908
-11.00184220607626
3.47919013556399
11.89983680077171
-5.473391316506899
5.673613587278635
-10.10006481261372
-0.63002787420611
7.821637580991233
9.809850711366019
12.38872711025564
4.919455354895642
9.47003695236285
-2.75727329080818
6.224095706344452
-2.844318875389263
-8.094656633978452
-7.078740812278808
7.502080940694833
-9.068414602129863
-4.517832978190071
3.933832608130606
-2.776706857681007
6.513072114915362
-4.824837509341306
5.151978578982146
-8.550035578407163
-3.884250453649967
5.528450922300846
-9.517451056954242
-3.068115967348558
3.898798066818682
10.96279229606944
5.728997407458615
8.420646678940816
9.289778966224656
-30.80280760671326
-13.18422476638931
36.78960354286986
-11.84873743392471
0.8691322818849588
7.318467366129155
-6.226223204626853
2.510269636636388
10.64039802407469
-0.103228134430817
9.726936409528799
1.125081565862358
-7.041628678954432
-6.806651518929804
4.665785166994708
-3.568248365420337
9.412701415606429
-8.234033588036622
-3.666944035601143
2.709278103081823
6.44933508843136
-1.361093539221723
-10.74362617470392
0.4033786915921643
9.139871494080547
6.717335656343044
-0.9134615926745452
11.14700488459153
-6.703423351710916
4.550581655528607
-7.676728679944969
-5.250337758765421
8.451665559171067
2.426390938589044
4.567089571795192
-4.808197725305223
4.655345515609615
8.79711337520005
8.736492820784113
-2.422535819150288
9.719699438137999
9.463543234967144
-14.01113731911875
-9.337489585012969
-1.674159063737363
-8.096301497235373
0.348012856901857
7.161639934712681
9.190056513357835
-16.36290759095241
33.35373140561558
2.849407387330697
-13.18387862290211
-20.67741616435853
-7.630797227679347
12.14223525255249
1.591203774405856
10.03551813395788
-10.88708843982825
-4.314508573406815
-8.601854819082298
3.307165140629952
9.222000990458843
11.48595683034956
5.053112164574497
16.07375811233116
-2.351482994131449
11.90901993512787
-8.166710232320277
-0.1013243225299136
4.587801281982359
11.23901543104557
8.216978559344984
4.605748917695063
9.279396618763661
11.02064600441583
-7.404595227880474
4.67364771758734
5.914835828901202
-12.01034421474969
-8.293978029205
0.5418209794625013
15.91029076495198
14.62672634859296
-3.002518962865039
7.685507133943656
1.741249413199574
7.663330536801106
-4.321671518433821
-3.986313138556135
-9.220108028478284
7.323479814404713
7.760353582621224
8.618522424532928
5.922081074741468
3.629177290894981
11.21354014447463
-3.022036885233235
9.433196644867939
10.82689311889247
8.835799004564176
5.291459076866961
-0.2561562057766298
11.98787681288783
-2.106717113858287
8.784048164899568
6.7353265401513
9.976816091611719
10.35620585373891
-10.93057269967906
-1.472533804376315
6.371300855145102
12.92385087709225
-9.300117129789722
2.163976711089351
-5.768300988304454
-1.208349189924942
9.458038883323201
1.630455581868432
10.66638806177768
5.879265206125612
7.843834657175243
1.964569445072453
10.16206326294162
6.572796447539928
-6.162315908162276
-11.23174558219911
-3.034251758209079
9.720527757327346
4.915004644039518
14.60342740811858
6.552550018855212
8.197493820965899
16.14675022850893
-10.75987416751954
9.594200211464749
1.268599207910919
24.43156423134732
3.531816152924036
1.551792096630645
-11.18332024185394
-15.53563253359395
-8.720121403577146
-6.14124508685397
8.065385897293407
0.2349771203146191
2.578876378986646
6.376222158042581
9.040204371442719
4.141767860533049
-3.20382864682509
-5.252550273349648
8.712267980099568
8.8781964547477
12.45523355351092
7.584362858240049
8.444314356844917
8.84204365690522
-8.754681531698111
-5.243540633984916
-1.690687304835546
9.619105647635113
11.62538044202428
6.784932743995291
-19.30657302925448
-4.469209010343842
11.93015602424271
30.05065000881153
9.881904595462624
-9.618150264692039
12.75477950691608
-3.589266814291633
-19.63441443380334
4.748540025916839
-14.75151479784756
4.882899647082133
-12.73511235364125
-7.857666834367973
-5.829250258631841
8.13556798868294
6.227238538498167
-4.898436510442433
12.08202510040928
3.511140895896418
-4.421136811187902
7.063994228093056
-7.932277703183042
12.02847337709286
14.83736401930665
9.688422764788516
2.028416576480035
14.0849053705281
13.96481824929931
-23.0584493574999
-11.32041096730066
17.91298630460903
-6.312548864651613
20.82481144270657
-1.283564419313844
17.45116089984282
-8.22478362805284
1.417874878997842
11.73803838963685
-1.908329447846944
0.165928473385748
16.7459004923938
-13.64636783594998
29.23339727127585
5.088357487782627
18.73472532181408
-6.359284252798373
-30.50432402858137
11.25929858751094
-24.14503978224125
17.61858284032441
2.911825137558132
18.95407017450331
-16.03328601587236
4.484654094826305
-4.844265603692578
-9.328919704716975
7.191397206462236
2.081223469516225
1.015915821523075
-4.352312341757012
-4.870870687275275
5.817155412506141
1.393696476839047
7.96627635256382
10.68802609656992
9.642658501494633
2.149120941115394
-7.493537550917965
6.572579870755201
-5.233794889266611
11.30979295271595
-20.33915803534953
-18.33288324109944
-4.285646650902192
18.76281422051151
7.72691038834958
32.5949791110711
2.006274794789453
16.05351138433625
1.295042610079396
-4.840447697183344
18.32251732751075
26.05979362972005
-23.80215199562122
-8.185514380589137
14.86294649149885
-7.222179975973311
17.26337813524368
-22.94398315416213
36.75168665463922
16.5799720191147
0.8581688413351358
23.16296502384837
30.64809381405603
16.39936503498339
7.73727630354032
23.04846087157398
-14.7584687740802
-40.07337080980513
-38.16921375124102
44.06446573395239
-14.43082331773025
11.83993998429605
13.83216489087476
29.27178891656223
21.8887401632699
-48.63834097480221
-29.86632759043972
1.904157070502252
24.48555811068327
27.13736030783367
2.651802197227566
19.48830851970068
37.46606062238746
-14.24872877894225
-22.91081751068508
1.957251211090185
15.29866550247884
25.52031942347737
-43.38646308103818
-43.18115383652403
47.51609852933085
-0.2362127032331327
-41.53337906297556
18.12049398399273
29.54739428104278
-24.16197945190989
-31.5450282065866
35.35662084787553
-13.56727610412154
18.20320856502894
41.94159901884983
16.04224503865927
34.81425842517702
18.77201338663098
24.86806872280845
42.24709063458716
11.42690029696832
-20.16874539599669
15.4396240258522
25.23652212423944
23.56306821342067
-18.71977329214027
31.00192890683857
43.15025039317584
1.853084016633431
-20.39322720367146
-7.383048754073152
9.796898098223041
59.51860029918106
17.97775210270774
49.72170220126829
-1.673453910991775
6.584978170962965
12.14832148862723
44.06318482441556
32.85574149133089
31.770484668918
23.738390443666
-21.01708243336219
-32.22452576403276
28.65665297134839
26.27076330640029
-30.82019035139566
1.647774784412251
32.46796513932443
10.22165392067718
-47.75231124134579
-15.83744791676209
31.14526383691966
31.9148633333647
-19.50005484195975
-22.24631122084412
-11.20744333187767
46.98271175368161
49.67373540315955
2.691023647926649
