12.37531294733475
-5.271195718211936
2.266540592555197
-4.001131404740051
-1.31025054917175
11.57815144179507
-10.13293272066918
0.6923128614332787
50.65081011131114
37.38405440522055
46.39987149077766
-11.88113625609321
-14.38617159934741
13.14888464771187
-2.383843114940696
24.33779708115033
21.01689784095713
25.341638788794
-30.09934164154871
-7.035003361895257
-11.70078667723687
-1.942156335077993
10.43151191780998
7.676239715417357
10.10216969343541
-10.20500021674789
-8.36961015548893
-1.806118395998969
9.856057025380201
15.67219981192009
3.112509745779254
-6.506363135168214
8.795115745928216
11.24456692918515
-10.56349738460446
-11.12961722665717
-3.039469402885882
-2.310234386853474
8.006803148952576
10.45997684113434
10.2964959634087
-6.87708409757262
2.62933254027041
-4.427632882735333
7.751324031225057
-10.31347930109005
-16.71454073995339
-4.84165886621498
8.606580188304058
3.05558240979754
9.221967810734506
15.41288475914189
7.404903111598659
-3.320899240232224
5.7940118588164
-8.007981690484549
-9.618872900325369
5.682606019527013
5.361080014205709
-10.72580236519165
-6.401061430596137
13.36906170424803
-1.135097469690453
10.73778440234737
11.40940865891679
2.662635089498132
-19.63826791658636
-25.6275898507581
4.32474094795624
11.87288187283057
-24.49249238271584
-32.37664215149918
-7.667163425875501
2.374631568289677
10.40907815751602
-2.545171892725116
8.010815672204657
13.44823905697241
0.6716242573757306
7.203470758327851
-7.391669670441756
-7.713195690542521
2.114747028238006
-1.54681029230144
12.15654200454569
7.202461272372967
-0.3215260048792237
9.506416697943319
-0.5661198397429372
-6.244768301097517
8.253262997484423
0.6153876295343222
-7.264770643465861
0.8886277757202078
-8.339647119135739
3.251784944453012
8.476809040613754
6.496438947684942
6.166385399454522
12.21049496301855
7.042014876524703
6.531846501832748
-8.746773568044846
-1.474989784899182
-5.16848008756204
-5.678648461270309
8.090147829952265
0.9599120983864674
13.2586279152697
-9.282471835192219
7.901796632730074
-8.517004658651771
35.72841237086725
20.90611269795864
16.96785616852469
-22.16983013384215
-44.95553928795039
-24.46152394493368
-3.294346865443508
-1.185614454949819
-8.651178154835865
7.751925701060371
9.330941119440228
-10.24238393055072
6.941884532383063
-8.295679484531824
-1.455692669415753
5.439946145074089
-5.356831284334137
11.04627255805804
14.84711806369551
5.618843165888933
-9.169421275235377
-2.273782462867956
-5.440071886272476
4.988455689574664
-11.02389895283902
-10.22589253740518
0.7654671776252733
1.946704442385466
4.5175823519602
0.7980064130390391
11.78936613209552
-24.30541236383249
-17.7833206506386
44.39975504054056
35.10347581088782
43.76583050004592
-38.81081537545506
5.329257786061342
26.84505141908805
10.65615852621281
22.6590372351383
-29.75475267760229
-5.289813259620856
-7.465563704944167
-1.074876471327734
-8.967502094569154
10.51655558135985
7.271783781040309
-22.30090300406165
-1.501938387360364
-9.22827489919791
-9.858662366938546
-2.989357148855454
5.607811182554864
6.396725666451901
12.37031095503108
-7.8926256264763
4.606677362912674
11.44666416820997
5.406977197849286
-7.752976441916926
-9.856001057075673
12.1725969750859
-25.10341877489567
-2.290081448614022
6.839986811482309
-14.46267842319559
-6.039686969021645
6.895638813428714
3.72934938696977
-10.25837453538687
0.558437122113027
10.7433157902816
9.264856033965861
12.24877379757172
9.76903635321603
1.664377342691695
-13.15995363483133
-6.814287807430609
-20.21583107306058
10.42852757373102
5.10155965167035
-8.104659008343573
-5.326967917929379
6.86930522162673
0.1893483972718867
7.236670500083266
11.42360961136475
-6.85241953005486
-9.822729348104614
0.3621493268415292
-8.470481001829631
-4.283541870044818
-3.321529990846009
4.90903688878428
6.064552844895001
12.36067776455112
7.047322114922799
12.19627313592304
-13.20621865783296
-7.041767936777529
4.186939127538365
5.148951014904528
32.09834574433409
36.94122080914098
-41.98608783684989
27.19612531712191
0.1947405214443327
10.81681165841128
3.330019843504022
-12.85887303897154
-11.06146027070419
9.192578756912924
8.959984220504598
-1.081815260780824
9.386082820854032
6.164450715707599
-4.29265093525483
-8.478665146118988
-2.97030982750081
-10.45710164673185
-7.486791815818624
10.18487866881096
-21.05519719010873
-2.103024611951458
-22.48108656032478
-7.055877439702089
-3.861164743528014
18.95217257970561
-18.68346441313954
-29.85580200802179
-1.425889371483277
-16.18889288247531
-4.186014197406997
-13.401543261627
-27.94885049839242
10.04179498129276
-8.992537152525125
-2.927060221663275
-7.881140956208754
8.56262775282042
3.777674063511065
8.561806565867196
-22.04644454580715
-19.20096687922438
-2.694537565588957
-10.75283178190153
-21.59922935891829
-7.637875370160813
1.11139619533692
12.77021122156913
1.438137263825859
-8.007811107796243
0.8526424567717108
6.607769291244248
-6.230590038278409
-1.478459747820508
9.979644996103865
2.983917777484399
11.45810473542897
8.474186875412318
9.758630342158318
6.522091715198791
22.81333732478016
-14.82229967118115
-18.76055620407115
27.64153076261016
2.358882841074228
-0.6339245395723937
-39.0704972554182
-5.989321933290856
-25.28264792099824
-28.27545530342198
30.94848804967279
8.662354692303774
23.06433828046354
-22.28613336844601
-7.884149764171259
-11.17233759341155
-43.07594283053722
-4.902220430675315
28.42991263816256
-31.90360523859627
-41.42938010891153
-9.745095497932498
23.58703756145321
24.4649394236542
42.18082835829326
19.39511923617238
-13.26675570334946
33.33213307230092
15.42520911900177
0.8779018678732016
-14.54730724524488
-22.78570913667977
8.749271566824437
-9.165942926663373
-1.714302042496525
4.525451926966284
8.506841462826381
-2.716802778092468
-32.66187494088729
-23.64605785149049
20.49401532567329
9.01581708829878
44.14007316245542
7.451640870294585
-0.2325945336175735
6.449140169864315
4.641220535693376
12.17895687450143
8.03444659395778
-4.954080733359161
11.48968797066078
-10.10877235477918
0.4472151890221621
8.448135097522806
3.455241376675836
-2.398262481827327
7.537736324787749
-8.058294216279096
-4.648804588280584
1.835390061258544
10.55598756339888
-4.992893720922555
3.409489628547189
-7.616405547447852
0.7859778085841386
7.270172479177187
7.75377668676304
-2.303434314214007
-7.617226741303123
8.402383349735054
-0.0008211912850679326
6.484194650087769
0.4836042098407549
6.563491781784786
-10.11804570623229
10.32774385231652
-9.499834081104618
-5.016276564111023
2.172348759535305
-4.258687646007795
-8.148897253831805
-0.3805777360643103
5.495259564158503
-8.506749427102099
9.258484382612899
6.079887585757834
9.753947213497577
-10.05721099754269
-4.248061790732516
11.66217544017694
3.674059644398007
-9.842578668376433
-1.877026593830435
8.875521355460341
2.708519990981121
8.517669191670857
-7.389404960012621
1.579015414377805
7.965552082778993
2.453173702627701
-8.57719640150289
-2.190659720605156
8.561888243194616
10.9487353208396
4.389212353890363
-3.352172318338547
6.386536672403304
5.225024088280261
10.7525479593498
7.768319514134756
2.386847071986733
-0.3578521659865033
-5.661438179368899
2.288601890160802
8.807437038658644
5.996271250856608
-2.540717247332421
-7.509148826151204
-4.939858515972312
-10.32133095698726
-2.078865493641946
3.670945954971323
4.69920359748566
6.779852578234009
-5.381472440889548
9.639062114478676
8.242465463770065
-6.559522975001335
0.1153191469223026
-8.127146319257072
-1.478869748241546
5.749811449037797
3.902100803353318
1.548550730542048
8.223392860690312
-6.192833947829411
-8.173204046586223
-1.410704281134741
7.005437240037216
6.674842129975427
-7.741384674335709
6.648276573991439
-1.217955625328301
-1.980370100265724
6.762499767250497
-7.961326531199954
-5.218386856934541
11.16666324642734
2.170212606557074
5.60819951929771
-8.978306250631357
-3.00472095785745
-2.682181349018156
5.411420569364165
8.079706250385785
5.973585288104701
6.296124916747697
-7.86623220229528
-5.197946531376146
4.933592617592391
5.380970558677588
8.416141522696703
10.76188760175542
6.239753954555909
2.668285673497522
2.742939679212541
-4.522133654450521
10.13153914336318
-7.265073340164001
10.82658638230674
6.162264523963021
-3.283683825494969
3.981389524921815
-7.988115845898145
0.6182116251271641
8.606327557572238
3.763224818356264
5.809149203749905
-10.09792494381536
-5.313792431507748
4.784132507889201
7.950040073690329
-1.84771064486513
3.108906624005237
-3.944782128204366
4.13943109749422
11.29908109937767
-1.539904192274268
-10.8665645591368
5.648721305392783
-8.785915578757196
6.518835152467591
8.084213218429836
-4.841133446129377
-8.397837970755806
-6.83245992173581
0.3271900700277827
-0.2540316871984639
5.642314794899113
12.32951871583895
1.56537805869314
-2.811165780098472
8.143806293053126
7.159650002871178
-2.505035339235581
-8.155395092780802
-5.650359784766742
12.00232856510917
-4.593468749875075
-11.9455822275339
-8.087127061783344
1.887314292383261
8.710417287806198
12.24155907292649
-1.945923382564872
9.009048692016492
-10.48291188120774
-6.902270749221722
-0.4832445885674875
8.217058412631081
10.95497207111376
-8.536988495175491
-0.7919902863853516
5.896346508047836
11.55263650738378
6.553068902144327
3.580641128526965
-5.415809517241692
-4.968431575335342
-8.996450645190235
-5.558463728246318
6.419026158603794
4.646519347238235
0.4473779401515113
-5.5796066481955
-7.352113462776954
3.120696351026059
11.67381450781875
13.30388603805254
10.20498307150491
-4.6643218615946
5.338188290163737
-1.772506810639085
8.70030299527888
-4.866794782277222
3.85845516637689
10.00251015500924
-9.445948358901267
5.16963201383222
-1.35099803155044
1.217493663196259
-6.183876195134038
12.19773692624986
7.374251910908588
-4.83287815480351
8.725249941843895
3.318320565009127
-6.197443140242914
-7.558257732665421
7.216446305507196
2.795987047355101
-30.13415443027065
-5.217252766776089
37.02963626427824
-25.38564934068856
-6.995698338785814
-11.22364425834617
1.777221083812347
-7.313929274534737
8.542222714627076
1.458990182594087
-6.842888394581967
-0.6199436318345223
6.879614766832453
-4.227945931245238
8.772919436892577
0.4710408933394204
-6.606704798273982
-10.04179949059672
6.681734719589097
-2.810543756314015
4.302975878730926
1.284443511401931
7.231255745296027
-2.378758855343921
9.39749113561304
-1.015037245638228
-9.728872115533566
7.046364055625578
5.946812193780112
12.04432611113953
-13.15649672018839
4.72543234965229
-7.401369867110302
10.9802432773677
-6.272636365168941
8.204067558410836
6.097513955492149
7.113519641504909
8.553118151841659
7.345059200734481
5.656289980728832
11.0385793353021
6.687203946084026
-4.999567624966986
5.664926445136504
11.54338965390511
5.382289368980971
-11.54120178396727
-6.401677744717603
25.98589727231388
6.352226146801927
-9.989627322979286
5.755126843775386
-7.083232511796744
6.883860371148661
-1.662607968352169
-10.99806871842178
3.478635199207216
11.89760681689225
-5.472350799639256
5.672528527515142
-10.10130563904797
-0.6299406463632991
7.818751257323921
9.80844874754931
12.38488964013331
4.920301402692109
9.471365005280047
-2.755272220670002
6.222944776133715
-2.84410766518244
-8.093751375461263
-7.077745702288311
7.499558429726479
-9.067052459582193
-4.515988832895522
3.932703188974537
-2.776175713640042
6.511770929747875
-4.823485021331985
5.150956338813025
-8.546468377634914
-3.882406592198755
5.525717948380392
-9.515763704663229
-3.067567987659315
3.898125738762311
10.96098700384587
5.728075376585235
8.41897163011377
9.287946637547815
-30.80116902297615
-13.18337154213243
36.78973601627264
-11.84851620640525
0.8689750025142063
7.317170714655985
-6.225078281348316
2.509805807826048
10.63887105074667
-0.1026413500122868
9.725371699454715
1.124532871458177
-7.038150722742238
-6.803232620336106
4.664061823570121
-3.566855270413114
9.408124576456286
-8.230917144244314
-3.664778740692806
2.707533371215213
6.448195715931254
-1.360814593856681
-10.74151241535473
0.403366877949223
9.138250932060124
6.716134010101238
-0.9134993316409896
11.14487930984102
-6.700591240731463
4.551063655071117
-7.675573654379225
-5.249643710337536
8.448691997381218
2.425929959740955
4.566138421161874
-4.807364903040081
4.65459936483615
8.795643364559497
8.734884070648263
-2.422116905166427
9.718117257478081
9.461964262487177
-14.00903552017917
-9.336080392338149
-1.673899269779635
-8.095051643116792
0.3479153052874232
7.160456292470024
9.188478443686353
-16.36008936877371
33.35408905810981
2.849724405505327
-13.18235976843595
-20.67428825908113
-7.629633322479434
12.14023415832011
1.59093417862159
10.03390113194545
-10.88583858020271
-4.314198890308092
-8.600838805887204
3.306583588268992
9.220567490540128
11.48438716748865
5.052447815262813
16.07152045548558
-2.351127079987047
11.90742237204661
-8.162683582994912
-0.1012822560304998
4.587133287997616
11.23735492408662
8.215767066813104
4.60512956968184
9.278084667821391
11.01907269122147
-7.403574957529197
4.672955112990427
5.913983883411237
-12.00870458949
-8.292658929821444
0.5416966416459337
15.90744658971076
14.62409254648044
-3.002004613049757
7.684264356370137
1.740988048189822
7.662181136582774
-4.320937857086999
-3.985680106144339
-9.218591734563013
7.32230199025572
7.759057060226576
8.617108899520522
5.921193044461377
3.628633790997958
11.21184736436497
-3.02158786945633
9.43171483740104
10.82524558194318
8.834355567751302
5.290654326307368
-0.2561529973762798
11.98585303210438
-2.106333022049724
8.782544880683915
6.734230114114281
9.974441363066555
10.35424478064093
-10.92861033824408
-1.472175172786987
6.37029875167263
12.92173783376137
-9.29853882377134
2.16362028865898
-5.767397048632772
-1.208058937750771
9.456435154646142
1.630071525283218
10.66449408206211
5.878463218453479
7.842473922358273
1.964010698488711
10.15977622479473
6.571826645383875
-6.161100270687202
-11.22983802762307
-3.03407249577178
9.719831411267929
4.914368948818761
14.60245677750644
6.551439079312253
8.195765529138347
16.14420697850525
-10.75811754646323
9.592767900811221
1.268425613807864
24.42884147028555
3.531141785491956
1.551574461014189
-11.18135243954892
-15.53272776843355
-8.713834925963102
-6.137394107337573
8.061401315758483
0.2349180665862657
2.576440874693034
6.372312129518279
9.038697878709364
4.141044000556916
-3.203308150350196
-5.251622918560507
8.710760665558398
8.876686767399509
12.45330272793498
7.583213577572677
8.44296695086431
8.840563138760151
-8.753266236183375
-5.242708149280669
-1.690404973087372
9.617577122935383
11.62358897130168
6.783835013316467
-19.30595435707676
-4.469880788505056
11.92989286760735
30.05008099922873
9.881684394460088
-9.617866527950078
12.75390389927977
-3.587949578410917
-19.63367113769604
4.748505104811773
-14.75104578481048
4.882625362907218
-12.73292691420884
-7.856262018196945
-5.828239869637776
8.134143708956991
6.226133890031519
-4.897653877788176
12.07999491667911
3.510558085371384
-4.420459258772594
7.062861264096271
-7.931017340647825
12.02654316175178
14.83607356893407
9.688087829326026
2.028022149259339
14.08239590610881
13.9623835803823
-23.05762209804557
-11.32037845482001
17.91282252771834
-6.312412509046796
20.82352331912954
-1.283354045903658
17.44982108291451
-8.223182230666616
1.417736899437536
11.73724364275292
-1.908009816806061
0.1659261006699574
16.74520958866467
-13.64525345818534
29.233200981964
5.087921674735822
18.7331751312049
-6.359085361561349
-30.50436466186823
11.25871211926953
-24.14527930612265
17.61779748084418
2.910700790931312
18.95265281811422
-16.03208417902692
4.48355756561084
-4.843102825762452
-9.326660397028904
7.1886254106569
2.080648980564044
1.016005673113885
-4.35137537392602
-4.870089143177595
5.816179828887839
1.393530747080678
7.965170445362359
10.68626896918494
9.640919125110839
2.148990617430448
-7.491928499162898
6.571639693801155
-5.232911627839786
11.3079820962116
-20.33799405530179
-18.33198220706631
-4.285356524611687
18.76233467340885
7.725953002328673
32.59426523621055
2.006011848780055
16.0526375305765
1.294806909226425
-4.839753957187913
18.32066190047712
26.05793520967035
-23.80106111557463
-8.185178656026839
14.8625125426601
-7.221777627053891
17.26255984592086
-22.94300927666868
36.75090702901476
16.57928348804752
0.8580518387753261
23.16041585686763
30.64834192504109
16.39977365650754
7.737273310529667
23.04769119817768
-14.75783062114328
-40.07423954533366
-38.16989080101724
44.06292212922195
-14.43113484374097
11.83954146588467
13.83193056311348
29.27122751009617
21.88839448648566
-48.63825222088607
-29.86573598682557
1.904348755071603
24.484337472501
27.13593582860724
2.651598356175245
19.48834718340486
37.46606662085109
-14.24856826840719
-22.91106861467793
1.95724361826482
15.29842147806234
25.52006597981653
-43.38685866867097
-43.18153709640976
47.51503892614238
-0.2362131148839506
-41.53372326274165
18.12018813111596
29.54698974610025
-24.16178484894861
-31.54461787391604
35.35720614594438
-13.5668984366671
18.20318631263341
41.94194228821156
16.04195202872554
34.8144682647101
18.77251623610781
24.86831223397223
42.24688903092397
11.42680161490279
-20.16839658914196
15.43929694715061
25.23608158951392
23.56282236258148
-18.71986214287829
31.00234420748948
43.15064556763895
1.853135404641109
-20.39312137047532
-7.38283302438633
9.796784642195909
59.51899099431109
17.97771943747569
49.72220635242829
-1.673259227107093
6.584736142281474
12.14830136221043
44.0627162507516
32.85541246843513
31.77008474908657
23.7387559664273
-21.01607689614709
-32.22338067628601
28.65502466339977
26.27067631356829
-30.82008742843619
1.647813843449459
32.46790127505904
10.22164450143772
-47.75125204894207
-15.83683717049809
31.14338353068844
31.91441488635881
-19.49955090601644
-22.24625677560617
-11.20730378122772
46.98022070118631
49.6711015581509
2.690880855568258
