12.37114074821496
-5.269621587396585
2.265754330928905
-4.001024080183528
-1.310357873728265
11.57611350540699
-10.13058232433567
0.6921567053570017
50.64990161442405
37.38330875931218
46.39872255225894
-11.87911807642453
-14.38287773059399
13.1454643104095
-2.382832673680745
24.33707747479833
21.01703227528461
25.33989801182957
-30.09812060460666
-7.034644211733706
-11.69667703151804
-1.941841765994374
10.42458495320955
7.672140447923241
10.09740345305331
-10.20241324944564
-8.367751781234846
-1.805797759186748
9.851040413799971
15.66764523213414
3.111378550926236
-6.504808590137225
8.792764235625965
11.24133701842663
-10.55981109448328
-11.12576729072832
-3.038387461055308
-2.309387057667105
8.003845227847441
10.45606753624011
10.29308347002573
-6.874881023152148
2.628426256577892
-4.426308213707916
7.748753167036782
-10.31095187680728
-16.71058919033101
-4.840375550890478
8.604160393914437
3.054782948885357
9.219340447501381
15.40835771292953
7.402457821074689
-3.3200451995528
5.792170555509471
-8.005899928098859
-9.616187157419995
5.681385701056386
5.35983489244731
-10.72250303190945
-6.399637306544128
13.36573482012196
-1.134696222340869
10.73551741574666
11.40709879708545
2.662041505913303
-19.63609985083554
-25.62538764567034
4.322865736647221
11.87021363871401
-24.49069142473789
-32.37454222424468
-7.664657215769166
2.373683361786408
10.4047771177342
-2.544330269711798
8.007772851856723
13.44453594679661
0.6715813820230035
7.201526216045749
-7.389272631179138
-7.710823452155484
2.114034699945186
-1.546265955705419
12.1523752623633
7.199993330898154
-0.3215508081850119
9.503307330420263
-0.5659561943808434
-6.243009732742094
8.250424036737581
0.6151800595345212
-7.262114596180141
0.8882962464676335
-8.336614968024366
3.250582345217691
8.473690575064655
6.494073165427689
6.164557497428315
12.20699837279584
7.040196798205641
6.529944834813726
-8.74505729006153
-1.474636581662919
-5.166801575471774
-5.677053538171801
8.087379834772294
0.959680671137391
13.25418140825462
-9.280110264570258
7.899192221519689
-8.514833377547694
35.72815753564816
20.90573322943571
16.96851271003991
-22.16923408864432
-44.95429489808901
-24.46077355684913
-3.293145936856341
-1.185195694346041
-8.648135129194095
7.749086764423217
9.327501235693214
-10.2397909331748
6.939511548694919
-8.293534621038377
-1.455179957849789
5.438127712365379
-5.354989188126324
11.04223269413151
14.84172687197185
5.616815654978429
-9.166314926977586
-2.27300725864693
-5.438155719871252
4.986665473492268
-11.02186292479112
-10.22403683632557
0.7652768878035937
1.94625630908628
4.516719108034224
0.797826086452801
11.78713981394064
-24.30372239320623
-17.78142224560803
44.39957706050232
35.10354197965135
43.76561799703235
-38.8105876461662
5.328925744870766
26.8428242982506
10.65523331225498
22.65713026177724
-29.75362754799307
-5.289319098599546
-7.462939439059374
-1.07450036819623
-8.964323277281508
10.51269693596143
7.270420706661479
-22.298141354929
-1.50138383635827
-9.224911218139813
-9.855061392414582
-2.988287552448627
5.605776927980051
6.39443943843266
12.36586862609373
-7.889822911728928
4.605654476454992
11.44400913127469
5.406053318361545
-7.752297044495696
-9.854256374312431
12.17029314139775
-25.1015484778751
-2.28961771227179
6.838354660138061
-14.45991085335505
-6.037955811852326
6.893307669272987
3.728159205378819
-10.25612529495716
0.5580277892701264
10.73963475615281
9.261748352579177
12.24466641655426
9.766115014878174
1.664045509676141
-13.15835035866768
-6.813149014260581
-20.21335060661679
10.4248211915295
5.099835506755581
-8.102069503331906
-5.32498568130802
6.866773843020271
0.1892267154040665
7.233941387403862
11.41931236268214
-6.850166597103497
-9.819510457727242
0.3620965149561984
-8.467338759782738
-4.281967767395086
-3.320293929050406
4.907262742107763
6.062433079266206
12.3564176350372
7.044714682216651
12.19175952134865
-13.20190500821722
-7.039393320523634
4.18537098885479
5.147044834061782
32.09764740838204
36.94045987430156
-41.985139120299
27.19555029484881
0.1947346820301966
10.81415308500289
3.32948481642603
-12.85810616079128
-11.05721583608755
9.189230508008688
8.956540747502629
-1.081303226014014
9.382726995653103
6.16251168324019
-4.291500461278168
-8.477194520489931
-2.969343868640078
-10.45401214088388
-7.484668269352384
10.1816069674332
-21.05323533979564
-2.101959327229074
-22.47907292008311
-7.055000249161861
-3.860654749022061
18.95127601392062
-18.68307905229426
-29.85513363210379
-1.425837581369573
-16.18759097721706
-4.185694047842588
-13.4002015889097
-27.94644936344383
10.03834056668343
-8.989241646878041
-2.925844404537518
-7.878226337943267
8.559071135054312
3.776212936652124
8.558325715803877
-22.03989432253187
-19.19617337678411
-2.696128346360135
-10.75157994135538
-21.59317763789614
-7.635243979132443
1.111015308106948
12.76545458840561
1.437361799106659
-8.004320532982355
0.8523332682063161
6.604420139989577
-6.227617071206353
-1.477886396396699
9.975912598434654
2.982918075688123
11.4537989876543
8.470880842309635
9.754835265523099
6.522300149410852
22.81193076429508
-14.82242430472957
-18.75964482712432
27.64057991457678
2.358634936118667
-0.6339590626944229
-39.0706513164283
-5.989287794097311
-25.28194497805091
-28.27453897830278
30.9473271934285
8.662076020025852
23.06347639355453
-22.28525118276173
-7.883850795620836
-11.17205457859695
-43.07496731700269
-4.902097116447421
28.4292960520731
-31.90291273961834
-41.42928626303424
-9.744909584443022
23.58648357607192
24.46430845418558
42.17987380232827
19.39481301987584
-13.26659285280204
33.33139317143451
15.42407266956836
0.8778248829052808
-14.54624778169859
-22.78506079473691
8.746259288397505
-9.162952435353143
-1.713797535120918
4.52387659665428
8.504053722596618
-2.715910111824808
-32.66140587382932
-23.64599207764672
20.49352132660044
9.015413795257366
44.13951339183375
7.449154888468556
-0.2326897582405212
6.447042341643908
4.63968540549764
12.17506134746715
8.031093759997141
-4.952381932435517
11.48491553633717
-10.10538641728568
0.4467166864439337
8.44459343559706
3.453821776313517
-2.397004262920301
7.535375930147646
-8.055451594965568
-4.647299653935634
1.834661468210337
10.5521031202624
-4.990771659374888
3.408151941488415
-7.613178124802683
0.7857454816209722
7.267706621524698
7.751310899193602
-2.302263533352135
-7.613923549882035
8.39892360107639
-0.0007454228920293379
6.481961122604361
0.483604279576464
6.56195404088384
-10.11449300916201
10.32234598074114
-9.495905055439833
-5.014002182195958
2.170625648118045
-4.257263902639631
-8.145860181533816
-0.3803998446789691
5.493228256730381
-8.503694356821109
9.255132341968293
6.078349772982564
9.750492162140512
-10.05357442963758
-4.246430462369847
11.65683818885099
3.672142403145798
-9.83870643924713
-1.87622991849998
8.872266826527564
2.707288697003016
8.51443265912922
-7.386484117098151
1.578414467964977
7.962476527639047
2.452222317315654
-8.573964585312323
-2.189902515176475
8.558594242128271
10.94468753559442
4.387649837548808
-3.350856366376854
6.384062062979162
5.223108223294056
10.74849675348648
7.765460333769525
2.386093288684313
-0.3578341691493261
-5.65893406531926
2.287750527136357
8.803522243066482
5.993534816937421
-2.539731296708126
-7.505911764201407
-4.938055609223401
-10.317422653583
-2.078008773282387
3.669508881708332
4.697476573326917
6.777273840844257
-5.379367044183206
9.635532183237215
8.239413880832068
-6.557037704940796
0.1153748150726833
-8.124039067901888
-1.478220294800284
5.747517655521969
3.900539957734469
1.54790377351754
8.220316300601464
-6.190602435773299
-8.170219850431824
-1.410128158330554
7.002960016271643
6.672412526908362
-7.738506205767886
6.64581877581003
-1.217356288529619
-1.979617415869791
6.760091693601762
-7.958019973056603
-5.21599718942812
11.16158720986271
2.169280630888148
5.605623963551247
-8.975139849195271
-3.003710657842279
-2.681155308894525
5.409377521871285
8.076807304776942
5.971429187459336
6.293984553265126
-7.863175067047734
-5.195745292719751
4.931555320905059
5.378760258622266
8.41308817590375
10.75796261568216
6.23767411917174
2.667429776610433
2.742022787715905
-4.520288502702972
10.12730060878517
-7.262311295705231
10.82162115806262
6.159548125859017
-3.282134187664798
3.980177116663134
-7.984695828016473
0.6185879537216655
8.603283854815746
3.761904085041253
5.807143964696956
-10.0937728079539
-5.311660020228358
4.782112784027288
7.946684595936038
-1.846977697239279
3.10776495995741
-3.943148985504127
4.137352731752538
11.29400554035051
-1.538583152915568
-10.86186588969073
5.646044824341507
-8.782068622309033
6.515771719338943
8.080501711126649
-4.838919633038697
-8.394314033781828
-6.829584056245418
0.327068743885953
-0.253722304102986
5.641219209875001
12.32711393695937
1.564729985657318
-2.809987419618108
8.140591737757935
7.156652809453338
-2.503759650760652
-8.151720332622659
-5.647960708276107
12.00004512499355
-4.591791795176389
-11.941184831229
-8.084318425080493
1.886620437919289
8.707776848310443
12.23791260781003
-1.945033904117577
9.005545254678356
-10.47830001842692
-6.899378834553785
-0.4831146784160951
8.213931387609243
10.95057915573447
-8.533266111248121
-0.7916138727493084
5.894941535857837
11.5495394340755
6.551211271727044
3.578921181196979
-5.413385403028975
-4.966180464576054
-8.99230658365871
-5.555963247191774
6.416264154517223
4.644314185377736
0.4472049369610497
-5.577443051727294
-7.34939302365711
3.119603012748394
11.67005979804792
13.29956864383276
10.20027742913403
-4.662073034921786
5.335576333310549
-1.771949968607652
8.697046061153211
-4.8647010965717
3.856866406707703
9.997649370950441
-9.441682321407905
5.167058329308852
-1.350253552476903
1.216658532863319
-6.180844613098065
12.1928251239186
7.371313945263224
-4.830591053224928
8.721567497390915
3.317503958114102
-6.195717013984382
-7.556116130048017
7.214613532324774
2.795176039257174
-30.13299443815118
-5.217066489079576
37.02882152421473
-25.38461631320305
-6.993124965851964
-11.21996384924734
1.776703473592042
-7.311704042863888
8.538074795876074
1.458124425430441
-6.840521974212307
-0.6192785034713645
6.876669700105462
-4.226838893324532
8.769828451259903
0.4711820798929461
-6.605105324738886
-10.03784398148836
6.67973211353143
-2.809618944203675
4.301465704359211
1.283954460911499
7.228225046681005
-2.378266421485262
9.391774662583044
-1.014567901342775
-9.719524312565055
7.041204107802763
5.944270551893604
12.03924528882686
-13.14959004092111
4.722996612054839
-7.397503153357513
10.9761666032122
-6.269625587847423
8.200787514455543
6.094974769200217
7.111084654048227
8.5504567811955
7.342825154684908
5.654597882575271
11.03587298191937
6.68589474832361
-4.998328178847068
5.663330414860265
11.54056193404476
5.38127511156443
-11.53781748155044
-6.400458214883558
25.98396960889681
6.351717298686247
-9.986558355240353
5.752086879673539
-7.079950353411207
6.879964466758616
-1.661405113129516
-10.99262220297968
3.477790894247483
11.89426049542746
-5.470791268026072
5.67090182285298
-10.10295272895213
-0.6298199585999777
7.814575310683193
9.806291051654805
12.37931196428468
4.921457734317671
9.473132781023244
-2.752444520689853
6.221243481981896
-2.843757982201132
-8.092397287293517
-7.076287413514459
7.495948229826878
-9.065001479454716
-4.513326412026511
3.931068957207994
-2.775379084222221
6.509826798977189
-4.821511183926113
5.149427684139751
-8.541369612202324
-3.879781514285462
5.521830960105404
-9.513220971423779
-3.066739189323047
3.897109572617176
10.95825770000653
5.726679845796485
8.4164696117699
9.285205878109574
-30.79842649218243
-13.18197580800093
36.78956423322222
-11.84811373463492
0.868736262096697
7.315218040042721
-6.223358665725888
2.509113019953428
10.63651361792135
-0.1018370301741745
9.722987094461669
1.123751845861485
-7.033244864878273
-6.798395676098319
4.661588130230957
-3.564879297751532
9.40161250490833
-8.226467470633985
-3.661730799678609
2.705053914288004
6.446481781172716
-1.360399117241586
-10.73835066043863
0.4033424017153333
9.135814057562547
6.714329986868443
-0.913526506931883
11.14169307621344
-6.696558620861226
4.551675091283691
-7.673902281440363
-5.248639305009146
8.444395348482667
2.425262989726803
4.564736686056252
-4.806105016862217
4.653468390484204
8.793419035325524
8.732471669907001
-2.42148405643274
9.715718659194884
9.459573402746518
-14.00582222663092
-9.333924757585633
-1.673498832146895
-8.093147930008039
0.3477716459779182
7.158662884321402
9.186093732379355
-16.35554204401388
33.3532030263385
2.850094387204361
-13.17987540740559
-20.66925884241001
-7.627856477460332
12.13720271188511
1.590528169269422
10.03144774947221
-10.8839567999155
-4.313716798396761
-8.599235229973395
3.305710319702027
9.218384637672466
11.48197504570524
5.051423935746217
16.06808721344095
-2.350570554779833
11.9049455310484
-8.156996701345086
-0.1012246705965166
4.586112167736347
11.23481673088509
8.213916097747457
4.604175573498893
9.276073017545272
11.01666332071603
-7.401994543086744
4.671897456545968
5.912674302026547
-12.00617016914596
-8.290650144759038
0.5415115795195181
15.90315104907328
14.62011374210774
-3.001225700624607
7.682393506987332
1.74059032407334
7.660425937348814
-4.319825786235288
-3.984716353598462
-9.216294208750842
7.320503743639374
7.757082319224229
8.614958990958096
5.91983557629083
3.627803940291078
11.20926002319079
-3.020900643417977
9.429457740642858
10.822739029558
8.83216172110742
5.289424452274001
-0.2561452585213191
11.98278900034376
-2.105754958669856
8.780273809443839
6.732567125792451
9.970938870469752
10.35129216996315
-10.92567790214791
-1.471650895868866
6.368793334810079
12.91856635339126
-9.296169069628776
2.163086004420692
-5.766033318605522
-1.207631615344944
9.454026997116452
1.629508841681278
10.66165860372884
5.877231527389532
7.840444228922735
1.963212696907917
10.15639127660421
6.570291135268724
-6.15928681049005
-11.22683241164942
-3.033653827218939
9.718521699446494
4.913269640998297
14.60065459003385
6.549773016249168
8.193178582156065
16.14010205441955
-10.75548035011177
9.590329039516918
1.268134436401528
24.42432667300338
3.530135759845916
1.55125912633488
-11.17831880632522
-15.52829698896062
-8.704956458552488
-6.131935608314275
8.055772021353503
0.2348491584588672
2.573020897568114
6.366784729067356
9.036419068448595
4.139950645522373
-3.202515189960555
-5.250221875061797
8.70846542868502
8.874392915820064
12.45035840185162
7.581456086465038
8.440919578094624
8.838322086637225
-8.751129270980869
-5.241447434879935
-1.689981145014882
9.61523895200475
11.62083330917848
6.782167353644145
-19.30468679571541
-4.470689163033938
11.92930453123325
30.04874561056283
9.881195760384671
-9.617301846303526
12.75217552011777
-3.586100140490705
-19.63225232049173
4.748378137807824
-14.75011944116826
4.882132887788456
-12.72957794417657
-7.854141627211718
-5.826710781455795
8.131976517626796
6.224460538288862
-4.896468422706896
12.07690810484097
3.50968183497186
-4.419437493725678
7.061148126641887
-7.929119325771952
12.02361478773792
14.83399763299638
9.687384949573627
2.02743084639443
14.07860216368857
13.95868730059258
-23.05637689660348
-11.32056683472116
17.91105214930483
-6.312086114853686
20.81999832583794
-1.283037309242383
17.44740011644371
-8.220757539808483
1.417430313814315
11.73581006153624
-1.907515977526161
0.1659274860924196
16.74429078158548
-13.64332603791438
29.23161898353537
5.087111391208687
18.73043742769164
-6.358601060425696
-30.50310864694267
11.25784962374539
-24.14450759142736
17.61645068418193
2.908946176136984
18.95031275884961
-16.02996979891531
4.481902914380332
-4.841379842851666
-9.323282762105617
7.184627903785723
2.079797267449595
1.016109873861916
-4.349978220663403
-4.868902309344435
5.814716900452312
1.39328129106485
7.963521299679694
10.6836192073825
9.638187849422167
2.148804400040001
-7.48938344219339
6.570240004823301
-5.231577854681338
11.30522009712892
-20.33657890633663
-18.33098454928212
-4.28515887150848
18.76029386311544
7.723627342048909
32.59171567944799
2.005594357606438
16.05142003471095
1.294455247295111
-4.838665954805266
18.31752628288456
26.05461189161259
-23.79932547203413
-8.184484013923941
14.86096872135522
-7.220962176175235
17.26001943425783
-22.94144880059713
36.7478071303883
16.57836329547005
0.8578766712968774
23.15619223696066
30.64805703157877
16.39999369465977
7.73708561007207
23.04545273477665
-14.75696478716652
-40.0752917117029
-38.1706347901072
44.06042821849938
-14.43147897645742
11.83888648190761
13.83142181663961
29.26988063866023
21.88683840916626
-48.63767796634758
-29.86468210696654
1.904656930684164
24.48098161004362
27.13208444105962
2.651102831073624
19.48778769644975
37.46546527600905
-14.24806333679831
-22.91097142166911
1.957116914800918
15.29782392313406
25.51925593658855
-43.38683635815227
-43.18148741225846
47.51319681116829
-0.236197362216403
-41.5336413769537
18.11944107892382
29.54588725957579
-24.16096509885211
-31.54400732966429
35.35784314609166
-13.56632975026787
18.20300929365178
41.9421651227737
16.04136658401404
34.81436244499377
18.77299586111693
24.8680883374943
42.2458880131855
11.42644618057078
-20.16754983698298
15.4384588221931
25.23506484618611
23.5621390228121
-18.7197350734023
31.00246714574927
43.15063900764793
1.853194980109001
-20.39266089737371
-7.383042230262705
9.796606023821099
59.51880824439357
17.97767757960068
49.7222022208895
-1.672925823551121
6.584321976732538
12.14817186363715
44.06170706647431
32.85468744907011
31.76933904373189
23.73915582138594
-21.01452213196944
-32.22154174752943
28.65254490002572
26.27036546169979
-30.81944184311071
1.647846043560875
32.46728788936154
10.22143201314487
-47.74939418008019
-15.83585898578003
31.14054183740473
31.91353520099488
-19.49849759283238
-22.24585587790282
-11.20701961648206
46.97640082318453
49.66706703081769
2.690666206455218
