12.36508802767191
-5.267348817921609
2.264613051300401
-4.000866327991019
-1.310515625920766
11.57351736245458
-10.12773231098194
0.6919627181776383
50.6476818532457
37.38158108219906
46.39624605002115
-11.87627414777724
-14.37831844763741
13.14100181204868
-2.381461577502379
24.33578122351651
21.01699021488227
25.33714899795593
-30.09608306083365
-7.034078374929666
-11.69077377154411
-1.941412787798741
10.41446565663001
7.666170577276849
10.09050531846526
-10.19861259251523
-8.365027161805616
-1.805332447103073
9.844392456118332
15.66104897735496
3.109741673712175
-6.502556482901941
8.789359950782487
11.23665720125584
-10.55447017952995
-11.12018962564142
-3.036819239176042
-2.308157542970322
7.999553708386451
10.45039002562422
10.28814515372824
-6.871689046082729
2.627112968597082
-4.424391776099517
7.74503419905443
-10.30727810916783
-16.70482518488513
-4.838510403675164
8.600652834194987
3.053622417286169
9.215531321635465
15.40178564139407
7.398914828535883
-3.318791008673418
5.789487472791789
-8.0028708394152
-9.61229816860226
5.679618289058564
5.358029683418909
-10.71770584548106
-6.397547070601832
13.36090052242912
-1.134103832217654
10.73221094814223
11.40372907876198
2.661165067352325
-19.63280583013935
-25.62199626854391
4.320158783150831
11.86631478074577
-24.48789243738806
-32.3712273733811
-7.661032186851129
2.372304232385904
10.39850062033854
-2.54311093033254
8.003344134703667
13.4391632391928
0.6715181311276337
7.198705062800788
-7.385797601596594
-7.707386216108174
2.113004450828287
-1.545477313157877
12.14634085886087
7.196419403715288
-0.3215886052348203
9.498802051768921
-0.565719444892904
-6.240458177714235
8.246312636754308
0.614878491716436
-7.258261385067333
0.8878153980721406
-8.33221871128919
3.248834787366556
8.469157272558968
6.490640995578781
6.161908903587332
12.20192566446817
7.037554676871642
6.527186932333525
-8.742564010679601
-1.474121126982698
-5.164370988207029
-5.6747387324781
8.083370389998715
0.9593401430927126
13.2477413765842
-9.276676663175277
7.895420214565422
-8.511675802185724
35.72684490673703
20.90474682440251
16.96910688558712
-22.16793472605794
-44.95160432454968
-24.45918261584323
-3.291404960278073
-1.18458767796043
-8.643726126088964
7.744967996349637
9.322508486255806
-10.23601680445065
6.936080070179233
-8.290415908194218
-1.454442727578529
5.435497129947525
-5.352321162825678
11.03637295135749
14.83391480473388
5.613880693523414
-9.161823234631001
-2.271883378647443
-5.435386677940493
4.984070173297723
-11.01891457645763
-10.22125624431211
0.7650008613315641
1.945600894049256
4.515472556769005
0.7976583306851457
11.78391543872276
-24.30152057065412
-17.77849833816406
44.39845048999063
35.10289767522369
43.76446911654661
-38.80945860157964
5.328377993555007
26.83954884240698
10.65387097354986
22.65432542315579
-29.75165741401467
-5.288571764840101
-7.459138451113565
-1.073957323578594
-8.959721392622905
10.5070961686219
7.268442882492102
-22.29397089596523
-1.500582940226576
-9.220034112004361
-9.849844626985972
-2.986736503057062
5.602825604255385
6.391138091261023
12.35943758489399
-7.885764070831402
4.604161414462273
11.44013458880481
5.40467847530291
-7.751262983624665
-9.8516424999568
12.1668571353457
-25.09917889983281
-2.288946780805382
6.835973178408077
-14.45580391611087
-6.035456112842499
6.889939856754925
3.726436555346128
-10.25281679916482
0.5574567856371389
10.73435017001716
9.257290193965948
12.23876752193111
9.761892666446
1.663563641476028
-13.15594145581563
-6.811483532964855
-20.20970237443261
10.41945684981089
5.097338643214743
-8.098329023548031
-5.322118204091474
6.86310812627325
0.189052258890116
7.229992701219118
11.41310183397629
-6.846913541161909
-9.814873515457213
0.3620198733118166
-8.462793322931141
-4.279684177965186
-3.318507450478744
4.904705453990826
6.059367156938006
12.35028120211161
7.040940449808978
12.18522632832797
-13.19566766534083
-7.035965805993907
4.183109142461188
5.144285874929139
32.0960036807688
36.93862287114518
-41.98289212211273
27.19417996132471
0.1947565634364631
10.81027358538131
3.328707979078011
-12.85696988334446
-11.05108195217561
9.184389631068568
8.951571482504864
-1.080558441460621
9.377874597968567
6.159701856185803
-4.289823735845427
-8.475047171798716
-2.967959980237449
-10.44952558925846
-7.481565606882516
10.17689338479776
-21.05042301104896
-2.100379514640209
-22.47617392453752
-7.053760919453976
-3.860188619444625
18.95004349748194
-18.6822866993544
-29.85372112361434
-1.425750914303255
-16.18567786242221
-4.185223427602248
-13.39821883882591
-27.94289719024405
10.03333641125796
-8.984456915618175
-2.924072887879367
-7.873994344337857
8.55388054059129
3.774090644876741
8.553252499633649
-22.03009514163796
-19.18895858529486
-2.698168463131386
-10.74952646009758
-21.58411506739517
-7.63143414656192
1.110462570673127
12.75854756441989
1.436244807886478
-7.999397623614601
0.851908758537432
6.599691527002209
-6.223376350929618
-1.477059970778875
9.970523502225618
2.981477336546945
11.44758346773207
8.466106080148128
9.74936098374484
6.523022234024941
22.81023211799842
-14.82209808120504
-18.75773802235907
27.63897725166415
2.358216993852676
-0.6339813728804395
-39.07007249702691
-5.989190437874198
-25.28076025759279
-28.27295862527594
30.94533962267534
8.661571443243639
23.06200468639968
-22.28376818630707
-7.883334933157067
-11.17143442342044
-43.07268154965262
-4.901823721564855
28.42797021023763
-31.90124712707167
-41.42828949857654
-9.744442913476412
23.58535101241158
24.46308565269395
42.17764868554837
19.39397910682831
-13.26610076935991
33.32979393392294
15.4224130041181
0.8777346438011658
-14.54467835668103
-22.78366958771677
8.741896718151116
-9.158674643664344
-1.713098889826449
4.521619567447477
8.500121672103072
-2.714632063502821
-32.66007987703053
-23.64541490684562
20.49242169797633
9.014664969509608
44.13783659572603
7.445575745118836
-0.2328181470484635
6.444042593682386
4.637464064304151
12.16942595081231
8.026196391015866
-4.949921455802111
11.47795342603746
-10.10047497637111
0.4459800755812777
8.439432125319833
3.45175703499595
-2.395156483438846
7.531961877865228
-8.051357996942009
-4.64514876862884
1.833585430709193
10.54645506405431
-4.987675090438128
3.406209228641031
-7.608463849220091
0.7854204739694838
7.264154686297064
7.74772054473774
-2.300544108618721
-7.609091894453334
8.393884319216482
-0.0006280436012330645
6.478734199665769
0.483565859845722
6.559694728541434
-10.1103316608972
10.31482805133058
-9.490863176820303
-5.011008811969061
2.168072291778379
-4.255210719542897
-8.14144480989968
-0.3800895242517739
5.490203805165907
-8.499260888463798
9.250597060409811
6.076128877249992
9.745414526691796
-10.0482646511977
-4.244050175031822
11.64972491484013
3.669285659595678
-9.83305812196561
-1.875066420864518
8.867518405363139
2.705487859996311
8.509702332416378
-7.382221794481862
1.57754048760949
7.957991706052396
2.450836323956935
-8.569251258814269
-2.188800032853523
8.553784802412693
10.93881945914874
4.385391369085051
-3.348928781513639
6.380451220739659
5.220322480560544
10.74258483236916
7.761355283335603
2.385034653230308
-0.3578160740654683
-5.655631684915766
2.286676875866457
8.79840535184695
5.989904409706427
-2.538434384895229
-7.501588310658394
-4.935593204080597
-10.31191383400861
-2.076762040008287
3.667614644807126
4.695093378050849
6.773873048447145
-5.376320629703091
9.630686582364605
8.235151794658149
-6.553428095272293
0.1155097698197719
-8.119642026572217
-1.477257063377476
5.744376685473007
3.898420060765476
1.546950365679974
8.21588823614765
-6.1873697891476
-8.165886069978542
-1.409274093883987
6.999436229453107
6.668937870300378
-7.734320152053917
6.642384965494806
-1.216452010190455
-1.97851628161553
6.756611977160242
-7.953386096053054
-5.212599813105705
11.15461529737578
2.167961680754829
5.602065984293714
-8.970575028566193
-3.002275531975811
-2.679660995133307
5.406434795100953
8.072670383258744
5.968299493824104
6.29091404325231
-7.858836977984971
-5.192601396164991
4.928746388173471
5.375677128764746
8.408710324309657
10.75233137989914
6.23471844800451
2.666235583650989
2.740786285759072
-4.517612936555817
10.12134778057353
-7.258399225822061
10.81466580101245
6.155745283917829
-3.27989713429367
3.978502097776274
-7.980439286289326
0.6194684840763525
8.599907823997675
3.76039325492976
5.804214474293036
-10.08770964982651
-5.30854778848967
4.779161858681959
7.942308563297372
-1.845956624521559
3.106258404546346
-3.941105684854936
4.134537162230522
11.28722618694061
-1.536566511916254
-10.8559355150558
5.642514699626593
-8.777155844401902
6.511728478584765
8.075642842591671
-4.836050156717955
-8.389634810361654
-6.825720456727848
0.3269685619210754
-0.2533724426587365
5.63971341646013
12.32382553173884
1.563914359512716
-2.80850093734583
8.136262373720907
7.152689025393594
-2.502044297324969
-8.146755759551761
-5.644711481690771
11.99685691997663
-4.589525231731872
-11.93536371787825
-8.080656584022254
1.885679899768587
8.70437785019744
12.23321036312065
-1.943798004010066
9.000965308436749
-10.47213679954217
-6.89556784176825
-0.4829830109820788
8.209785078441419
10.94476330998946
-8.528338793074969
-0.7911802337570902
5.893085875100252
11.54541120419468
6.548706175545914
3.576568956212482
-5.410084664789493
-4.96315392364177
-8.986653620420388
-5.55254931358746
6.412584829766414
4.641290909343773
0.4469307400636635
-5.57454455479582
-7.345838477359798
3.11822353366888
11.66515888194218
13.29390308223871
10.19384022025264
-4.658920518998786
5.331954820047534
-1.771293920154459
8.692768086054917
-4.861885400649514
3.85470713430942
9.990875340950382
-9.435642423811601
5.163446710501989
-1.349198978329701
1.215428757381537
-6.176627622708298
12.18622525965371
7.367393551989184
-4.827428639030895
8.716592530380073
3.31648362572521
-6.193543660777829
-7.553390778588838
7.212305206304403
2.794139684093181
-30.13142639529132
-5.21681334700896
37.02781846480704
-25.38321319700719
-6.989454751862321
-11.21475374667049
1.776021280898577
-7.308640857469118
8.532120327707597
1.456835195881861
-6.837249333458785
-0.6182668564081124
6.872510103947547
-4.225299002216676
8.765476040974329
0.4713915321500088
-6.602866873919264
-10.03212992998356
6.676860750833287
-2.808275384770145
4.299292895725683
1.283254931234427
7.223854552272141
-2.377567864294204
9.383919739018275
-1.013862434518138
-9.704852980024885
7.033967890954011
5.940599596184051
12.03191815748111
-13.13983916549925
4.719588935872916
-7.392056385437408
10.97079651126937
-6.265463588814386
8.196393955716328
6.091318585089075
7.107568284573268
8.546935345400737
7.339886416615323
5.652325317751859
11.03225174773037
6.684112130858535
-4.996705040465161
5.6612333218392
11.53684775890807
5.379926439032173
-11.53325059034099
-6.398674970729515
25.98118297977076
6.350973563042873
-9.982385461009367
5.747782774263439
-7.075285119449206
6.874375586780641
-1.659610236470804
-10.9850525269684
3.476805013702373
11.89010949311217
-5.468862509936095
5.668873532580296
-10.10528830174009
-0.6294028436801482
7.80925235825086
9.804480947167963
12.37217306978803
4.923270888760533
9.475885465931816
-2.748295090614202
6.218982485190005
-2.843276824189109
-8.090508103427815
-7.074258412382687
7.490776979631559
-9.062259320335691
-4.509644727389258
3.929010548138476
-2.774402552134912
6.507351892585961
-4.818831711915346
5.147504775617994
-8.533985847069971
-3.876066161709599
5.516190035690808
-9.510027285705828
-3.065697251534683
3.895821579192596
10.95482912411947
5.72494351957169
8.413304487340598
9.28175444071773
-30.79463036781258
-13.18002931662092
36.78911351846489
-11.84751292838775
0.8684499501162676
7.312779981163238
-6.221235955389015
2.508233760698202
10.63381196172607
-0.1005820164067079
9.720157563828771
1.122668150441799
-7.026305302566583
-6.791629323588176
4.657919709178727
-3.561766450020349
9.39225622009341
-8.219686190722729
-3.65676546665682
2.701208953928722
6.444330033455144
-1.359847118622195
-10.73439398723223
0.4033420339609919
9.132811727780158
6.712099736418007
-0.9136543858714065
11.13773603167235
-6.69104728872291
4.552614610227653
-7.671565999094107
-5.247231278998105
8.438655260155423
2.424334729927664
4.562920735442128
-4.804546218056512
4.652070184127399
8.790640771156761
8.729469704298554
-2.420711980763534
9.712765804545985
9.456616398728988
-14.00198612809825
-9.331349454923174
-1.673024785300337
-8.090847705771852
0.3475809154171189
7.156436385762506
9.183109610650108
-16.34974939052378
33.35177436211396
2.85060220443302
-13.17672809357114
-20.6628504685396
-7.625754110170011
12.13347778241266
1.590018198227085
10.02844682260637
-10.88155464417798
-4.313101078016415
-8.597489399783571
3.304633863434764
9.21577230151769
11.47917241295486
5.050237633848392
16.06406994050316
-2.349951848063735
11.90212324961466
-8.148973446213242
-0.1011431050401657
4.584897527548922
11.23177093240641
8.211699188579496
4.603076772028339
9.273713427006181
11.01383233814261
-7.400189520419372
4.670636664076611
5.911138426358555
-12.00326633095453
-8.288185755776347
0.5412754210646855
15.89771579231073
14.61506699090086
-3.000257416550078
7.680046040905744
1.740118926418061
7.658324678479137
-4.31840441199428
-3.983509353113368
-9.213394958292383
7.318204018491134
7.754565409688047
8.612217442248491
5.918205725122188
3.626801668559692
11.20613406658779
-3.020071751356372
9.426710521135231
10.81969502906044
8.829461174456208
5.287928345349344
-0.2561494074344978
11.97893706008731
-2.105030956908867
8.777411726140034
6.730497736807896
9.966336489187322
10.34753046339141
-10.92186260284674
-1.470973140936092
6.366859057666756
12.91455277105561
-9.293118412198661
2.162430687103984
-5.76428590557324
-1.207048920797827
9.450889455133909
1.628744197424383
10.65793836951902
5.87561444313269
7.837832197345724
1.962217750731119
10.15197813248126
6.568267641469109
-6.156921311133905
-11.22275912604389
-3.032998740732074
9.716649802631842
4.911741994532046
14.59806692763979
6.547693711699345
8.189760383671455
16.13450112192623
-10.75212208477535
9.58680741118066
1.267808847206046
24.41777889692696
3.528832513232971
1.550865129354376
-11.174323813633
-15.52246339310645
-8.690990580190707
-6.123298503238664
8.047830334377577
0.2346759566426456
2.567692111635712
6.357974431961594
9.033561133817642
4.138570587492531
-3.201525333196947
-5.248439323703856
8.705551273977406
8.871444488640311
12.44678228552992
7.579332400668477
8.438428622784341
8.83552869528447
-8.748433253489024
-5.239882179219481
-1.689425709170783
9.612287662445659
11.61736300625854
6.780048754316825
-19.3028037862653
-4.47183230118258
11.92849651012621
30.04692655182889
9.880526682716541
-9.616478852872188
12.74964853856831
-3.583710490391664
-19.63020942425866
4.74821320771815
-14.74879230749495
4.881417122978567
-12.72518895142567
-7.851446651465831
-5.824773428366602
8.129217165893207
6.222344920586447
-4.894990546314975
12.07296982108669
3.508551073721859
-4.418165522920738
7.05900754452539
-7.92671659454099
12.01993093283582
14.83097148532896
9.686324933500707
2.026673223648597
14.07379157068472
13.9539905953688
-23.05543657175121
-11.32123829538715
17.90795401493182
-6.312047688875024
20.81470901154727
-1.282648803113793
17.44436744570401
-8.217669749700486
1.417037141870854
11.7341982762012
-1.906872243939465
0.1658932138059588
16.74338888295773
-13.64107051931848
29.22919230994933
5.085945731974355
18.72701625027264
-6.357925589614003
-30.50117216338588
11.25667546157076
-24.14324657737354
17.61460105119201
2.906754996340278
18.9471174403791
-16.02733030118226
4.479854395153853
-4.83951462269946
-9.319369021554456
7.179081157645301
2.078779670525154
1.016249691285318
-4.348139607358993
-4.867449880470689
5.812853578504655
1.392984509513011
7.961438080905012
10.68030345723469
9.634706888515819
2.14858450300605
-7.486122380239171
6.568453568596057
-5.229885604863492
11.30171337161063
-20.33458577380056
-18.32951043009023
-4.28484621811512
18.75760043895147
7.719969395712415
32.58795825324071
2.005075344272898
16.04973955556288
1.294013423755164
-4.837314251311422
18.31265579935365
26.04947982609327
-23.79714883306267
-8.183770669652166
14.85867598805341
-7.219653163776266
17.25664564404432
-22.93949680066754
36.74299643289515
16.57749566901936
0.8576520322413769
23.14997005003473
30.64772840347432
16.40032881169761
7.736824028094827
23.04244665721284
-14.75572613149702
-40.0766129961899
-38.17153746548057
44.05682193824995
-14.43194442925627
11.83795202379329
13.83035781458922
29.26760562433653
21.88432044497807
-48.63662644575007
-29.86302348513327
1.905075537388629
24.4762988075529
27.12675670069961
2.650457893188142
19.48635078918184
37.46442329983277
-14.24739959166436
-22.91090437553591
1.957084481077825
15.29702043118875
25.51820132450103
-43.38693842616756
-43.18156770638738
47.51053063121365
-0.2361779504161762
-41.53366409978998
18.1184300414411
29.544420022515
-24.16021203674852
-31.54349721736909
35.35852296724612
-13.56542470683126
18.2026743203201
41.94226736792643
16.0403624449923
34.81396540673784
18.77360296190276
24.86798885763041
42.2446318117385
11.42598998099319
-20.16639985943195
15.43724780992635
25.23358588917572
23.56111684443997
-18.71962119021865
31.00277573325171
43.15076048437117
1.853274325574907
-20.39209023545477
-7.383285180116852
9.796338079070894
59.51873500349032
17.97807251070956
49.72239692474225
-1.672469044916333
6.583744400783164
12.14798475239179
44.06024726958515
32.85364086411199
31.76809902700124
23.73959304191543
-21.01226351837843
-32.21886992248892
28.64896335104263
26.26989645550562
-30.81864183846726
1.647903612648945
32.46654545310734
10.22118089301267
-47.74670858656226
-15.83444607565155
31.13643008997537
31.91226251584231
-19.49700552540112
-22.24536456134918
-11.20660640479176
46.97087616562661
49.66122686855913
2.690350702070216
