12.36255307543941
-5.266391964570449
2.264134413744483
-4.000796809070871
-1.310585144840909
11.572493820845
-10.12657563998247
0.691884242109107
50.64668256165634
37.38080466466538
46.39514903718535
-11.87514758227748
-14.37647999653209
13.13931336007579
-2.38091317394341
24.33520602509087
21.01694183957794
25.33595018153139
-30.09509754582737
-7.033806884994389
-11.68827855050448
-1.941227847228722
10.41014710409912
7.66363527619028
10.08759757323113
-10.19699781335157
-8.363866503395498
-1.805135036890079
9.841569004338034
15.6582675212773
3.109050760593746
-6.501600359136864
8.787923880154949
11.2346819962617
-10.55222159221937
-11.11783984186038
-3.036158588693914
-2.307639502542687
7.997746836567844
10.44800100170204
10.28606977907669
-6.870343657608661
2.626560540390435
-4.423585525016033
7.743470779976187
-10.30572789044066
-16.70238993995754
-4.837723040217118
8.599174800381755
3.0531313837542
9.213924755150373
15.39899749743513
7.397406187674032
-3.318264185552101
5.788346367569052
-8.001591332208449
-9.610651129866076
5.678873129696753
5.357267939016521
-10.71567038021952
-6.396662045192903
13.35885927082572
-1.133849080121196
10.73081781898257
11.40230929499236
2.660797236644174
-19.63141169652695
-25.6205200499552
4.319008342019885
11.86466689938757
-24.48667097074888
-32.36975706694252
-7.659509240151129
2.371723645909218
10.39585995072145
-2.542598978548519
8.001487125094895
13.43689784163725
0.6714914764429837
7.197515870382405
-7.384333162695803
-7.705938360762818
2.112571067260686
-1.545144990440087
12.14380394378473
7.194917568097138
-0.3216051902811311
9.496904229321405
-0.5656182486967725
-6.239381972292824
8.244582089987819
0.6147499583356972
-7.256637885982204
0.8876113012788263
-8.330367518414615
3.248099720546024
8.467248060583787
6.489194907847033
6.160793370814649
12.19978811732171
7.036443475869088
6.526024394544014
-8.741512057779495
-1.473905149382399
-5.16334464194771
-5.673763723186979
8.081681256034919
0.9591987955198878
13.24502589651677
-9.275231764276732
7.893829635966985
-8.510348623859397
35.72641268453291
20.90430100496866
16.96933027852296
-22.16733115141906
-44.95035989092488
-24.45844135853246
-3.290671725781244
-1.184331737659016
-8.641867989353916
7.743233707140339
9.320405861984757
-10.23443055828262
6.934630839320285
-8.289100251634361
-1.45413090038281
5.434385457812891
-5.351196261108202
11.03390542844824
14.8306227733022
5.612643952037191
-9.159924413753018
-2.271408056955487
-5.43421805221392
4.982975655125665
-11.01768099147972
-10.22014376160553
0.7648831405732212
1.945330304798461
4.514957225840135
0.7975372286480087
11.78256413281166
-24.30029241994505
-17.7772517050047
44.39784569566225
35.10253673594838
43.76386129610265
-38.80891677526156
5.328127099377675
26.83810144127354
10.65326870964356
22.65308397141874
-29.75074925036074
-5.288239184989393
-7.457536254159177
-1.073729630215624
-8.957781636682416
10.50473760340561
7.267606907418029
-22.29220893176904
-1.500245381487523
-9.217978821909947
-9.847647114410972
-2.986083986625599
5.60158361235335
6.389746233569962
12.35672843990947
-7.884052007890009
4.60353518036028
11.43850452622728
5.404113026857202
-7.750851456517123
-9.850608595543759
12.16547406381179
-25.09782964720424
-2.288669713328031
6.834969349401314
-14.45414377721593
-6.034391498880649
6.888516357496754
3.725706360356898
-10.25142660267239
0.5572112241867112
10.73210951164926
9.255400547906538
12.2362647307607
9.760097857753605
1.663351245213092
-13.15496448071928
-6.810798269504383
-20.20814794277996
10.41719370608435
5.096283861834362
-8.096746611308404
-5.320909842152663
6.861563129827715
0.1889764663952478
7.228323301062129
11.41047724690722
-6.845538660745403
-9.812913081564368
0.361985209688664
-8.460879399359664
-4.278725443381804
-3.317753275082647
4.903626121757964
6.058076956371782
12.34769922590864
7.039346840986966
12.18247297034287
-13.19303047191062
-7.034515132202912
4.182153953907816
5.143126126393024
32.09523820820036
36.93775610608607
-41.98185831338439
27.19353812641629
0.1947622471577579
10.80863782735526
3.32836489244592
-12.85646783374321
-11.0484920300642
9.182351564508386
8.949474748010534
-1.080246272884246
9.375830223370075
6.158515337094355
-4.289132028419146
-8.474149512416552
-2.967374425881504
-10.44764736310611
-7.480272935405311
10.17489828782404
-21.04914818051905
-2.099757137714593
-22.47487441445845
-7.053183462738389
-3.859768888254089
18.94939104375858
-18.68188056561208
-29.85303675338259
-1.425726234640703
-16.18483272618889
-4.185017476926116
-13.39734967097502
-27.94132315830888
10.03123287930859
-8.982443512014461
-2.923326708991078
-7.872213085724303
8.551698027729687
3.773196985096785
8.551118601944626
-22.02595647116712
-19.18591621881161
-2.699023162274894
-10.74865705985854
-21.58028904142513
-7.629832133004787
1.110230425777082
12.75564050063323
1.435769025015067
-7.997317494401831
0.8517302360487151
6.597687096069921
-6.221577712953713
-1.476708959277635
9.968245750025124
2.980864190107876
11.44495470483756
8.464090471590577
9.747050703275237
6.523040716357468
22.80915993296554
-14.82211167858455
-18.757082407089
27.63817615598689
2.358053031322916
-0.6339843990858292
-39.06971859678863
-5.989108352985792
-25.2801231245252
-28.27216055567692
30.94437675769028
8.661324561767815
23.06129066124983
-22.28305220174448
-7.883086093802974
-11.17115618708925
-43.07163215569425
-4.901700083568334
28.4273105194936
-31.9004759692862
-41.42777163462626
-9.744217982759915
23.58479261527422
24.46251006835109
42.17662056054136
19.39359183774536
-13.2658778955683
33.32901060484583
15.42169095091887
0.8777174560560846
-14.54397349179018
-22.78302873039859
8.740062559595927
-9.156882595561106
-1.712809486365876
4.520671823838271
8.498477486524456
-2.714096321230687
-32.65946973402497
-23.64512535951233
20.49191852332029
9.014344373943368
44.13704387514341
7.444073101766107
-0.2328768152974606
6.442786285902415
4.636529891535484
12.16705628443989
8.024136307457301
-4.948886376210484
11.47502473463596
-10.09841866169453
0.4456674308814262
8.437259159056193
3.450888427153345
-2.39437282375309
7.530526385609813
-8.04963389756176
-4.644242587657331
1.833131309955694
10.5440861027988
-4.986370732026817
3.40539131017683
-7.606483164154871
0.7852788815437763
7.262652790123192
7.746196883111994
-2.299824882695976
-7.6070625935561
8.39176204230877
-0.0005794280053838481
6.477373897885281
0.4835440941806153
6.558731478226657
-10.10861791403941
10.31170516774509
-9.488746691774905
-5.009741802998494
2.167021521069904
-4.254333740148294
-8.139571947029136
-0.3799560424791107
5.488914851329381
-8.497377374690936
9.248664616465925
6.075187391266804
9.743248593135743
-10.04602176396292
-4.243043639779438
11.64670405104485
3.668061210406049
-9.830680889923489
-1.874577344534637
8.865516167655516
2.704732623635856
8.507710744658475
-7.38042671603319
1.577172152975579
7.956103549516565
2.450254170918044
-8.56726619002621
-2.188334787216672
8.551758732634246
10.93634437686719
4.384438659067409
-3.348117856597658
6.378931398409884
5.219148336221156
10.74009351734737
7.759615902558832
2.38458564127164
-0.3578054238521763
-5.654253013116648
2.286227092628081
8.796256205382674
5.988378427333809
-2.537890919146738
-7.499772398195401
-4.934548087172169
-10.30957834849868
-2.076229412266583
3.666819751978863
4.694072569884403
6.77243840110502
-5.375030261090979
9.628620657109231
8.233348936932016
-6.551905722287834
0.1155663323517365
-8.117782606131499
-1.476844279496679
5.743049164945147
3.897529780852555
1.546549238717277
8.214021298003617
-6.186007280690024
-8.164060436779192
-1.408915613142555
6.997952339810893
6.667472059127334
-7.732556516954483
6.640938328752804
-1.216068961383498
-1.978053156694187
6.755144824516674
-7.951430564121227
-5.211160003399765
11.15167188621917
2.167403174864041
5.600563196362288
-8.968653641151032
-3.001671432168695
-2.679031381769167
5.405196523936677
8.07093313264517
5.96698220669668
6.289622267864592
-7.857007292253948
-5.191270688919517
4.927563056710162
5.374374064337931
8.406867953784033
10.74996451570335
6.233481302350461
2.665736604964733
2.74027056297908
-4.516483217363757
10.11883374230784
-7.25675378308607
10.81172320273648
6.154138376900549
-3.278948131493748
3.97780565682569
-7.97864286691479
0.6198712222639944
8.598514134576037
3.759749764783174
5.802978122603134
-10.08515933565339
-5.307237713071899
4.777921620369881
7.940480107859387
-1.845519384048078
3.105618650055869
-3.940257724983323
4.133351130141195
11.2843989731855
-1.535715697919459
-10.85348501525631
5.641047717341499
-8.77511918358554
6.510029115022451
8.073608851318312
-4.834861456163619
-8.38769610610794
-6.824116378549556
0.3269314594561749
-0.253236254357229
5.639098119149883
12.32249836626435
1.563579732489262
-2.807877773977139
8.134459856889766
7.151047843659994
-2.50133241208739
-8.144683646674761
-5.643351251103493
11.99556686469866
-4.588582724697464
-11.93294486526613
-8.079141553719772
1.885287817661361
8.702975646808794
12.23127081752658
-1.943279867435708
8.999057764782222
-10.46954921494273
-6.893972983791029
-0.4829280393554433
8.208059423839062
10.94233763002449
-8.526269345313805
-0.790998343887051
5.892334386982308
11.54372977161137
6.547678232969388
3.575576230055096
-5.408692485338584
-4.961881477254448
-8.984268714793089
-5.551108690189426
6.411044943661188
4.640018862660899
0.4468110071851779
-5.573336050466618
-7.344362133318203
3.117651412007409
11.66313383941524
13.29155837180032
10.19112755048025
-4.657584827377431
5.330425255507159
-1.771026080836024
8.690987460458212
-4.860702295275177
3.853803311951105
9.988010084425984
-9.433086513013267
5.161918063717095
-1.34875307048213
1.214904412297961
-6.174845102941787
12.18346352996553
7.365752532465073
-4.826092027999909
8.714505603193173
3.31606570387802
-6.19265095824424
-7.55226897201926
7.211361002702706
2.793714027142458
-30.13073890935514
-5.216700020668442
37.02731986042384
-25.38260038562905
-6.987910595303249
-11.21257381722406
1.775739788125918
-7.307368596799422
8.529589771350896
1.456281803697181
-6.835886149711305
-0.617827040266039
6.87074912006129
-4.224663228266339
8.763650390106811
0.4714824539122274
-6.601946115626012
-10.02972102607821
6.675663109803413
-2.807712519199643
4.298380236655031
1.282960255055728
7.222008512945839
-2.37728288101429
9.380630512568295
-1.013557389921856
-9.698514986986723
7.030928350427592
5.939048236863512
12.0288254638097
-13.13570638950442
4.71815099897382
-7.389749519699356
10.96855912530829
-6.263708893516835
8.194556959813532
6.0897772471467
7.106092759335207
8.545482425060287
7.33867658293666
5.651395375114635
11.03079048619679
6.683400260289692
-4.996051548467622
5.660368880596645
11.53535567615462
5.379395118791502
-11.53135149900267
-6.39799822777344
25.98006303578914
6.350686386258153
-9.980679351668762
5.745956864913273
-7.073307957264066
6.871997504539276
-1.658840662019336
-10.9818598944184
3.476405955548031
11.88841037391932
-5.46806993692617
5.668042135151541
-10.10637842930342
-0.629209639404098
7.807034692775286
9.803791129608856
12.36918850741023
4.924118409469925
9.4771687965774
-2.746511837417823
6.218059116269046
-2.843076094804085
-8.089744079658312
-7.073428574769813
7.48857617663653
-9.061135220204143
-4.508084819444639
3.928159575152483
-2.774002162543812
6.506336386328718
-4.817711001327521
5.146718373232637
-8.530838186742109
-3.874492796993524
5.513789973371543
-9.508716661273711
-3.065269933420714
3.895295297526298
10.95343204438487
5.724233449066567
8.412004425174471
9.280338545330784
-30.79309354888312
-13.17927625485429
36.78884105948191
-11.84724370113202
0.8683341173131279
7.311780842481864
-6.220368234347754
2.507872677250261
10.63272382612591
-0.1000441728296236
9.719010436414676
1.122219393259347
-7.023374991440289
-6.788776577214064
4.656345409931903
-3.560416617186843
9.388282789710601
-8.216762053871562
-3.654608228727054
2.699550420224438
6.443446727228
-1.359618014432017
-10.73276800668467
0.4033440472052122
9.131584939742615
6.71118812796034
-0.9137133795891945
11.13611206285157
-6.688732388748201
4.55305041524345
-7.670630263728834
-5.246667984563385
8.436244381499325
2.423962287532168
4.562153834903767
-4.803908163171983
4.651497932965358
8.789503382472429
8.728240901499289
-2.420396802738013
9.711557570996401
9.455406093169433
-14.0004258040355
-9.330300935054108
-1.672832996903177
-8.089909822211348
0.3475020818935486
7.155523881897897
9.181890140094611
-16.34738617013732
33.35120695286669
2.850830114602551
-13.17545262873474
-20.66024277072459
-7.624901497217799
12.13195437119772
1.589808646758816
10.02722055361494
-10.88060957865199
-4.312856600587823
-8.596791031677613
3.304194142815529
9.214710138022202
11.47804353803748
5.049757885801585
16.06244466508724
-2.349702162140204
11.90098516301511
-8.145594378999832
-0.1011086254436112
4.584401127050403
11.23052107169917
8.210787404224039
4.602633655454187
9.272758509123307
11.01268680588247
-7.399460080488173
4.670124861325422
5.910515985272859
-12.00209376848833
-8.287176779037917
0.5411801046804835
15.8955289549017
14.61303628653185
-2.999864319543148
7.67910306568271
1.73992830965688
7.657467945713108
-4.317838215505613
-3.98302966808747
-9.212228263905427
7.317327809562679
7.753570265266968
8.611153077378367
5.917539613378151
3.62638628353594
11.20485207489007
-3.019733673837822
9.42559234353417
10.81845988200753
8.828356881666512
5.287312464763351
-0.2561514792499052
11.97737157798357
-2.104733815045579
8.776244018752362
6.729654241816889
9.964429375895824
10.34598299989185
-10.92029898206025
-1.470684371269851
6.366096479986044
12.91295906114778
-9.291874457785875
2.162160491415631
-5.763579292441182
-1.206805835487786
9.44961460502638
1.62842453003797
10.65642043508636
5.874986800713185
7.836780850210451
1.961794046500222
10.15022907277235
6.567547948249209
-6.155960549998741
-11.22122220018756
-3.03278717085094
9.715897451286546
4.911156904614071
14.59702959973236
6.546862579744638
8.188435027965154
16.13237910597313
-10.75079857042127
9.585516527015729
1.26767201569081
24.41532073139264
3.528295171012215
1.550672147355789
-11.17283634275354
-15.52022653701743
-8.68495762637972
-6.119560287152804
8.044485747856058
0.2345983952904465
2.565397368541479
6.354158658710582
9.032395498143197
4.138005449878817
-3.201127558560974
-5.247717336554883
8.704385704411635
8.870280922296141
12.44532602839459
7.578465793602407
8.437411905480717
8.834388058173305
-8.747342201730321
-5.239249390620288
-1.68920545513526
9.611152022624468
11.61604843440391
6.779221196853381
-19.3020207109278
-4.472216507154351
11.92815336226773
30.04613542895517
9.880235047823371
-9.61614801556272
12.74868461808471
-3.582681123997769
-19.62937665589557
4.748138531707522
-14.7482445144136
4.881132146742757
-12.72350849724224
-7.850361020156829
-5.82399476353052
8.128108274541457
6.221495163615356
-4.894390048342776
12.07140848018665
3.508092810808846
-4.4176469762905
7.058136746603524
-7.925739785346766
12.01847058680952
14.82980420399043
9.685872695449673
2.02636625713785
14.07185618259303
13.95210303901099
-23.05531621588855
-11.32173270535631
17.90647087241359
-6.312123022981863
20.81240854514013
-1.282492669830866
17.44316038143922
-8.216425887757389
1.416877633201297
11.7335835104471
-1.906613109747213
0.1658952171062709
16.74319319309266
-13.64019661951019
29.2282035774516
5.085456433827201
18.72565305249148
-6.357629702974546
-30.500376843077
11.25618759104889
-24.14274714314918
17.61381729402919
2.905937672502567
18.94584984855805
-16.02628274603755
4.479004914477713
-4.838764415189706
-9.317769332853032
7.176763369664824
2.078365831445743
1.016315505178941
-4.347390217847109
-4.866860231101565
5.812107155361984
1.392867539822937
7.960620522326584
10.67896738500837
9.633303518388487
2.148513367482623
-7.484790146447915
6.567752980129762
-5.229198595568231
11.30035747770507
-20.33387073215321
-18.32897432046932
-4.284566513024084
18.75657809815069
7.718524576763929
32.58662897763736
2.004896412251032
16.04930421900427
1.293825267822606
-4.836827236962194
18.31082147962276
26.0474988975277
-23.79657686531645
-8.183515102946391
14.85762950886047
-7.219278889293393
17.25501775463595
-22.93899405331462
36.74073065783987
16.57729797580758
0.8575828118423076
23.14764871599652
30.64748224706815
16.40036986980931
7.736677419264929
23.04114461131827
-14.75547895084491
-40.07708666460292
-38.17183790070643
44.05521453688414
-14.43211922877916
11.83753096811991
13.83005087978365
29.26649876831272
21.88310114911717
-48.63608475968375
-29.86224590317843
1.905248769554267
24.47429664371336
27.12453156836085
2.650234924682169
19.48571290353977
37.46398595887073
-14.24711237715004
-22.9108048279571
1.957299572007972
15.29664757411112
25.5176982415848
-43.38688116116324
-43.1815049398103
47.50932676881805
-0.2361686177067137
-41.53358109472987
18.11798206648703
29.5437599509309
-24.15988962580898
-31.54328724624292
35.35870796476618
-13.56501419100379
18.20248048566333
41.94219916723836
16.03991217686179
34.81375103429674
18.77383885760063
24.86810440097852
42.24401988102795
11.4257778843634
-20.16590037294175
15.4364478887109
25.23267472615647
23.56039867059033
-18.71953906694111
31.00283168513586
43.15071255076527
1.853300065752322
-20.39181512296647
-7.383397619949593
9.796226837264268
59.51859759009024
17.97827305539705
49.72237075315128
-1.672276055748197
6.583491202597322
12.14788086670418
44.05955469581288
32.85314140820989
31.76749467653293
23.73971867675131
-21.01127028912046
-32.217683575565
28.6473941757815
26.26965019898257
-30.81824200321041
1.647923850197286
32.46616585510262
10.22105066717836
-47.74549539070976
-15.83382156692803
31.13463123228777
31.91167382796592
-19.49638305475383
-22.24511518899564
-11.20641328702369
46.96845279921551
49.65866446417391
2.690211664229928
