12.35041874305888
-5.262112377848196
2.26185914694605
-4.000396664105049
-1.310985289806718
11.56805487756925
-10.12142420612437
0.6915284266850992
50.64458612500785
37.37905543738818
46.39239462628115
-11.8667937076696
-14.36524390379689
13.121723650836
-2.377610914168435
24.33369158393002
21.0176534758716
25.33182341700957
-30.09299162830413
-7.033248212454541
-11.67676577544001
-1.940180657465916
10.39134073684168
7.652999505259896
10.07542274974663
-10.19031841575417
-8.359086019585042
-1.804347574278385
9.830013242237944
15.64598771160868
3.106014308752224
-6.497577349253308
8.781636476059843
11.22602205470064
-10.54174663122686
-11.10691808222188
-3.033034003947115
-2.305213263749998
7.989129653019821
10.4366947445847
10.27647732111479
-6.864351239019932
2.624052646453765
-4.4199656569085
7.736270108046641
-10.29907710521593
-16.69194640570384
-4.834270483489992
8.592675861071248
3.050997693119685
9.206850658075108
15.38709563656329
7.391001129686766
-3.316038108097458
5.783503976402281
-7.996094511613443
-9.603591660161259
5.67562216946343
5.353980286569779
-10.70703923926029
-6.392869299578928
13.35007479779193
-1.132728095205694
10.72494782729165
11.39637220667292
2.659235946161677
-19.62616030849486
-25.61532929595869
4.314169941157092
11.85767592234081
-24.48260120103497
-32.36507162954141
-7.652424675026855
2.368885443886005
10.3833472220969
-2.540207208834753
7.992623847897866
13.42694634437153
0.671424379493251
7.19229560537082
-7.377834452552717
-7.699476336417144
2.110569439955934
-1.543623371130759
12.13187955651875
7.187863114729854
-0.3216418825025679
9.488403891967121
-0.565171451235861
-6.234650738810562
8.236533368293058
0.6141747975181403
-7.248876295295277
0.8865281335091664
-8.321595517771064
3.244642244589608
8.458469532211698
6.482514327979812
6.155852965150228
12.19035051242044
7.031633331512659
6.520871226239596
-8.737136260637479
-1.472987513249488
-5.158717180902484
-5.669479286877854
8.073884078274405
0.9585403131916372
13.2326012583792
-9.269001692305803
7.886555697911264
-8.504620844560604
35.72550314996915
20.90338221274658
16.97106871843635
-22.16593981954316
-44.94737236199283
-24.45660396889305
-3.287212608390084
-1.183149384162175
-8.633258168559383
7.734951050176949
9.310369154587102
-10.22754200528915
6.92801538430811
-8.283377975970851
-1.452752247884894
5.42930226645857
-5.346045559952181
11.02216365752938
14.81509305540918
5.606969403756435
-9.151187789985118
-2.269133276422984
-5.428947137267701
4.977783447719164
-11.01255367736164
-10.2153715573608
0.7643808470999156
1.944164029006718
4.512785777137313
0.7971821197831005
11.77693452446735
-24.29730175978317
-17.77261047619261
44.39765354520118
35.10277099320348
43.76359887094567
-38.80853040260349
5.327355424424401
26.83307906606915
10.6511784498276
22.64879541196682
-29.74842202435446
-5.287170902567705
-7.450108784614033
-1.072719222097513
-8.948821902345713
10.49351853973396
7.264148747380998
-22.28539625378956
-1.498713117763723
-9.208123651658175
-9.837309606873085
-2.982910440616312
5.595986196106872
6.383403530576871
12.34487740892804
-7.876102680100169
4.600830788355569
11.4314565148829
5.401786865519668
-7.74925832374502
-9.846237955001362
12.15953558559912
-25.0944838786838
-2.287533156856957
6.830625727774067
-14.44706874303276
-6.029669649603868
6.882054513952957
3.722240652231489
-10.24472594307313
0.5564319995745232
10.72214202442236
9.246934321400389
12.22506816033382
9.751910301464692
1.66237714403885
-13.15104518857758
-6.807998263329637
-20.20225946316352
10.4067305844701
5.091283741282699
-8.08953315700915
-5.315446842843571
6.854399166993693
0.18876612749559
7.220876018522238
11.39861424261345
-6.839167110446962
-9.804028077229415
0.3616819488321722
-8.45159878431217
-4.273860559018908
-3.313862667582136
4.899341694504036
6.052451306951455
12.33717740408626
7.032109892355902
12.1698460099163
-13.18081689787489
-7.027933239216364
4.177738225089822
5.137736117294182
32.09362449286775
36.93598428611174
-41.97957699353159
27.19220173904539
0.1947814848240959
10.80115794278582
3.327043504543711
-12.85485711053595
-11.0369322923693
9.173202253988171
8.940269047908389
-1.078863074537213
9.366313972316675
6.152883658402573
-4.286091749313087
-8.470375406537459
-2.964860968056587
-10.43897540688169
-7.474114438379834
10.16571002496723
-21.04502553074905
-2.096979631580209
-22.47056126602762
-7.051214274577905
-3.858904821374615
18.94804589961014
-18.6810257573312
-29.85150477957318
-1.425535735492043
-16.18190061507931
-4.184283655663378
-13.39426119900313
-27.93596631493837
10.02131011745031
-8.972929157655008
-2.919784801674506
-7.863801243350744
8.541678875467092
3.768978847710329
8.541335877477801
-22.00818280606993
-19.17318797468888
-2.703386140419815
-10.74547482212376
-21.56391134811875
-7.62235857139308
1.10912791420004
12.74190800715172
1.433750275302262
-7.988606666993029
0.8509676082007641
6.589197790467889
-6.21394839162255
-1.475207702030451
9.958069216419632
2.978133840466339
11.43327691745844
8.45514306787914
9.73658511797356
6.52469128450069
22.8069507214256
-14.82212093688749
-18.7544344320525
27.63650028126225
2.357374564394589
-0.6340546741689018
-39.07029812090646
-5.989168987399804
-25.27912571707245
-28.27055495548846
30.9422138445268
8.66082787803232
23.05974341592713
-22.28138596777934
-7.88247042803412
-11.17047902224213
-43.06932203208864
-4.901422754157501
28.42596904407969
-31.89884300984655
-41.42767268673025
-9.743782547719976
23.58360924930739
24.46125112244341
42.174358478355
19.39292593943033
-13.26553068733406
33.32739179857227
15.41934699135576
0.8776418737921005
-14.5417051169165
-22.78143254052423
8.731486485972145
-9.148927622496128
-1.711091910766101
4.516368320005472
8.491327674683131
-2.711698531375691
-32.65845662691211
-23.64511743762089
20.49076839116846
9.013339189179041
44.13588582715759
7.43783570984376
-0.2329332062157555
6.437229094298146
4.632264232954756
12.15623576072136
8.014461779054926
-4.944016441732688
11.4614636765573
-10.08855959611241
0.4442714582348178
8.427713152584465
3.447001897478223
-2.390723373713051
7.52397152628056
-8.042088681691949
-4.640255287456067
1.83123239616877
10.53283105647704
-4.980711255272435
3.40183339426894
-7.59781424797861
0.7847304024031028
7.256218088272529
7.739697287637352
-2.296764998440702
-7.59815724673946
8.382544649507155
-0.0003429983866094031
6.471487683657651
0.4834791996371355
6.554738447916102
-10.10172686062456
10.29833114093105
-9.480267991539687
-5.004793582909157
2.16232672364071
-4.250775199706086
-8.131759793909232
-0.3793777282908842
5.483523573533081
-8.489555843945224
9.240755513552871
6.071259249693804
9.734298773552156
-10.03646228555808
-4.238780645751082
11.63436081856183
3.663039525485342
-9.819872801486778
-1.872429695363848
8.856919262652776
2.70144157412071
8.499123213243152
-7.372307707590688
1.57541810438514
7.947443106698792
2.447565093315263
-8.558381264286608
-2.186356261089646
8.542992698625618
10.925666983623
4.380407835615858
-3.344553977738544
6.372025002338768
5.213827287319807
10.72934895892464
7.752382064969115
2.382674284402267
-0.3577960491571726
-5.648457965893827
2.284302173826819
8.787314301082981
5.981985922866507
-2.535554450746682
-7.4920545396599
-4.930299348989733
-10.30000713043318
-2.073966716275371
3.663584248308181
4.689833893593625
6.766490351392256
-5.369707781221578
9.620133241928867
8.226040414969216
-6.54525914935763
0.1157861624693
-8.110254253211279
-1.475197285756207
5.73755096539483
3.893954392257659
1.544758255337773
8.205803568609356
-6.180203559633924
-8.156158765063083
-1.407267553462399
6.991476246495051
6.661045313177098
-7.72496181391984
6.635056968734141
-1.214327323949531
-1.975955205267585
6.748891211674591
-7.943512414485612
-5.205181503796174
11.13936974376304
2.165176970337347
5.594281754500201
-8.960833528447512
-2.99935964882542
-2.676107434609809
5.399384151715202
8.062889515833845
5.961473879421081
6.284726096540788
-7.84938429396241
-5.185878930967857
4.922810456872123
5.369151679209423
8.398743800161977
10.73899695075893
6.227460229024465
2.66350536369603
2.738330910468634
-4.511536722938303
10.10868938633175
-7.249867632794121
10.79946325841671
6.14744866084374
-3.274908280394709
3.974959353211764
-7.971321298881305
0.6214588690843592
8.592780177982949
3.757231939559075
5.797681639464849
-10.07374928044624
-5.301392248595618
4.772357031553963
7.932760140164994
-1.843596573626117
3.102906104038174
-3.936697218324471
4.128484063483356
11.27248949877851
-1.532185054064828
-10.84320771459108
5.634935272177891
-8.766551255356477
6.503012128103285
8.065181280925277
-4.829854036231781
-8.379295182095504
-6.817126031021233
0.3268794036549285
-0.2527958218978881
5.635583118067091
12.31451241094535
1.562169151939073
-2.805328377229869
8.126499361521596
7.144005435653634
-2.498450195527221
-8.136004417289861
-5.637554225584665
11.98763299845968
-4.584171970637333
-11.92197538011108
-8.072254773079205
1.883480115943338
8.696499858288171
12.22232359832863
-1.941016881064212
8.990810858837881
-10.45855725601033
-6.887205791363533
-0.4826869795146542
8.200380845135282
10.93182773889364
-8.517540373937765
-0.7904300130981968
5.88837894261935
11.53483526379646
6.542347661657899
3.571351465503633
-5.40284131066846
-4.956500088462986
-8.974192775405571
-5.545087988758152
6.404518812070211
4.634563981694105
0.446341222181172
-5.567848577987719
-7.33780340887361
3.115219246893833
11.65367989134405
13.28067182915247
10.17965196932609
-4.652014597431912
5.323971558646344
-1.769954830609625
8.683067824605041
-4.85568041027908
3.84972060720376
9.975986155936988
-9.422356941546974
5.155447513463536
-1.346794506196698
1.212597866901749
-6.167333150776047
12.17132755871501
7.358606508426779
-4.820538644073959
8.705401015736021
3.314102471256089
-6.188646166279986
-7.547111456905038
7.206909527533627
2.791732024651436
-30.12418825982186
-5.215516511225342
37.02218623084035
-25.37650441145974
-6.981288481315116
-11.2030262086525
1.774658275379905
-7.302056372266359
8.518806388501609
1.453890386191784
-6.830077248793014
-0.6159182441556981
6.863222916641895
-4.221737729144524
8.755946756704317
0.4719791246326072
-6.59756679532817
-10.01913212399613
6.670162302688611
-2.80519708906192
4.294333240526314
1.281442055084849
7.213935036734883
-2.37582906437673
9.366374349919823
-1.012300654325331
-9.671267563323097
7.018152921750084
5.932492977125475
12.01560341669361
-13.11816120215599
4.711971668664188
-7.379931018182953
10.95872969350207
-6.256301776330258
8.186526812465285
6.083110444296296
7.099530330503304
8.538460644379736
7.332777675507323
5.646456319565655
11.02191236119093
6.678929295667685
-4.992487603358992
5.656136623059378
11.52610404559885
5.375456043535948
-11.52193905420916
-6.384853487888625
25.96567556130063
6.346254431064791
-9.970538678219674
5.738230183120228
-7.064916000556106
6.861859427578408
-1.655583473991092
-10.96827344529493
3.474555142142017
11.88041781438943
-5.464690810492804
5.664183929565096
-10.11165649152199
-0.6285002822662983
7.797031693432638
9.800522132006439
12.35585912562892
4.928146591646841
9.483156210745896
-2.738341233573169
6.214159005796262
-2.841901215204631
-8.085965804601022
-7.069545920590817
7.479141164266633
-9.056060222304694
-4.501050598884527
3.924481391069746
-2.77220288005766
6.501479128084386
-4.812721052347684
5.143013837416746
-8.517442905879536
-3.86772676609996
5.503582638541782
-9.502748636471997
-3.063337781332081
3.892807055362943
10.94685357201852
5.720921172837119
8.405862674193116
9.273682006593148
-30.77796689401634
-13.17244860702277
36.78038546377939
-11.84353104905324
0.8678193313653817
7.307230185737041
-6.216233883515026
2.506147101475849
10.62767173131247
-0.09785195565758815
9.713686473840902
1.120336061910733
-7.011079948163622
-6.776716538401624
4.649716144089306
-3.554659776575456
9.371309409374653
-8.204375926515304
-3.645548492322772
2.692444834777708
6.439410854914848
-1.358465290628908
-10.72552368883224
0.4033510465173142
9.125732026260803
6.706774415593186
-0.9139852555145547
11.12887473778095
-6.678864579405924
4.555009625799386
-7.66648782944356
-5.244064589020453
8.425531986605849
2.422423242495666
4.558827436734959
-4.801083083717725
4.648825046666081
8.784258953879146
8.72238098217491
-2.418957608325758
9.706029665551624
9.449908129524179
-13.99304126073131
-9.325311605289924
-1.671858393901744
-8.085522216408338
0.3472025497283704
7.151637909172003
9.176619848330942
-16.33191570517549
33.34140984261042
2.851333983718474
-13.16675748371659
-20.64343793782777
-7.620759668461056
12.12498727290339
1.588809640577274
10.02153440754693
-10.87652645086507
-4.311522232652747
-8.59335040957683
3.302050259618604
9.209569307078068
11.4727988111453
5.047474774611107
16.05489413551188
-2.348221428169266
11.89540066684175
-8.131416009045221
-0.1009624304461909
4.582095324367192
11.22474566054207
8.20656945995222
4.600666876859837
9.268396529417943
11.0074193664326
-7.395696209646518
4.667729653999899
5.90751904524576
-11.99636309337211
-8.282710572439393
0.5407857318511552
15.88496047464275
14.60330703405629
-2.998185166181696
7.67472261255315
1.739022839643955
7.653453213383913
-4.315003155768038
-3.980731901665658
-9.206664300782638
7.312530975811022
7.748640748601785
8.605627094292437
5.91443036941714
3.624474136921021
11.19895577674352
-3.018176201926201
9.420501790611246
10.81295263279033
8.823496303668339
5.284525407851274
-0.2561215366019096
11.97027583436924
-2.103452864382038
8.770973515080078
6.725964433634291
9.955734889725456
10.3388434823675
-10.91268852843758
-1.469747266652121
6.361881775744004
12.90520721467295
-9.285696592096029
2.161092548649683
-5.759872853444123
-1.205682968082503
9.442941260388297
1.626991937738339
10.64862422729108
5.869967423778257
7.831629042262391
1.961661617575384
10.14278907457613
6.557103884066959
-6.150648000632772
-11.20661037074372
-3.02548291281991
9.705625007844015
4.90235519380816
14.58291270842762
6.543325438684702
8.18112745771074
16.10896556495335
-10.7441146661327
9.565640126338693
1.267011872650501
24.38537763022052
3.525823740267789
1.551400376007647
-11.15635150691548
-15.49933456560594
-8.658966915146927
-6.103629929537814
8.030453577569588
0.2343634055584063
2.555336991757907
6.337993329642768
9.027095051380689
4.135433907198836
-3.199302318963245
-5.244311400968949
8.698519524212424
8.864341585188582
12.438677994877
7.574481640383866
8.432724766553363
8.829417298225872
-8.742030855151032
-5.23624295737521
-1.687984337276353
9.605278540730351
11.60878624282761
6.774883581937261
-19.29310786088608
-4.473370357348735
11.92468655227283
30.03825484395528
9.877266940221327
-9.612550346187152
12.73110791980887
-3.585685190393316
-19.61942113157927
4.747683850089133
-14.74213343244666
4.877287700285705
-12.70775188443331
-7.845136987052339
-5.820155048523988
8.122675876031508
6.217384315801751
-4.891661144640199
12.06364390382569
3.505787898535544
-4.415177503693327
7.054046517028484
-7.920965401976047
12.01112653880487
14.81973750362854
9.68055751468532
2.024981938876826
14.06252130248566
13.94283092476269
-23.0469764127793
-11.31944496951998
17.8974271102909
-6.310144897791009
20.79819169400453
-1.281653441002067
17.43327770013741
-8.210237861673381
1.415186231795857
11.72753144350932
-1.905291559861625
0.1658220605366136
16.73683151562487
-13.63282300328072
29.2168720797134
5.082108138172006
18.71493114135635
-6.355311918911101
-30.49007585986328
11.2502063680834
-24.13476394160914
17.60551828699386
2.900764583709682
18.93443584513781
-16.01809146807944
4.475474414479671
-4.835548248440773
-9.311022663773114
7.167120316396458
2.07665645851666
1.016419884385751
-4.342983063736034
-4.8641963538163
5.808711424944565
1.392450842503287
7.957455061750277
10.67290777853407
9.625424092987034
2.14874363694659
-7.476680455075893
6.565004218689566
-5.225932399149286
11.29326287774188
-20.32593285080933
-18.32242514877771
-4.28352342042316
18.74536499971698
7.696281062988904
32.56083549708637
2.003507702618474
16.0424094302515
1.293096118527667
-4.833902660482989
18.28446309770659
26.01870621207782
-23.78573232486409
-8.179432668224099
14.8494557525182
-7.214722870160535
17.24530240131545
-22.92874597904326
36.72356521054155
16.57100945470979
0.8569863456365971
23.11836575778203
30.64199515718893
16.39805691000183
7.734243115751822
23.02888842027161
-14.74931331127473
-40.07330064440882
-38.16744587697395
44.04541897887224
-14.43123656805166
11.83517062587155
13.81547049765339
29.24996926434575
21.87410945816724
-48.62391651264367
-29.85338480975367
1.90585476869472
24.46002527148199
27.10833659186937
2.648311320392906
19.47826280958247
37.45251428478603
-14.24393824709368
-22.90775204158001
1.956802391636044
15.29335962812734
25.51305914477023
-43.38351485420281
-43.1783468102995
47.50064988439822
-0.2360688295038874
-41.53030009191743
18.11356829174539
29.53729787492468
-24.15888542640025
-31.5347452337144
35.35293668329996
-13.56049375851119
18.19874582087926
41.93495513198256
16.03367126160249
34.80420296456543
18.77053170316484
24.86455443421537
42.23770274205867
11.42372958309978
-20.16098790196091
15.43449876688628
25.22778094459763
23.55625675413357
-18.71758141128366
31.00095852060982
43.147446026365
1.853214762128153
-20.38910560203022
-7.375859806913488
9.79328217751784
59.5118221092991
17.9742514753014
49.71853993211732
-1.671524190652717
6.582018448903315
12.14648750597964
44.05319225402831
32.84842564479928
31.75923957932507
23.736209310013
-21.00548174555288
-32.21024835450258
28.63872777711536
26.26640719440279
-30.81397316044056
1.648046719474901
32.46201988033474
10.21969951636609
-47.73671871487007
-15.83001396803474
31.12478418003122
31.90670474780257
-19.48981728447235
-22.24232036425179
-11.2047666090894
46.95479814806556
49.64420952251638
2.689411374298299
