12.36512824868304
-5.267364021944902
2.264620388791907
-4.000867481303768
-1.310514472608017
11.57352777230633
-10.12773681411805
0.6919632842427597
50.64770468997783
37.38159723869253
46.39626758973838
-11.87627934122027
-14.37834371681759
13.14102381714546
-2.381469897305928
24.3358332693389
21.01703893537309
25.33721922082242
-30.09612673183959
-7.034089037408919
-11.69080474310206
-1.941412290036327
10.41453010980567
7.66620840085524
10.09054870497432
-10.19863371186328
-8.365042997115486
-1.805333840262101
9.844411425521566
15.66109200899752
3.109753433880908
-6.502568644837319
8.7893820645047
11.23668730413073
-10.55450232189187
-11.12022244054994
-3.036828422957923
-2.308165265282931
7.999579938678413
10.45042533450144
10.28817717724223
-6.871709964048552
2.627121685745317
-4.424404704867189
7.745058588512062
-10.30729702786398
-16.70485045101494
-4.838519921883814
8.600675028339904
3.053627339671747
9.2155549852126
15.40182438273976
7.398939352963487
-3.318794334004985
5.789502292005501
-8.002885056395069
-9.612322090734228
5.679628642639904
5.358039307511008
-10.71773369525945
-6.397553418023595
13.36092436350099
-1.134101334771969
10.73222919350587
11.40374790643117
2.661165839683966
-19.63286916836423
-25.62206486098373
4.320180285526668
11.86633052866526
-24.48796352727578
-32.37130825872802
-7.661055493220714
2.372310960410986
10.39853879692054
-2.543118564331914
8.003373192532125
13.43919495155063
0.6715187134343031
7.198721906916269
-7.385820314448428
-7.707409658471565
2.113011373177546
-1.545482014334606
12.14637781557971
7.196441175170711
-0.3215893347239635
9.4988316869697
-0.5657201174353841
-6.240473045960863
8.246337056801872
0.6148799611593162
-7.258284388494902
0.887818213746431
-8.332244570825235
3.24884540026363
8.469185020915509
6.490661946702311
6.161927644776176
12.20195612198394
7.037571721875839
6.527203194143174
-8.742582066014718
-1.474124735834025
-5.164384400720336
-5.674752928183235
8.083394021135351
0.9593429023040184
13.24777842023181
-9.276698702941067
7.895442307548056
-8.511696456037088
35.72681936374174
20.90474886544091
16.96912064282611
-22.16795247392386
-44.95163610237943
-24.45920247885522
-3.291415690571015
-1.18459112504224
-8.643751807058434
7.744992680151663
9.322538655478599
-10.23604160342319
6.936099403948054
-8.290434845587521
-1.454446722800952
5.435512259797248
-5.352336113494379
11.03640836544048
14.83396073070917
5.6138979442842
-9.16184869066567
-2.271889709612138
-5.435402850176444
4.984085321194768
-11.01894631418876
-10.22130210870777
0.7650022472487894
1.945606755623116
4.515491233940979
0.7976442040170946
11.78394856237375
-24.30164185096081
-17.77854377154511
44.3984785503057
35.10292512663069
43.76450394437504
-38.80947662343355
5.328383336252401
26.83960753775862
10.6538969605979
22.65437748257905
-29.75170425251678
-5.288589867579146
-7.459160685009054
-1.073960179680658
-8.959747830441422
10.50712978493618
7.268457328972496
-22.29403500651988
-1.500587144145895
-9.220062787221108
-9.849875405053924
-2.986745997119497
5.602843739719113
6.391157240757898
12.35947547755045
-7.885787652553326
4.604172715925248
11.4401608324253
5.404696729058614
-7.751287863005068
-9.851698637206294
12.16690886130885
-25.09928605346968
-2.28896249356216
6.835988120573581
-14.45587135482905
-6.035464102704728
6.889958981825985
3.726445839142406
-10.25285964909013
0.5574601270155427
10.73438478334291
9.257319888390642
12.23880310715539
9.761909940100617
1.66355854582604
-13.15598458894486
-6.8115278665573
-20.20977750580815
10.4194881699413
5.097353584679006
-8.09835139284978
-5.322134582751492
6.863129410283303
0.1890520451996247
7.230013140142002
11.41313561798788
-6.846934276319975
-9.814904633183316
0.3620200275420589
-8.46282104068362
-4.279698550597727
-3.318518158212838
4.904719208499053
6.059385092790884
12.35031603060372
7.040961102439799
12.18526399099204
-13.19570497610398
-7.035986327474708
4.183122487574579
5.14430288495295
32.09601697921973
36.93863663473311
-41.98291734634569
27.19419064330883
0.1947555218948834
10.81031977668628
3.328715161731221
-12.85699540897992
-11.05111558193688
9.184417758205482
8.9515997466701
-1.080563355864243
9.377903241535035
6.159718645459921
-4.289856337815874
-8.47508640973604
-2.967970362818712
-10.44957498049753
-7.481604615535524
10.17692465674595
-21.05051636783629
-2.100410772503587
-22.47627552199675
-7.05379291770267
-3.860217961395402
18.95010559640769
-18.68228845726819
-29.85372833042051
-1.425759154976862
-16.18571057071088
-4.185230063549882
-13.39824963660387
-27.94296735241157
10.03336644563417
-8.984486916145192
-2.924084181110889
-7.874020822836813
8.553913653252833
3.774103675525029
8.553284778216796
-22.03016227386709
-19.1890127905034
-2.698162639673371
-10.74954750486325
-21.5841783913494
-7.631457097169182
1.110466092699776
12.75859059560126
1.436250514633641
-7.99942055834244
0.8519101815050116
6.599712085786544
-6.223396996829545
-1.477064889667792
9.970552217563203
2.981483227366502
11.44761710194643
8.466133823424181
9.7493924530652
6.523098080952344
22.81032355887674
-14.8220704971691
-18.75769872212674
27.63902470097021
2.3582278964605
-0.6339746053657217
-39.0700952146459
-5.989195692087817
-25.28079680428982
-28.2729993070692
30.94538242666296
8.661578819669687
23.06203769492756
-22.28380361388449
-7.883344728609583
-11.17143987231043
-43.07270133855523
-4.901826338036714
28.42796917637282
-31.90126146708666
-41.42832311882113
-9.744445995088734
23.58534951339297
24.46311438846513
42.17767286823976
19.39398925960189
-13.2661074495946
33.32979551653504
15.42248260332617
0.877764878599074
-14.54471772108272
-22.78368361765553
8.741923190786565
-9.158699642494396
-1.713102814662509
4.521632723786849
8.500142982249406
-2.714639591048646
-32.66009671004078
-23.64542635662654
20.49243361276916
9.014670352737333
44.13785996027864
7.445596819093426
-0.2328180100153948
6.44406006499592
4.637478840917126
12.16946326898063
8.026227839579068
-4.949936641067539
11.47799783192529
-10.10050785989074
0.4459838838591582
8.439465285763001
3.451769992320568
-2.395165602187534
7.531984419400302
-8.051384865165653
-4.645162315192253
1.833590714747366
10.54649175588008
-4.98769529355653
3.406222550302096
-7.608494898034269
0.7854229499440264
7.26417599290361
7.74774157818646
-2.300555669147894
-7.609123777355818
8.393917843996435
-0.0006288776859919449
6.478753030268189
0.4835655866911026
6.559709170724125
-10.11026110724985
10.31492937389424
-9.49079726938939
-5.010965601644319
2.168129773946657
-4.255220801646119
-8.141469990381493
-0.380092464781165
5.490222654176506
-8.499284753154662
9.250614272690408
6.07614359260731
9.74544345781054
-10.04829724517086
-4.244063957632637
11.64974527742948
3.669299875381457
-9.833094140288487
-1.875074207026274
8.867548531543228
2.705500490618208
8.509733774401791
-7.382248734197078
1.577545973023824
7.958019938225899
2.450845402556258
-8.569280538893684
-2.188806566154989
8.553816181473772
10.93885549108739
4.385404604173123
-3.348940926152866
6.38047396750526
5.220339616007752
10.7426227447258
7.761377523283166
2.385039306099713
-0.3578147582641297
-5.6556351940233
2.286674001481206
8.79841410952735
5.989912446380394
-2.53843546973832
-7.501596133776292
-4.935603443180615
-10.31194166018346
-2.076769593296021
3.667617959673503
4.695103291751071
6.773879765525684
-5.376338216778123
9.630706735167609
8.23517206754458
-6.553450892133688
0.1155067209075616
-8.119665348373566
-1.477264405941781
5.744387553626433
3.898426614909169
1.546956998080988
8.215914616508767
-6.187388536481182
-8.165911614552618
-1.409279881274723
6.999455449782864
6.668957618260374
-7.734345531783702
6.642400944734547
-1.21645917022637
-1.978523078858731
6.75663173434637
-7.953407309300573
-5.212616640586622
11.15463919052675
2.167968543962467
5.602078889051131
-8.970601635735258
-3.002283395980581
-2.679670709686972
5.406451938825492
8.072693691713278
5.968318236981184
6.290930935887797
-7.858860117263327
-5.192618370727781
4.928757490079277
5.375691025482213
8.408735332032276
10.7523644029106
6.234735529158662
2.666241748369531
2.740790671533948
-4.517628878422898
10.12137585703541
-7.258419553475464
10.81469553326031
6.155761751481891
-3.279909308170654
3.978510251567914
-7.980445433164649
0.6194638378599165
8.599909324780446
3.760391618200395
5.804233285660965
-10.08774922015406
-5.308568110869645
4.779181106622881
7.942309198025715
-1.845960938529112
3.106261806758103
-3.941099835845602
4.134551579999822
11.28725647743537
-1.536574258236129
-10.85592370193862
5.642521225399912
-8.777147227909184
6.511740110655491
8.075651411341271
-4.836047389228668
-8.389648460361988
-6.825737170073936
0.3269677212850877
-0.253372155651244
5.639720923162065
12.32384164071203
1.563911296181226
-2.808501658341369
8.136276310741929
7.152704898120099
-2.502064373056569
-8.146799599947144
-5.644735246398882
11.99687386946953
-4.58953302168206
-11.93537823451426
-8.080663896503244
1.885683740971754
8.704385754090175
12.23322333409258
-1.943803420605889
9.000974549857867
-10.47215133765353
-6.895574883006884
-0.4829815995010542
8.209796369082236
10.94477796800247
-8.528347914586574
-0.7911781845496721
5.893093094832358
11.54542798780177
6.54871649060312
3.576576453078188
-5.410094197872395
-4.96316066191161
-8.986670650369224
-5.552560301983556
6.412593282482342
4.641301294947475
0.4469335348739943
-5.57455321434204
-7.34584520402254
3.118224753278818
11.66517100958954
13.29391877608186
10.19386159424774
-4.658933783687969
5.331968471403361
-1.771291987265087
8.692777965205179
-4.861893123290869
3.854714338465146
9.990902257000764
-9.435671065267345
5.163461562520066
-1.349203388662048
1.215435058138333
-6.176644097105553
12.1862447756444
7.367404068448399
-4.827440703082539
8.716607457168902
3.316486021574173
-6.19354723548274
-7.553397591987092
7.212311667181145
2.794142000464206
-30.13140531331499
-5.21681027178648
37.02778349283373
-25.38319693006427
-6.989475232224404
-11.21478258438663
1.776023569749545
-7.308656264602114
8.532149758763666
1.4568425580148
-6.837266550455868
-0.6182736232077586
6.872529675219528
-4.225307359586754
8.765498810210438
0.471389722305705
-6.60287989782051
-10.03216310856493
6.676878085136311
-2.808283278971644
4.299305563533439
1.28325865734289
7.22387983666693
-2.377572530809358
9.383957531581236
-1.013864092267348
-9.704941203832874
7.0340074669921
5.940621154412832
12.03196104634608
-13.13988107651042
4.719603122258129
-7.392079160604726
10.97080972652359
-6.265480219569837
8.19640714805386
6.09133991577928
7.1075888465915
8.546946253430271
7.339894682483619
5.652334881599373
11.03226884153276
6.684120733165925
-4.996711509044955
5.661243153226063
11.53686853226048
5.379933969007259
-11.53333022901927
-6.398693139250311
25.9812096056423
6.350988410566677
-9.982457758412206
5.747801910093739
-7.075307188342508
6.874400867059471
-1.659620096284635
-10.98508334411431
3.476804019641901
11.89011498748865
-5.46886571912487
5.668877258486427
-10.10527117300106
-0.6294046432370068
7.809276485879972
9.804476401451888
12.37220257326256
4.923258090265218
9.475866537653857
-2.748321720237838
6.218992935407225
-2.843279001284998
-8.090518548812074
-7.074269626455933
7.490803317747756
-9.062271947676273
-4.509663484480675
3.929017718401114
-2.774402575044548
6.507357285431577
-4.818840711453235
5.147506929772727
-8.534020987217147
-3.876083131084716
5.516217643689615
-9.510033256260476
-3.065698951915853
3.895825644219049
10.95484050090072
5.724948214648169
8.413310975794511
9.281759856466046
-30.79466370551403
-13.18004777049341
36.78909716639343
-11.8475157903161
0.8684488774043957
7.312783178618241
-6.221237723848494
2.508235849175394
10.63381123114861
-0.1005914663136983
9.7201603598548
1.122676369735319
-7.026338775989993
-6.791660926423131
4.657937880005301
-3.561785617916274
9.392300797517535
-8.219723529516729
-3.656797429574921
2.701231378516617
6.444334303627259
-1.359850357317863
-10.73440270658239
0.4033402496585801
9.132813800366185
6.712102021480536
-0.9136508592392667
11.13774296674291
-6.691069441608532
4.552608480518836
-7.671579830265563
-5.247239547287306
8.438681187475247
2.424340292831965
4.562926111342172
-4.804547327029085
4.652072335586892
8.790647166615395
8.729473561209815
-2.420711768263665
9.712768904521926
9.456619659153738
-14.00198562630101
-9.331348723528443
-1.673023520069074
-8.09084864942109
0.3475809522887386
7.156442565608431
9.183118885397363
-16.34976204906149
33.35178036794132
2.850599671444474
-13.17673140321559
-20.66286569449355
-7.625752868573509
12.13348066988332
1.590019427270035
10.02844903217676
-10.88156448796438
-4.313103645432655
-8.597483976484094
3.304635296278105
9.215772288950234
11.47917000029961
5.050237125039332
16.06406852216734
-2.349950064588605
11.90211925912654
-8.149015138913672
-0.1011435639157518
4.584898521868348
11.23177283654242
8.2117003583203
4.603075532464644
9.273712416996604
11.0138314286894
-7.400187228224811
4.670636893652417
5.911136980920841
-12.0032627992859
-8.288189259432455
0.5412768320361863
15.89773523073319
14.61508574478772
-3.000259426754806
7.680052003338721
1.740119027010275
7.658325212335131
-4.31841706609226
-3.983522275727034
-9.213414562612812
7.318253841655068
7.754588332554931
8.612255583846181
5.9182061583219
3.626801843998611
11.20613599324223
-3.020072485769122
9.426715097728067
10.81970009826145
8.82946608907881
5.287929838813578
-0.2561492469886112
11.97895435604146
-2.105031634803727
8.777423080809793
6.730506296785991
9.966347642884729
10.34753959316038
-10.92187880433069
-1.47097568454637
6.366874303115742
12.91458383126333
-9.293131047509922
2.16243247927888
-5.764293473819203
-1.207051562938755
9.450903112992362
1.628747763612302
10.65795466950359
5.875625385111889
7.837849986401805
1.96222459780071
10.15204819280617
6.568283572910405
-6.156934554490507
-11.22283274692047
-3.033009148345855
9.716672411085003
4.911766302454091
14.59810023499886
6.547709526453984
8.189823596930209
16.13459905072754
-10.7521513528102
9.586889525229838
1.267812137188961
24.418224436499
3.528837580312399
1.55087247062983
-11.17434564713323
-15.52249371801516
-8.691077146330194
-6.123351020294209
8.04787156818592
0.2346778271800361
2.56772616080036
6.358028819491734
9.033572328043052
4.138574831493049
-3.201531274480131
-5.248448059680455
8.705567164371644
8.871474124323051
12.44678759656581
7.579334151889895
8.438429603308494
8.835537933161293
-8.748443964964892
-5.23988767476531
-1.689429108897036
9.612347008495538
11.61744475880265
6.780075816791669
-19.30281373558291
-4.47147882497823
11.9284928440387
30.04690867478653
9.880521997350371
-9.616479802752185
12.74968155462409
-3.583764619273849
-19.63022120262393
4.748208392706589
-14.74879338697356
4.881427821879575
-12.72521812622098
-7.851458225345783
-5.824781907348503
8.12923331327422
6.222350689626295
-4.894997496538533
12.07300539805141
3.508556289648191
-4.418169667426137
7.059014856277992
-7.926725954967471
12.01996349085595
14.83133491085135
9.686333932938663
2.026676318547218
14.07380891360168
13.95401522173428
-23.05541683573668
-11.32122935344718
17.90797520475876
-6.312065222891666
20.81477338456142
-1.282649487653045
17.44437001888644
-8.217683225686315
1.417038938383412
11.73418748212547
-1.906882622277797
0.1659069590932743
16.74335161292499
-13.64107010357901
29.22920455783552
5.085949405441638
18.72701950799783
-6.357925554034654
-30.5011807022152
11.25669038097904
-24.14325515179055
17.61461593502096
2.90679817952672
18.94714791615441
-16.02733107784535
4.479831698116846
-4.839517760335476
-9.319349462161139
7.179095429613665
2.078776473902082
1.016248922595496
-4.348148098832162
-4.867453440274635
5.812857991342656
1.392985002124772
7.961445849898833
10.68031142987234
9.634722161006906
2.14858785916319
-7.486134296560895
6.568460844971771
-5.229892286569264
11.3017761173875
-20.3345241294879
-18.32942637928345
-4.284814891102641
18.75755155112863
7.72036432525725
32.58809657233384
2.005097750766957
16.04970923826274
1.294001742188783
-4.837368941380061
18.31304335887505
26.04979070483127
-23.79711350253567
-8.183738756128635
14.85862768674171
-7.219668848567847
17.25670895842058
-22.93944625141057
36.74292820769986
16.57744465369999
0.8576672509714327
23.15041229962414
30.647344090064
16.39997166940578
7.736747347311351
23.04236644237756
-14.75570749576365
-40.0766055152487
-38.17152868790365
44.05684253148302
-14.43193994999137
11.83795718435582
13.83054502150525
29.26771693851872
21.88430052109445
-48.63661295560438
-29.86303287424798
1.905076834039721
24.47637780671996
27.12683860773098
2.650460801052552
19.48621924961022
37.46439062103109
-14.24737242054582
-22.91059674290911
1.957135503252834
15.29702005748403
25.51819160565568
-43.38690814449964
-43.18153831884656
47.51054408922364
-0.2361764571576667
-41.53363545201135
18.11841583048533
29.54439247769162
-24.16019883919805
-31.54361525788479
35.35850898405643
-13.56544388657734
18.20266582635027
41.94225457567065
16.0403497375834
34.81392982007151
18.77358008264522
24.86773224717867
42.2445937645425
11.42597664712557
-20.16638666773335
15.43717191719247
25.23352331576564
23.56105610341966
-18.71960854858734
31.00274787481571
43.15073169598147
1.853272691683784
-20.39207576143432
-7.383416418182726
9.796351398394741
59.51870782274986
17.97817137147939
49.72235642467791
-1.672467212526545
6.583745591716732
12.14798382244106
44.06025046166841
32.85364273636676
31.76810971277725
23.73958874361643
-21.01227763124206
-32.21888535517798
28.64898603724243
26.26989713680886
-30.81861712515656
1.647902872900804
32.46652000005295
10.22117154787198
-47.74672055132498
-15.83445391839466
31.13645673966619
31.91226663787316
-19.49700178989156
-22.24534845343824
-11.20660772461872
46.97091065806053
49.66126366762057
2.690353008695714
