12.35546339353693
-5.263758587792751
2.262792574982118
-4.000608326379168
-1.310773627532618
11.56910808185149
-10.12295780604688
0.6916374236832281
50.64404201138485
37.37874439779588
46.39217883589435
-11.87143989763926
-14.3705975855156
13.1338789876591
-2.379176896392973
24.3335418244071
21.01676299098195
25.33251254174045
-30.09259742047838
-7.033089618949099
-11.68108984449796
-1.940512557569164
10.39828609616477
7.656891363916065
10.07988409316151
-10.19233728489351
-8.36050926107866
-1.804529828013523
9.833248643023948
15.65053196337143
3.107126718834278
-6.498903391691715
8.783933458634397
11.22918048977559
-10.54595263458514
-11.11129048597329
-3.034313340495841
-2.306197869318182
7.992704464168151
10.44132835925107
10.28030881091031
-6.866598512585965
2.625021825609597
-4.421351473596328
7.739136241902231
-10.30140286657989
-16.69561286362399
-4.835539860925206
8.595062838684433
3.051766662653194
9.209456385189291
15.39119538793596
7.393180705645136
-3.316778833464268
5.785165272569307
-7.998014692988932
-9.606030115366812
5.67680674464103
5.35515483514023
-10.70995954244411
-6.394209994984871
13.35316952773825
-1.133097872251752
10.72697513042069
11.39838539783033
2.659770297323507
-19.62728033842003
-25.6162587325822
4.31574955079369
11.86007300266418
-24.48316086082536
-32.36560216088105
-7.655286986036377
2.370079110109693
10.38837628885715
-2.541172559283831
7.996241930195916
13.43060269983389
0.6714102676295909
7.19420743733381
-7.380254611947684
-7.701906524581826
2.111365741668379
-1.544216802187895
12.13673183304598
7.190725678623062
-0.3216519091101057
9.491620353042226
-0.5653378512295169
-6.236395262723968
8.239754765912492
0.6143935480464567
-7.252116714818586
0.8870508855186138
-8.325212731195235
3.246043436548694
8.461919145409663
6.485161430466921
6.157689722469772
12.19385458044436
7.033354376646218
6.522797170148364
-8.738615100399244
-1.473310450034076
-5.160500203961875
-5.671057410895313
8.076977146443571
0.9587946128599748
13.23747734938329
-9.271229367838929
7.889404974916101
-8.506664826078275
35.72476399149384
20.90312015153081
16.97005707257244
-22.16581522029423
-44.94722775503044
-24.45659370673443
-3.288628255615827
-1.183619005161087
-8.63670063090367
7.73838955268863
9.314541143135152
-10.23002398005137
6.930610361404438
-8.285456859449008
-1.453279430449247
5.431299500214491
-5.348072374313649
11.02701780611002
14.82147329731606
5.609209679826513
-9.154665723446199
-2.270086793770357
-5.430983306854902
4.979932910720391
-11.01422425194515
-10.21691143631473
0.7645645413848575
1.944567119773415
4.513484143742063
0.7973128150734191
11.77878879358914
-24.29754981244695
-17.77356649033853
44.396572448349
35.10186146829356
43.76256614045499
-38.80764151767087
5.327447948627961
26.83408811910985
10.65159529280501
22.64963985805996
-29.74837723424696
-5.287306965407324
-7.453081626716433
-1.073096015379801
-8.952392488171034
10.49816015021612
7.265304650031116
-22.28705063469654
-1.499310861126765
-9.21226361771042
-9.841540384786182
-2.984268881511216
5.598110547978666
6.385858345752728
12.34914236626697
-7.879296473172639
4.601772629728845
11.43395005588293
5.402487528334938
-7.749630103621266
-9.847547210552763
12.16147855470611
-25.09486262646758
-2.287841285393521
6.832177428170448
-14.4493198405079
-6.03146252754335
6.884578930169955
3.723682415871433
-10.24754303198178
0.5565233171646131
10.72584924860856
9.250111084256758
12.22925564981239
9.755144942669679
1.662783768364362
-13.15211763060689
-6.808818456007532
-20.20373008839162
10.4109162168104
5.093352657870623
-8.092361173614668
-5.317563558005792
6.857271504451585
0.1887790254712076
7.223708974473035
11.40320579339075
-6.841707422500598
-9.807443986373189
0.3618819471514821
-8.455560519626179
-4.276063696501727
-3.315655411938054
4.900626039156514
6.054471821326162
12.34048040810478
7.034929952009782
12.1748350619589
-13.18571383079441
-7.030486450520463
4.179496822293004
5.139905108775526
32.0933017193185
36.9355897100411
-41.97921479082368
27.19193042522475
0.1947899879894554
10.80406634940504
3.327421583964177
-12.85507123973917
-11.04132384289506
9.176689735755186
8.943693429060644
-1.079392800475207
9.370127229077552
6.155227379224953
-4.287153955166515
-8.471602223046229
-2.965736566421531
-10.44238133302811
-7.476644765699113
10.1693259316448
-21.04563931816814
-2.097917106704967
-22.4712800519716
-7.05161245800736
-3.85929912781142
18.94772221207694
-18.68094296619222
-29.85136660280984
-1.425640734181102
-16.18249282370302
-4.184448264464852
-13.39491163105877
-27.93694682437492
10.0253660929031
-8.976822330471464
-2.921234913540626
-7.86724106824217
8.545585586975077
3.770703893726524
8.545167431779708
-22.01290530093782
-19.17602727875263
-2.699696744249662
-10.74472280232563
-21.56816163589027
-7.625361218730617
1.109581261986722
12.74752622656846
1.434426853459982
-7.991427822012848
0.8512175714588351
6.591943976082461
-6.216472275533483
-1.475738162191981
9.961931039075111
2.979144569013641
11.43766919910712
8.45852460952927
9.740577286928243
6.523983323189047
22.80702134050144
-14.82164383941111
-18.75470691962916
27.63621651841232
2.357526274975947
-0.6340063076772009
-39.06912449997659
-5.988978393970834
-25.27869024352565
-28.27022282633071
30.94194910192147
8.660704672896973
23.05950780172097
-22.28124443183612
-7.882441298937837
-11.17042363638853
-43.06893537145828
-4.901371294916449
28.42572586888072
-31.898511735299
-41.42665077809172
-9.743659286289727
23.58343787501313
24.46107027027781
42.17400477881239
19.39259225203718
-13.26529761292093
33.32709716461966
15.41966759363236
0.877632396702329
-14.5420351954669
-22.78141253039454
8.734942481241895
-9.151857571111076
-1.712003199038534
4.518013313490211
8.493884702223083
-2.712598275408745
-32.65788986529532
-23.64445542626223
20.490634043962
9.013434438767103
44.13508946655433
7.439854368324612
-0.2329963063839035
6.439259301704806
4.63393653611705
12.16048770577395
8.018297180197504
-4.946006154562334
11.46682049942647
-10.0926708185544
0.4447436656189857
8.431304476474461
3.448523319204473
-2.39213435770875
7.526551166216013
-8.045026058060648
-4.641868760566347
1.831828023814503
10.53741448902645
-4.982781157421938
3.403157297607998
-7.601032355401836
0.7849061013624818
7.258602890924155
7.742045631253982
-2.297831760080018
-7.60145051232679
8.385938455042721
-0.0004181562061157093
6.473696784494344
0.4834427409118967
6.55597943873911
-10.10323504640021
10.30276420832441
-9.482164785980695
-5.005830370027253
2.164251398250062
-4.251835629327798
-8.134397038042605
-0.3796170519578013
5.485264947012937
-8.492148953824531
9.243120525620375
6.072536701206735
9.737100577096671
-10.03987739037245
-4.240313327255144
11.63777847569972
3.664563879832989
-9.824069611851391
-1.873224276412778
8.859952559887416
2.702636584473537
8.502200646079814
-7.375445712273843
1.576151589800972
7.95084533721063
2.448623898191505
-8.561725702809488
-2.18703195270374
8.546144887306186
10.92944296399772
4.381767699307002
-3.345849996886504
6.374693748055299
5.215875707375917
10.73317683863971
7.754779984991168
2.383298075296075
-0.3577519139231485
-5.650173795872875
2.284848115703969
8.789931127287048
5.983899240395502
-2.536252471939231
-7.494382112774059
-4.931591688357927
-10.30307359866482
-2.074726043709602
3.664523054542332
4.691145889099939
6.768251010800406
-5.371481910070021
9.62273757702877
8.228347555741735
-6.547675267103605
0.1156403565059712
-8.112707200238969
-1.475736895903186
5.739249099038314
3.895040782913567
1.545434114684628
8.208749740828079
-6.182183583846492
-8.15894130071265
-1.407909484554046
6.993718936132146
6.663315626022173
-7.727617697004172
6.636970305907446
-1.215030806995112
-1.976757716961766
6.751031816504641
-7.945980996529276
-5.207122810697543
11.14318464529456
2.165884443443285
5.596230208505487
-8.963257945367047
-2.999973923117089
-2.677249364200077
5.401654499023651
8.066059907688828
5.963284021344876
6.286008585820761
-7.852001114473906
-5.1875957083845
4.924269735786808
5.370777680963863
8.401628421103892
10.74330927254071
6.230016508725848
2.66440540711656
2.738858186463032
-4.513292765965456
10.11186544207223
-7.252150952957926
10.80335302030382
6.149575101541616
-3.276279569481931
3.975871385786393
-7.973214608547726
0.621070260419037
8.59428489087396
3.757855578171881
5.79956406236193
-10.07808229455486
-5.303618753189032
4.774463540423745
7.935021912572525
-1.844208316448159
3.103727957217828
-3.937671250525735
4.129957008244467
11.27613037361721
-1.533306572085732
-10.84607032950688
5.636775239943611
-8.768965206731188
6.505083012902007
8.067628256911956
-4.831293954862597
-8.381897974346305
-6.819352734423654
0.3268206288431632
-0.2528160216928988
5.637173853372365
12.31824135801837
1.562545242151331
-2.806031884872922
8.129081955265853
7.146173365813421
-2.499157686751307
-8.138512810073864
-5.6393551314163
11.99142070914917
-4.585797955182695
-11.9257554116303
-8.074619518281088
1.884126196007116
8.698699582077928
12.22535524862822
-1.941765450667472
8.993348390703996
-10.46191716425276
-6.889254544683634
-0.48273830759582
8.202894434049854
10.9351138399551
-8.520151712169028
-0.7904539572479269
5.889989881363746
11.53855644931321
6.544561298620107
3.572662619778002
-5.404637585218563
-4.958129639944968
-8.977300204301921
-5.546954436584115
6.406516236986089
4.63627991781262
0.4465079449402028
-5.569721133451914
-7.339957453604012
3.115911608119084
11.65701702277979
13.28449753751098
10.18323435286874
-4.653777919210444
5.325987478591077
-1.770236319282771
8.685632740701433
-4.857246874130684
3.851135893603703
9.979765398249567
-9.425854672799179
5.157517118997488
-1.347444087898146
1.213386211161236
-6.169692372550307
12.17535093968805
7.360938676525126
-4.82224828279173
8.708382765230919
3.314783669952447
-6.189890187024345
-7.54883199869581
7.208427367410907
2.792397053134517
-30.12895137292606
-5.216416782339061
37.02618805900299
-25.38100835564087
-6.983617955223827
-11.20648298254004
1.774955548743085
-7.30386569675415
8.522397669106502
1.454707814150945
-6.832079634916561
-0.6165324444428338
6.865741105429265
-4.222865030644464
8.758573506230482
0.4717860649031957
-6.599319902102548
-10.02308623231516
6.672255612422767
-2.806146454238978
4.295800748402486
1.282052688575461
7.216939781311368
-2.376454868130035
9.371237512858432
-1.012672955667155
-9.680460059831953
7.022257380524446
5.934887082653618
12.02039667160709
-13.1238049946704
4.713966156805538
-7.38307858557177
10.96196473223872
-6.258642500994031
8.189163884785625
6.085509598891061
7.101947204418385
8.541105413821883
7.33501525841558
5.648566563674591
11.0261924747063
6.68106751093478
-4.993995154813548
5.657724530406804
11.53064461970883
5.377625914894852
-11.52606724702767
-6.39621846555479
25.97706313138151
6.349923696306194
-9.975840378883023
5.740726406861276
-7.06768985028107
6.865162497744611
-1.656656568714712
-10.97260865866732
3.475197725103624
11.88330093666015
-5.465702332801018
5.665544943656034
-10.10979517138496
-0.6286980250232529
7.80059588228452
9.801598964104674
12.36048999525596
4.9267024615169
9.481097149606024
-2.741394736764835
6.215547193539
-2.842439084123314
-8.087543570747515
-7.071105969173544
7.482273557673762
-9.057986281593752
-4.503591586008213
3.925702351764049
-2.772800845818057
6.503275261513656
-4.814412265806251
5.144333450045466
-8.521819076150759
-3.870031512785917
5.506906333722255
-9.504673855983896
-3.063939011107499
3.893643696413776
10.94904019035904
5.722017292050977
8.408103215136869
9.276076105110988
-30.7891048671866
-13.1771688208381
36.78874620879409
-11.84668259789542
0.8679728883289647
7.30870773178807
-6.21775599064842
2.506778057025206
10.62937659922198
-0.09852605373693714
9.715518018991913
1.120909921856529
-7.015032529403069
-6.780664498434191
4.651787573056024
-3.556571213464743
9.376937856194031
-8.208358799469639
-3.648464681670845
2.694799428718275
6.440734844515077
-1.358941811892655
-10.72790265678874
0.4033446104294655
9.127878648208167
6.708445142550171
-0.9138585755322116
11.13124727184585
-6.682138437194755
4.554394702047754
-7.668097206792044
-5.245104486251247
8.429293931151371
2.422992724729606
4.55989412281571
-4.801929673706592
4.64972928055222
8.785956302959667
8.72453404240642
-2.419433501059399
9.707823478367112
9.451658952687636
-13.99562067080181
-9.327080172377118
-1.672245139978899
-8.087022540131802
0.3472560979239382
7.152662729034459
9.178049582611235
-16.34005619146018
33.34952165824555
2.851443023212541
-13.17147241966969
-20.65212698334421
-7.622303712852559
12.12725697792449
1.589168857125501
10.02344749666466
-10.87747065812739
-4.312070791884554
-8.594608091717623
3.302874429413732
9.211472566671931
11.47450878630851
5.048269879389705
16.05739261244242
-2.348980132333525
11.89748251571321
-8.135942448667457
-0.1010121063683544
4.582883826134479
11.22670305296161
8.208015874121266
4.601244570026378
9.269785061384432
11.00912274567248
-7.397250027231373
4.66854049489152
5.908598132445238
-11.99849461276551
-8.284038696197349
0.5408691752765592
15.8885457877702
14.60655331833069
-2.998612630297968
7.676078053114323
1.739337690372746
7.654835036265632
-4.316020123396378
-3.981485628032543
-9.208508526465224
7.314375429170084
7.750390205611067
8.607662551391384
5.915497335392837
3.625132051014263
11.20092340267839
-3.018687181868138
9.422111241007174
10.81459522968917
8.824907870371455
5.285426068728545
-0.2561645265416118
11.9724103255661
-2.103809479757349
8.772550898601734
6.726984004093177
9.958745716275917
10.34122905261593
-10.91546687834173
-1.469837337684152
6.363605846145294
12.90780769049341
-9.287986367315501
2.161328994526757
-5.761330703493747
-1.206090152645936
9.445629537790669
1.627480513892797
10.65171968782708
5.872920091858669
7.833443183389046
1.960523089918792
10.14476102122571
6.565139107568065
-6.153018701386551
-11.21645419408638
-3.032216261135424
9.713925904587214
4.90948078522531
14.59429124489141
6.544201843709258
8.184237932347804
16.1259349799723
-10.74647869627107
9.581733136574515
1.267265155440582
24.40867814909642
3.52665566680099
1.550226868164059
-11.16793093687233
-15.5130558854602
-8.667787118116392
-6.108896105263516
8.034930339706621
0.2343680217914565
2.558891026804143
6.343264115405884
9.028715424991409
4.136227022521416
-3.199859426522819
-5.245426321758313
8.700672668762662
8.866550902368131
12.44079842813691
7.575791352792659
8.434278638797647
8.830793484429533
-8.743880588513184
-5.237251204778669
-1.688484093846602
9.607376963744683
11.61160271232371
6.776492647742224
-19.30005150090768
-4.473106488817447
11.92723381503003
30.04406767056249
9.879476089497873
-9.615241041105699
12.74614216379202
-3.579621913403958
-19.62713943810781
4.747943021116449
-14.74677410110928
4.880365339533585
-12.71815780843939
-7.846906561161174
-5.821519708531438
8.124579280600408
6.218777582969894
-4.892488402800939
12.06641032844921
3.506629384137415
-4.416030315062114
7.055396494107574
-7.922659698442956
12.01374385196063
14.82694501222376
9.684810459821366
2.025386853033139
14.06568414348996
13.94609898958523
-23.0535734157441
-11.32213553270405
17.90318868956433
-6.311883413439197
20.8065439940666
-1.281992470206756
17.43930252822991
-8.212467733888014
1.416387083097979
11.73143788317721
-1.905801696989699
0.1658782330520006
16.74169000278972
-13.63723957987699
29.22532422209661
5.084055419462772
18.72129499899136
-6.356809836238972
-30.49807863729691
11.25512621010833
-24.14126880251903
17.6119360463488
2.903355304424373
18.94242226967825
-16.02291544421805
4.476334428489745
-4.836429334608898
-9.312763764757127
7.170081790153493
2.077105122238123
1.016437601946552
-4.345124959872735
-4.865007073653674
5.809683610191832
1.392483989351107
7.957883857773931
10.67469068320564
9.628854815801686
2.148200247849772
-7.480654565813314
6.565399867254429
-5.227022898370463
11.29586105739713
-20.3317057900784
-18.32748004157508
-4.28450021457081
18.75301068572371
7.715083249755356
32.58254495744563
2.004225749083564
16.04720557537621
1.293287122254329
-4.835110064113199
18.30630293025089
26.04256329163597
-23.79350882405944
-8.18231802598164
14.85519287492508
-7.217697054564712
17.25134565677585
-22.93623647822957
36.73611411875465
16.57581176942638
0.857272345653919
23.14141299389566
30.64666265020461
16.40034030423008
7.736260362758759
23.03751090043006
-14.75391845271063
-40.07896473457924
-38.17322227162607
44.05094651121943
-14.43275420103743
11.83642065775535
13.82953427201026
29.26485352102772
21.88092124397141
-48.63542880625138
-29.86057280124321
1.905742465692633
24.46904271127197
27.11842740763508
2.649384696378406
19.48476846232835
37.46330766723733
-14.24632234587594
-22.91040228759243
1.95705941920728
15.29576481988125
25.51654122210795
-43.38712262977266
-43.18170661528394
47.50621073151995
-0.2361484631507453
-41.53371459663372
18.11683385550671
29.5420871654494
-24.15868394641007
-31.54261622463663
35.35991752952604
-13.56407701975876
18.2022382491258
41.94270632440764
16.03906696564053
34.81392297100967
18.77485600555898
24.86746170780379
42.24260484131571
11.42525330986288
-20.16459157713266
15.43531924920734
25.23120276437287
23.55948180390477
-18.71943816141766
31.00327979893547
43.15097417018596
1.853408032805527
-20.39115912222763
-7.383932277797743
9.795883514976143
59.51860147550681
17.97853920499615
49.72271796086313
-1.67172096065449
6.582788795070188
12.14769437176103
44.05790170052219
32.85196365810337
31.76631526879603
23.74046807293539
-21.00858781490441
-32.2145258567481
28.64315899339919
26.26917485981193
-30.81735153463832
1.647992021096893
32.46534355658365
10.22077640194369
-47.7423591967208
-15.83215187055681
31.12976023820863
31.91020732821332
-19.49471712641487
-22.24456715518832
-11.20593804213122
46.96191210876497
49.65174680795782
2.689834698846505
