12.35537047742841
-5.263722556739096
2.262774919466657
-4.000605240913775
-1.310776712998012
11.56910541789633
-10.1229347438033
0.6916362440105713
50.64401295186249
37.37872151072644
46.39214237177494
-11.87141520690641
-14.37054570879661
13.13386090487217
-2.379161651411323
24.33351909548792
21.01676361429457
25.33247889810562
-30.09258037157061
-7.033079172775941
-11.6809818982801
-1.940497832589493
10.39812781925835
7.656800825344991
10.07978090543524
-10.19229111638586
-8.360476078066112
-1.80452617592357
9.833195259480462
15.65042981666992
3.107102021733838
-6.498869188168296
8.783881331868455
11.22910816883898
-10.54586714589151
-11.11120139150458
-3.034288041050445
-2.30617811142594
7.992635341612302
10.44123827189627
10.28023085987128
-6.866548492536769
2.625001198155626
-4.421321647831421
7.739077580175932
-10.30134333959875
-16.69551067301973
-4.835508788293742
8.595012703757552
3.051752938862781
9.209401364960614
15.39109709445839
7.393127127432216
-3.31675548123245
5.785125879785278
-7.997969977569618
-9.605971214673271
5.676779314905848
5.355126299812627
-10.70988261195117
-6.394167331391584
13.35309627699137
-1.133085726333332
10.72691615837435
11.39832613094752
2.659752044403922
-19.62720132513445
-25.61620143420581
4.315715283845829
11.86000188469556
-24.48311570836186
-32.3655580710701
-7.655229662441723
2.370055891665231
10.38827766892471
-2.541153270113587
7.996173788714143
13.43052149226482
0.6714099727903171
7.194164999342664
-7.380200082840609
-7.701853101011105
2.111349623054691
-1.544204675043171
12.13663517245593
7.190668756581874
-0.3216530147025573
9.491549705322285
-0.5653342454647887
-6.236356493135316
8.239689035115525
0.6143886627180049
-7.252054162357505
0.8870428864166638
-8.325141993688009
3.246015922720398
8.461848070108129
6.48510746604648
6.157648426038286
12.19377727346139
7.033314860033604
6.522755026994369
-8.738574086442084
-1.473303108528698
-5.160462413587155
-5.671022247068868
8.076913351395199
0.9587900794379209
13.23737576396603
-9.271176687786344
7.889345812892352
-8.506617967970673
35.72471409737407
20.90310311989764
16.97008187893783
-22.16581055611906
-44.94722080406853
-24.45658664170153
-3.288599907908726
-1.183609275843285
-8.636629859774033
7.73832347834156
9.314460806213795
-10.22996676658814
6.930555732808986
-8.285408679429942
-1.453268005609967
5.431258015951864
-5.348029950910747
11.02692338408586
14.82134646405214
5.609161583182267
-9.154594909827114
-2.270068889247802
-5.430937569559703
4.979891059945666
-11.01416933386343
-10.21685407011296
0.7645587194328793
1.944558086342674
4.513457076141625
0.7973152632022762
11.77872805354886
-24.29759105521338
-17.77349629174251
44.39659994977889
35.10189437331985
43.76259544102209
-38.80765041233705
5.327442546191974
26.83406439870071
10.65158713272497
22.64962024568102
-29.7483669977968
-5.287304567247412
-7.453020584884966
-1.07308783034972
-8.952318301996826
10.4980700839527
7.265270977587822
-22.28695336849604
-1.499297716793358
-9.212184881085182
-9.84145540232273
-2.984243463840245
5.598064582623912
6.385806208918055
12.34904288221677
-7.879230472014783
4.601744242019062
11.43388491302676
5.402467589705108
-7.749611150250407
-9.84749706623969
12.16141215508952
-25.09490631736729
-2.287829152968594
6.832140673004093
-14.44924130847075
-6.031417323323384
6.884526021070737
3.723657339553623
-10.24750437035681
0.5565111828146641
10.72576020350941
9.250036878616465
12.22915710874754
9.755074662141618
1.662775820337631
-13.15207873862338
-6.808801855456595
-20.20369610281363
10.41082862874691
5.093312870097215
-8.092298841120453
-5.317515757731015
6.857211939647684
0.1887735786366794
7.223641131888241
11.40310130661366
-6.841655138765522
-9.80736747611358
0.3618815466393914
-8.45548637109821
-4.276026192243982
-3.315626232642915
4.900585651938452
6.054423446046446
12.34038517841544
7.034867556215955
12.1747276968952
-13.1856117105339
-7.030428719917784
4.179460178039042
5.139860139529175
32.09328455270109
36.9355671595009
-41.97920865985527
27.19191548470449
0.1947898057109566
10.80401555342699
3.32741139147531
-12.85506587193629
-11.04121975668016
9.176611844288928
8.943613993995521
-1.079380615317051
9.370049674553991
6.155182989587702
-4.287133514728107
-8.471577674481399
-2.96571233986392
-10.44231650296619
-7.4766041622068
10.16924902089348
-21.04564505056153
-2.097885915777034
-22.47128621170862
-7.051617364406884
-3.859318027828126
18.94775913539378
-18.68092900373051
-29.85134792892731
-1.425641161520482
-16.18247726341128
-4.184444156386537
-13.39489424604455
-27.936924813823
10.02528555091017
-8.976746670803466
-2.921207196150673
-7.867173612293224
8.545505328668918
3.770669708183837
8.545087953055051
-22.01276072607613
-19.17592535229769
-2.699747685766369
-10.7447015012885
-21.56802923100426
-7.625300373255698
1.109573058271246
12.74741638134262
1.434411255440256
-7.991364388495287
0.8512130520573385
6.591880767017599
-6.21641541034839
-1.475723322763444
9.961839138068481
2.979120233539131
11.43756245870227
8.458442204896068
9.740484065690049
6.524094764547065
22.80707716383052
-14.82161097693011
-18.75463221913909
27.63623809680264
2.3575111125062
-0.6340045085433879
-39.0691574038392
-5.989000108883335
-25.27872698438871
-28.27024260558244
30.94194356183511
8.660701068426205
23.05950119898339
-22.28124249618092
-7.882442361607137
-11.17041892497366
-43.06891367565423
-4.901369068806646
28.42570676765225
-31.89849475090386
-41.42666851944021
-9.743651676248502
23.58342415774942
24.46106243196728
42.17399846556551
19.39258822546188
-13.26529144047792
33.32707583726874
15.41966884697604
0.8776382756352307
-14.54203056989886
-22.78141024367054
8.73487343204771
-9.151793930446187
-1.711994400870196
4.517982408485246
8.493833900961821
-2.71258083297792
-32.6578796662721
-23.6444588043029
20.49063415809537
9.0134208617072
44.13509295878124
7.439799525876471
-0.2329978499943901
6.439213103397442
4.633901735438881
12.16039921842522
8.018221778693803
-4.945966416008408
11.46671252374347
-10.09259555796133
0.444731495635836
8.431223851055918
3.448490745025181
-2.392103879270197
7.526497479596178
-8.044953815506897
-4.641827931460967
1.8318150383194
10.53732705837957
-4.982733106183059
3.403125884157535
-7.600959032063209
0.7848999599885761
7.258542934873587
7.741986394055695
-2.297807101304338
-7.601376409381819
8.385858990352164
-0.0004173766087001891
6.473642969891767
0.4834434597561478
6.555949907736978
-10.10320324217024
10.30263460013232
-9.482125912662516
-5.005806480329653
2.164200124515474
-4.251813062036361
-8.134336875237503
-0.379610605630992
5.485225266717858
-8.492090068061037
9.243073562810871
6.072506451309515
9.737038329498516
-10.03979349440998
-4.24027700875064
11.6377214399984
3.664531882071826
-9.823982065993761
-1.873206715552989
8.859878103106297
2.702608428052159
8.502124912221969
-7.375379131271293
1.576137327242789
7.950775352181767
2.448602933357316
-8.56165225023665
-2.187014222648624
8.546070599668267
10.92935560656744
4.381733672942021
-3.345820105738524
6.374638025568512
5.215832145933381
10.73308482096167
7.75472626852451
2.383285005524411
-0.3577531909902611
-5.650137636712847
2.28483909389148
8.789874087301897
5.983856602192981
-2.53623906932309
-7.494333247500164
-4.931564667852766
-10.30300593147179
-2.07470970228681
3.664503658887224
4.69111950049149
6.768215681841848
-5.371441263382384
9.622684167909112
8.228296229972344
-6.547621936010841
0.1156444477917611
-8.112651783176366
-1.475722727802952
5.73921336196126
3.895017751947008
1.545419647140438
8.208686033448826
-6.18213413385909
-8.158874739825293
-1.407896442338522
6.993669498152518
6.663266386187741
-7.727553779484857
6.636929056937653
-1.215016537583573
-1.97674060605515
6.750978297825743
-7.945922852929857
-5.207077877242746
11.14309838022549
2.165867649663221
5.596185429839207
-8.963189979506442
-2.99995330448403
-2.677228252689182
5.401612637439034
8.066004145882109
5.963236674135573
6.285961731420567
-7.851945596085154
-5.187554090180565
4.924236416580047
5.370740481872582
8.401565940903232
10.74323239921455
6.229976805605916
2.664391506923502
2.738844976296563
-4.513255595734712
10.11179050467714
-7.252100572531253
10.8032633081576
6.149526554339282
-3.276249085234444
3.975851489568487
-7.973189570429015
0.6210773295072426
8.59426692153477
3.757848295656625
5.799516484914715
-10.07798755715498
-5.303569309003005
4.774418247226623
7.934976731585506
-1.844195610342183
3.103712023914458
-3.937655050211449
4.129915956459233
11.27603277843036
-1.533277854588044
-10.84601594116875
5.636728793384899
-8.76891975873429
6.505034994716968
8.067571004837923
-4.831264707194243
-8.381832794168593
-6.819296788073952
0.3268200318299048
-0.2528097626277724
5.637156247900592
12.31820412868675
1.562536008287823
-2.806017483117196
8.12902303411988
7.146116822409658
-2.4991305007788
-8.138434475616362
-5.639303982820475
11.99138407712132
-4.585769487093462
-11.92568624112565
-8.074578027332032
1.884113966093421
8.698658962840183
12.22529956783881
-1.941748179637099
8.993292338830782
-10.46184385240621
-6.889211361617873
-0.48273825148852
8.202842605185237
10.93504051706194
-8.52009567136329
-0.7904497342082879
5.88996601673227
11.53850486615221
6.544529206884417
3.572632491014197
-5.404598242682465
-4.95809417729884
-8.977230733000404
-5.546912950173821
6.406473110036209
4.636240795692478
0.4465040650580162
-5.569684435936265
-7.339916751246738
3.115896420670996
11.65695790148164
13.28442845018342
10.18315374434898
-4.653736754251593
5.325940604427564
-1.770232314456415
8.685580855752971
-4.857213139768128
3.851108214046023
9.979677359112243
-9.425775641311537
5.157469508001874
-1.347429322195031
1.213367387136534
-6.16963717862069
12.17527023411183
7.360892028320124
-4.822207854600046
8.70832135133052
3.314773243684929
-6.189865440232204
-7.548800522171859
7.208405262464491
2.792385078781701
-30.12893205770456
-5.216412008549636
37.02618190185231
-25.38099265875886
-6.983569956432168
-11.20641473878792
1.774948980352271
-7.303830613757322
8.522316800058743
1.454688329831366
-6.832040151533571
-0.6165149816255533
6.865687529532363
-4.222844785644458
8.758518938989663
0.4717904652399069
-6.599289630677584
-10.02299461206006
6.672210957669802
-2.806124609903854
4.295766119985658
1.282041871809966
7.216870005354139
-2.376444841744623
9.371127440337007
-1.012663480917471
-9.680227658976618
7.022148451753309
5.934828123606031
12.02027875860543
-13.12367228694675
4.713920112366763
-7.383004567582633
10.96190285063499
-6.25858830009007
8.189110846615234
6.085450644801842
7.101890731644036
8.541061479991754
7.334978943593654
5.648538845214158
11.02615347475565
6.68104788698416
-4.993975663313005
5.65770144472434
11.53061044364803
5.37761463335398
-11.5258962876301
-6.396193835185959
25.97699131024626
6.349892333732004
-9.975682529593714
5.74066771716234
-7.067628465628474
6.865083990865233
-1.65662927548863
-10.97250841331014
3.475190731403677
11.88326149901453
-5.46568494310788
5.665525413528217
-10.10984645816787
-0.6286905745714065
7.800531810175612
9.801597813196055
12.36040641839351
4.926740089953023
9.481155886795376
-2.741326998363895
6.215525172923837
-2.842433155395372
-8.08752018097916
-7.071080098045246
7.48220251884732
-9.057958332182402
-4.503542527925537
3.925679886865402
-2.772792002401848
6.503248868290676
-4.81437820841971
5.14431378654796
-8.521713275906192
-3.869978727447402
5.506823477951829
-9.504638682922369
-3.063928056570213
3.893632017738233
10.94901501123506
5.722002451866385
8.40807077114877
9.276040868489211
-30.78880313098811
-13.17701134215386
36.78865872569052
-11.84662692934266
0.8679700957111045
7.308680720662747
-6.217736083157769
2.506768432808354
10.62936282141047
-0.09850197279353928
9.715497678450735
1.120891898174864
-7.014931222819799
-6.780563095742397
4.651734558010868
-3.556522639428964
9.376802214957053
-8.208257210205353
-3.648382597233998
2.694741108995177
6.440710625994343
-1.358935082155161
-10.72786479798268
0.4033455495322303
9.127850055724052
6.708423554635118
-0.9138651383331049
11.13121035208554
-6.682061115554069
4.554415810613245
-7.66806709671654
-5.24508702521043
8.429222408255056
2.422980075639989
4.559874617924663
-4.801912286811392
4.649715813518364
8.785930508235401
8.724504510762522
-2.419426496548882
9.707794246910245
9.451628098777014
-13.99559117181754
-9.327060680886493
-1.672242128109664
-8.087002999293219
0.3472530061264263
7.152642328912615
9.178022974586355
-16.3400581691299
33.34959392446772
2.851461582465566
-13.17149230198488
-20.652133308436
-7.622288687805477
12.12722074197078
1.589163158273056
10.0234191651593
-10.87746917384546
-4.312075139306623
-8.594605774937719
3.302863663784317
9.211451842807307
11.47449161738482
5.048263173707604
16.05736606364074
-2.348978988583242
11.8974694333835
-8.1358231184432
-0.1010111797580647
4.582874446256492
11.22667988448049
8.207999087867206
4.601238411107455
9.269768895080377
11.00910290236897
-7.397242177574723
4.668530487452125
5.908588174277461
-11.99848060396567
-8.284017086056098
0.5408673733944417
15.88851347462376
14.60652130570053
-2.998603618861794
7.676064625798341
1.739334013283632
7.654818556595658
-4.316013146947978
-3.981482428756375
-9.208494988244745
7.314368118849296
7.750386407460767
8.607653973294026
5.915484532972258
3.625124644594297
11.20089800154448
-3.018680799597197
9.422088953368815
10.81457098777349
8.824884458360557
5.285413469991393
-0.2561661489879304
11.97238408819732
-2.103801575322677
8.772530386687345
6.726968392307024
9.958691995379853
10.34118560173986
-10.91542405822091
-1.469829475909538
6.363593838822847
12.90779150035867
-9.287953513166014
2.161326099741478
-5.761312910861117
-1.206082533688847
9.445594579482618
1.627470547883313
10.65167711059907
5.872909001446123
7.833423314299946
1.960514311260469
10.14462363459939
6.565134939866156
-6.152995806918439
-11.21631460722129
-3.032205282257
9.713880890466775
4.909454978502996
14.59422770760545
6.544197660907209
8.184109324371235
16.12576958637815
-10.74646540091655
9.581571925776165
1.267274647985822
24.4079502105659
3.526640605248746
1.550213758055764
-11.16791698486614
-15.51302255767071
-8.667564191808365
-6.108755604642431
8.034811936133329
0.2343681180288146
2.558808600914824
6.343123711182333
9.028696535519478
4.136214694827647
-3.199853701071436
-5.245415696174343
8.700658526694374
8.866545853218172
12.44076975815179
7.575773358063985
8.434256006153138
8.8307699681991
-8.743865576520106
-5.237246749646977
-1.688482582289018
9.607367965708981
11.61158567533934
6.776493300057368
-19.29999483230733
-4.473616547947003
11.92722283653295
30.04405013139596
9.879469473534554
-9.615222103070467
12.74608617082108
-3.579488694483132
-19.62709897950291
4.747939402722339
-14.74675216562176
4.880346816380334
-12.71813074627582
-7.84688987268492
-5.82150922795001
8.124564993549386
6.218764060687008
-4.892481841026086
12.06639955385088
3.506618827285291
-4.416020184469203
7.055382993664614
-7.922639011011011
12.01374004914545
14.82637828449276
9.684772729255405
2.025380645136893
14.06565393273789
13.94607422194639
-23.05353686969028
-11.32208177934287
17.90337350466319
-6.31192711537295
20.80654522268703
-1.28199216968134
17.43935027579129
-8.212448848066682
1.416396389126015
11.73145509048749
-1.905800932228638
0.1658873259732873
16.74160975480608
-13.6372560224314
29.22545528383622
5.084086423929024
18.72134244601856
-6.356763485875597
-30.49813234423251
11.25502830295752
-24.14136885979714
17.61179178883455
2.903171717947853
18.942176202027
-16.02295388576831
4.476319444695805
-4.836418647476273
-9.31273809380998
7.1700066264092
2.077096181892447
1.016440083306899
-4.345105583927547
-4.864996398423539
5.809671846659238
1.392482035064843
7.957876071753936
10.67466824445363
9.628845236026617
2.148204225359081
-7.480641008559427
6.565394035536559
-5.227012559428611
11.29585054780201
-20.33160792016816
-18.32739021061326
-4.284462224819972
18.75294299302864
7.714594066610269
32.58240839416372
2.004217710135325
16.04714569521673
1.293285854478101
-4.835092374815266
18.30558318847076
26.04198427752921
-23.79344745151504
-8.182320045766257
14.8550851726943
-7.217725022928909
17.25131485844854
-22.93617988563013
36.73568793376184
16.57572242851972
0.8572675657087357
23.14067556281919
30.64717984283553
16.4008393848625
7.736401090432309
23.03740521798405
-14.7538598403264
-40.07895547347736
-38.17320384219421
44.05087391040856
-14.43275322163996
11.83640150519992
13.8294654014233
29.26474877267318
21.88060276120945
-48.63528565460153
-29.8604901234189
1.90575163398423
24.4690398813108
27.11847233818782
2.64943245689207
19.48437307566305
37.46323247273718
-14.24634045787458
-22.91077875254971
1.95703557411341
15.29574096192131
25.51651327307196
-43.38711126935632
-43.18169689687679
47.50615397426721
-0.2361477239778387
-41.53370463076757
18.11682729483956
29.54208141948841
-24.1587366272193
-31.54288263985238
35.35988887728283
-13.56402324280856
18.20221851651717
41.94266914169943
16.03900448446029
34.81380001599641
18.77479553172628
24.86781432766708
42.24259391037611
11.42525412456904
-20.16458065398549
15.43528337143986
25.23119085791519
23.55947769996252
-18.71943995127362
31.00327806634412
43.15096354889328
1.853406638259904
-20.39115310956662
-7.384146012204992
9.795907486285829
59.51862550407359
17.97885939716159
49.7227180181203
-1.671713158139115
6.582780264605999
12.14768548305228
44.05786229531351
32.85193499562743
31.76624175923779
23.7404506228684
-21.00854510932777
-32.2144724084464
28.64309468663019
26.26915472784502
-30.81733978894835
1.647992268520755
32.46533205830641
10.22077231086779
-47.74230170026709
-15.8321248905671
31.12968637679354
31.91017681172123
-19.49469157247479
-22.24455974798008
-11.20592729940233
46.96181126736018
49.6516397956172
2.689828527915718
