12.35756154645086
-5.265853260447866
2.263388504157618
-4.000512267028089
-1.310869686883673
11.57308765681606
-10.12480663274657
0.6918222167003426
50.65754076317747
37.38831849510698
46.40404177978321
-11.8642756758211
-14.36598386809404
13.10734505057423
-2.377953904582691
24.35019739460412
21.03269302585378
25.34608957096044
-30.10335249825689
-7.036983824173458
-11.6796926765377
-1.939008850213009
10.39242774337935
7.657235142657308
10.07954381054313
-10.19183289391495
-8.360097423661472
-1.805105995590836
9.834357079529816
15.65507562230351
3.107684194732111
-6.496327722087996
8.785004254485116
11.23241904099337
-10.55299364409546
-11.11857282740297
-3.036047059800499
-2.30775510436104
7.996842197760803
10.44444796735422
10.28433943464859
-6.870071369403365
2.626530924200625
-4.422656581310604
7.742339512117928
-10.29984373878584
-16.69441773800246
-4.837054621786105
8.598679785601947
3.052164191057815
9.213602708282485
15.38759688981869
7.390466173783493
-3.317504368789351
5.78358497200097
-7.997130718203397
-9.60401191781799
5.677320060750985
5.354877211892445
-10.70797054324767
-6.394573998803277
13.35200792970511
-1.132174744675974
10.72518837195767
11.39527375100098
2.657424908641759
-19.63854489493622
-25.62950920479852
4.31339654511887
11.85736311641305
-24.49733446031281
-32.38307339516194
-7.65780851065545
2.372513385142005
10.39346987127442
-2.541999920661298
7.998806890610216
13.43573440702268
0.670085379108186
7.196504281290529
-7.384262253828936
-7.706705102728664
2.112340043201164
-1.54526658497316
12.1426619376881
7.19470606650027
-0.3224428484680271
9.496602296501532
-0.5655791837178387
-6.239230125366299
8.245238540621818
0.6149229227552548
-7.2574290461171
0.8870725212644256
-8.331134164847937
3.244991240095264
8.456897338708885
6.48115803253808
6.161438517530251
12.20006984268505
7.036127276420752
6.526418902510393
-8.73784884258648
-1.474439722211938
-5.16394256618831
-5.673650940911648
8.082525767188624
0.9590597612660604
13.24646833267732
-9.276340372017447
7.89481623580321
-8.51056699860467
35.73360634204768
20.90771832889344
16.97513426571341
-22.17062730685637
-44.95679159580796
-24.46155558068559
-3.290840747625241
-1.184028907582988
-8.642492843723948
7.742048510662547
9.318391378322406
-10.23540013326555
6.935756474231221
-8.290825124211137
-1.45446837255714
5.435489317408186
-5.351652096204953
11.03288925774574
14.83056715538439
5.612360469071755
-9.162623193724842
-2.272665504448668
-5.435921308090037
4.983410575787654
-11.01335159229247
-10.21931658400979
0.7657733726509298
1.944575008966935
4.515715844324819
0.7940350082113137
11.77912496483988
-24.30948492176229
-17.78025395807139
44.40806071129343
35.11023391161043
43.77384744080861
-38.81807345390995
5.32891294451117
26.84012893677497
10.65407164577926
22.65527791161898
-29.75483917869652
-5.28976836894347
-7.458463936034414
-1.073705118618125
-8.958731092578995
10.50242028648977
7.263409120508715
-22.29596980278851
-1.500267156729477
-9.218206686224757
-9.847156579208367
-2.98425426953267
5.594085512318418
6.38147539321059
12.34143248683904
-7.885025973587463
4.606056869826216
11.44241362047782
5.405789911033875
-7.751715347562913
-9.850168084780142
12.16389159247292
-25.10351992916449
-2.292333360922865
6.836356751566194
-14.45622495404502
-6.036623709791113
6.8899576896209
3.726701885251299
-10.24471802672809
0.5619475734197682
10.74998079153361
9.273165262726597
12.25639240958703
9.763325594833937
1.662592102928676
-13.15750525819498
-6.812236705223709
-20.21117120589755
10.41933188346887
5.098478326286219
-8.100733491607842
-5.320853557094048
6.862902310226257
0.1877259119187145
7.22875866940164
11.41046610724153
-6.85185344188152
-9.82371307231249
0.3643201466390723
-8.457120023804062
-4.275412586047428
-3.314396914468964
4.897447838726275
6.051332750482915
12.33520615689113
7.04103275809575
12.18375586764574
-13.19921181759638
-7.039579354524357
4.181707437823152
5.142723109671381
32.10023326811864
36.94346547693187
-41.98997462326459
27.19744114771738
0.1944410659255564
10.80666560023412
3.328914988312614
-12.85714230214139
-11.04614596002066
9.172860425391548
8.940819485808797
-1.079983402006509
9.365729663569514
6.159632463160668
-4.289977780854
-8.474828807534459
-2.971859631155408
-10.44961024340878
-7.477750612007348
10.18803321819809
-21.05313123512727
-2.098452737778224
-22.47752971509617
-7.053665947595231
-3.856508069831438
18.9546784977161
-18.68239608185582
-29.85494951421553
-1.424398480111619
-16.18605729045367
-4.184851025918269
-13.39893450005619
-27.94504628074946
10.03032189509986
-8.980144674653813
-2.922531770942856
-7.870487641850223
8.544695365029524
3.772058394692324
8.543651296387219
-22.0441937921108
-19.20289704419675
-2.741622538669944
-10.77871628868814
-21.59756002441786
-7.630315618376845
1.109657032757905
12.75220307088269
1.433608213539699
-7.987968450718158
0.8511071648778903
6.589530822810659
-6.213277773354335
-1.476815528315869
9.966162557431852
2.983227147563952
11.44297808525644
8.459750933509969
9.740683826324158
6.529230964527533
22.81118656791417
-14.82588801291247
-18.75847207677298
27.64524511999914
2.357542078514863
-0.6342132704544521
-39.07914776685773
-5.990964309853074
-25.2877030417388
-28.27945839043176
30.95210760903139
8.663613529296475
23.06636867411166
-22.28849408036188
-7.885738934654907
-11.17255343245866
-43.07834563562015
-4.90279212052643
28.4305510339933
-31.90579220306276
-41.43668984606538
-9.746024329514945
23.58731882434869
24.4650708100728
42.18441568918952
19.39825140185188
-13.26922226794956
33.33334315464479
15.42386376750946
0.8777519860433518
-14.54611178117059
-22.78616428806715
8.73997265144931
-9.14941551703857
-1.711657197148207
4.514475454099694
8.489060934617511
-2.711309205575796
-32.66747366986753
-23.65175038502419
20.49523601422628
9.015723284797531
44.14698639849661
7.437758318797528
-0.2320409399193733
6.438106313418509
4.635754325663818
12.16499609155878
8.020956486715244
-4.947955871047715
11.46722713560531
-10.09417304229284
0.4466337678522433
8.424180755515835
3.446270648866062
-2.394662980379953
7.529241765250358
-8.037093750007623
-4.63758046929703
1.831735470253117
10.54080681110228
-4.977910106821989
3.399513280709073
-7.593885987063407
0.7835374009240685
7.252853341454895
7.736839074001222
-2.295976829125964
-7.594930056064986
8.377423387476687
-0.001044068775194451
6.46931593954837
0.4839857326862296
6.554991429358968
-10.10625263721465
10.30161111730054
-9.486095489175481
-5.008744542676029
2.160013639393748
-4.251363832701386
-8.130500252446421
-0.3789920109696266
5.483402893054461
-8.488560564751239
9.242037991814621
6.071005697234313
9.7347667258942
-10.03281590279479
-4.237196733037877
11.63946307603878
3.663761029308759
-9.817775449001404
-1.871722339972416
8.854055934731255
2.700376453067535
8.495995622488779
-7.370169678008125
1.576342867898976
7.946053109091055
2.447605770758915
-8.555174293708234
-2.185464052409301
8.540314223124312
10.92305621169274
4.379144518045142
-3.343268195360785
6.369710240953064
5.211906098822989
10.72577827499512
7.751508241009937
2.382741988320117
-0.3580603118376934
-5.649737444686374
2.284968269937447
8.790037257534857
5.983650191361814
-2.53607273211243
-7.493466069813547
-4.930596053953948
-10.29936230761101
-2.073775445540253
3.664269149125
4.690433949903123
6.76782311691599
-5.368766253456136
9.62103000312538
8.225586862876755
-6.543911694533183
0.1161868903239647
-8.109399973123717
-1.474791245044444
5.738044595471145
3.89431597087288
1.544199570878344
8.204298156695788
-6.178213143828132
-8.153952450881166
-1.406605477190165
6.990369368098021
6.660098585742412
-7.722412713863804
6.634608729218641
-1.213928790222885
-1.975739306783653
6.747346973646077
-7.943273859775204
-5.204661359894722
11.14065041360132
2.16500621763058
5.594912569760104
-8.958992912973185
-2.999035818277949
-2.6751195088648
5.397939027208206
8.061153119141055
5.959957094798823
6.283873405968139
-7.848537520580557
-5.185323429127799
4.922956650810759
5.369107216684639
8.396974845396509
10.73627262816593
6.226132650385671
2.663214092002571
2.738612499279941
-4.510139978574279
10.10828007867246
-7.248752476739676
10.79957392933715
6.147409667490515
-3.274166997204041
3.974585479694128
-7.975702049560364
0.6201571480386467
8.5958592024807
3.75863509830722
5.795619169589203
-10.07054613021037
-5.298953226959028
4.77159290323155
7.934705714849418
-1.843728625142029
3.103553968723425
-3.938050690971993
4.129961743071917
11.27663093056738
-1.532016549247128
-10.84659160670964
5.636741642123068
-8.769202438064214
6.505068988259283
8.068012433561991
-4.831151746507588
-8.382045089021821
-6.819101644494748
0.3275675429938857
-0.2535941007676693
5.635737652140994
12.31559751451394
1.562943444820404
-2.806387065615222
8.128450989014985
7.146669187803729
-2.501708191904417
-8.141597477906299
-5.639889287974158
11.98802996751595
-4.584165234522202
-11.92314715448535
-8.07318386330375
1.883635257319373
8.699264907152102
12.22632539235532
-1.941283576729502
8.993554478986589
-10.4610065015374
-6.88890620710992
-0.4829444358420004
8.202224183797266
10.93483805489919
-8.519722923991113
-0.7913302940615239
5.889331753988547
11.53592177117837
6.542428340289117
3.572100295546468
-5.403543903030214
-4.957393337421816
-8.975644197761632
-5.545737843189759
6.405961771609995
4.635526415390723
0.4461505657361579
-5.568546563843574
-7.338981920339366
3.116622056130177
11.6561459252229
13.2834301418898
10.1812642576105
-4.652164261436376
5.324778316387049
-1.770435356489261
8.685168619966985
-4.856485940695446
3.849963291309221
9.976942577412963
-9.421576664354813
5.155922608414492
-1.346933984645166
1.212530191886475
-6.167953954295903
12.17272020322169
7.359515244663165
-4.821019969746057
8.706449230566552
3.315026880267566
-6.191601788980867
-7.549780663095309
7.209907663913428
2.792909471093587
-30.13257556597904
-5.216845313751524
37.03228638752304
-25.38316225379293
-6.979106770468784
-11.20037014178557
1.774690676391319
-7.300349764115607
8.517832620587829
1.453447682255207
-6.828609787665755
-0.6157423448252355
6.862647096038615
-4.221263372475602
8.753797445887477
0.4717399767792191
-6.598124821430563
-10.02080288882869
6.670147254585134
-2.805069042427894
4.293285808191013
1.280932895138556
7.21573384757641
-2.37686144779641
9.364704409426148
-1.012552577089135
-9.666612220174652
7.018319898148754
5.934800950318843
12.01855266531128
-13.11890780449958
4.712521463359053
-7.380484146086813
10.96019001213651
-6.256994941717206
8.187543337321959
6.08375171745142
7.098354851158697
8.539523869355632
7.333758634323876
5.646590016726617
11.02205469053906
6.679859863654078
-4.993493430857492
5.657791688208355
11.52677910038764
5.375464674882324
-11.54587334098964
-6.386136262955393
25.96812692424451
6.345211151703499
-9.991402897507545
5.738423658172921
-7.064384937849383
6.861912863519842
-1.655185525413455
-10.96951640511746
3.475021872820064
11.88131376970687
-5.466039456081423
5.664766624720693
-10.11345802440979
-0.6278079926211164
7.795474787692897
9.802673576266193
12.35494181520683
4.930600161971929
9.485650032520672
-2.735192601630121
6.212867443169568
-2.84098382994105
-8.084467930454302
-7.069864798183374
7.47838944246161
-9.053851273273535
-4.498801399806096
3.9244813877702
-2.772646674108934
6.501793034870688
-4.81320496037891
5.143614160617014
-8.517098390903033
-3.866632888986054
5.503476950977
-9.506628668153484
-3.06497262594833
3.894880782788397
10.95309349183456
5.723843732344043
8.40629189813186
9.274439707716127
-30.77082246710863
-13.1743590651218
36.78025460190712
-11.84197454371213
0.8681478088094645
7.309803850521826
-6.216547144126326
2.506425528030991
10.62952397261609
-0.09786603008689439
9.71507297493998
1.120724459319534
-7.011091007194009
-6.776101311545633
4.65046550388638
-3.55390805626041
9.370109842536218
-8.204373562915062
-3.644906534611468
2.691874565288631
6.441656042037995
-1.358178874023269
-10.72739000372345
0.4034160743094276
9.126388743212436
6.706782622997225
-0.9144509968904515
11.13080607952318
-6.678235279928932
4.55504987409187
-7.665792765951817
-5.243484100133932
8.42328278564724
2.422308666978072
4.559467029761874
-4.803378322164903
4.65052135012491
8.788816357962927
8.722972670393327
-2.419606118843055
9.709697469268214
9.453899671733902
-13.99599757289664
-9.327031392066528
-1.67185106009931
-8.087562340431607
0.3477587560092292
7.156815668192421
9.183801642761189
-16.36058448187692
33.35517072093084
2.849418440131967
-13.18237080758708
-20.67384090699773
-7.621233618348368
12.12930358736207
1.589136180791823
10.02445727779415
-10.88126544010603
-4.313256425121292
-8.594348514580291
3.301934563635244
9.210369797755492
11.4762272761358
5.048444022727603
16.05922946364234
-2.346384511276917
11.89628307717502
-8.131815466153345
-0.1009429899295663
4.583002187507142
11.22741003305592
8.208193645324103
4.602397525186905
9.271363704954418
11.01078544339379
-7.394828537165012
4.668966180298972
5.908435233023602
-11.99722606551203
-8.286895898213869
0.541770830754788
15.89841281002371
14.61558166778424
-3.000646879763605
7.679662348474828
1.739421739578871
7.655180333154108
-4.31778897075123
-3.983826057826751
-9.21307581717241
7.317687843497744
7.754601353949928
8.612182525287224
5.915758591914709
3.625191458423955
11.20200761129011
-3.019216388339162
9.424388492750237
10.81662884943718
8.828666728556568
5.286249019506516
-0.2557977979870543
11.97964531471199
-2.104846308818249
8.777784055634873
6.731196577457779
9.956819120765269
10.34269013501152
-10.91642732945243
-1.47090744402026
6.364616375738144
12.91332714720316
-9.289143113286812
2.162627135188146
-5.762082628895651
-1.205765235092417
9.445519884667171
1.627284216930211
10.65128511919446
5.868987412852365
7.835523819756351
1.966536406299012
10.15152678584793
6.546260151182721
-6.151314424936121
-11.20691547402543
-3.021925093866668
9.709422321576922
4.899998097730419
14.58708261444837
6.548710771391329
8.184990380115185
16.10691357204547
-10.75070001204037
9.558202800619641
1.267867544807747
24.38694226659279
3.527060485419045
1.554470443499716
-11.14310413176778
-15.48529895540822
-8.654059645870881
-6.101791410515826
8.030872475863269
0.23498969360122
2.552268238140035
6.33678110135823
9.033581853255507
4.138295007766841
-3.201861258800644
-5.2484487374661
8.704913239842195
8.870529065639335
12.4436048821698
7.576816153180165
8.435321096721747
8.83604288632581
-8.747132107983896
-5.239420538771818
-1.688919397504538
9.612594504410584
11.61675379257582
6.779147018484935
-19.30189089402633
-4.473151428360386
11.9278824819616
30.04617936032858
9.879862418624306
-9.614806377253004
12.73134741505145
-3.605266634608754
-19.62291577315737
4.749413313006472
-14.74525548093814
4.877660292777129
-12.69757457595977
-7.8513713501727
-5.824385376099409
8.128976600911736
6.222439487322289
-4.895286846001262
12.07239032416331
3.507711570125893
-4.416998193642584
7.058212709509561
-7.92470976373345
12.01856755677167
14.82873946573902
9.687084516745317
2.026985974398509
14.0738108372443
13.95336197711214
-23.06809622530699
-11.32797617637713
17.90678689215253
-6.314893817639007
20.80404365397584
-1.282831142503553
17.45123776040628
-8.218750461284172
1.419448512359913
11.74012004922865
-1.906537113339033
0.1656158254068931
16.75320240836977
-13.64665716256356
29.23476306846422
5.087411740405136
18.73406890298106
-6.358400953317844
-30.50575228121315
11.23806244867081
-24.14735132820568
17.5964634019871
2.897256761851291
18.92884792347987
-16.03178924806528
4.477350949446991
-4.837224109054779
-9.314575058981905
7.16875818672015
2.077389167829196
1.014603132649851
-4.342194826002048
-4.866788728750953
5.813520499337157
1.392240356862549
7.960249372388349
10.68030922803984
9.638198973464629
2.146728873137419
-7.491470099869008
6.568009015231696
-5.229249759418184
11.30151390162
-20.34182248715894
-18.33766319905467
-4.28600664116168
18.75198498949964
7.679239864740504
32.55088517131225
2.004159288693828
16.05581584586126
1.294494681841283
-4.837606773709594
18.28146794865712
26.01690306410872
-23.80579237175558
-8.186890037150624
14.85110159410872
-7.218205789238794
17.2510931294695
-22.94821120025296
36.72900125812643
16.58758658255529
0.8575811713146821
23.1190747219852
30.64886108228548
16.40103391070139
7.735435116835013
23.03799163079115
-14.76132116355469
-40.07633960672794
-38.17015732592309
44.05224240710568
-14.43309838123721
11.83755203679359
13.79890018209483
29.24289856153493
21.8778996641623
-48.62222914553758
-29.8528744838929
1.906182281427218
24.46929891874663
27.11893747166467
2.649638552919237
19.47790812901637
37.45058437604266
-14.2478271714928
-22.91342596559192
1.958219340102076
15.29747654653472
25.52022116096045
-43.39333736001581
-43.18831374200012
47.50765174237011
-0.2364791783549689
-41.53986913841325
18.11829687846831
29.54530371773596
-24.1673681550344
-31.53236705352799
35.35320456265575
-13.55969080648902
18.19936595933927
41.93642490512357
16.03159116171157
34.80094582330507
18.76935466180063
24.8716453066914
42.24913170127599
11.42700683918813
-20.16631694086128
15.44399837963564
25.23510924528231
23.5620018218558
-18.72124920791297
31.00821264417337
43.15685818250932
1.853468221521106
-20.39435663159611
-7.36499889810495
9.791110865451492
59.52057271730109
17.97267624712866
49.7294618521871
-1.673107423615957
6.583220342702337
12.14864553843723
44.06053022712543
32.8538707617293
31.75905676577303
23.73705894523529
-21.00803090580227
-32.21469037104644
28.64183565625961
26.2706504182781
-30.82212486283549
1.648444604096454
32.47056946716637
10.22274461415146
-47.74413092122695
-15.832246233156
31.12797774862447
31.9118846885721
-19.49466879491116
-22.247824853184
-11.20665946532021
46.96022398178016
49.64986656199348
2.689642580144389
