12.36381355510288
-5.266863589319579
2.264372233233658
-4.000834045214026
-1.310547908697756
11.57298083741148
-10.12709694813496
0.6919209917384304
50.64725414366922
37.38124360883769
46.39576462130555
-11.87567507047454
-14.37733839478053
13.14009395351808
-2.381168078653772
24.33546511048116
21.01693602612488
25.33651570583655
-30.09557540442645
-7.03393618553209
-11.6895525658134
-1.941350098325754
10.41226452506512
7.664849925760541
10.08900298111902
-10.19781432812242
-8.364455257959753
-1.80523357870007
9.842960363149233
15.6596425023457
3.109392349996728
-6.502073362461664
8.788632749444501
11.23565826759599
-10.55333432325993
-11.11900220405435
-3.036487351660746
-2.307897063059948
7.99864791180455
10.44919313871502
10.28709589028561
-6.87100977091835
2.626834281715114
-4.423984234750115
7.744243269621311
-10.30649045712274
-16.70358522951981
-4.838110021255861
8.599905120448861
3.053373905754734
9.214719764034575
15.4003659272264
7.3981453477791
-3.318529084395458
5.788900203694565
-8.002220603975394
-9.611465723531836
5.679240410521314
5.357643755602907
-10.7166744398153
-6.397094767672324
13.35986435917633
-1.133979421805553
10.73149578571369
11.40300078731074
2.66097744345944
-19.63207441523404
-25.62122576232837
4.319579679783553
11.86547520785474
-24.48724634151208
-32.37045189182525
-7.66026161016453
2.372011813326213
10.39718272739345
-2.54285259819391
8.002415269977675
13.43801514288705
0.671505002068044
7.198102481197067
-7.385058440651109
-7.706655103708406
2.112785646869859
-1.545309246666847
12.14505905997973
7.195659033993093
-0.321596654516583
9.497844086875286
-0.5656678797112663
-6.239912662871927
8.245437260452134
0.6148146475116685
-7.257447805588252
0.8877139517484658
-8.331289843355984
3.248466581015125
8.468205652203769
6.489919778235723
6.16134585760698
12.20084226217093
7.036992563890741
6.526597479761876
-8.742023343200897
-1.474012817891777
-5.163849698833753
-5.674244782784965
8.082514855598733
0.9592665233916101
13.24636455288783
-9.275946100936119
7.894612454959115
-8.511005380250422
35.72662820209225
20.90453098708672
16.96920599526942
-22.16765803297992
-44.95103141044805
-24.45883736708114
-3.291036868853104
-1.184458789852741
-8.642788970194241
7.744098402983602
9.321455589191137
-10.23521262266016
6.935345930356339
-8.289748715654561
-1.45428578481382
5.434932975760283
-5.35175209861298
11.03513526695988
14.8322623325861
5.613258535769488
-9.160861329642483
-2.271642570539576
-5.434796900340078
4.983520508960145
-11.0182646278828
-10.22070201194978
0.7649407209358019
1.94546390497488
4.515194825943068
0.7975626145882706
11.78320534966585
-24.30088934414716
-17.77785703030651
44.39817941834498
35.10275315784887
43.76419696789408
-38.80923924931335
5.328251403190097
26.83877647447978
10.65354931748033
22.6536655267126
-29.75120117897251
-5.288399939802026
-7.458330183069476
-1.073842035335002
-8.958743138814
10.50591438313172
7.268010524215775
-22.29305185722844
-1.50041295458368
-9.219003797536926
-9.848741819513799
-2.986409084072169
5.602205832760279
6.390442285200121
12.35808604157027
-7.884901105086469
4.603843333844754
11.43930625885107
5.40438990023164
-7.751044488471725
-9.851127763029631
12.16616591411806
-25.09845195728706
-2.288805184243322
6.835462928809582
-14.45497109837861
-6.034916358043981
6.889218759838639
3.726064428038125
-10.25209699247543
0.5573347494174874
10.73322192463418
9.256338145219638
12.23751068228995
9.760980784467201
1.663451722333922
-13.15543438581702
-6.811127718710934
-20.2088880958073
10.4183174079579
5.096806433887072
-8.097529060805082
-5.321510971767285
6.86233273763693
0.1890141126898389
7.229153897259847
11.4117843367961
-6.846220085034616
-9.813885044644101
0.3620021346660912
-8.461831649988317
-4.279201199268407
-3.318127739479797
4.904164216370964
6.058723641982834
12.34899162914396
7.04013979147726
12.18384370756462
-13.19433549336396
-7.035234203232049
4.182630448429869
5.143703912807113
32.09564254458497
36.93821292309438
-41.98242374601588
27.19387642315636
0.1947567217860175
10.8094317424312
3.32852695005303
-12.85670020100243
-11.04978219430012
9.183365414878436
8.950516709414904
-1.080401199700027
9.376851372687788
6.159101287241244
-4.289468475365629
-8.474579438571173
-2.967664965117328
-10.44856976001451
-7.48090479291628
10.17588717560665
-21.04975644312616
-2.10008327305353
-22.47549296548699
-7.053453710748632
-3.859973599973016
18.94967317108704
-18.68207081266169
-29.85337400169986
-1.425736523119549
-16.18522715105521
-4.185110955486361
-13.39776037462302
-27.94206546859127
10.03227341611759
-8.983446330597463
-2.923700636284879
-7.873100663452542
8.552792911957157
3.773643863554856
8.552189202286428
-22.02809344390646
-19.1874994567934
-2.698642520782667
-10.74914854186127
-21.58226691093215
-7.630622614379861
1.110345666584154
12.75709019787832
1.436007086111059
-7.998355559411776
0.8518192293483658
6.598682007137344
-6.222477017701327
-1.476883774540792
9.969380986769696
2.981172544996414
11.44626475643665
8.465092164302487
9.748202467487111
6.523032315317382
22.80964677207315
-14.82209721395002
-18.75742220796771
27.63856986149901
2.35811533689011
-0.6339824499316737
-39.06992801570309
-5.989151346607383
-25.28045452442967
-28.27255231209923
30.94484476992923
8.661443811814244
23.06163921935113
-22.28340096447028
-7.883205547697046
-11.1713031882768
-43.07218901931528
-4.901766123383236
28.42763747942053
-31.90088583179981
-41.4280433597064
-9.744336503314564
23.58506709401249
24.46280124242341
42.17718046780106
19.39380710859287
-13.26601053327518
33.32940360475805
15.42203925385403
0.8777341516633168
-14.54430509883293
-22.78337336751658
8.740968281829666
-9.157780328676449
-1.712952910518435
4.521149349428155
8.499303275115091
-2.714366897486274
-32.65981764264567
-23.64529662799774
20.49219403345536
9.014521014024966
44.13749065305174
7.444827410075941
-0.2328487041039823
6.443413443748841
4.636991643392662
12.16822748190067
8.025170916924019
-4.949400026577231
11.47649354598083
-10.09944132186883
0.445826534214482
8.438350915045101
3.451322629031358
-2.394767455379017
7.531235830530767
-8.050506021055556
-4.644701370984238
1.833359070162274
10.54526786725748
-4.987028286132795
3.405804650371795
-7.607480856283463
0.785352084027736
7.263412537165006
7.746968073750251
-2.300186122800401
-7.608084569904274
8.392832936626014
-0.0006037121053499406
6.478060441446859
0.4835555378850246
6.559221692052932
-10.1093383533996
10.31325504988489
-9.489673269207634
-5.010291004953153
2.167588277219162
-4.25477414065668
-8.140514332726426
-0.3800252933405133
5.489564318390947
-8.498325168628829
9.249619919876757
6.075666162064516
9.744338460869578
-10.04715419454709
-4.243551033651025
11.64819395257847
3.668672308160067
-9.831876122044552
-1.87482327331447
8.866526901343738
2.705112913148043
8.508716070587608
-7.381330885623599
1.577357184122071
7.957052853274788
2.450545233167903
-8.568265303500892
-2.188569627447081
8.552780555569752
10.93758906597115
4.384917025143364
-3.348526239570929
6.37969567123825
5.219739066959255
10.74135018031386
7.760489037232627
2.384808507164229
-0.357810831744382
-5.654919049581028
2.286439584371792
8.797287662449389
5.98911415607663
-2.53815252232331
-7.50065430432483
-4.935066978907063
-10.31074750890624
-2.07649711190398
3.667207825277529
4.694578232098456
6.773138004749905
-5.375680529768316
9.629645211148746
8.234250397681675
-6.552672045681017
0.1155341049627295
-8.118716294363274
-1.477053777024228
5.743704937860704
3.897969684129521
1.546751920816788
8.214958076477018
-6.186691347886444
-8.164977225459326
-1.409097020885149
6.998693948097253
6.668206155496691
-7.733443266087766
6.641662519549834
-1.216264131725486
-1.978285878268719
6.75588020554828
-7.952406779901332
-5.211879888589323
11.15311862264979
2.167682798524512
5.601304686022945
-8.969617042106181
-3.001973282933753
-2.679349065903136
5.405817689498543
8.07180517939306
5.967643756643271
6.290267985362718
-7.857926653485761
-5.191939169454219
4.928150416062829
5.375023465463778
8.407790969885038
10.75115424669594
6.234102251376044
2.665987485764123
2.740526893851113
-4.517051999660041
10.12008958197182
-7.257578896641832
10.81318457791111
6.154937650271592
-3.279424983078769
3.978153919310585
-7.979521673108039
0.6196650841914457
8.599186806864846
3.760055601151568
5.803603159167886
-10.08644379443385
-5.307898449540132
4.778545342457639
7.941358636269613
-1.845735253615915
3.105930180391137
-3.940659448599071
4.133925186693283
11.28574871143283
-1.536134144245401
-10.85464767827601
5.64174523752513
-8.776087905273725
6.510848080515455
8.074584631138441
-4.835428454038907
-8.388617429810184
-6.82488088875222
0.3269426304308111
-0.2532985465809202
5.639388173545275
12.32311303860528
1.56373654646866
-2.80817350193534
8.135318888813694
7.151823525389193
-2.501663321952672
-8.145666772665297
-5.644003468721165
11.99617036215085
-4.589033841846994
-11.93409418215239
-8.079855870581188
1.885476334000375
8.70363393530552
12.2321827522209
-1.943531812715263
8.999960579400346
-10.47079849209426
-6.894737492379685
-0.4829515867179831
8.208880967118972
10.94349238978802
-8.527266677051617
-0.7910796156396531
5.892686734870588
11.54452373954895
6.548166558864255
3.576060998383194
-5.409374829952089
-4.962501780042393
-8.985435827745244
-5.551813937047909
6.411785904763752
4.64063888186171
0.4468730489161586
-5.573913307375558
-7.345060332276812
3.117919245621126
11.66408865647887
13.29266777745434
10.19245281638426
-4.658246929365907
5.331177673140486
-1.771147022685735
8.691832550780912
-4.861275143618882
3.854238312000867
9.989424604232672
-9.434362638466963
5.162674913041014
-1.348972757820859
1.215167271308082
-6.175722461869482
12.18479213860822
7.366540693338534
-4.826749699137912
8.715513451311027
3.316258991249365
-6.193067456649256
-7.552793300747902
7.211799770210311
2.79391311678588
-30.13118408728603
-5.216773257074488
37.02769120036996
-25.38298967318424
-6.988687062394805
-11.21367018287815
1.775878549166359
-7.308004635878231
8.530857262115278
1.456560994535218
-6.836568563823948
-0.6180505520478897
6.871629591222033
-4.224983127366565
8.764565619016913
0.4714360795444265
-6.602413176663171
-10.03091791472136
6.676262157214871
-2.807992281691315
4.298832123335451
1.283110328715837
7.222925639599262
-2.377430042413532
9.382260537813679
-1.013709014295372
-9.701710745875793
7.032456709698937
5.939815287919194
12.03035312677733
-13.13775252658185
4.718858068892694
-7.390889738088141
10.96962487562884
-6.264571553925872
8.195439729944372
6.090537860876774
7.106824408809457
8.546169408244188
7.339246181208208
5.651836994238025
11.03146809093932
6.683724879452962
-4.996357191518582
5.660777769755168
11.53604416419323
5.379631105091337
-11.53241389740132
-6.398381719763544
25.98072740907613
6.350861827169224
-9.981641152693735
5.74686278314148
-7.074296256183659
6.873180981991017
-1.659227682626637
-10.98342962492635
3.476581655330269
11.88918652235763
-5.468434996485685
5.668422644866673
-10.10582710093805
-0.6293066052306844
7.808148147804668
9.804115832501177
12.37067847627223
4.923691302349607
9.476520502990345
-2.74741460970024
6.218518019265868
-2.843182907278175
-8.0901358020404
-7.073849261986262
7.489680161081763
-9.061700936598932
-4.508871721229334
3.928583099883615
-2.774185142497429
6.506806602071864
-4.81825144931065
5.147080758735361
-8.532408686643857
-3.875279871301714
5.514994645728899
-9.509326447076024
-3.065468975230802
3.895540777617865
10.95408175308931
5.724562958306898
8.412604874401426
9.280991740793926
-30.79408907072762
-13.1797748535046
36.78910092263084
-11.84743301738144
0.8683868633377552
7.312244332275776
-6.220763872705008
2.508040505339458
10.63319742014286
-0.1003203881170171
9.719521726500551
1.122440985492106
-7.024851464150819
-6.790209581393024
4.657128837368182
-3.561097078332625
9.390274538073051
-8.218225944872845
-3.655695604875457
2.700385382797377
6.443857471174062
-1.359725844833608
-10.7335178166824
0.4033398048950315
9.132144162255045
6.711603812974078
-0.9136756825567893
11.1368576313073
-6.689889176209314
4.552829231270406
-7.671105930350505
-5.246952894495524
8.437454806864107
2.424153044963107
4.562530350578049
-4.80420382469992
4.651762195372215
8.790031933555833
8.728804367090127
-2.420540339449692
9.712114534317333
9.455966016857554
-14.0011262578095
-9.330771585996716
-1.672917001130243
-8.090335339416198
0.3475405061858278
7.155950839288907
9.182462122199944
-16.34859419854991
33.35162288620415
2.850723344316231
-13.17611892516378
-20.66158020165008
-7.625279484294238
12.13265487104787
1.589906213037995
10.02778206161382
-10.88105984558151
-4.312986003100737
-8.597080728454864
3.304394757931457
9.215185690909417
11.47853980617677
5.04996874544914
16.06316609942956
-2.349803828114225
11.90147547383247
-8.147292443389086
-0.1011267049259101
4.584626293253428
11.23108967492587
8.211202300787136
4.602829512208173
9.273184167248059
11.01319738305346
-7.399772609127665
4.670354663426497
5.91079092213754
-12.00260215689972
-8.287642524704189
0.5412253210680547
15.89655060399026
14.61398470908436
-3.000047030604644
7.679534576844196
1.740013229910063
7.657854593083762
-4.318103702597684
-3.983255494452871
-9.212774289801523
7.317750165145286
7.75403664892159
8.61165512528313
5.917841338338422
3.626576014486751
11.20543683456753
-3.01988738109216
9.426102634314187
10.8190179397817
8.828867843551834
5.287595499800689
-0.2561485189813214
11.97810490261951
-2.104872806714365
8.776791806578199
6.730048807871354
9.965332209542858
10.3467064182535
-10.92103589337798
-1.47082413299033
6.366448160369447
12.91370193598506
-9.292456781292026
2.16228627798999
-5.763907970217963
-1.206923219715476
9.450211754110853
1.628579118362342
10.65713496789979
5.875266400053325
7.837272292207162
1.962005888911311
10.15113799471014
6.567878561099228
-6.156413051040055
-11.22204176583102
-3.032909656715998
9.716333899074781
4.91147271763475
14.59762904944514
6.547253774060597
8.189132107607426
16.1335144847278
-10.75141565875233
9.586260711538721
1.267735709866002
24.41689778562652
3.528548817217556
1.550772744729919
-11.17351885852296
-15.52126203545212
-8.688001763613981
-6.12143916200882
8.04616573220898
0.2346418620996915
2.566562633638446
6.356080998253311
9.032940325752197
4.138269738601571
-3.201313095330533
-5.248056095154694
8.704929095351014
8.870827256308912
12.44599002744948
7.578860822527552
8.437875847089142
8.834921616026552
-8.747848572719942
-5.239540974621824
-1.689307597686718
9.611698061971575
11.61669707531444
6.779610395455973
-19.3025098227859
-4.471872749332046
11.92836419956606
30.04662783082365
9.880411397052791
-9.616353490709189
12.74924355136193
-3.583259433037377
-19.62986558886189
4.748194422818613
-14.74857044610359
4.881295148502093
-12.72429161104668
-7.85086945275868
-5.824358171528407
8.128627015816011
6.22188993732793
-4.894670587184214
12.07214035092843
3.508307597672143
-4.417886654144262
7.058540975142272
-7.926194249887149
12.01915136939525
14.83063707368566
9.686156332172958
2.026511281760965
14.07275938881209
13.95298518836948
-23.05556850458251
-11.32162694804217
17.90717466157682
-6.312199854524638
20.81359866298305
-1.28256589648989
17.44382428519847
-8.217016025561493
1.41698201034785
11.73394155641586
-1.906737077213807
0.1658981601398139
16.74336865019096
-13.64067863287565
29.22880160927472
5.085711551086395
18.72639018302793
-6.357809492830898
-30.5008995471524
11.25650472438595
-24.1430900576492
17.61431421722335
2.906424001156323
18.94665605422767
-16.02684227242217
4.479382292285791
-4.839131255278213
-9.318513551011897
7.177879331971571
2.078559772826925
1.016286540320419
-4.347743202690617
-4.867129200876851
5.812452407952343
1.392915306937704
7.960989154258383
10.6795816072295
9.633998033093457
2.14853674686844
-7.485461281355716
6.568073844733134
-5.229518795065627
11.30100565962836
-20.33429336016309
-18.32929434691934
-4.284798679957631
18.75724874236372
7.71954813407338
32.58743969154578
2.0049990138086
16.04949468008176
1.293904960140147
-4.837086679248888
18.31207539742565
26.04884248128522
-23.79692509900968
-8.183716903647014
14.85833051930991
-7.219454608872244
17.25599753874679
-22.9393066227859
36.74246598254486
16.57747048989584
0.8576184760671559
23.14916207606487
30.64752306437038
16.40023694928615
7.736767085217143
23.04204742246626
-14.75558971961807
-40.07692401015633
-38.17176601620962
44.05611355033562
-14.43205902133025
11.83777007037561
13.83019094948056
29.26731087597681
21.88413546337201
-48.63653393899487
-29.86272055239278
1.905158000121641
24.47545214737686
27.125798517766
2.650346370427232
19.48646844413148
37.46439181191122
-14.24728611497365
-22.91075597930841
1.957135577252508
15.29690080633368
25.51805837951449
-43.38702437903446
-43.18165502859488
47.51002209657051
-0.2361785551681322
-41.53373554184346
18.11826363102621
29.54418692097309
-24.16001473080659
-31.5431901446618
35.35868684333531
-13.56526677698468
18.20261177981604
41.94231878522114
16.04023205395214
34.81404544158465
18.77381338779387
24.867891557576
42.24446445737346
11.42592328986628
-20.16621642482628
15.43711992667666
25.23331956510729
23.5609228032771
-18.71961749805853
31.00288443648762
43.15084583183882
1.853288836448431
-20.39201426036873
-7.383175413361061
9.796199638250759
59.51870157364716
17.97792336784205
49.72250193572046
-1.672396762011478
6.58363194199968
12.14796139652603
44.05999455058755
32.85346104321179
31.76787855665847
23.73970700014236
-21.01180998127023
-32.21834348738415
28.64823835554501
26.26982909397799
-30.81854117464843
1.647919492341501
32.46646066883483
10.2211575728833
-47.74620065630207
-15.83416750805138
31.13559469065586
31.91203315281323
-19.4967648783423
-22.2453030971156
-11.20653350674478
46.96976219870687
49.66004833601941
2.690286136516236
