12.36486774045484
-5.267266631377349
2.264571801002446
-4.000859894988376
-1.310522058923409
11.57341409983404
-10.12761385465852
0.6919550242989082
50.64761983226165
37.38153201735441
46.396181000162
-11.87616900090444
-14.37815781878915
13.14085606862779
-2.381414907884395
24.33576105468718
21.0170186543916
25.33709001475856
-30.09599834735138
-7.034052898649181
-11.69059186279519
-1.941431745974786
10.41403174495895
7.665883888264442
10.09019409905502
-10.19847156854034
-8.364927199396611
-1.805314991467092
9.844134578608307
15.66081342651015
3.109684080565007
-6.502481104094204
8.789239085594074
11.23649037131034
-10.55427547365358
-11.11998582334902
-3.036761544891847
-2.308112367458865
7.999396522484309
10.4501827024516
10.28796627144857
-6.87157436018378
2.627065696736
-4.424323055200199
7.744899399461514
-10.30714969361541
-16.70461586486846
-4.838441814271471
8.600528775338729
3.053582379192844
9.215396078210023
15.40156188340547
7.398795109971169
-3.318742400334759
5.789396686906674
-8.002766799661762
-9.612165196498781
5.679555016868741
5.357965269578671
-10.71753751847521
-6.397466166201047
13.36073206883595
-1.134076626269027
10.73209742349499
11.40361565259257
2.661131966776639
-19.63273376711027
-25.62190658405867
4.320071360443278
11.86617405014173
-24.48782995883966
-32.37114291389693
-7.660900576412081
2.372253975535259
10.39827375811118
-2.543066847949684
8.0031847343786
13.43897059091006
0.6715182295994613
7.198604453856404
-7.38567283241349
-7.707262588456441
2.112967261787191
-1.545448890812155
12.14612180266385
7.196290077698591
-0.3215897468857472
9.498640093546387
-0.5657103484988599
-6.240366138353102
8.246163106398727
0.6148673070904009
-7.258120492847588
0.8877979641661701
-8.332058109430639
3.248770125945065
8.468991073465565
6.490514811408974
6.161813698269694
12.20174201406986
7.037460265186408
6.527086224912844
-8.742483685098815
-1.47410095813352
-5.164281749484717
-5.67465578950574
8.0832242819372
0.9593297522348846
13.24750602981287
-9.27655274752037
7.895283005174162
-8.511561221673487
35.72683916697394
20.90471279642655
16.9690955979903
-22.16787496713196
-44.95147671109053
-24.45909691869409
-3.29134162424169
-1.18456544177606
-8.64356465261085
7.744816452086994
9.32232516890584
-10.23588249796225
6.935953251659174
-8.29030214759538
-1.454413965273402
5.435400278620178
-5.352223025425694
11.03615807112236
14.83362892520692
5.613772849783217
-9.161655969757589
-2.271841727394921
-5.43528468953163
4.983975206867577
-11.01883932245402
-10.22118809270373
0.764991526173968
1.945580348188348
4.515448124299922
0.7976512283086986
11.78383084954755
-24.30140171985565
-17.77841760704701
44.39837489265183
35.10285418902043
43.76440159583149
-38.80941041607147
5.328365224181675
26.83943194153584
10.65382331759689
22.65422607356222
-29.75160440814064
-5.288549177892539
-7.458999213778069
-1.073937613973983
-8.959552188073728
10.50689061503594
7.268382725778596
-22.29386573237045
-1.500552973032689
-9.219856076205637
-9.849653713944068
-2.986679185733876
5.602716853914278
6.391014833463084
12.35920017643723
-7.885614575857661
4.604112161866388
11.44000033798648
5.404637810498427
-7.75124458342406
-9.851581308420039
12.16676843791038
-25.09905294666732
-2.288925034068265
6.835888180143029
-14.45569347194775
-6.035362526842295
6.889814243128248
3.726371278894597
-10.25271554769908
0.5574327944526215
10.73415303796952
9.257124924282477
12.23855328149309
9.761733804015014
1.663541119873551
-13.15588239084718
-6.811445919079281
-20.20959531108038
10.4192598949857
5.097247342550826
-8.098192682734746
-5.322012549962865
6.862974530530328
0.1890447989951745
7.229846973161884
11.41287253233425
-6.846794649464109
-9.814703147529421
0.362017100328488
-8.46262475181436
-4.279599180599749
-3.318439860866888
4.9046090177735
6.059254171281197
12.35005332757567
7.040802181553648
12.18498707848848
-13.19544002387886
-7.035839454330622
4.183025568744737
5.144184893395266
32.09593855900166
36.93854517371132
-41.98279830599283
27.19412395059287
0.1947604575290158
10.81014834272438
3.328675133791533
-12.85693348379247
-11.05085542362394
9.184208197506361
8.95138319526365
-1.080529885181428
9.377694022809276
6.159600566431052
-4.289781151867604
-8.474987036338035
-2.96790850393691
-10.44938171555519
-7.481473209505385
10.17672024393013
-21.05034260621927
-2.100336723334518
-22.47609626022991
-7.053712921057416
-3.860122026568839
18.95000588394838
-18.682248394709
-29.85365804803044
-1.425753654816252
-16.18560861758373
-4.185205876222029
-13.39814938938662
-27.94277525367506
10.03315454406669
-8.984282024441784
-2.924007129540745
-7.873838855797509
8.553692711201936
3.774013037446521
8.553068946007565
-22.02982239162927
-19.18877774275775
-2.698310207194833
-10.74953379447748
-21.58386676299761
-7.631295800818617
1.110443168044624
12.75829506578097
1.43620481555955
-7.999223059758402
0.8518936937562075
6.599522050142008
-6.22322538680859
-1.477028108479455
9.970325530060196
2.981428365685896
11.44735363333197
8.465925217242436
9.749160116819873
6.522984114334064
22.81012791157955
-14.82212636942992
-18.75774357018236
27.63891052313513
2.358182837208075
-0.6339732962639573
-39.07000966905442
-5.989172816425086
-25.28072768571477
-28.27288382012024
30.9452584045286
8.661547408707145
23.06194544919159
-22.28371100261235
-7.883312952257011
-11.17140965249463
-43.07258776275986
-4.90181461050258
28.42790439412672
-31.90117811109202
-41.42819251386464
-9.744421226729036
23.58529777205688
24.46305523372421
42.17755876352103
19.39395703908859
-13.26608781324168
33.32971900672276
15.42238333822023
0.8777574651428466
-14.54462586948665
-22.78360173331736
8.741738969771115
-9.158517868345069
-1.713073552879722
4.521540270267363
8.499983680102622
-2.714587508917963
-32.66004485316207
-23.64539586802134
20.49237978179929
9.014648984473924
44.13777564083753
7.445444306849764
-0.2328250007527892
6.443930372791676
4.637383981174282
12.16922243062397
8.026019785605607
-4.949831725611093
11.47769983833743
-10.100295939452
0.4459556299541789
8.439243948401261
3.451680052706203
-2.395089021562419
7.531838440914886
-8.051223587258646
-4.645082177071624
1.833544369143314
10.5462515813574
-4.987563895810087
3.406141410510433
-7.608295932746931
0.7854093776346597
7.264035936676916
7.747598889479973
-2.300482990545127
-7.608919702164038
8.393705306455256
-0.0006237678040217661
6.478626546538226
0.4835629541910071
6.559612221598546
-10.11014331875435
10.31459747868836
-9.490639774573904
-5.010871430290637
2.16800870696843
-4.255134422270896
-8.141288432023147
-0.3800801774534842
5.490093299523648
-8.499102632058383
9.250424249201705
6.076049275855091
9.745227723751293
-10.04808187789159
-4.243968215828162
11.64944958154964
3.669178457920219
-9.832854767793624
-1.875025398328914
8.867351909071624
2.70542405621244
8.509537714577121
-7.382068577699812
1.577508714556471
7.957829374349969
2.450786186611458
-8.569081088781495
-2.188760421570328
8.553616894758367
10.93861114230405
4.385309741220694
-3.348860149049955
6.38032066205594
5.220220942954002
10.74237731346314
7.761208252283253
2.384994244083535
-0.3578141955919744
-5.655507107577006
2.286633138457308
8.798215752199628
5.989771258824846
-2.538383386242827
-7.501424523003432
-4.935501720665031
-10.31171572870517
-2.076717841374583
3.667542405623846
4.695002703511955
6.773742857624732
-5.376214007814157
9.630504424395424
8.23499788799203
-6.553301406234291
0.1155116949923433
-8.119486194719078
-1.477223789178246
5.744260247659641
3.898342833264887
1.546917899477288
8.215731006021301
-6.187251994983317
-8.165728260850738
-1.409244942821795
6.999308384860029
6.668813106377275
-7.734169891712614
6.642262407826486
-1.216422624632848
-1.978476266637578
6.756483319079764
-7.953221728988965
-5.212479223174798
11.15436094262547
2.167915069642811
5.601937021054733
-8.970407744069597
-3.002222398163215
-2.679608599388745
5.406330933211267
8.072524448096008
5.968185343178592
6.290799154393134
-7.858685034744626
-5.19249152612071
4.92864527997002
5.375566627014392
8.408553328643046
10.75213304897445
6.234613813991169
2.666193510439033
2.740742508581731
-4.517519239592326
10.12113680236161
-7.258261751620168
10.81441624779168
6.155609507460321
-3.279818354749221
3.978443403037628
-7.980271154291638
0.6195035441799078
8.599774751442865
3.760330949360545
5.80411366021412
-10.08749262931155
-5.308436714238434
4.77905591245377
7.94214024851716
-1.845917414220383
3.106200452909351
-3.941026986773356
4.134439141493051
11.28698550202947
-1.536494722813641
-10.85570693756229
5.642385520909314
-8.776966783176997
6.511582616319523
8.075466123827875
-4.835939793606092
-8.389465462036885
-6.825581964770302
0.3269643897868822
-0.2533599015440886
5.639659704993142
12.32370739913412
1.56388350306942
-2.808444488638161
8.13610556644041
7.152546361214367
-2.501988815379091
-8.146588771719497
-5.644599975567968
11.99674296012623
-4.589443409027298
-11.9351506734792
-8.080522033313082
1.885645915856542
8.70424926805325
12.23303247671955
-1.943754343892701
9.000795712563857
-10.47190898989888
-6.895425593298191
-0.4829768172167745
8.209633607758979
10.94455005402021
-8.528154643570046
-0.7911621085011468
5.893019622317736
11.54526239156841
6.548615990772028
3.576483395076689
-5.409962482258964
-4.963041134665666
-8.986445876752814
-5.552423922062571
6.412448775081528
4.641181174178854
0.4469213465238294
-5.574439652767322
-7.345707255788391
3.118170771268995
11.66497670217268
13.29369267738872
10.19360509358784
-4.658806742206812
5.331823726912745
-1.771267600642997
8.692610421657982
-4.861781367108378
3.85462864061572
9.990630470994915
-9.435427867731232
5.163317226070604
-1.349161684785498
1.215385926663905
-6.176474943466051
12.18598266557541
7.367248318327934
-4.827313253403648
8.716410003189207
3.316443453774216
-6.193458905998291
-7.553286363807997
7.212215617331009
2.794100196382237
-30.13135456466544
-5.216801003071663
37.02775102122418
-25.38315143817083
-6.989326330972051
-11.21457119995721
1.775997681040414
-7.308535295812665
8.531907839134581
1.456788736507794
-6.837138015569561
-0.6182319207745047
6.872362212896624
-4.225244876308289
8.765324020102902
0.4713972882772741
-6.602789903675263
-10.03191308639635
6.676755383526592
-2.808226697224133
4.299210372563173
1.283234926872996
7.223686396151428
-2.377545020043982
9.383645394170184
-1.013836033479802
-9.704337956213918
7.033717535437494
5.940451444731659
12.03162589561591
-13.13948924324504
4.719465920791274
-7.391860875406731
10.97059674780027
-6.265313125646968
8.196231922465426
6.091174474388194
7.107437073816866
8.546805928073157
7.33977810648677
5.652242758054605
11.03211989371808
6.68404770952807
-4.996646412453227
5.661154459709775
11.53671273539099
5.379877144609356
-11.53307110669317
-6.398619782248596
25.98109247455298
6.350950803345709
-9.982222080018628
5.747628362112186
-7.075119090409347
6.874176127570489
-1.659545638790044
-10.98477904869134
3.476765995601319
11.88995295807914
-5.468789609916456
5.668797774828196
-10.10538697474902
-0.6293899516657148
7.809069708121273
9.804413645967573
12.37192281126065
4.92334578153728
9.475997030859606
-2.748147867814934
6.218906102828885
-2.843266310129292
-8.090449789259422
-7.074187198179011
7.490594152709304
-9.062172423768247
-4.509521158840466
3.928938573646782
-2.774364821954314
6.507261058382643
-4.818734351464124
5.147433601402859
-8.533721789888242
-3.875933111192118
5.515989457211057
-9.509902358971164
-3.065655897138522
3.895772162177262
10.95469561184526
5.724874916837386
8.413186970318206
9.281625876370805
-30.79454503942663
-13.17998642146555
36.78901118038848
-11.84747747644567
0.8684389028252089
7.312685361568893
-6.221155178166077
2.508200655763506
10.6337064399733
-0.1005403238347146
9.720048859835584
1.122632528359376
-7.026061394516075
-6.791389842951198
4.657788702223657
-3.561655597363781
9.391922590828353
-8.219444330729623
-3.656591215224015
2.701073112239265
6.444246461123916
-1.359827458608496
-10.73424677279746
0.403340590875547
9.132696402794302
6.712014530645661
-0.9136575682646234
11.13758737403042
-6.6908495008838
4.55265128198486
-7.671493668841455
-5.247183478885117
8.438459717297494
2.424310199670442
4.562853126752968
-4.804484703424807
4.652014634425051
8.79053081402105
8.729355822276437
-2.420681861674663
9.71264854221902
9.456499334433964
-14.00183304754621
-9.33124659049486
-1.67300641897887
-8.090756234877412
0.3475736346303447
7.156346963996681
9.182990968702343
-16.34956591486988
33.35172801308017
2.850626049971535
-13.17663400339731
-20.66264756537061
-7.625672086934292
12.13333040102567
1.589998103510916
10.02832797617385
-10.88145907543737
-4.31308165050133
-8.597416318043376
3.304593355404949
9.215670183639956
11.47905933466235
5.050189719335566
16.06390881526768
-2.349927858732162
11.90200966001521
-8.148693916168304
-0.1011403317502936
4.584849480605959
11.23164794898626
8.211610156451012
4.603032314238626
9.273618753324097
11.01371912702772
-7.400117616096948
4.67058644806857
5.911076816654205
-12.00314996836437
-8.28808690883668
0.5412664798480018
15.89749696743184
14.61486313677146
-3.000219921341535
7.679947309642804
1.74010038879407
7.658240180268479
-4.318349005131518
-3.98345944434903
-9.213280139977583
7.318111229647536
7.754461966334766
8.612109582081219
5.918139764877211
3.626760683280598
11.20600675459385
-3.020037799971144
9.426597921386596
10.81956887885951
8.829353386326572
5.287866993549682
-0.2561492093869875
11.97878273841601
-2.10500242198325
8.777298105289947
6.73041491058681
9.96616795449544
10.34738656090131
-10.92171904810049
-1.470945969496248
6.366788091652017
12.91440117270528
-9.293003082409669
2.162404043878281
-5.764219879967008
-1.207027813707116
9.450773071908712
1.628715972385943
10.65780087928207
5.875558281672182
7.837734059908118
1.962175774792904
10.15181458530805
6.568212286814092
-6.156835582150123
-11.22262573937696
-3.032986925340017
9.716583669726669
4.911689822721141
14.59797784296723
6.547613079385593
8.189638812418142
16.13431556343406
-10.75199712963991
9.586702484988871
1.267796678427723
24.41749561602796
3.528783208974837
1.550849026697237
-11.17419883276979
-15.52227098002288
-8.690501956987621
-6.122992836793707
8.047553577710504
0.2346715295014936
2.567509154447132
6.35766433871047
9.033447314911852
4.138516180051813
-3.201484632382158
-5.24836782825073
8.705432524202521
8.871326339233407
12.44663573423442
7.579246073922184
8.438329871085564
8.83541733411715
-8.748330662451981
-5.239822155831357
-1.689407213364924
9.612163460651415
11.617221456449
6.779971653775689
-19.30274002764069
-4.471946897260363
11.9284629021035
30.04684911634872
9.880498662371449
-9.616452007112317
12.74957059033066
-3.58360229788109
-19.63014167864451
4.748203135812135
-14.74874751354549
4.881394171237353
-12.72504786780064
-7.851338663958812
-5.824694661024044
8.12910568805002
6.222257995157075
-4.894931134857007
12.07281097087143
3.508508506092706
-4.418115421659975
7.05892344927827
-7.926623925679074
12.01979380890948
14.83079313062422
9.686288020634111
2.026644003481104
14.07359665776344
13.95380035016941
-23.05581558476568
-11.32160465689317
17.90743634446085
-6.312207148085186
20.81435974253806
-1.282633832344805
17.44429479165989
-8.217549656104007
1.417034732536511
11.73421092771588
-1.906847691540753
0.1658938141802569
16.74360843677042
-13.64105861844553
29.22904100098849
5.08587000800149
18.72692862544081
-6.35793097990349
-30.50110196874202
11.25662763805082
-24.1431709923957
17.61455861796143
2.90692339780615
18.9470675639234
-16.02726005650862
4.479768374216987
-4.839443855053194
-9.319212232930365
7.17888019049117
2.078740154249084
1.016262591325002
-4.348072174793626
-4.867389655977624
5.81277757650363
1.392970959041612
7.961348389144652
10.6801672307635
9.634584385623924
2.148570813239682
-7.486013567178834
6.568377427340952
-5.229820695318311
11.30157067400661
-20.33460267741633
-18.32954468172073
-4.284696373441182
18.75764999264442
7.719766911600624
32.58775444969179
2.005057996258535
16.0499063038524
1.293998352432213
-4.837249802046381
18.31244913649312
26.04931159361228
-23.79743879355228
-8.183883227340521
14.8584631393835
-7.219724170835361
17.25645926263645
-22.93979117796669
36.74270688934066
16.57771462245402
0.8576476154313912
23.14969893791252
30.64777903013538
16.40040979975256
7.736862458474762
23.04234636623164
-14.7559079511074
-40.07662690025145
-38.17153471906392
44.05666367465493
-14.43194826780466
11.83790875250263
13.83010445734711
29.2673318937162
21.8842437500936
-48.63648865574541
-29.86293720354836
1.905092187784887
24.47618343320827
27.12656689089747
2.650383457730096
19.48624762703561
37.46407907800444
-14.24736923027076
-22.91091657181683
1.957070965360272
15.2969840804468
25.51814797748634
-43.38688746411124
-43.18151693085672
47.51039903772721
-0.2361783381861246
-41.53361358918958
18.11838621398854
29.54435331038007
-24.16013176247296
-31.54321990735576
35.35851083932754
-13.56538845649836
18.20264093940861
41.94222740191081
16.04014416705894
34.81369562036875
18.7735514534677
24.86798753819352
42.24455202421937
11.42596709631083
-20.16635044441638
15.43722743654834
25.23353395950529
23.56107701314256
-18.71959356834221
31.00274250924428
43.15070913443975
1.853273874128749
-20.39205051520198
-7.383088144380643
9.796306522778247
59.51864260129772
17.97783145102805
49.72233607884253
-1.672456946543414
6.583716562687908
12.14796662645196
44.06015737374191
32.85357359314892
31.76802939575813
23.73958645688084
-21.01217115083907
-32.21875493008577
28.64882213144535
26.26985702273347
-30.81858493553618
1.647903347643725
32.46648828514727
10.22116389674029
-47.74657738078584
-15.83438663970193
31.13626880481511
31.91219074595557
-19.49695065942091
-22.24532438964681
-11.20658377991979
46.97065544451672
49.66099328143324
2.69033783606493
