12.37674799767454
-5.271734912162854
2.266810618244352
-4.001165574676109
-1.310216379235694
11.5788282069922
-10.13369054092755
0.6923640281245403
50.65089323794874
37.38414795539577
46.40005655924248
-11.88180063882807
-14.38726857484811
13.15003472831087
-2.384182924297519
24.33798126851451
21.01678146370373
25.34212361867191
-30.09958387077781
-7.035091704084596
-11.70212540514788
-1.942191915936699
10.43400282709136
7.677785772234746
10.10393006902837
-10.20581666277864
-8.370194048837888
-1.806212347750071
9.857596210878839
15.67374379112356
3.112890649787871
-6.506878652090802
8.795909970430651
11.24565879010438
-10.56476522633211
-11.13094176967025
-3.039842160213857
-2.310526641055395
8.007822321650565
10.4613181458234
10.29766852232981
-6.877833853911978
2.629642940287896
-4.428085001019577
7.752206772050408
-10.31433545163953
-16.71590672089567
-4.842100658798792
8.607398116681432
3.055848109870188
9.222855974584416
15.41439502819303
7.405713582705818
-3.32119980484984
5.794625705933967
-8.008681490649861
-9.619769322258925
5.68301934102319
5.361502064314818
-10.72691340160549
-6.401571260562068
13.37018355451562
-1.13523663540489
10.73856942487614
11.41020526445707
2.662844823912366
-19.63897056300762
-25.62824685648637
4.325342155093216
11.87380606112889
-24.49301022280926
-32.37721532360908
-7.668025584917064
2.374960577024968
10.41054599621159
-2.545461708770032
8.011858737343445
13.44949877808655
0.6716358404277981
7.204131160325112
-7.392486337425099
-7.71400362971222
2.114990520744406
-1.546995767869549
12.1579766639266
7.203312329472358
-0.3215172762594677
9.507476857422509
-0.5661765408807535
-6.245367620367378
8.254238584948007
0.6154578653904779
-7.265687361778249
0.8887411958949231
-8.340694397029667
3.252196823706326
8.477869754783883
6.497243178154969
6.167007863133986
12.21168640019471
7.042629601281692
6.532495320807537
-8.74736043908355
-1.475109682360825
-5.169056800042965
-5.679191079437013
8.09109961599597
0.9599889610268428
13.26015641370952
-9.28327366389753
7.902690180798042
-8.517739280720656
35.72837946833548
20.90614759655356
16.96752988240369
-22.16991593653935
-44.95571232683215
-24.46165010295221
-3.294761565223692
-1.185758970178889
-8.65222780540206
7.752902932065016
9.332125201057318
-10.2432626217321
6.94270121771989
-8.296407331919923
-1.455871152634582
5.440570130339523
-5.357466234839488
11.04766448841251
14.84897959494732
5.619543998923472
-9.170490187406884
-2.274048906634403
-5.440735319596007
4.989072852774556
-11.02459297819813
-10.22654479661295
0.7655343843625162
1.946855285985209
4.517876610746081
0.7980481790636066
11.79012736428654
-24.30579704039394
-17.78393877256239
44.3995737703837
35.10325428522124
43.76565799515997
-38.81068381951113
5.329340029781484
26.84573481707594
10.65644103765245
22.65961751345813
-29.75495894815428
-5.289954158190846
-7.466468840561974
-1.075007030679154
-8.968599930398421
10.5178841785533
7.272250754495198
-22.30181538482975
-1.502131087439118
-9.229435597496677
-9.859906734619692
-2.989725053102458
5.608501993370913
6.397502737860248
12.37181446448639
-7.893592903150067
4.6070265159668
11.44756268495227
5.407285848568772
-7.753207006057975
-9.856596326616399
12.17340007766431
-25.10384521741798
-2.290222768899056
6.840536175458032
-14.46362284599601
-6.04027683495205
6.896441281873375
3.729754865729509
-10.25910534857631
0.5585812319471994
10.74457997331661
9.265923500264591
12.25017763453895
9.770031697765985
1.664486639399788
-13.1604928494446
-6.814658942830347
-20.2166297754201
10.42980817016068
5.102151211720372
-8.105545056082242
-5.327656954088147
6.870181685222851
0.1893929529753713
7.237617447897126
11.42509532245336
-6.853191114308227
-9.823834802067083
0.3621639464040551
-8.4715684727373
-4.284090576550887
-3.32195435549217
4.909644956168677
6.065273456898609
12.36212179858929
7.048224507662016
12.19783863546091
-13.20769626551849
-7.042584077210387
4.18747789170274
5.149614121362623
32.09842770494214
36.94130180091866
-41.98618408480054
27.19619125465463
0.1947372587393855
10.81768658147997
3.330189859348186
-12.85910390913766
-11.06293136150637
9.193735530662915
8.961173925426706
-1.081996586763434
9.387227796766258
6.16511218266341
-4.293028246124392
-8.479145578042193
-2.970643697685917
-10.45814042435946
-7.487496723088213
10.18599874204232
-21.05574366414788
-2.10338931714554
-22.48163271510267
-7.056136927534618
-3.861268096727221
18.95235434861516
-18.68349996509363
-29.85587303725482
-1.425889052283419
-16.18929376848557
-4.186117317767865
-13.40197082840217
-27.94957167547003
10.04298614840613
-8.993668929225906
-2.927477214861064
-7.882141551831061
8.563833779397539
3.778175845178992
8.562989746374564
-22.0485595717087
-19.20248927651819
-2.693870643160055
-10.75315993824347
-21.6011765294861
-7.638780721861751
1.111527376365295
12.77184478015601
1.438391914894464
-8.008947926648299
0.8527413796872486
6.608864351147418
-6.231561931346922
-1.478656464119265
9.980934760199556
2.984254148871265
11.45959121538586
8.475336979711189
9.759933489210612
6.521858269900266
22.81362244695334
-14.8222318699733
-18.76084958773094
27.64165408594186
2.358946225930791
-0.6339157742527604
-39.07023374158842
-5.989276292550338
-25.28270785943007
-28.27556986150308
30.94869726879117
8.662403713250592
23.06449216754595
-22.28629356718749
-7.884205095946863
-11.17237307060491
-43.07606353176755
-4.90223645393278
28.4299839866901
-31.90369046271887
-41.42917998057958
-9.745110552483762
23.58710987820696
24.46500479592843
42.18092134353891
19.39512498689081
-13.26674527966875
33.33222044426804
15.42549578585815
0.8778949236859084
-14.54760085598357
-22.78579637196165
8.750308099609921
-9.166949761466357
-1.714472910281743
4.525969319383864
8.507754235283022
-2.7170939697022
-32.66187026799606
-23.64596166010922
20.49406220563941
9.015908606731477
44.14002385027887
7.452476836612322
-0.2325616022700137
6.449855814111875
4.641746171653444
12.18029173156017
8.035585424144353
-4.954664335712176
11.49131099024719
-10.10993737942981
0.4473830444638152
8.449329338485207
3.455725566075434
-2.398687255209242
7.538545545157125
-8.059289295048686
-4.649347419450832
1.835622613940348
10.55732044450793
-4.993603772480155
3.409941876176412
-7.61748858707374
0.7860570684772895
7.271027124015608
7.754622857499856
-2.303819710693501
-7.618332627354587
8.403545648939163
-0.0008440375838198354
6.484970033969746
0.4835957358543302
6.563981724530706
-10.11924951579349
10.3295540987956
-9.501142012257759
-5.017042716909531
2.172924686522332
-4.259139898321176
-8.149904340821605
-0.3806436996919514
5.495912207241851
-8.507760364699958
9.259535860596749
6.08038600319595
9.755052109083149
-10.05844256458304
-4.248620476500437
11.66380857839934
3.674666123435006
-9.843893638309288
-1.877295179719422
8.876607138792881
2.708929043292121
8.518751124927171
-7.390397797150015
1.579222264759077
7.966598467267571
2.453495835123806
-8.57829040433349
-2.190914188653702
8.562988145106527
10.95008212868756
4.38973376791523
-3.352617486943319
6.387376206741759
5.225672922756864
10.75390232910166
7.769260637313046
2.387093977633151
-0.3578560162122807
-5.662246578369838
2.288867679727133
8.80871228283068
5.997164806509587
-2.541030752276296
-7.510190476154562
-4.940431327859018
-10.32259798626582
-2.07914304626228
3.671404856376439
4.699748226831704
6.780673649942221
-5.382166658301244
9.640179555825464
8.243454940389729
-6.560348369206555
0.1152935025868032
-8.128161440298127
-1.479082547177956
5.750547903024676
3.902604006332959
1.548766832384876
8.224408712782637
-6.193584428872558
-8.17421101159638
-1.410898547840842
7.006253944152323
6.675641880227282
-7.742351257052544
6.64907889618233
-1.218154773461303
-1.980626584331941
6.763312465653165
-7.96240217310779
-5.219167478495751
11.16831296121955
2.170516861871234
5.609036691097693
-8.97936843357693
-3.005056702590198
-2.682520110781453
5.412095795762091
8.080663618262809
5.974311726060952
6.296848338649034
-7.867233672705428
-5.198665860808927
4.934253185897181
5.381686560920882
8.417152493591182
10.76318373150755
6.240442213994892
2.668567814570288
2.74323469984064
-4.52274152511476
10.13291904084298
-7.265976231856649
10.82820417599257
6.163148479955166
-3.284191338237707
3.981784904410494
-7.98914250767627
0.6181075035352348
8.607250102229903
3.76362365329229
5.809822084858769
-10.09932683292227
-5.314512921318372
4.784813906946809
7.951114262484972
-1.847943895779057
3.109268794278967
-3.945306046355052
4.140133136757891
11.30077803186123
-1.540351077582287
-10.86807693811486
5.649616508853904
-8.787151515444794
6.519844607259643
8.085439175465673
-4.841845464447328
-8.399008181601177
-6.83341363123066
0.3272312532071271
-0.2541398773885675
5.642676185492773
12.33031707353985
1.565594560558414
-2.811547468221307
8.144868314176838
7.160644896137925
-2.505467931798054
-8.156629412272844
-5.651161513291302
12.00308573544189
-4.594019091077149
-11.94702579579986
-8.088047788064451
1.88754206021389
8.711279444656984
12.24275201707438
-1.946218183589556
9.010197600239119
-10.48441374275597
-6.903210729638616
-0.4832848291880036
8.218087707924624
10.95641578022808
-8.538195555565995
-0.7921098997510879
5.896816090180236
11.55366812034968
6.553684606960264
3.581203009396837
-5.416593096071852
-4.969159720204658
-8.997796104883236
-5.559276271313318
6.419925898255351
4.647242114813191
0.4474333740280105
-5.580322902221976
-7.353006689017614
3.121049632769099
11.67504240442597
13.30529853611379
10.20651838196303
-4.665055699459985
5.339041236810921
-1.772683782649239
8.70137253084437
-4.867477146146913
3.858978008383064
10.00409693969349
-9.447339828150129
5.170472422005143
-1.351243080829463
1.217769449372045
-6.184867622050532
12.19934609798578
7.375212067282442
-4.833624531987337
8.72645514741146
3.31858708529303
-6.198006850499236
-7.558957427956884
7.217046967959347
2.796252528402541
-30.13443040870169
-5.217297789115672
37.02977437167377
-25.38590231906594
-6.996537895318411
-11.22484822327566
1.777386010416091
-7.314647359927697
8.543579932199323
1.459276582216599
-6.843653583681387
-0.6201674939295548
6.880573192998847
-4.228310340226884
8.773923920849093
0.4709937903447737
-6.607226490735528
-10.04317052194365
6.682417433306846
-2.810865040073395
4.303501310276197
1.284596556463696
7.232305493419998
-2.378916138239072
9.399385202467093
-1.015191255034409
-9.731968010264342
7.048081493491411
5.947708894772881
12.04612207185518
-13.15876007164782
4.72623439393314
-7.402637080656222
10.98157666363883
-6.273621955190968
8.20514248891465
6.098413217162124
7.114366357133038
8.55399276642564
7.345794519577181
5.656852010580508
11.03947972729181
6.687640914484969
-4.999983534186435
5.665450961022411
11.54432720328232
5.382627731844104
-11.54225712704987
-6.40205978556941
25.98645997389206
6.352376753775452
-9.990582955726023
5.756122981225944
-7.084303328687523
6.88513813339057
-1.663006760816566
-10.99985635289354
3.478908084965343
11.89869590456867
-5.472853507649783
5.673057533107078
-10.10071898692341
-0.629982810690852
7.820101307637045
9.809109899405721
12.38668769692255
4.919902714707872
9.470736189464308
-2.75621707408921
6.223486103849901
-2.844197858755044
-8.09417341890487
-7.078220292352613
7.500740719581276
-9.067683981866326
-4.516850481899017
3.933233760661597
-2.776434169146142
6.512406393507631
-4.824134036935255
5.151455817623696
-8.548144934262519
-3.883273264536351
5.52700287630894
-9.516593935232132
-3.067838378006763
3.898459880883509
10.9618828652864
5.72853222367294
8.419787832641955
9.28884055656505
-30.80208160423632
-13.18385999464014
36.78977615069062
-11.84865586504095
0.8690527187791627
7.317808270908665
-6.22563836304127
2.510032392332401
10.63962424914163
-0.102912740508409
9.726138270208159
1.124791848242953
-7.039782336991686
-6.8048372699247
4.664871709781448
-3.567506990076545
9.410276178491609
-8.23237875262938
-3.665792341468674
2.708351717385128
6.448755556105077
-1.360950578977263
-10.74253700499468
0.4033740002105681
9.13904471878547
6.716722383022146
-0.913485958244827
11.14591102256441
-6.701924498327889
4.550833529850892
-7.676119821324566
-5.249975560261658
8.45008421682868
2.426144277561332
4.56658642959222
-4.807775874600293
4.654968595692785
8.796370602031031
8.735670735934336
-2.422322318131597
9.718898851124921
9.462744464642702
-14.01007496308682
-9.336776481720912
-1.674028539107045
-8.095668845069623
0.3479629263513746
7.161037369950937
9.189254721939131
-16.36147377572908
33.3540474960061
2.849569011105517
-13.18310633880388
-20.67582864968098
-7.630208321033971
12.14122116473963
1.591067197353456
10.03469897392597
-10.88646417870041
-4.314354873952579
-8.60134639869916
3.306869362822401
9.221275507328226
11.48516879786303
5.052777048796681
16.07263004526068
-2.351303708975293
11.90821573825528
-8.164574173426177
-0.1013013978378145
4.587461247398378
11.23816924699112
8.216360857060074
4.605436206707685
9.278734656812418
11.01985305010924
-7.404080823275248
4.67329846573546
5.914406124679001
-12.00951709548582
-8.293306616966536
0.5417593017764869
15.90884843908522
14.62539288706011
-3.002259505583741
7.684875506495609
1.741118419375961
7.662747957339931
-4.321303748419565
-3.985993403206692
-9.219344046049821
7.32288568731866
7.759705618588261
8.617816245634822
5.921629491727997
3.628899622475319
11.21267660636472
-3.02180840274497
9.432442818983452
10.82605456888467
8.835065914845948
5.291047121381873
-0.2561543889707742
11.9868526569601
-2.106522186296208
8.783287915942802
6.734769606957909
9.975589857652006
10.35520995696701
-10.92958077331179
-1.472344476045694
6.37080098985134
12.92278402075493
-9.299324658211733
2.163793543079613
-5.767852096275217
-1.208198232766566
9.45723628590868
1.63025612645705
10.66543450780935
5.878876252435481
7.843145463681211
1.96426920556731
10.16087681189079
6.572353640528437
-6.161699456455921
-11.2308222374365
-3.034214625298638
9.720221930370919
4.914722583955331
14.60299863350777
6.551983027979632
8.196607609279431
16.14554482355198
-10.75899047910901
9.593561797280721
1.268505765543547
24.43035246738213
3.531472572797451
1.551674171350532
-11.18237890932653
-15.53421765869168
-8.716776814194981
-6.139199094474201
8.063272763779443
0.2349450294270932
2.577577778685608
6.374144077285216
9.039442305617644
4.141402007222703
-3.203564739903588
-5.252083050592535
8.711507812615652
8.877444627578521
12.45425124389644
7.583776988307639
8.443631773997053
8.841291795990236
-8.753971655295468
-5.243120447196227
-1.690548673067441
9.618330417027833
11.62445741914298
6.784375799886965
-19.3062988853486
-4.469508216182216
11.93004402063793
30.05041641102838
9.881811848628793
-9.618022835336385
12.75443654750736
-3.588523170310935
-19.63408323293212
4.748528105651778
-14.75130654384131
4.882776699628939
-12.73405309502921
-7.856957376997395
-5.828740027784129
8.134850829614594
6.226676211839963
-4.898040297982535
12.08100936636808
3.510851206434468
-4.42079444016449
7.063422983335943
-7.931645642913416
12.0274962462182
14.83679066954449
9.688276050224049
2.028217349933882
14.0836335866156
13.96359085927836
-23.0580790415314
-11.32047170779418
17.91297114315494
-6.312486483825673
20.82417572605272
-1.283455554830039
17.45048506449807
-8.223972929784027
1.417809704549724
11.73760733322261
-1.908174615553118
0.165936813749069
16.7455925573153
-13.6457819473272
29.23344285034699
5.088158676324992
18.73394062184137
-6.359194327915327
-30.50447849464718
11.25902728166716
-24.145284172848
17.61822160959663
2.911204582390091
18.9534257408188
-16.03267535525397
4.48409934644518
-4.843626539955567
-9.327725892311255
7.189967494934247
2.080925422890354
1.015953126440053
-4.351838796732982
-4.870474248024965
5.816660766852864
1.393611752568766
7.965721066132054
10.68713501184259
9.641782629077348
2.149060300282687
-7.492722319835993
6.572109308854123
-5.23335064222842
11.30887909031052
-20.33866129378124
-18.33253429180077
-4.285494559290266
18.76254515860396
7.7265053381655
32.59456999234034
2.006127002522617
16.05316673437856
1.294930558272894
-4.84008161843611
18.32176508462272
26.0590396302396
-23.80164457376759
-8.18529777173044
14.86274194683391
-7.221988829622124
17.26294064475278
-22.94353394713926
36.75115309967642
16.57965574364421
0.8581106265008432
23.16184670223884
30.64821874312081
16.39955223721606
7.737274546950772
23.04803971805284
-14.75823617591294
-40.07386063622331
-38.16961254363526
44.06368418604422
-14.43100360269005
11.83973827646082
13.83202483404972
29.27159454424619
21.88841115297283
-48.63843201384599
-29.86606771976443
1.904248103896294
24.48492947387308
27.13666221033015
2.651732736529865
19.48821245523192
37.46631819266877
-14.24866650577651
-22.91094419633789
1.957120456894481
15.29857819701496
25.52025010482278
-43.3867547151627
-43.18143723402764
47.51558310355396
-0.2362140299995782
-41.53363936090591
18.12037238985199
29.54724470241796
-24.16202389886114
-31.54520729150423
35.35696417965085
-13.5671015542761
18.20321427716438
41.94182323735038
16.04222116005149
34.81458545616517
18.77236429623226
24.86806465426358
42.24707216065194
11.42687231248435
-20.16860454596614
15.43956971036289
25.23647675748968
23.56312964895976
-18.71986337992475
31.00221764917818
43.15054069972517
1.85311535290266
-20.3932104891416
-7.383183392051503
9.796907046960886
59.51898807791956
17.97810573746235
49.72208103127051
-1.67334710870377
6.584859057701858
12.14832305271499
44.06298157009942
32.85560095422866
31.77031583121787
23.73860895056574
-21.01656530961692
-32.22394592319954
28.65581104514417
26.27074188329519
-30.82019986121925
1.647797883409134
32.46799774796222
10.22167190748904
-47.75179714187417
-15.83713863510468
31.14428852127895
31.91465851508926
-19.49983466672937
-22.24632584255713
-11.20738061472672
46.98142715638343
49.6723763532926
2.690949195440368
