12.35663212842494
-5.266127699230186
2.263221583314325
-4.000667073169006
-1.310714880742754
11.57056215183267
-10.12500465858309
0.6918520464584945
50.68048194184517
37.40494606948975
46.42495673505735
-11.86480889584422
-14.36719221238898
13.11156063672056
-2.378282418625336
24.36418979078136
21.04590032608094
25.35954761553161
-30.12153018616133
-7.04216260384093
-11.67962168716793
-1.938985001206205
10.3919629041417
7.657107880174432
10.07941061146335
-10.19184860684936
-8.360121308176206
-1.80515690727762
9.834882435339207
15.65581282967353
3.107815883772612
-6.496163105068418
8.785235869937333
11.23301014139868
-10.55304614863294
-11.11861023124597
-3.036006520693986
-2.307774670905999
7.996743313435332
10.44428426174805
10.28426561198627
-6.870576961048396
2.626665948519986
-4.422802688275321
7.742357123524898
-10.29991607302773
-16.69490612472519
-4.837253071884835
8.599245721156461
3.052207698456642
9.214205756345454
15.3875330316224
7.390347874960573
-3.318289464739444
5.783554041951326
-7.997185158458654
-9.60397898967134
5.677419986995124
5.354938613335382
-10.708637340259
-6.394990051355744
13.35212377140361
-1.131687273346525
10.72596577993054
11.39595109444537
2.656970176249391
-19.64956845122218
-25.64343976697402
4.313647289461897
11.85765305304719
-24.51175249380453
-32.4017102193934
-7.657599663651037
2.372482119327454
10.39352433301555
-2.541908486933597
7.998529445294005
13.43649879265102
0.6699853145727671
7.196844895718344
-7.384856281113006
-7.707337654679995
2.112386631360285
-1.54533959623213
12.14246841317827
7.1945971773193
-0.3224813732695331
9.497242911946424
-0.5655640830473964
-6.239653896541919
8.245271478624208
0.6149600352006803
-7.257384104458063
0.8871003702504686
-8.331088449425161
3.244917476135343
8.456789279099008
6.481084621520124
6.161998058210118
12.20094939347894
7.036824983625129
6.526859581468992
-8.738980918437907
-1.474793636147753
-5.164124409768003
-5.674089812752327
8.08260371007888
0.9591779905235868
13.24672811916171
-9.277755126477247
7.895000737923942
-8.51161861977014
35.75040554625995
20.91745639071967
16.98278525520193
-22.1813708340546
-44.97758397646606
-24.47289884098468
-3.290821743950842
-1.184036355388235
-8.642549124345264
7.7419280907796
9.31826522501707
-10.2369331170106
6.935822747110045
-8.292173959091125
-1.454533789587726
5.435571582648598
-5.351727380546915
11.03274983425957
14.83057021679879
5.612381396947629
-9.162783562192294
-2.272678190631182
-5.4360617223294
4.98343065037943
-11.01553883846309
-10.22228492987785
0.7661365059283201
1.944759157864612
4.517488061812632
0.7932539085350658
11.78167534427205
-24.32299854799782
-17.78905056449809
44.42891042727203
35.12576863222321
43.79429687280967
-38.83649157372746
5.331712885478366
26.851193415516
10.65858231824507
22.66490686284335
-29.76868947815525
-5.293268940237451
-7.458512768804241
-1.07370434489268
-8.958763932964775
10.50230158093228
7.264187282444788
-22.3065386266933
-1.500251164367129
-9.218188819749729
-9.847139566093063
-2.984203986063009
5.593984252229989
6.381388003072654
12.3412866283593
-7.885059587666591
4.607495533651487
11.44513570223324
5.40772807450892
-7.755123531071981
-9.853625766857709
12.16704408727695
-25.11625245573437
-2.294077211976891
6.837640169448207
-14.46112129991357
-6.037407628087035
6.890105371898868
3.72672183949448
-10.24812264363595
0.5623982271687145
10.75135324852368
9.274456883501964
12.25785681100777
9.764129467396634
1.662734160653105
-13.16285160522033
-6.815075539295818
-20.22026884968874
10.41949237231579
5.098612905976045
-8.101395306463571
-5.320879466288169
6.862935580554185
0.1877475392821463
7.228837750628191
11.41056044518777
-6.852342855874826
-9.82458017664044
0.3643748454975072
-8.457059218437724
-4.27533652414525
-3.31433438321757
4.897404475826911
6.051257607964893
12.33514268674752
7.041090211856528
12.18381504720298
-13.20000821215939
-7.040090395801579
4.181722694397791
5.142724835523253
32.11543247960751
36.96084364459256
-42.0099971944176
27.21015356349907
0.1942100652109483
10.81052087088343
3.331317231269953
-12.86129386554895
-11.04618559922777
9.172741000610806
8.94072434365644
-1.079952780840039
9.365591989918901
6.159917816496717
-4.291523145395728
-8.477809699361812
-2.972237321410532
-10.45144096131953
-7.479203639691816
10.18895502143412
-21.06458460660357
-2.09850223638101
-22.48852702415908
-7.057417244346701
-3.856092872505918
18.96608237057887
-18.689042026936
-29.86664683623328
-1.42394241768802
-16.19261109681857
-4.186286553319412
-13.40519330980608
-27.95817580323652
10.03008178239121
-8.980031959278781
-2.922535394401586
-7.87040662995609
8.544573710481954
3.772026971092324
8.543519522295107
-22.05129158733653
-19.20926931397912
-2.748176856220435
-10.78545948992208
-21.60426420130483
-7.630311443917893
1.109625329285243
12.75205893187181
1.433620110499394
-7.988016230499897
0.8511255938214066
6.589668571484947
-6.213303572673393
-1.47689636460238
9.966232817924743
2.983399928089434
11.44312918210764
8.459729250547898
9.74063668596118
6.533947984325764
22.82217524344071
-14.83294915531199
-18.76762029148504
27.66005482941946
2.358486553443743
-0.6346135544401434
-39.09719754186131
-5.993871315750527
-25.30156827623741
-28.29466838382633
30.96932530799762
8.668528240657057
23.07936758234146
-22.3007970678724
-7.889957725434892
-11.17760480941051
-43.09882722465493
-4.905278916203229
28.44270441841885
-31.9212224151314
-41.45568409589138
-9.750690081342915
23.59729325270316
24.47542053818881
42.20420725962791
19.40799411855418
-13.27553587225831
33.3479833347168
15.43110977983571
0.8781272857561525
-14.55298249383489
-22.7962131416775
8.739936773508035
-9.149373149287008
-1.711634936701709
4.514456677589698
8.489093063294428
-2.711315890684655
-32.68352999086679
-23.6635193251655
20.50468513473493
9.020010665665071
44.16820445927347
7.437738211605683
-0.2320166573213254
6.438057260381154
4.635810526681182
12.16515981027207
8.021042214233173
-4.94787123570685
11.46710910454782
-10.09341054511022
0.4470273861730035
8.4238098240625
3.446066890290657
-2.394994887466528
7.529349283067829
-8.037282633691291
-4.637836653607309
1.831727298672812
10.540437932071
-4.977742933944914
3.399445980077481
-7.593720348014359
0.7834685664090716
7.253032519487234
7.736982607116514
-2.295902752484822
-7.59477453650097
8.37718891396511
-0.001054188281521637
6.469563952273359
0.4839500877501757
6.554964401995825
-10.10702826393598
10.30285889663718
-9.486930755240886
-5.009243095765592
2.15994641377589
-4.251419608286216
-8.130538981798159
-0.3789801211876278
5.48345603263514
-8.488630065196293
9.242291372636677
6.07101431468341
9.734875641035821
-10.03288535929578
-4.237210457823565
11.640039343372
3.66386132686167
-9.817610365419243
-1.871671359734073
8.854060906247721
2.700294921645871
8.495969822831995
-7.370069415841254
1.57633713451429
7.945939005673181
2.447540949393694
-8.555067079215149
-2.185465208061031
8.540267058624895
10.9230666205883
4.379158580331119
-3.343195276400153
6.369601870882176
5.211871803247336
10.72573226618413
7.751558860169263
2.38279956176532
-0.3580910829895251
-5.649958662917746
2.285087423642323
8.790608209392678
5.984023972507788
-2.536215309711916
-7.493785692291742
-4.930694263601651
-10.29945356298397
-2.073790768065422
3.664392330073224
4.690577231340545
6.768087370909478
-5.368759299185617
9.621271494201086
8.225662795722506
-6.543908041074976
0.1162506571798497
-8.109412139092028
-1.474760162183111
5.73818309894249
3.894356070080183
1.544175822760248
8.204334521904002
-6.178178035225125
-8.153882693640215
-1.406580318284005
6.990446870748441
6.660158699072302
-7.722353857173348
6.634651978026956
-1.213887652749441
-1.975704658130598
6.747302375293804
-7.943313969817338
-5.204672371596181
11.14099280977214
2.165001548374647
5.595061459352165
-8.958973599472349
-2.999074973148831
-2.675088522846184
5.397952216024921
8.061145226563927
5.959898626471095
6.283885078364237
-7.8485396318941
-5.185346621741137
4.922968898914768
5.36911623296703
8.397027189126346
10.73623374954703
6.226091613556394
2.663193010680217
2.738641597565087
-4.510142136725753
10.10831551942423
-7.24878373310337
10.79973383056637
6.14748899346053
-3.274147348193371
3.974636384973702
-7.976178018909272
0.6200975086945687
8.596275531741577
3.758835339551278
5.795674901329291
-10.07036433667971
-5.298871783996242
4.771492552703581
7.935046086755592
-1.843827029412823
3.103695041763941
-3.938305236436201
4.130336479555199
11.27768011992244
-1.532038566158452
-10.84716642363932
5.637150951178179
-8.769656282406032
6.505520786387114
8.068641715565599
-4.831351045414879
-8.382856242226154
-6.819735313686025
0.3276083267604414
-0.2538500216520131
5.636092522992407
12.31651812713637
1.563120928752295
-2.806584236387571
8.129006221252837
7.147343640666709
-2.502383316210313
-8.142912482860801
-5.640529168354257
11.98890979707002
-4.584510071641427
-11.9239703375359
-8.073772737512709
1.883780753366274
8.700248349079756
12.22775237545555
-1.941379105250175
8.994211353464221
-10.4616183888007
-6.889344842059986
-0.4829903650816856
8.202794006438081
10.93559045792656
-8.520239282762811
-0.7914173458220067
5.889942545496229
11.53727860168209
6.543091803290976
3.572273547896211
-5.403717716088838
-4.95757038232381
-8.975991263161781
-5.545931349746041
6.40635447733634
4.635750862615631
0.4461473339161646
-5.568856651451793
-7.339460266412742
3.11692772041491
11.65731542833866
13.28475842093497
10.18168221141307
-4.652244836655761
5.324960658996084
-1.770603614994597
8.685784371900125
-4.856721551869228
3.85019760014363
9.977205495201565
-9.421636341219331
5.156048460252395
-1.3469788459726
1.212540864830617
-6.168135881361595
12.17344912176456
7.359940303365045
-4.821157035572377
8.706919150618051
3.3154804329285
-6.192409175398033
-7.550699779681011
7.211084271425572
2.793271841558362
-30.14235008002435
-5.218487837223392
37.0403067345266
-25.39180233539427
-6.979117687433618
-11.20040895542691
1.774712656711499
-7.300413689099511
8.517845820478831
1.453416654229693
-6.828666036588437
-0.6157005480151829
6.862705549914823
-4.221291269059177
8.753830343029991
0.4717476527204744
-6.598133035089462
-10.02067712543103
6.670073918815025
-2.80504007177607
4.293232155135533
1.280907437352367
7.215637054739388
-2.376841764964664
9.364781296107886
-1.012579729484655
-9.666058749201092
7.018283932765271
5.934729615616258
12.01839561651106
-13.11921972397279
4.712695489250179
-7.380676746008588
10.96090825760575
-6.25720692176845
8.188035187846523
6.083666003023398
7.098272227396802
8.540387708235158
7.33450914897322
5.647336055888698
11.02358548171767
6.680425605207181
-4.994186798178005
5.6586511480087
11.52905915167637
5.376249426777416
-11.56408334693458
-6.403341187384973
25.98476912738336
6.349892939371998
-10.00849231613553
5.738542977814022
-7.064429165950019
6.862012802793893
-1.655140271244196
-10.96990241102135
3.475339697527454
11.88232062612256
-5.466441855880654
5.665230700008365
-10.11389254579864
-0.6277297774811267
7.795583008404968
9.803260831955521
12.35520090609388
4.930927932130943
9.486162768939696
-2.734855024718915
6.212965488782331
-2.841006680940803
-8.084486910737454
-7.069880687689404
7.478406099257186
-9.053972169720888
-4.498737330199504
3.924575461936327
-2.772873069092439
6.502335275446045
-4.813508820186273
5.144044671010762
-8.517153075667945
-3.866607644998154
5.50346055681984
-9.507889607227101
-3.065430192501617
3.895603837647981
10.95541871056172
5.724951860929918
8.40698092973922
9.275208343315869
-30.77357907335893
-13.19097898738974
36.7851626777182
-11.84276714431664
0.8682274128390962
7.310686827111245
-6.217089925319116
2.50669562854995
10.63044153870856
-0.09776574204383326
9.715864421479697
1.120750429272276
-7.011053179284557
-6.77603212971851
4.650545432299308
-3.553830638627814
9.370068204077
-8.204376073248389
-3.644758174943816
2.691801820042609
6.44245941456665
-1.358290604177884
-10.72820728165164
0.4034652717475726
9.127250822649696
6.707387182869919
-0.9145771166118076
11.13167255475386
-6.678266386407361
4.555234839893092
-7.665782958926713
-5.243480229417073
8.423312790413201
2.422302730537606
4.559617899605059
-4.80399119826649
4.651221483187033
8.790382053096401
8.723785552256793
-2.419863638547561
9.711008393767878
9.455212680941262
-13.9976512704976
-9.328146611097896
-1.672067459944644
-8.088552182944454
0.3478256632197516
7.157943949530361
9.185606756220638
-16.39671175349745
33.37737324638469
2.847883931966515
-13.20213060369523
-20.71081340746853
-7.621964298102091
12.13087203159849
1.589334197366344
10.02571204405359
-10.87871010536584
-4.314101653971554
-8.595113991356566
3.30219940517176
9.211298494166531
11.47743067100031
5.048924875121099
16.06087998110275
-2.346497363342133
11.89731339567711
-8.131803608292996
-0.1009399452790014
4.583449310103033
11.22868563291951
8.209029993303199
4.602831095984106
9.272335754585701
11.01195510801945
-7.395422241089346
4.66950465900081
5.909099088059356
-11.99825333969918
-8.287967891207339
0.5420435188661584
15.90546202085158
14.62153601081439
-3.001073558695985
7.68112710048869
1.739619354357834
7.656079152222988
-4.319110700926947
-3.98521915379711
-9.215686003272628
7.320608667791917
7.757844667043605
8.615802279090342
5.916459796589521
3.625580683701713
11.20335413000469
-3.019655640118214
9.425679040350543
10.8168567050332
8.830011409692096
5.286894333489521
-0.2557957132619697
11.98280501027391
-2.105159986827457
8.779940158342654
6.73262110571367
9.957553490939389
10.34397162206374
-10.91803720350976
-1.47107781559751
6.366035977868186
12.91666173943841
-9.29059421127495
2.163136844445092
-5.763090185627834
-1.205878559445803
9.446959387238511
1.627442992908138
10.65283794620791
5.870408004259154
7.837113793482615
1.966705788662356
10.15461561769627
6.549464488842081
-6.152809724454253
-11.21795137237209
-3.030041542773647
9.723192584633818
4.908506044649384
14.60524991380733
6.550625761521208
8.187909829579402
16.12645741729487
-10.75352489500654
9.575831655724015
1.268507008283458
24.41735569992127
3.527504026589915
1.555591030816606
-11.14668318176225
-15.4898430555464
-8.65347902201532
-6.101538950822635
8.030863662749843
0.235021047831681
2.551940073491182
6.336559996286764
9.03573587122866
4.139160569829771
-3.202864851661904
-5.250183904768996
8.708875319588604
8.874090516041292
12.44533468136712
7.577773446580937
8.436377846425895
8.83778109256774
-8.749210091856588
-5.240795493791913
-1.68939521747877
9.616432604709624
11.62110249287851
6.781236409889298
-19.3161830147247
-4.47465897082926
11.9326090527021
30.05724196091056
9.883927461342315
-9.619439145514937
12.75323412708243
-3.605151128806317
-19.63487618852255
4.750547745319398
-14.75281885988566
4.88205732910872
-12.70227421315277
-7.854455400086847
-5.826792593872377
8.132266630235865
6.225037092300302
-4.896575301919247
12.07695536743365
3.508414599000779
-4.417812430691689
7.059814873390169
-7.92622702968899
12.02203190319936
14.84152404396589
9.696743869179704
2.027662806536263
14.07949249215357
13.95905922419378
-23.09707495966546
-11.33954329344028
17.92178482086772
-6.321884967165505
20.81858979177385
-1.283926010279237
17.47550911284317
-8.224334920120231
1.425494576938235
11.75753166653104
-1.907229537702263
0.1652151960696093
16.77518999321114
-13.6647612042417
29.26132811424721
5.094673918902684
18.75943512317252
-6.362835119509682
-30.52948931475197
11.21976496646147
-24.16665419550257
17.58260008596946
2.896804970938723
18.93081192911246
-16.05001453596475
4.477687662001306
-4.837440196327642
-9.315127858753158
7.169189513439219
2.077510140401163
1.014606223427238
-4.343159875757902
-4.867561234610911
5.814639424397846
1.391177664836787
7.95578611670072
10.68220065898635
9.649829496923058
2.141146692381107
-7.508682804157699
6.564608451607969
-5.230466849553746
11.3058278218889
-20.37006179261849
-18.3653919045099
-4.29235241818265
18.76433822572732
7.682590956258283
32.56201981354553
2.004669888698547
16.07770937429966
1.295193611351019
-4.839866082611685
18.30898260960232
26.04798286108206
-23.83853084888084
-8.198057474634556
14.85863316987285
-7.228556052194282
17.26039648834688
-22.98057323666368
36.74450802085926
16.60997479672973
0.8579576120286777
23.14884869183626
30.65980060940806
16.40726802391064
7.73900025286357
23.05669064403957
-14.78251576248101
-40.08068098403549
-38.17428625493753
44.05776952114449
-14.43455195374259
11.83909224728099
13.79768158810015
29.24925694049966
21.88587485113113
-48.62792982196869
-29.85619296263125
1.906394729628169
24.48895254058418
27.14047475898569
2.651522218402071
19.48411153287232
37.45726603573091
-14.25253258540643
-22.92080035668575
1.958628499724257
15.30218107043745
25.52709528510141
-43.39969302752185
-43.19439394961238
47.51288704849605
-0.2368370101586931
-41.54601296907206
18.12463290831533
29.55471365555302
-24.17090671594639
-31.53428880643375
35.35717336171357
-13.56113430356058
18.20145338914428
41.94118769128115
16.03400695824353
34.80574381751184
18.77173685947619
24.87942885740713
42.25879457175265
11.43008074715816
-20.17331449885969
15.45157535259528
25.24290302256333
23.56846678637431
-18.72406429728766
31.01268811046705
43.16285601809345
1.853680058379311
-20.3985005337296
-7.363382090100466
9.791327669772651
59.52808007727264
17.97315450296163
49.73675240783768
-1.674436236378596
6.584014329804114
12.15016790770989
44.06561248709883
32.85765853168272
31.76258769265108
23.73973430166612
-21.01072331920437
-32.21867727448692
28.64596280025807
26.27364420123731
-30.82871382523603
1.648380980965569
32.47709480640931
10.22491421439008
-47.74972405908926
-15.83427948023141
31.13245444669193
31.91544457929164
-19.50336660603136
-22.25218059217183
-11.2079539553494
46.96673392692302
49.65668611940611
2.689952192426228
