12.35151225231961
-5.273254007828517
2.262527914166256
-3.998642163610135
-1.312739790301626
11.62320568954208
-10.16977499985376
0.6962601599915332
50.94295035742315
37.59310184069409
46.66470370079585
-11.89129864989295
-14.41840426102928
13.26060277013308
-2.393334820966772
24.57025925278973
21.2387220753591
25.55789802751218
-30.31283025002541
-7.094900275033055
-11.6883930119143
-1.937977848467889
10.38045101530234
7.661074287677747
10.08867215523192
-10.20587620024986
-8.370100393724396
-1.808251037227145
9.87397593587465
15.67125880016056
3.111056880777832
-6.493907655774358
8.790290030198474
11.24389167271753
-10.56442766670005
-11.12989177784479
-3.038745060292161
-2.310833080069781
8.00536943706023
10.45570123806938
10.2914627580607
-6.880968770735933
2.630623748747581
-4.427367127443498
7.748338377764405
-10.30147767099746
-16.70373069396873
-4.841293775003011
8.610126017238796
3.053252445160798
9.225943918524596
15.38861966092776
7.389891796802071
-3.331537177469655
5.783655123876452
-7.998727865190192
-9.604964537051574
5.679233149920113
5.356002251388303
-10.72142897460259
-6.402253022770634
13.35473011618938
-1.126851546288943
10.73558537315247
11.4035629392858
2.650249875735585
-19.80854588179296
-25.83661399175804
4.319175952162468
11.86243691919285
-24.70976244562016
-32.65279830255168
-7.660839009453501
2.376755335547845
10.41632151070307
-2.543124379442827
8.006627696399157
13.45141979180389
0.6679775661771002
7.203732655463729
-7.396974681136126
-7.720205579312109
2.114617840224955
-1.547514105334395
12.15221218435963
7.200516210528583
-0.3232308981429057
9.511592520837901
-0.5654641116254231
-6.247687135901741
8.253594587546178
0.6158179011742837
-7.265074952054951
0.8887561090499577
-8.339596603210468
3.248421954339973
8.467622048623168
6.489431179434754
6.17269147371588
12.2179781123739
7.047836395176399
6.535755089601844
-8.753313063821365
-1.479767017224296
-5.17014171709345
-5.682223023524288
8.091146716963786
0.9613748301244661
13.261288433401
-9.298923979691434
7.903868376702861
-8.527603412448654
35.93695502590704
21.02585386249006
17.06972890623157
-22.31084629759422
-45.21705525347082
-24.60232403945119
-3.294389196998526
-1.185449833151349
-8.651809252721545
7.749725300709972
9.328047073287159
-10.26029880988105
6.94249354631946
-8.312967842158681
-1.45615824677874
5.441081467314776
-5.357420055965521
11.04411449737675
14.84681180051129
5.618459088122693
-9.172030471561909
-2.274790758114499
-5.442448568455568
4.989043226725444
-11.04377259217139
-10.26349358093083
0.771320566430341
1.947330967732565
4.541547111627842
0.7802790112323136
11.81509315845102
-24.5095325495373
-17.91724864478097
44.66700398582042
35.30655345148676
44.02838586529898
-39.05403113522879
5.364024423219492
27.00173735748681
10.71804640619544
22.7964753984637
-29.93579339178486
-5.343533994187653
-7.466359419327389
-1.074521651155903
-8.967771497988533
10.51349690685354
7.273546046792308
-22.45879575677229
-1.501412078909736
-9.228352712259715
-9.857768573582508
-2.986975747469568
5.600675071179212
6.389083922354062
12.35718946681833
-7.893249846364869
4.628795649044126
11.4856052436628
5.434595117057764
-7.801138037452877
-9.902025500472551
12.21082454827372
-25.28981155999193
-2.319996599899316
6.856809595389797
-14.53082114885334
-6.051010126998561
6.897239713770606
3.729581902768436
-10.2978763318331
0.5726019315213463
10.7852329756531
9.305780076852511
12.2953074450611
9.780592029629132
1.664410157315779
-13.23573315423156
-6.853680235156903
-20.34717592305775
10.43149179481986
5.10500081411192
-8.1161818720682
-5.326490980730315
6.870792826585631
0.1880181685996157
7.237392025898532
11.42438700838865
-6.865413611329901
-9.846646939224165
0.3659841055817331
-8.465811651495541
-4.278816669635303
-3.317901701306734
4.902585168618326
6.058157970246183
12.35031611293314
7.049373857607175
12.19728380774672
-13.22118268593469
-7.053431780416899
4.186994982042331
5.147909950426056
32.29073262750138
37.1585072023222
-42.24106731277138
27.35515463709499
0.1902193310820694
10.87047826341836
3.371132254689027
-12.91255869632729
-11.05840290257992
9.18140183893321
8.949183309559478
-1.079933442901391
9.376059670522565
6.167750905756689
-4.31282843208606
-8.518090391946403
-2.981233328381962
-10.4805793373348
-7.499346008792833
10.21263104420078
-21.22803483916966
-2.100887463682664
-22.64095411087929
-7.111442768676161
-3.842667583639775
19.12714737582222
-18.75376874598512
-29.98995560879796
-1.412919271821993
-16.28369095101601
-4.205261959441767
-13.49349568737482
-28.14000939274602
10.03759434463013
-8.989713237462253
-2.92776363529911
-7.879459608779011
8.557291535475752
3.776821078562795
8.554708017148238
-22.33997853449257
-19.46951698349126
-2.994819511326697
-11.04271523079518
-21.87921079749336
-7.637776686834628
1.110253628661646
12.76653431745527
1.435813101657391
-8.005337771560454
0.853660381999217
6.605267818210087
-6.225812394032338
-1.479452898522692
9.978469459451023
2.989527368555558
11.45792235769567
8.468394987074426
9.750415163445872
6.592283905561529
22.96981495979682
-14.91110116321514
-18.86722612007952
27.82858340820254
2.369073382433593
-0.6386181205155209
-39.30297956265313
-6.028068109979214
-25.45951002604466
-28.46720152866238
31.16096583199067
8.72183241382851
23.217929974999
-22.43913341850643
-7.943035856856899
-11.2361868629544
-43.33670015998501
-4.935577990441329
28.5770363368185
-32.10051329688928
-41.67205294546324
-9.803352565376255
23.70926176146589
24.59225939777171
42.43128664385277
19.52507768876971
-13.34984851667872
33.51261432729466
15.52951134225563
0.8829976364798425
-14.64651370563153
-22.90620895543934
8.74803031578173
-9.161432239738197
-1.713701293878447
4.522468495557454
8.504863952408254
-2.716513044781564
-32.87492620547957
-23.80332434530973
20.61473121356795
9.071601860152503
44.41805555850042
7.447730945102689
-0.2322185298000774
6.444919196388168
4.639923581793044
12.17570550435406
8.039566175625852
-4.951695973655584
11.48505517050085
-10.08898433815296
0.4607677371047412
8.426801752698047
3.445488994851078
-2.409693814107123
7.535781922278023
-8.047895719458557
-4.646344384880449
1.835775806525135
10.54975207571089
-4.981312758021703
3.401551334561826
-7.601324000684499
0.7815400921910106
7.263660284034091
7.747453068391978
-2.298991324799174
-7.603907519194698
8.382864092520508
-0.00258351834689875
6.482120191389043
0.4837927844421199
6.561849357217214
-10.15233384093547
10.359378153951
-9.534377455039344
-5.036122646644688
2.161334949993568
-4.259482906955316
-8.142995514612259
-0.3787075148394678
5.493697854429547
-8.502305210079491
9.265390005961859
6.078056572970818
9.753180761453264
-10.04644439293781
-4.242822303892086
11.68222697353618
3.675124188718236
-9.829902374419019
-1.873712344371498
8.866164346994909
2.703232562499334
8.506854651354848
-7.379570572408583
1.578321772927657
7.956190029890468
2.450331801924488
-8.566330781228615
-2.188462524489155
8.551414167334022
10.9393127115139
4.385877256163741
-3.347130686864098
6.377868256612441
5.219200094712287
10.73987669139368
7.76428799938081
2.387898544080564
-0.35930969517244
-5.668602552166173
2.294000250696322
8.824824115552449
6.007249090487087
-2.544804955751788
-7.518377605798538
-4.941344059860771
-10.31773351615741
-2.077879773268564
3.674170660064247
4.702753462140706
6.787854924838445
-5.376389456111086
9.644097521245861
8.239853743685611
-6.553435456033819
0.1187517776129981
-8.12110196657604
-1.476134612521285
5.752050434129472
3.902275380968176
1.546151612335242
8.218338846729083
-6.186856331855526
-8.165047201789786
-1.408532806812542
7.003446077846806
6.672187234330173
-7.733007943439116
6.644967355128489
-1.214892770413408
-1.978190869619985
6.756514394880448
-7.958050813725247
-5.213896873154184
11.17218579121896
2.167935857829543
5.610272501131194
-8.972037391431826
-3.003931845989684
-2.679879250619185
5.408047038698974
8.074344263316707
5.968105545676401
6.292158142311305
-7.859860126615302
-5.193562902199151
4.932423771677897
5.378409994062573
8.411978884724618
10.75422351402766
6.236169788950071
2.666297224899463
2.744153939805856
-4.518053725697607
10.1259866727162
-7.262207664173122
10.82416937377568
6.161338666554051
-3.27981220775052
3.98239545630069
-8.007102786362188
0.6179563858955969
8.625059174923663
3.771692151090269
5.803622088950738
-10.08280313421446
-5.30491619429722
4.777886940015765
7.962602803001553
-1.84977505372223
3.113684265688431
-3.954973491563902
4.148969986568518
11.33102353773642
-1.537371658211109
-10.88899349431532
5.660085943247157
-8.803892029883404
6.530823865446309
8.103943477814244
-4.848918537821952
-8.427192772488866
-6.854073160490471
0.3279803909371289
-0.262057187440484
5.651422496483305
12.35304983485458
1.573119612049376
-2.817575024682207
8.165135585564039
7.182053551452871
-2.527105610871106
-8.198043203956955
-5.670937594255332
12.02506944199022
-4.60309396455006
-11.97216447677324
-8.107244485367872
1.891297103385449
8.741962220248778
12.28633398227338
-1.948797132240532
9.033913479045175
-10.50085117979634
-6.916160116962939
-0.485404138593497
8.236872049437997
10.98271061056001
-8.552054046830243
-0.7970414282501684
5.913479684327469
11.58874980960613
6.570816351455049
3.584691064056966
-5.419558871884872
-4.973572649833812
-9.004249935099979
-5.561913289367138
6.430755978754504
4.651856968935898
0.4459862222511566
-5.590171503043769
-7.369070513024098
3.132104685352193
11.7109454096786
13.34505618500978
10.21377025739437
-4.662830706691691
5.340503803579569
-1.778899010096692
8.722276188512097
-4.873266453224715
3.864919991509282
10.00333450974109
-9.441150873682126
5.169454716065388
-1.351100068153196
1.215101795908035
-6.184979861843552
12.21864454709887
7.387086373941706
-4.833879794050999
8.738186443422068
3.332661739475439
-6.22352884507568
-7.587888276527466
7.250263143913434
2.807148601505234
-30.1244994938579
-5.214885934758638
36.97104772582878
-25.38566773289147
-6.993107317667089
-11.22137699835505
1.779525376132842
-7.317541613929476
8.534563853515117
1.455091078411835
-6.844869696064984
-0.6140323702950287
6.878051007647963
-4.228269681571157
8.772632692404532
0.4726719178411346
-6.609396450502276
-10.02911675323843
6.677137727034085
-2.807340113805038
4.296010960041158
1.28202017755054
7.221776640337493
-2.381126768048184
9.384157965777835
-1.014920227051002
-9.671490857035629
7.025866865656718
5.939756461704884
12.02665000612943
-13.15168909354451
4.726570025088066
-7.400081657390704
11.00354275160372
-6.274272452265748
8.21833937088287
6.086893545896552
7.103351074223459
8.578840724734873
7.367857779341398
5.6752701253079
11.07865194955763
6.701627339008576
-5.017933457579489
5.688575416716935
11.60291692786156
5.40338182496046
-11.74409465305682
-6.538486699398837
26.08350054322521
6.396003975489518
-10.16352863802443
5.75160743618249
-7.079472775166609
6.877416641572917
-1.656512846184226
-11.0008424772779
3.491769344870579
11.93614941145876
-5.488335967013102
5.69042193382615
-10.15900395758307
-0.6256018692290768
7.813833045688868
9.834912108739584
12.38522797867499
4.960020156699367
9.533402088758338
-2.719376728069058
6.230837325746277
-2.846726874954847
-8.098525895274465
-7.082068368040735
7.49208337873439
-9.077564200377207
-4.504182266033717
3.93525265312855
-2.785203380128761
6.531342845710051
-4.831558174879921
5.16698341408101
-8.533929488711477
-3.87399255093912
5.512506511423288
-9.556190583443012
-3.081365537082964
3.917601403605768
11.02112210550203
5.758215640433145
8.444380067533844
9.316546224696411
-30.66970995162516
-13.35738247972362
36.68103924788598
-11.80074067648639
0.872166156498388
7.346991202483208
-6.245727476964223
2.51893749527623
10.67943450002734
-0.09362407853208222
9.759344062776695
1.122580969419483
-7.019241118949498
-6.784100304055827
4.659936938726346
-3.556830726393145
9.386499063996526
-8.216767666555828
-3.645372733297002
2.696022840978845
6.474825046218016
-1.364359431319448
-10.77305857922118
0.405699319678223
9.170364289517494
6.738899326316462
-0.9200904369642036
11.17875789998715
-6.69047622477834
4.573381934223498
-7.679396886294031
-5.251799019947332
8.439434917851861
2.427597867110049
4.57139493424497
-4.828053706973471
4.67614170644444
8.83958117717
8.764664970927043
-2.431464962244414
9.761228346561193
9.504195412991626
-14.06898940594325
-9.376018397044081
-1.681100968967689
-8.129824224126816
0.349462385795089
7.195833930157971
9.237777759766059
-16.70904239772513
33.53491923615547
2.831909944341323
-13.38739769608068
-21.05148803773745
-7.658989762214968
12.19269330815219
1.597467377823538
10.07675398819281
-10.92694552954488
-4.34244564001281
-8.636763092877926
3.317291956061927
9.256457138899393
11.53268251273028
5.072780188116437
16.13837081478925
-2.358291100120633
11.9540550484602
-8.141822088292692
-0.1010349952554734
4.605688302059564
11.28385063588277
8.248059659699791
4.624018751738918
9.316989760359212
11.06559062784133
-7.431071289809175
4.6929710087599
5.939165182219588
-12.0550900431198
-8.330292740774111
0.5466421587952086
16.03788792965668
14.73877321900409
-3.016909731714883
7.727237748257639
1.748600867982157
7.694917428915146
-4.349689043020504
-4.015388542626445
-9.27829500751767
7.381327242335869
7.821455455694839
8.687666678867512
5.946316560415145
3.642371357933243
11.25969957033591
-3.035790976476349
9.47843274326514
10.86603515983957
8.876934899248678
5.313383009883551
-0.2570329339707284
12.06030904931522
-2.115939319305457
8.835012500576529
6.772376054237567
9.998541588651094
10.39503687886029
-10.97314449994283
-1.477618570860022
6.406887435730468
13.00508438586307
-9.339033724697401
2.17723315303171
-5.794661963236996
-1.210982945820945
9.495525928587742
1.634110775740071
10.7065088741062
5.914341511575589
7.88450600664447
1.970164494592581
10.282985833867
6.657943895155916
-6.199535102701953
-11.43428839593784
-3.121467056185291
9.813023619088776
5.166070993832664
14.73075321445469
6.598196950131916
8.312821339780033
16.60035939000983
-10.82785123282081
10.0021624397985
1.279487067452319
24.7794313110033
3.544371762235884
1.58056601504976
-11.27691298235263
-15.65393759120071
-8.656570631324151
-6.106254763073794
8.040787092960596
0.2351408137787052
2.550315869589505
6.341395575261845
9.092045434151959
4.163439470629225
-3.225296548483453
-5.287932995280767
8.78332983793311
8.945847949952451
12.51422372028053
7.617328212609101
8.47928661014577
8.888315373523904
-8.804850528223053
-5.276069956678199
-1.701329824802173
9.695385960776701
11.71239327097618
6.83126834395207
-19.18074462004447
-4.403475749130941
11.93818794862304
30.06331813510255
9.892536336096699
-9.616062399375949
12.93449067508142
-3.625041938679686
-19.68749656803825
4.738831761396931
-14.76976697298075
4.917729595359273
-12.85747899774404
-7.916308185425082
-5.874364356252135
8.19689847680864
6.27582287516877
-4.928605964058221
12.17114449818047
3.528780572524767
-4.44311454323589
7.103520702398099
-7.971895115819037
12.10733830015472
14.77726887097884
9.564682220633113
2.041943829487224
14.19213106039463
14.07126283311517
-23.35590397544482
-11.43995152752977
18.03269634376194
-6.377914639945018
20.91085665163781
-1.299114710850152
17.69759813594806
-8.310650181200879
1.478290495451513
11.91595244823492
-1.921075601440929
0.1625181116506634
16.97798933622941
-13.83702804970937
29.47264787124017
5.159684797037135
18.99671284680622
-6.390046217767134
-30.70300929198954
10.92228125413661
-24.31296307438411
17.31232747190182
2.878160307917587
18.86896927518291
-16.2193076406389
4.498254810083049
-4.85336702649886
-9.351621836892654
7.197457599048428
2.085101463564882
1.016457527605631
-4.377024610053349
-4.896895507620513
5.847251972125583
1.387602416686128
7.9721023065464
10.74414747977464
9.788940676605845
2.124850334482539
-7.664090341890113
6.584499889680156
-5.262906464980146
11.39671578527078
-20.66883160905342
-18.65182429891294
-4.371815972577692
18.79202998246684
7.696717090819744
32.50130355729073
2.017007310731239
16.2970156363392
1.306339436585782
-4.881124926654111
18.61881931746215
26.3485413900472
-24.14361317029417
-8.286725748110891
14.8771202075299
-7.328141946188014
17.29720346343141
-23.27740194694112
36.76070773538685
16.81547122415853
0.8662112231635538
23.49994424374603
30.58316705477779
16.34166369813304
7.729722073969691
23.16384595517366
-14.9906761992812
-39.94867528876694
-38.04730846765285
43.97583412868183
-14.3899941937474
11.81454361835998
13.70927357510534
29.16853731535544
21.88358752800189
-48.48177992433683
-29.76044818952531
1.901366821462347
24.62534540967164
27.28877129162221
2.663425881949782
19.46350427231637
37.37556658378026
-14.24150335655435
-22.85344498094895
1.951141484645819
15.29753208028168
25.49682246419533
-43.28087200236309
-43.07476181797733
47.40608232140841
-0.2388817624765255
-41.43406806882885
18.12513018659727
29.53903543654658
-24.14525210844797
-31.43020189691621
35.22970777677705
-13.518139585434
18.14367542587529
41.80098970041369
15.99080896730907
34.71214070201614
18.72133173491638
24.80458646659137
42.1859336605924
11.41390524986982
-20.17078179856288
15.45926374044632
25.23177846694408
23.54568098054614
-18.68053035701174
30.92191480181778
43.04199024038329
1.846803933485438
-20.36662784365521
-7.284949788084753
9.772514726301905
59.37495988484107
17.91206231156823
49.60244515887727
-1.68609748658776
6.571281923877142
12.12007543861381
43.95770005428835
32.775819736561
31.66181501125839
23.65731427422213
-20.97941019309616
-32.16129051072627
28.61925811285735
26.20453781225492
-30.77202841115441
1.640693749407178
32.41272216071648
10.19929038364049
-47.64496408418625
-15.8073394688726
31.10542646370724
31.83762461561429
-19.50859873492536
-22.21343177719593
-11.18188031767883
46.9127659325795
49.59866830592101
2.685902373308484
