12.36796898458131
-5.268428772977644
2.265156072856981
-4.00093896534226
-1.31044298856953
11.57463896232673
-10.12892081555682
0.6920443152474367
50.64841402120081
37.38216996542327
46.39712916430459
-11.8775927064418
-14.38035048921166
13.14296180799293
-2.382068615755508
24.33631801109
21.01694167831256
25.33838669241149
-30.09691393037234
-7.034316823825292
-11.69358423323336
-1.941630239183243
10.41925792067678
7.668983571175445
10.09375457198748
-10.20039386700626
-8.366302308865226
-1.805549464312585
9.847446524893329
15.66418095537911
3.110520377478513
-6.503627025055518
8.790977251563485
11.23887819769855
-10.55700429154124
-11.12283583081276
-3.03756278489436
-2.30874031302363
8.001587970041292
10.45308167231278
10.29049266154331
-6.873203726714245
2.627736788835354
-4.425302757680975
7.746801975672941
-10.30902270273493
-16.70755875367969
-4.839394491618306
8.602316846925969
3.054172732567996
9.217337961971802
15.40491322890825
7.400604706910004
-3.319376332816555
5.790765812310758
-8.00430855315777
-9.614147416597431
5.680456888148483
5.35888687779896
-10.71998104942903
-6.398536044943324
13.36319543054362
-1.134391966188711
10.7337722947836
11.40532219941523
2.661588074377002
-19.63434030625427
-25.62355174038613
4.321445014188085
11.86816426147254
-24.48915977542388
-32.37270351682056
-7.662755874713641
2.372956741436889
10.40147182953489
-2.543690657284194
8.005448024737985
13.44171134018499
0.6715499052232272
7.200043648560628
-7.387446839589437
-7.709016860472555
2.113493720189052
-1.545851632832228
12.14920632326666
7.19811691300171
-0.3215700099365654
9.500940559099476
-0.5658315377460373
-6.241667693264635
8.248263978582253
0.6150211201159023
-7.260087640650219
0.8880433476925093
-8.334301925916016
3.249663510047375
8.471305151751091
6.492266336160786
6.163165228439634
12.20432989903853
7.038805556041649
6.528493744059977
-8.743734124127389
-1.474363679851542
-5.165524343736329
-5.675836155248673
8.085273050195967
0.9595007342579093
13.25079739213613
-9.278298942560465
7.897210502164996
-8.513169233914748
35.72710598701185
20.90505707260734
16.96870660590941
-22.16839473848498
-44.95256216651786
-24.45975973299946
-3.292230106321941
-1.184876057577219
-8.645817000945938
7.746920659252546
9.32487508341012
-10.23779967466119
6.937709766426639
-8.291888199784397
-1.454789469949592
5.436747444505544
-5.353586891055961
11.03915075941197
14.83761735119669
5.61527207542878
-9.163953829403079
-2.272416916652621
-5.436700023777761
4.985300328452115
-11.02027507833972
-10.2225386909005
0.7651297091962556
1.945911472269192
4.516034346488515
0.7977363857164372
11.78540478866542
-24.30273621593083
-17.77989403132384
44.39868234914683
35.10295915064076
43.76472398700918
-38.80971884141686
5.328603543573415
26.84108732995664
10.65451119884823
22.65564161254091
-29.75247431423442
-5.288917558918252
-7.460940946936613
-1.074214282145065
-8.961903270427914
10.50975114611371
7.269370442818166
-22.29592837896546
-1.500962321932221
-9.222345276729044
-9.852317017527369
-2.987470768850118
5.604222996296158
6.392697884679924
12.36247899096108
-7.887688990477121
4.604860242169572
11.4419589647357
5.4053274648178
-7.751771891582942
-9.852840929747007
12.16845015967972
-25.100472600009
-2.289251014524722
6.837098727226811
-14.45770117403393
-6.036631499067926
6.891536913602896
3.727253804099074
-10.25440092405569
0.5577244421429014
10.73684731342621
9.259395561752267
12.24155441141191
9.763885301134476
1.663785205938921
-13.15709935277687
-6.812294510898324
-20.21144586979253
10.42200035060952
5.098522337288333
-8.10010009356084
-5.32347801035999
6.864846251359233
0.189134814344466
7.231863688021137
11.41604381205122
-6.848453898677985
-9.817068581975073
0.3620542943678207
-8.464946663895121
-4.280766525329157
-3.319351294291016
4.90591352331769
6.06081737439813
12.35318079540497
7.042728882456484
12.18832425923481
-13.19862242921438
-7.037588719949677
4.184180135573333
5.145595372485563
32.09655789567287
36.93923490655238
-41.983647831119
27.19463939865132
0.1947546960078047
10.81212536687117
3.329072381129047
-12.85750374243139
-11.05398950769881
9.186680047471722
8.953920842243377
-1.080913123884537
9.380168657713403
6.161033705489801
-4.290633976827604
-8.476079713812823
-2.968614690224574
-10.45166767913531
-7.483052986414602
10.1791228717641
-21.05177210924973
-2.101069036046616
-22.47755286244625
-7.054346518031159
-3.860518508707846
18.95070307440971
-18.68256742044278
-29.85421602155272
-1.425780754138275
-16.18657612356016
-4.185445727200475
-13.39915135587014
-27.9445591740964
10.03571260679691
-8.986725901479515
-2.924910802747148
-7.876000214623624
8.556339747946636
3.775096074675204
8.555656725421482
-22.0346512822785
-19.19230172820674
-2.697115434194336
-10.75042383567859
-21.58832552888452
-7.633242860182727
1.110725686143671
12.7618219805312
1.436770546358099
-8.001694419525304
0.8521040320315825
6.601891374714819
-6.225363229401647
-1.477451745496994
9.973076373829201
2.982158859728989
11.45052811314916
8.468369193537219
9.751953994049579
6.522842186273805
22.81122158432265
-14.82204891310719
-18.75839938245733
27.63962909068895
2.358387520295064
-0.6339583614734084
-39.0700788062623
-5.98921143350311
-25.2812415700857
-28.27358745303629
30.9461408488505
8.661764838633115
23.06259710713103
-22.28437601827267
-7.883543738061936
-11.17164860009323
-43.07345181015646
-4.901918499519216
28.42843526853688
-31.90180321107992
-41.42846633557945
-9.744595512190847
23.58575824895745
24.4635567594401
42.17840252712595
19.3942351222947
-13.26624405379476
33.33035377055349
15.42320634326562
0.8777985146060345
-14.54540782439258
-22.78416741538972
8.743968547357191
-9.160691501233973
-1.713424222676268
4.5226834765145
8.501964096928548
-2.715234493772325
-32.66047917707854
-23.64551997541985
20.49280242093119
9.014959200864729
44.13832238567917
7.447267268392817
-0.2327592033580709
6.44545702316539
4.638519838626078
12.17210470476734
8.028515091629714
-4.951089411070781
11.48125054787034
-10.10281291172396
0.4463257549555738
8.441877892672416
3.452735456214615
-2.396023802239408
7.533584855988091
-8.053308401457478
-4.646177330234331
1.834091558140593
10.54913868088635
-4.989142436561162
3.407131071613088
-7.610698299016834
0.7855752139568589
7.265844117586919
7.749429515002596
-2.301357633416888
-7.611381326555773
8.396273508347596
-0.0006830256428658933
6.480268888764751
0.4835853990595119
6.560752860764702
-10.11200848328761
10.31820866129037
-9.49299916569827
-5.012279738501634
2.169315033456244
-4.256172953096237
-8.143532256747646
-0.3802443353819523
5.491630616652721
-8.501355287083676
9.252682168165894
6.077167471746221
9.747803572102308
-10.05078714590641
-4.245182341082406
11.65299600284212
3.670636112327523
-9.835736821296683
-1.875618820545105
8.869769076877436
2.706341252815411
8.511946053233444
-7.384243107111145
1.577954421381786
7.960118006625037
2.451493710037873
-8.57148596955099
-2.189322375391065
8.556065532610386
10.94159483085735
4.386458313005742
-3.349844337174432
6.382163588019099
5.221641636158999
10.74538790466559
7.763287918688946
2.385529294133661
-0.3578230250611685
-5.657121453897145
2.287156530989661
8.800673900897463
5.991526165559253
-2.539019635287584
-7.503549313087866
-4.936731468256851
-10.31449009238097
-2.077350043017706
3.668474472255329
4.696195032025959
6.775412874581246
-5.37775862391811
9.632926500726585
8.237140049965792
-6.55513652386361
0.1154369993225602
-8.121703052575075
-1.477716284523682
5.745824515875361
3.899396657757817
1.547404127713077
8.217977657084166
-6.188898527237731
-8.167937347235737
-1.409681357813156
7.00109238270972
6.670573529197882
-7.736302651819944
6.643986770549132
-1.216885278207467
-1.979038820984715
6.758255990695323
-7.955546066617539
-5.214191120371557
11.15781606724878
2.168579135865272
5.60370547465754
-8.972731210452293
-3.002950100863504
-2.680367802959582
5.407823644053153
8.074617656884815
5.969781106285916
6.292363418807376
-7.86087205125398
-5.194078045829878
4.930047165194255
5.37711294760437
8.410773741652747
10.75498546159255
6.236107688336771
2.666794007473352
2.741354949669075
-4.518877778644793
10.12412520675385
-7.260232732670092
10.81789659934675
6.157512822420579
-3.280952127654917
3.979280612394237
-7.982359926907965
0.619009317588806
8.601369307361622
3.761051551250475
5.80560480262105
-10.09058435456368
-5.310023696289955
4.780560655122843
7.944277987856871
-1.846427857764518
3.106938403197162
-3.941996004003695
4.135776344122221
11.29021460787124
-1.537516167878733
-10.85855343208265
5.644078730472196
-8.779335589467221
6.513517372892414
8.077772342857314
-4.83733958219224
-8.391694190818297
-6.82743923306531
0.3269990234784778
-0.2535048719247757
5.640385562059115
12.32528101394349
1.564254964695927
-2.809147729730143
8.138189325892615
7.154438264511882
-2.502757779820728
-8.148893627833706
-5.64613587077873
11.99828193196081
-4.590539277703376
-11.93793500112928
-8.082256932208582
1.886102117853607
8.705856377585199
12.23525578495814
-1.944359358874612
9.002977698151996
-10.47490516053217
-6.897263680643986
-0.483032354983594
8.21161757100151
10.94733705427913
-8.530545798910303
-0.7913601318253218
5.893890452769281
11.54721881594738
6.549814368380386
3.577641477800418
-5.411595458366677
-4.96452967530507
-8.98923693559763
-5.554110593280422
6.414231324359087
4.642665757259608
0.4470657817788248
-5.575830143367499
-7.34739571292262
3.1188197813831
11.66730707747995
13.29639565561529
10.19677634750696
-4.660383779224181
5.333620367897032
-1.771565566709243
8.694649921904427
-4.863155980204174
3.855678069425941
9.994004149419158
-9.438464956765721
5.165120818328256
-1.349687426580548
1.216010269464964
-6.178570774015931
12.18918352525211
7.369146617990663
-4.828883341106661
8.718834044433045
3.316915223061942
-6.194475347034257
-7.554565411353044
7.213289616680415
2.794588255120604
-30.13206226759344
-5.216914824482348
37.02818267389689
-25.38378388869743
-6.991181165283726
-11.2171986035525
1.776331200051864
-7.310063360754153
8.534916317028019
1.457449029103578
-6.838774383616149
-0.6187556297907938
6.874451556875593
-4.226017446872242
8.767512375263657
0.4712889867511811
-6.603914335965441
-10.0348339730766
6.678216238307991
-2.808912732796934
4.300319368487902
1.283584832929361
7.225921248448937
-2.377896880489813
9.3875432447274
-1.014193733038827
-9.71193155908229
7.037357839842434
5.942336386379488
12.03538487120385
-13.14436840609311
4.721157419538539
-7.394581049809502
10.97317326629211
-6.267376190617643
8.19836014891724
6.093048512641383
7.109232106031016
8.548487292638157
7.341174508895441
5.653328349790963
11.03383917870991
6.684895470154593
-4.997404461609765
5.662156073373085
11.53846807953335
5.380510839477547
-11.53522917937462
-6.399374531370343
25.98232854814009
6.35127319864272
-9.984204325194623
5.749787349483559
-7.077467273330436
6.876992227285316
-1.660464775075265
-10.98853361282201
3.477202722283365
11.89186058431894
-5.469683901074045
5.669733094995175
-10.10415784592884
-0.6296247905089358
7.811684248315918
9.805158894126176
12.37542467525071
4.92238033527163
9.474533064624286
-2.750274362728272
6.220018763438176
-2.843503168954721
-8.091386913938718
-7.075203330247348
7.493207209259059
-9.06352194539752
-4.511369197909263
3.929939927033044
-2.774813113428992
6.508412205734158
-4.8200369119932
5.148322142441133
-8.537457030228163
-3.877803337578345
5.518849733501583
-9.511390569356918
-3.066143549235295
3.89637439213339
10.9562917752539
5.725679426321096
8.414657871229601
9.283225314643515
-30.7965435900939
-13.18102977579284
36.78928481518093
-11.84780944746484
0.8685674396859973
7.313814456192702
-6.222127483370798
2.508609547517507
10.63488600735508
-0.1011987433821263
9.721316356655782
1.123173431086259
-7.029560440870305
-6.794796716797564
4.659653720517289
-3.563267303900701
9.396653097502
-8.222921061249084
-3.65918061950453
2.703055171914894
6.44524701930446
-1.360090065303634
-10.7360847613754
0.4033322098558501
9.13406921488289
6.71303520212266
-0.9135696365369176
11.13941698341086
-6.693597951810592
4.552152767896422
-7.672654720921335
-5.247883744811322
8.441309107017318
2.424770987585402
4.563740454905538
-4.805204905877074
4.652658300789516
8.791822975680388
8.730737017206955
-2.421034000421157
9.714005013098108
9.45786320266714
-14.00355148997792
-9.332400748875806
-1.673216132785191
-8.091796412386877
0.3476670733695451
7.157388682982566
9.18439176137066
-16.35213112602471
33.35211688505598
2.850365649347807
-13.17800356903829
-20.66548537346841
-7.626604824536054
12.13503901022002
1.590234497677886
10.02969798711385
-10.88259464696346
-4.313354247444346
-8.59814290958164
3.305084218294486
9.216839314299339
11.48029071350889
5.050709294140359
16.06568371203449
-2.350185404884483
11.90322711188801
-8.152733863929436
-0.1011822725470377
4.585392998526234
11.23302645780869
8.212611985173744
4.603514567163398
9.274665286836898
11.01497445486097
-7.400894744208671
4.671150730387935
5.911755082275487
-12.00440935655549
-8.289226341714636
0.5413784807962796
15.9000491104321
14.61724245419037
-3.000672484742506
7.681047226292224
1.740309185976039
7.659184626397238
-4.319019771761214
-3.984028235683048
-9.214640585394777
7.319216863616167
7.755649138347028
8.61340796583325
5.918875408709788
3.627218995483497
11.2074292681708
-3.020414481471311
9.427854093728589
10.82096513068825
8.83060481975277
5.288553864052878
-0.2561418122654199
11.98059268554034
-2.105341019806393
8.778643676677016
6.731383666478306
9.968359056444676
10.34915366715905
-10.92352100109143
-1.471273216377631
6.367693894115982
12.91627673997398
-9.294432434324424
2.162707765653423
-5.765033034284508
-1.207312774243746
9.452247776803283
1.629088574677077
10.65956054353181
5.876312013241513
7.83896710899939
1.9626550917328
10.15398419359252
6.569154398918886
-6.157957229770681
-11.22458345759472
-3.033254351616343
9.717393389652722
4.912389045788877
14.59910740097959
6.548582843863289
8.191329104036795
16.13697250493415
-10.75356897529508
9.588389662211206
1.267940247717514
24.4209901752046
3.529399407700025
1.55102485420375
-11.17608676321556
-15.52503042792828
-8.69773786673754
-6.127472139226207
8.051551583354867
0.2347636979379521
2.570265768205107
6.362235804580265
9.034785489299814
4.139164675457125
-3.20194900802321
-5.249209019527227
8.706799087937407
8.872719902318851
12.448268590496
7.580210275767
8.439463487596418
8.83672468814059
-8.749584493523994
-5.240545050232039
-1.689667111398983
9.613577987802829
11.61888587944517
6.780964174552035
-19.30353110543263
-4.470930593170056
11.92883527645562
30.04767610721709
9.880807020590959
-9.61681274991334
12.75064773564123
-3.584829793946571
-19.63105535833464
4.748278389957319
-14.74934135668639
4.881714008931938
-12.72711162731989
-7.852608083873627
-5.825605007517987
8.130403095934861
6.22325589206732
-4.895620813733261
12.07466890950174
3.509039442468122
-4.418701362245333
7.059917382554804
-7.927740802220598
12.02150922404288
14.83260051254149
9.686718355652623
2.027003076947371
14.07586397436229
13.95600810475232
-23.0556091432982
-11.32082010423793
17.90915451499415
-6.31212330919869
20.81709481806754
-1.282806658217781
17.44553920532258
-8.219001882163205
1.417169980067171
11.73478903881035
-1.907147202289129
0.1659208134363229
16.74348583406419
-13.64193624012255
29.22997461880495
5.086409626349721
18.7283458652568
-6.358186254923402
-30.50175124241239
11.25732755936911
-24.14356499171232
17.61551381430147
2.907940302740784
18.94873414374842
-16.02836922209961
4.480719462648776
-4.840317818975564
-9.321037285890016
7.181594835154575
2.07921784258542
1.016183583863653
-4.348943697416924
-4.868058309553828
5.81366140331634
1.393111038814358
7.962351444450104
10.6817197108096
9.636171858630986
2.148690041837722
-7.487481810611778
6.569240402366915
-5.230612349322379
11.30324509925067
-20.33517210541864
-18.32986421388674
-4.284898500855414
18.7588385469358
7.722114278794
32.58976112619683
2.005307892089407
16.05027360444322
1.294191102204722
-4.837921704215911
18.31512822428365
26.05197849296702
-23.79770997614638
-8.183868647418164
14.85986840101977
-7.220144955274093
17.25833012650861
-22.93995114888799
36.74543600708947
16.57756502054742
0.8577588271111501
23.15304992782226
30.64741174809862
16.39976587001629
7.736850270033248
23.0437370479406
-14.75608250195697
-40.07593990144974
-38.1710571304127
44.05844425186734
-14.43170106288329
11.83836458265274
13.83092257956436
29.26864020904133
21.88556760620448
-48.63709426134996
-29.86379129700866
1.904882778860704
24.47847508145716
27.12921812758662
2.65074304617851
19.4871058809063
37.46483985392137
-14.24764587796601
-22.91056147822464
1.957085368256758
15.29735871412713
25.51862508180279
-43.38678206224743
-43.18142655248561
47.51171007964567
-0.2361833805273633
-41.53355155458968
18.11884083043143
29.54500459174626
-24.16053285978154
-31.54360546390721
35.35815340090483
-13.56587149102889
18.20280259024869
41.94215867110311
16.04079384212633
34.81409680781954
18.77330296584093
24.86764684750167
42.24509749828682
11.42616376123388
-20.16686907527615
15.43771762965294
25.234214917793
23.56153971456646
-18.71963667663964
31.00255229438271
43.15059869180868
1.853230506718863
-20.39231188041265
-7.383072603600207
9.796497287964735
59.51868626016022
17.9777339730655
49.72218897251555
-1.672675203405472
6.584005270276218
12.14804639891969
44.06085216357293
32.85407092784582
31.76867408110962
23.73935607419199
-21.01329844449108
-32.22007967862667
28.65060974705677
26.27006564840949
-30.81893374609271
1.647875004994746
32.4668087534105
10.2212663673713
-47.7478934659429
-15.83508770864309
31.13832450410831
31.91280576306887
-19.49761975857424
-22.24554238749875
-11.20678123493133
46.97341221275116
49.66390819053608
2.690495976772691
