12.35814167969885
-5.264745955360942
2.263300096668836
-4.000680438573694
-1.310701515338089
11.57035117389768
-10.1242716999863
0.6917279152513341
50.64505614138888
37.37953821390236
46.39331661554594
-11.87284386299868
-14.37272049669071
13.13585680932186
-2.379794159930543
24.3341772486017
21.01683245969594
25.33379287837089
-30.09355697063657
-7.033362363898339
-11.68380572211902
-1.940801316662071
10.40271379791234
7.659400732202773
10.08274743149566
-10.19406216164393
-8.361752489845649
-1.804759714570891
9.83640452058598
15.65343452699757
3.107848149808361
-6.499918036670892
8.785431926196916
11.23124379969014
-10.54831223951463
-11.11375675055688
-3.035009283650192
-2.306740612932365
7.994605198594078
10.44384432131438
10.28247876828417
-6.868002611891948
2.625600078966176
-4.422190727307908
7.74076772347364
-10.30303803971929
-16.69818697281653
-4.836364306409421
8.596603942494465
3.05227869488788
9.211131149469068
15.39413039301677
7.394764550545495
-3.317344788944922
5.786364199708746
-7.99936585758177
-9.607766193308109
5.677583783217511
5.355950875219365
-10.71210934419986
-6.395148930187123
13.35531673240848
-1.133390420028709
10.72843224612282
11.39987530474221
2.660161252462576
-19.6288090752218
-25.61785563747647
4.316960418721963
11.86182266625296
-24.48446521810034
-32.36715524254534
-7.656878690327471
2.370700551942481
10.39119834688303
-2.541711031020907
7.998223892762222
13.43296824943411
0.6714430589193799
7.195451795166719
-7.381784097233561
-7.70341700996373
2.111818615253813
-1.544564555874536
12.13939785096498
7.192305793895901
-0.3216329076056892
9.493602711890263
-0.5654445105883306
-6.237516454797237
8.241571627101958
0.6145272092766982
-7.253816619788997
0.8872584569103222
-8.327151113862008
3.24682394805272
8.463932133303969
6.486683217532992
6.158852454321502
12.1960806799058
7.03451108398731
6.524008736751923
-8.739714051998911
-1.473532188381483
-5.161569596206872
-5.67207194368148
8.078747468587517
0.958949094601932
13.24031706360583
-9.272725384022253
7.891069601838833
-8.508043271470161
35.72550894109338
20.90360482722174
16.96979898429771
-22.16641616845637
-44.94845902797529
-24.45732131029175
-3.289396727534758
-1.18388830316355
-8.638644190950002
7.740217759859724
9.316752260174638
-10.23167447765138
6.932120506407029
-8.286819674423544
-1.45359695993599
5.432458813577897
-5.349247461881105
11.02961448434406
14.82490910781798
5.610499535970659
-9.156639327932636
-2.270583555560302
-5.432194830823653
4.981075316864509
-11.01555494965262
-10.21814992854213
0.7646821123758963
1.944854802015648
4.514055199716604
0.7974050203022461
11.78023706247521
-24.29845607113239
-17.77491512605583
44.39708282133651
35.10213927082779
43.76308281775979
-38.80816148300092
5.327699275001538
26.83557925429308
10.65221767681457
22.65092033605196
-29.74929501504865
-5.287653505144741
-7.454755889320305
-1.073334492617918
-8.954417582696681
10.50064056595005
7.266181863041218
-22.28897032650408
-1.499661692782423
-9.214409572227144
-9.843833788409592
-2.984954386079969
5.599424764687601
6.3873266935932
12.35200974726092
-7.881083090851678
4.602434511149567
11.43565722183828
5.40309684257707
-7.750079248513711
-9.848720956368583
12.16300472872135
-25.09586109025568
-2.288150739147067
6.833222713274991
-14.45115546815201
-6.032560379074696
6.886055772943267
3.724444496215696
-10.24900606532232
0.5567768876812175
10.72819506432622
9.252094434873358
12.2318824464412
9.757004874267958
1.662998878847525
-13.15317608925119
-6.809554377158951
-20.2053692317579
10.41327014673939
5.094454163481296
-8.094005994526686
-5.318815981887488
6.858879403831743
0.1888508022134645
7.225433338065494
11.40592353168906
-6.843146250390943
-9.809496335106576
0.3619218442610003
-8.457556229464622
-4.277066029410384
-3.316443388092648
4.901757232171195
6.055837699555489
12.34321074955153
7.036582540103176
12.17769538479339
-13.18846015711402
-7.03199705609684
4.180490198758362
5.141112842845191
32.09407604665178
36.93646213364178
-41.98024774476853
27.19257436290971
0.1947786314278486
10.80578295335137
3.327775619033121
-12.85558595477787
-11.04400168265384
9.178823261405663
8.945857595896127
-1.079711171001521
9.372281081997919
6.156463099381003
-4.2878943264982
-8.472553254314613
-2.966350088208341
-10.44435742412386
-7.478007334665755
10.17141817690615
-21.04691001182001
-2.098641707220789
-22.47260920176932
-7.05219314290019
-3.85944204432774
18.94826830534072
-18.68134615638292
-29.85206973157095
-1.425699190448503
-16.18336157381069
-4.184658923028784
-13.39581485290745
-27.93857384247729
10.02757923770926
-8.978941844964929
-2.92202385605264
-7.869115913688895
8.54788327588769
3.771643083873178
8.547403783321718
-22.01788548519677
-19.17981770065902
-2.699577142594944
-10.7462916526107
-21.57279215269715
-7.627044418872805
1.109825930931597
12.75058493164093
1.434923804008958
-7.993612518674264
0.8514069604079496
6.594079919201626
-6.218367979472572
-1.47610062642776
9.964290506877591
2.979788016451111
11.4403911302801
8.46060308478765
9.743004405456393
6.523540946283488
22.80771035040911
-14.82190411315915
-18.75570995764276
27.63698764659786
2.357736741828507
-0.6340000032634427
-39.06938354668386
-5.989046561969047
-25.27925090477305
-28.27098765023874
30.9428846316425
8.660943547997284
23.06019460701445
-22.28194108758715
-7.882690022849188
-11.17072357478916
-43.07002099518864
-4.90150168492579
28.42637054156206
-31.8992974207984
-41.42712029291831
-9.743887772812505
23.58398445022984
24.46164151192077
42.17502637619565
19.39298352792239
-13.26551792653517
33.32787222767126
15.42041605836104
0.8776570637073261
-14.54275899258633
-22.78204285338804
8.736870350437318
-9.153755716568602
-1.71230219534301
4.519009045275597
8.495596560581617
-2.713160771136199
-32.65850145493523
-23.64472305195973
20.49113771157054
9.01377840259558
44.13586075835136
7.441453516096152
-0.2329656648664982
6.440594953526265
4.634912375185605
12.16295843699157
8.020497796839285
-4.947092057352755
11.46990713047728
-10.0948415830296
0.4450933332842157
8.433526048116661
3.449409333613247
-2.39297445282266
7.528046056918002
-8.046714509997962
-4.642730498052993
1.832309671797908
10.53993492318308
-4.984116714644842
3.403984012118315
-7.603059025942716
0.7850417032162312
7.260081880420974
7.7435665597252
-2.298566865864373
-7.603538520947003
8.388100726810659
-0.0004794940308935201
6.475040170024051
0.483484680115336
6.556992783218615
-10.105344823661
10.3058261938174
-9.484727707788627
-5.00733774183119
2.165189982821489
-4.2527637473221
-8.136295681100879
-0.3797358788156515
5.486612492545206
-8.49407332571657
9.245179245461417
6.073508107930222
9.739376240957538
-10.04213342429844
-4.241309582080152
11.64116424175536
3.665868138690979
-9.826555368337381
-1.873728952037418
8.86201760525687
2.703416123529032
8.504239963620435
-7.377316239521686
1.576534499209922
7.952826418956865
2.449239126833792
-8.563813395640123
-2.187521471855259
8.548225090634615
10.93200742054681
4.382766434522438
-3.34670521470645
6.376291920852014
5.21710818289043
10.7357465606926
7.75655980085782
2.383782327927133
-0.357777642027411
-5.651715373933225
2.285381949776798
8.792301290144923
5.985573995900479
-2.536877417824211
-7.496424646954467
-4.932683893667241
-10.30546136700226
-2.075280903049275
3.665383282554364
4.69223122983632
6.769822964061991
-5.372777473094043
9.624915123249838
8.230180464712497
-6.549240989219136
0.1156322274431939
-8.114548238482339
-1.476133244719984
5.74066418636297
3.895954914208406
1.545848687065567
8.210721907060233
-6.183622965030938
-8.160871883262875
-1.408286903492262
6.995315133383336
6.664873219856801
-7.729471650220276
6.638414995543441
-1.215406776314198
-1.977248918518074
6.752584980317851
-7.947981057725094
-5.208610316950622
11.1463476796345
2.166432420697466
5.597848445418887
-8.965294139300525
-3.000611083554911
-2.677921096624286
5.402990955415845
8.067874628237419
5.964683054320783
6.287373048769376
-7.853821773638409
-5.188938104451439
4.925475379071327
5.372088161771913
8.403602037449637
10.74579572575553
6.231311235293651
2.664883670445986
2.739370742024265
-4.514484493311559
10.11441348097298
-7.253855236702166
10.80645876418252
6.151268586899119
-3.277267728849785
3.976587511264726
-7.975296120844067
0.6206171158719072
8.595913267435728
3.758566752506637
5.80082384115497
-10.08073236017272
-5.304971656502053
4.775760702251427
7.937097325121637
-1.844709272345838
3.104439682462064
-3.938683950960246
4.131173604595554
11.2790905709136
-1.534196808559492
-10.84893332949795
5.638330977656438
-8.77134159444396
6.506919342041297
8.069857552968916
-4.832657641732663
-8.384010889667991
-6.821072684569737
0.3268442785395686
-0.252961178772578
5.637872284192944
12.31977067193236
1.562938208340366
-2.806727291457046
8.13104971445882
7.147916966821334
-2.49987663217722
-8.140636210995476
-5.640759590074049
11.99292636507673
-4.586820756766523
-11.92840929406547
-8.076285736191275
1.884554551631353
8.700263278243533
12.22751864653121
-1.942321672976668
8.995455334222031
-10.46477308787611
-6.891017836047317
-0.4828161508901854
8.204801243609284
10.93777700548684
-8.522451413187724
-0.7906540920909353
5.89083347196068
11.5404285520084
6.545692787266879
3.573755251551261
-5.406160010851099
-4.959547227905978
-8.97991526174985
-5.548499234220138
6.408201684807646
4.63767593798178
0.4466127823931841
-5.571062784658671
-7.341588532798015
3.11655460952931
11.65925552267586
13.28708403527699
10.18617517036476
-4.655190178152266
5.327642420468369
-1.770525746836344
8.687617392884736
-4.858532749925358
3.852123558186853
9.982832599489326
-9.428536318599255
5.159156110161914
-1.347934199213798
1.213955235106975
-6.171610696347275
12.17835439177573
7.362722105234793
-4.823676494286265
8.710656305039619
3.3152514326914
-6.19089668597091
-7.550086947638094
7.209495302527949
2.792877146502033
-30.12965064364489
-5.216528565653572
37.02668270675632
-25.38162922648603
-6.985212240473193
-11.20875733833876
1.7752445431273
-7.30516283567109
8.525068910555358
1.455293958681966
-6.833500822519608
-0.61702512086304
6.867599073364131
-4.223545102323753
8.760456787525941
0.471662017628149
-6.600324877372862
-10.02556877058288
6.673560624328145
-2.806737870668174
4.296780859254326
1.282401336424373
7.218830904213124
-2.37677977059109
9.374731485695291
-1.013001892044393
-9.687215949344962
7.025490886169792
5.936429553595278
12.02354877747142
-13.12823889958579
4.715520698002408
-7.385565934301269
10.96439916186486
-6.260524483419179
8.19115791322365
6.087119237668226
7.103518732338809
8.542700911740049
7.336346883233526
5.64959507380319
11.02784978176063
6.68189839661625
-4.994735771006576
5.658692026095498
11.53235127242621
5.378254713265429
-11.5280070829335
-6.396826890777843
25.97815872914723
6.350196656330487
-9.97760852333758
5.742672962039256
-7.069774945046432
6.86771442193064
-1.657469844371472
-10.97604518269604
3.475637211439947
11.88517241687493
-5.466573946051054
5.666461791425096
-10.10850144515088
-0.6288883330107509
7.803007217171279
9.802419379180101
12.36374215390027
4.925725803341216
9.479613116677614
-2.743313072098009
6.21647570613292
-2.84269418745596
-8.088386387757357
-7.07198689831438
7.484624205228541
-9.059169899469444
-4.50528257630981
3.926613016335387
-2.773241246515321
6.504398261652919
-4.815632289624061
5.145208000369147
-8.525184279951175
-3.87168541236888
5.509471247527497
-9.5061481177231
-3.064423635689373
3.894243868696262
10.95063720942548
5.72282205499998
8.409535210225568
9.277639505450924
-30.79040224349567
-13.17786779545949
36.78883396963128
-11.84687962593027
0.8681042931294447
7.309828773268204
-6.218710622319178
2.507179335228252
10.63059138915256
-0.0991018602917869
9.716790995717542
1.121398433926402
-7.018142420305519
-6.783681918955478
4.653498881231132
-3.558011199520843
9.381156673225322
-8.211510098913552
-3.650775155239051
2.696576638453563
6.441724481572671
-1.359190262050976
-10.72969325473541
0.4033424701436961
9.129232414354654
6.709447328266284
-0.9138003867033567
11.1330357311337
-6.684580048095373
4.553887332638586
-7.669038887095986
-5.245692199947625
8.431895583596503
2.423346692904729
4.56073495049314
-4.802649436605721
4.650371576029148
8.787245690559066
8.725889950465675
-2.419785079819822
9.709180756248674
9.453021010538242
-13.99736507339723
-9.328249972944391
-1.672457802913197
-8.088071692632129
0.3473461181086478
7.153705546424835
9.1794481815861
-16.34276611863472
33.35040498996922
2.851224266319957
-13.17295836869553
-20.65513526432692
-7.623247707825315
12.12896583417693
1.589401554458193
10.02481936716087
-10.8786232585893
-4.312369145692712
-8.595392554100506
3.303355868075742
9.21264925798207
11.47578676428659
5.04880864303013
16.05922232282199
-2.349240599525028
11.89874841448525
-8.139540850476836
-0.1010480634944646
4.583435558535969
11.22809204774046
8.209024459525326
4.601747178296451
9.27086226858653
11.01041369765961
-7.398049264461555
4.669115095371614
5.90929338316987
-11.99979646466403
-8.285181372717281
0.5409819800030541
15.89107579544858
14.60890122602334
-2.999067219244025
7.677173144729012
1.739551437715946
7.655792175285237
-4.316678393176606
-3.982046561361694
-9.209861716052366
7.315439865631085
7.751537091353856
8.608919003151682
5.91624072249635
3.625588905269036
11.20235487759183
-3.019067592495181
9.423378293815336
10.81599961518051
8.826163351261821
5.286114157217809
-0.2561597467840744
11.9742162094131
-2.104146465124009
8.773897690448361
6.727955597329429
9.960840290760128
10.34296409490568
-10.91722619090966
-1.47015240658332
6.364511611414961
12.90968773436279
-9.289397683669304
2.161635288701287
-5.762142319103155
-1.206354024289139
9.447073780371245
1.627828511195071
10.65342780099222
5.873659249863291
7.834664017330719
1.961004765335653
10.14678325134403
6.566001618342856
-6.154096554255029
-11.21817209574782
-3.032393607562062
9.714629945001301
4.910082433401441
14.59527171596827
6.545176122016807
8.185778487294103
16.12825453000169
-10.74805244611033
9.583078408475009
1.267414848876154
24.41098939464313
3.527255368554954
1.550398559616261
-11.16969960747869
-15.51565097125735
-8.674214077024123
-6.112891328216319
8.03849278322693
0.2344604885013322
2.561322768531032
6.347351800511083
9.030057437190649
4.136874114739966
-3.200318518437391
-5.24626061240749
8.702017084227487
8.867896966051983
12.44244589373534
7.576765973871535
8.435417811721933
8.832102063306758
-8.745141302663813
-5.237981849836317
-1.688747961582688
9.608738465693966
11.61319131851814
6.777485446166782
-19.30076177120218
-4.472850785530269
11.92758661841939
30.04486992836917
9.879769256617097
-9.615572488457767
12.74702354983605
-3.580781632645489
-19.62796207710024
4.748021422548216
-14.74732031081235
4.880641769846251
-12.7200981718985
-7.848160865023753
-5.822418231043698
8.125859463636953
6.219758382390344
-4.893183322686936
12.06821548396183
3.507159452966103
-4.416618156791587
7.056393340735069
-7.923777608627483
12.01546729540382
14.82791098583679
9.685189282788267
2.025742634424098
14.06791924657105
13.94827769531634
-23.05403804015262
-11.32183390770309
17.90487079626546
-6.311930138418884
20.80888936327627
-1.282174570452943
17.44077188321335
-8.213902649691276
1.416589244953134
11.73220413250319
-1.906101080403817
0.1658798811866618
16.74210790210628
-13.63830521246914
29.22670470374183
5.084641242537223
18.72294645447124
-6.357117267972021
-30.4991807268701
11.25541718006142
-24.14206346095453
17.61253444803649
2.904018566878077
18.94352261810997
-16.0241826368635
4.477389983439134
-4.837346545648407
-9.314736531328514
7.172527755434462
2.077591734639883
1.016399489796365
-4.345951379681963
-4.865679917422436
5.810560447285654
1.392621322289739
7.958875438214559
10.67624036376222
9.630491892939908
2.148314991290527
-7.482176898640456
6.566254114303891
-5.227815154558185
11.29748642713487
-20.33249975493443
-18.32804690219341
-4.284605607596933
18.75403618077468
7.716227966555715
32.58406632692227
2.004452853316337
16.04789414720858
1.293479137543804
-4.835705871837953
18.30786867470294
26.0442748690505
-23.79450725925305
-8.182710338651855
14.85593145033948
-7.218279238471514
17.25276042452244
-22.93712534746537
36.73726280361966
16.57622802065802
0.8573819116178746
23.14357454602744
30.64707627547884
16.40043740433399
7.736406195716055
23.03864178851018
-14.75441500928148
-40.07827019107137
-38.17271852953846
44.0526101025272
-14.4325269272892
11.83685951132943
13.83003014643918
29.26571370645943
21.88133135342054
-48.63571359493879
-29.86122015335173
1.905551665367959
24.47103966287007
27.12081950186553
2.649779839018035
19.48450237944169
37.46377733282057
-14.24663887104243
-22.91067007991211
1.957168279557198
15.29611341605875
25.51701284181918
-43.3871206439153
-43.18172071371747
47.50744792085288
-0.236154677293333
-41.53374923003483
18.11728330985848
29.54275228678493
-24.15933429241
-31.54371664664471
35.35945527932514
-13.5644416933197
18.20233012809412
41.94252173689667
16.03950405177591
34.81399749393735
18.77449344234221
24.8678383604769
42.24321127236929
11.42546897684641
-20.16510066622153
15.43568356020709
25.23176294759588
23.55984456326963
-18.71952456521034
31.0031856184802
43.1509659715918
1.853371413416621
-20.39144294992244
-7.384382353785054
9.79607938720245
59.51878957128508
17.97927495345823
49.72271018441235
-1.671918384510989
6.583066457736283
12.14778035383398
44.05858387713079
32.85245290227459
31.76677182130818
23.74019160552611
-21.00961962173982
-32.21575059580188
28.64478180375018
26.26938644003737
-30.81774229997001
1.647971487131775
32.46571378826793
10.22089942547281
-47.74360260099773
-15.8327990813229
31.13162341995284
31.91080352252562
-19.49534173921794
-22.24481436353989
-11.20613097445906
46.96442250127527
49.65440142500074
2.689978923235566
