12.36693296351826
-5.268037647036224
2.264960731646884
-4.000918141421698
-1.310463812490089
11.57423277176185
-10.12847413486392
0.6920143436311504
50.6480183510529
37.38186124643373
46.3966876746162
-11.87710250963026
-14.37959365546844
13.14219942133419
-2.381839173815495
24.33610628490602
21.01693855735892
25.33791874947052
-30.0965569103033
-7.034219095059564
-11.69257915408393
-1.941558742275638
10.41752384496725
7.667958139427427
10.09257743198311
-10.19973345761461
-8.365828170933131
-1.805466430569758
9.846296708125035
15.66304580096743
3.110237402219073
-6.503236738741967
8.790390173793931
11.23807253440877
-10.55609047787327
-11.12188164333812
-3.037295378004288
-2.308530742730128
8.000859270734292
10.4521170600759
10.28964544741796
-6.872655648859221
2.627511365680103
-4.424973266559087
7.74616345888378
-10.30838980002406
-16.70655493406315
-4.839071885062775
8.601717308840536
3.053974739924673
9.216686953777895
15.40376764926282
7.399977574584037
-3.319167727586216
5.790293494981121
-8.003790104191065
-9.613474154281652
5.680152784895571
5.358574431671214
-10.71914531136077
-6.398165128354702
13.36236453545229
-1.134281212031079
10.73320183596577
11.40474114030586
2.661429074981781
-19.63378723816054
-25.62296792169717
4.320980192196489
11.86748304845615
-24.4886867108336
-32.37213784508227
-7.662134083641287
2.372723099464789
10.40040595419522
-2.54348196146741
8.00469286644651
13.44078919543021
0.6715393049017153
7.19955940411664
-7.386849938051942
-7.708428301215375
2.113317118395464
-1.545716088995193
12.14817428909738
7.197504590012837
-0.3215783528145164
9.500167055776586
-0.5657911640491566
-6.241229792840066
8.247559735254301
0.6149696497231962
-7.259432134924911
0.8879608994861027
-8.333554464241814
3.24936679624813
8.470535164285025
6.491683088001116
6.162712212961436
12.20345872811376
7.038352363197861
6.528020099915272
-8.743312064477939
-1.474272604143177
-5.165106365609212
-5.675438628494803
8.084586269345079
0.9594428499877994
13.24969263322067
-9.27770621588202
7.896562890814011
-8.512624965473487
35.72691282643925
20.90486879937773
16.96880233775266
-22.16816127456367
-44.9520757722687
-24.45947867589317
-3.29193438000031
-1.184772082451679
-8.645064126751853
7.746220278813945
9.324026839545249
-10.23714906383427
6.937120039412716
-8.291348294970414
-1.45466316212159
5.436294266905776
-5.353129743392058
11.03815465297107
14.83628678836692
5.614771422590587
-9.163181503613306
-2.27222407623251
-5.436224783834255
4.984857865002549
-11.01981145718968
-10.22210163277232
0.7650812508844081
1.945800766399596
4.515853250770242
0.7977098227885113
11.78489270913343
-24.30226697243866
-17.77936305964633
44.3984848453635
35.1028473911343
43.76452307409612
-38.80948854745814
5.328521623663742
26.84053145708475
10.65428088295862
22.65516860093304
-29.75213526513841
-5.288793519936172
-7.460292047659499
-1.074122326367035
-8.961117821632016
10.5087989268654
7.269039458967605
-22.29521631152639
-1.500825772512277
-9.22151536667756
-9.851428918421719
-2.987207893622193
5.603722195956674
6.392136936562272
12.36138682712034
-7.886995497313555
4.604605472309271
11.44129059824574
5.405092749783789
-7.751579139062256
-9.852442831747172
12.16790239585172
-25.09997679363608
-2.289145910293642
6.836685130384144
-14.45704830602146
-6.03619784768023
6.890957428204183
3.726956718317922
-10.25383789901182
0.5576245301544565
10.73593552194993
9.258624664226087
12.24053609540488
9.763154564069399
1.663699334711641
-13.15667188540541
-6.812013426429399
-20.21081970649253
10.42108264728556
5.098094205456141
-8.099455227799231
-5.322988439031667
6.864221027360731
0.1891039744809786
7.231188481426113
11.41498208914362
-6.847894628834748
-9.816270131234608
0.3620408653804106
-8.46417171498608
-4.280378093565838
-3.319046772955071
4.905479264756493
6.060298071651058
12.35213986975324
7.042084515259628
12.18720946406826
-13.19754943169677
-7.036998609890271
4.183793618602345
5.145124944767534
32.0962461587355
36.9388796348287
-41.98324048440985
27.19437673646169
0.1947564158852552
10.81146242980548
3.328937243013021
-12.85731332396364
-11.05294121431407
9.185857357250283
8.95307608975499
-1.08078555508595
9.379344834177113
6.160550818251319
-4.290349883558593
-8.475712758253435
-2.968375508974664
-10.45090069877433
-7.482525187431556
10.17831099225369
-21.05133657340823
-2.10086369071978
-22.47711550758246
-7.054147822038729
-3.860357997223624
18.95047288384729
-18.6824020217032
-29.85394234299577
-1.425778935070517
-16.1862505669764
-4.185362865423284
-13.39880627717587
-27.94396212336719
10.03485717424441
-8.985911614838116
-2.924611321298903
-7.875281021888183
8.555456076168104
3.7747361791735
8.554793990176471
-22.03303309383551
-19.1911174299696
-2.697480450901132
-10.75011885028035
-21.58683051380845
-7.63259008717859
1.110630592275255
12.76064779822649
1.436580163276314
-8.00086104229071
0.852032805496299
6.60108986299531
-6.224643243846701
-1.47731085187073
9.9721556497785
2.981911440715722
11.44946649579603
8.467554998363443
9.751020411807762
6.522903914411916
22.8108308822283
-14.82204402582427
-18.75811048998933
27.63933218556499
2.358317779585226
-0.6339617706391654
-39.06996322235368
-5.989180682943087
-25.2810144057036
-28.27329395702701
30.94578895035319
8.661675685103361
23.06233781579612
-22.28411327288278
-7.883451131092432
-11.1715403203393
-43.07303007305141
-4.901869424636572
28.42816340897757
-31.90148975366538
-41.42828101048659
-9.744502902429902
23.585529924632
24.46334174910975
42.17799690029424
19.39408242456317
-13.26615710274237
33.33003283597662
15.42296768446013
0.8778118283847358
-14.54515585203429
-22.78391448573055
8.743220680443518
-9.159967648460754
-1.713307037263205
4.522301598484096
8.501300723392895
-2.715018441937985
-32.66023952824202
-23.64541309743062
20.49259708445302
9.014826430059948
44.13801017177588
7.446660601550263
-0.2327812657523894
6.444949221445217
4.638138300467048
12.1711366983757
8.027682858094471
-4.950669699836987
11.48006739478324
-10.10197223187099
0.4462025815088064
8.440998579825745
3.452384536662898
-2.395713085320609
7.532998388296027
-8.05263839935337
-4.645835822347384
1.833905286681037
10.54817482683321
-4.988614043270098
3.406802577373707
-7.609895706262561
0.7855209189341206
7.265262042406842
7.748834468350118
-2.301062858655371
-7.610557797003826
8.395416620804282
-0.0006620889396521778
6.479741109396028
0.4835724275016586
6.56036175572588
-10.11135531377039
10.31698988011881
-9.492171217716921
-5.01177987199736
2.168888820770206
-4.255816791455589
-8.142784593625679
-0.3801927526299865
5.491109100573504
-8.500604864530111
9.251902303888663
6.076789337733961
9.74692589424909
-10.04989732461958
-4.244788079816675
11.65176315160902
3.670136567835218
-9.834777896897945
-1.875421047101374
8.868962173614397
2.706032668382609
8.511141909016429
-7.383520096239237
1.577806558126985
7.959356855340016
2.45125779673322
-8.570684612778713
-2.18913430714962
8.555248923594103
10.94059958231749
4.386075101086558
-3.349516253555385
6.381550299817421
5.22116836281886
10.74438322756467
7.762591838449957
2.385350654827264
-0.3578202659079238
-5.656571439150049
2.286975712471872
8.799827497214828
5.990923923472311
-2.538802304692629
-7.502825166953708
-4.936310481732566
-10.31355166501633
-2.077135730188228
3.668156789329629
4.695784571786032
6.774840436213465
-5.377241183070135
9.632095053885978
8.236415935451406
-6.554524486955821
0.1154592065110757
-8.120956730802099
-1.477550962045579
5.745292520140945
3.89903879339886
1.547242477520155
8.217226176883171
-6.188348881698934
-8.16720096219135
-1.409536336020238
7.000494880575327
6.669983699191508
-7.735591356215811
6.643405771184265
-1.216731300020756
-1.97885208140666
6.757664627369849
-7.954761228216853
-5.213614389316787
11.15664283373791
2.168355473500489
5.603105608213236
-8.971957021152084
-3.002707127411468
-2.680115235929636
5.407324093344272
8.073917189358099
5.969249890629595
6.291841796002183
-7.86013707363242
-5.19354398464446
4.929572725250258
5.37658976051736
8.410031217669344
10.75403242694999
6.23560862546031
2.66659309095989
2.741146842105463
-4.51842380661826
10.1231167058064
-7.25957065277686
10.81672000159676
6.156869648203391
-3.280571542454572
3.978999117297103
-7.981626618251983
0.6191840960529246
8.600810773863982
3.760793203033147
5.805109242718413
-10.08955275951339
-5.309494941322055
4.780057815217915
7.943547154428396
-1.846253726449888
3.106683647768726
-3.941664164340994
4.135315886722513
11.28910421357633
-1.537174543084893
-10.85758353635636
5.643494269419164
-8.778527671800333
6.512851787591003
8.076980046072816
-4.836863504346948
-8.390934093957698
-6.826805847028816
0.3269824730290242
-0.253457534469528
5.640135411846633
12.32473706548877
1.564128253490723
-2.808903568426004
8.137476566136522
7.15378832758784
-2.50249114303742
-8.14810105934818
-5.64560993789476
11.99775453705657
-4.590166473427953
-11.93698049593106
-8.081659895820591
1.885947126034119
8.705305333713545
12.23449459323118
-1.94415366292237
9.002226473036528
-10.47387989194235
-6.896632420956199
-0.4830115949785618
8.210936703382261
10.9463801333146
-8.529726226375905
-0.7912897740026554
5.893592964098313
11.54655355918931
6.549408158375352
3.577247469087445
-5.411039895787194
-4.964022859900549
-8.98828736430195
-5.553537226149261
6.413620824777914
4.642160060594893
0.4470170346739417
-5.57535324608636
-7.346814012613804
3.118595051139692
11.66650928775139
13.295471807462
10.19569728383904
-4.659850355551919
5.333010262509903
-1.771460763837152
8.693948294535472
-4.8626870218709
3.855320600597484
9.992860620220286
-9.437441196959069
5.164509690195136
-1.349509034031007
1.215799870295723
-6.177859979539771
12.18809182584863
7.368498583530147
-4.82835093952953
8.71800761749342
3.316753608912093
-6.19412500426498
-7.554126877167134
7.212922277905018
2.794420589384805
-30.1319472670679
-5.216899424745185
37.0281911635175
-25.38367743885191
-6.990560153944904
-11.21631917754292
1.776217807759203
-7.309549633792584
8.53390442538549
1.45722835102796
-6.838224112062333
-0.6185798922034654
6.873747351389497
-4.225759031773257
8.766777971019154
0.4713255308160332
-6.603539098158185
-10.03386165145706
6.677730498379693
-2.808684336279107
4.29995045030835
1.283465444150694
7.22517732294973
-2.377780058209784
9.386230374317979
-1.014072786451802
-9.709383595435909
7.03613619509413
5.941711851193111
12.034136231136
-13.14271692620033
4.720584396634817
-7.393659855814617
10.97229196551962
-6.26667630879269
8.197634462882689
6.092424406319009
7.108634791094262
8.547914233362549
7.340697940575065
5.65296058243528
11.03324892049551
6.684601670949754
-4.997145414060289
5.661814631177191
11.53786120527964
5.380288348080279
-11.5346273869077
-6.399258300956205
25.98205560049655
6.351196157254937
-9.983648091028408
5.749057063942496
-7.076676060556237
6.876040628605859
-1.660157088127912
-10.98726070795697
3.477050059494434
11.89120124239452
-5.469375323020849
5.669410380928589
-10.10457440051655
-0.6295485714333088
7.810798056679877
9.804891906585166
12.37423522393633
4.92270305620846
9.475025837811261
-2.749565718062715
6.219644228944309
-2.843425484493043
-8.091075011594222
-7.074864636068572
7.492327264999249
-9.063069725708546
-4.510746926812888
3.929599782936426
-2.774657498880483
6.508015651065968
-4.819593246877336
5.148013779124327
-8.536197743154842
-3.87717239007757
5.517885405584097
-9.510878612417002
-3.065975840256529
3.896168667543051
10.95574594580105
5.725404349993662
8.41415119164196
9.282673145611632
-30.79598743636029
-13.18066790970905
36.78945462336891
-11.84777586339902
0.86852195040882
7.313424719129773
-6.221790855802968
2.508469085753911
10.6344701868154
-0.1009814600972439
9.720873337428678
1.122990172351219
-7.028387549316895
-6.793651719438566
4.659025379498207
-3.562727502612949
9.395057820751513
-8.221752917047022
-3.658315735799583
2.702387606805587
6.444902771379427
-1.360001873824717
-10.73545165699962
0.4033340233702035
9.133593940351957
6.712682333207587
-0.9135968359895151
11.13878569194072
-6.692670238860779
4.552322818185385
-7.672268796049169
-5.247649526902788
8.44034669273859
2.42461928003309
4.563437193772818
-4.80495563071703
4.652437249467614
8.791380190347779
8.73025992855292
-2.420911595428167
9.713536721660653
9.457392876379965
-14.00295390937265
-9.331999731459687
-1.673142736409944
-8.091435698379142
0.3476349629992542
7.157030756712521
9.183910505325773
-16.35128059262185
33.35203831921941
2.850467015007021
-13.17755836018137
-20.6645496452616
-7.626279155791103
12.13444831393345
1.590153374304655
10.02922403918781
-10.88221842802092
-4.31326905264039
-8.597883149943446
3.304914294095109
9.216432522551568
11.47985682743484
5.050527407947282
16.06506237897847
-2.350094179223349
11.90279742890429
-8.151377714082564
-0.101168715038532
4.585205551544247
11.23254854639727
8.212263762317173
4.603344444800708
9.274298602441615
11.01453500603692
-7.400621629964808
4.670954167777063
5.911518215444634
-12.00396611755928
-8.288833911829402
0.5413395876907464
15.89917585535946
14.61642268511271
-3.000516465585837
7.680671424029427
1.740236420591483
7.658857004837176
-4.318789872594734
-3.983831208284322
-9.214172804817741
7.31883167756168
7.75524034085008
8.61295754750142
5.918620554242458
3.627058219141157
11.20693800288548
-3.020284792448708
9.427425257025815
10.82048847838509
8.830173496895673
5.28831745298147
-0.2561438470375981
11.97997246506881
-2.105224271589737
8.778182026422252
6.731051269092164
9.967607027884476
10.34854746724603
-10.92290705532932
-1.471163271223938
6.367377698911927
12.9156275202245
-9.293944546371772
2.162604799259138
-5.764755293816682
-1.20721628382915
9.451743776600591
1.628962516461891
10.65896005330907
5.87604658081956
7.838540968726511
1.962494384076279
10.15318764109038
6.568797850210732
-6.157572847466556
-11.22390522273462
-3.03321196180122
9.717242507070122
4.912199540501636
14.59888324476583
6.548249819427114
8.190693259099632
16.13610476471514
-10.75302272188591
9.587854946361576
1.267896388772711
24.42001391478226
3.52918925983851
1.550979295902676
-11.17539139109659
-15.52403859910599
-8.695310847527507
-6.125967580945851
8.05020899145809
0.23473580510217
2.569343305124754
6.36070335513041
9.034325873776341
4.138942941409426
-3.201790437838616
-5.248921196427247
8.706335808259681
8.872239775811781
12.44771006396252
7.579879786666772
8.439070663130993
8.836275542434585
-8.749155580696653
-5.240297171624786
-1.689578303295654
9.613084582492071
11.618297053251
6.780621940727809
-19.30342259968286
-4.47126363196891
11.92876145784973
30.04752772462083
9.880749689283164
-9.616738895105561
12.75045446354141
-3.584389790190746
-19.63085945161123
4.748269838694829
-14.74921872308074
4.881640735431608
-12.72637069637644
-7.852173020956804
-5.825293274288659
8.129963726597794
6.222910078893626
-4.895382932293048
12.0740302128422
3.508858408346888
-4.418501689214421
7.059577277751088
-7.927360095208531
12.02091911162596
14.83215896798117
9.686683704701418
2.026879747244718
14.07508309834734
13.95525700211774
-23.05554776493569
-11.32091661740898
17.90880545375909
-6.311989872326005
20.81630649140373
-1.282753172125396
17.44516723846125
-8.218504429450793
1.417141856775973
11.73463114730793
-1.907053646201326
0.1659039666385373
16.74355789261618
-13.64168479258773
29.22972207076153
5.086235620767304
18.72792041220945
-6.358084865257783
-30.50157131055891
11.25723466138548
-24.14348644930196
17.6153195266516
2.907501037332619
18.94821157402151
-16.02802537871023
4.48039137932911
-4.840017630389476
-9.320409013783769
7.180668752635976
2.0790558644918
1.01621037572366
-4.348647238988962
-4.867830272401361
5.813357618936235
1.393063223118447
7.96201260429839
10.68118788939156
9.635646282822064
2.148654986030929
-7.48699129093575
6.568949378080381
-5.230341596170505
11.30266288581704
-20.3349973076806
-18.32978483702929
-4.284878484594435
18.75851857302111
7.721578066383215
32.58944779439598
2.005212471210623
16.05011882296523
1.294125869931019
-4.837675111862758
18.31444241513482
26.05136290370032
-23.79759808874555
-8.183887930042577
14.85950912821692
-7.219944162562785
17.25771285542593
-22.93988088229965
36.74486458806955
16.57765392587859
0.8577172062963139
23.15211752633709
30.64762549822126
16.40002509020863
7.736920489917281
23.0433970577638
-14.75599295274225
-40.0764189207335
-38.17146664260552
44.05802211431448
-14.43186071598151
11.83825501564392
13.83092922167702
29.26848877067189
21.88535545998795
-48.63723048554127
-29.86371864974283
1.904952285542028
24.47765701768385
27.12829636403473
2.650639346397181
19.48715173297103
37.46486172113352
-14.24760040789775
-22.9107050084622
1.957164718631574
15.29731102778296
25.51859039234429
-43.38701192054084
-43.18164570855009
47.51146855815529
-0.2361822256827897
-41.53375514942462
18.11876626646557
29.54491143533697
-24.16036294517829
-31.54349625714148
35.35855770442735
-13.5657862691073
18.20288467130701
41.94249061056055
16.04071053774844
34.81422237481892
18.7735118372216
24.86786972811279
42.24509058817564
11.42614516879054
-20.1667780245853
15.43755954917192
25.23402947006004
23.56142567473184
-18.71969606669988
31.00275466058286
43.15082970442092
1.853256770226136
-20.39229986255803
-7.383133311445511
9.796469920711672
59.51892064908726
17.97770998821579
49.72245072869673
-1.672603795507703
6.583932906220036
12.14807504525253
44.06081000410672
32.85404864925108
31.76867094025275
23.73960593293885
-21.01300575424263
-32.21976710758862
28.65012338685638
26.27011573434947
-30.81894542795315
1.647890565849463
32.46683599600681
10.22127936425868
-47.74765078930817
-15.83491583742415
31.13775897282688
31.91273495735332
-19.49748857308238
-22.2455566331343
-11.2067613541008
46.97267481025074
49.66312914014087
2.690454328931573
