12.37049415033273
-5.269383449450488
2.265632068953536
-4.001004593213263
-1.310377360698531
11.57577905545231
-10.13018562833099
0.6921301006568777
50.64968825416928
37.38314143942139
46.39847594723413
-11.87876041389389
-14.38233553030884
13.14482253690753
-2.382670689454158
24.33698872953512
21.01708371196251
25.33967052861815
-30.09798691316981
-7.034607951781076
-11.69603932918037
-1.941792935942414
10.42351897271528
7.671510120937729
10.09666887007218
-10.20198106970154
-8.36744127041599
-1.805739679464736
9.850211172226333
15.66694882605185
3.111207186273741
-6.5045686997491
8.792405175214366
11.24084262250748
-10.55924082691498
-11.12517131596054
-3.038219540823652
-2.309255701174589
8.003386466101
10.45546002493514
10.29255983411666
-6.874543676723231
2.628286887753903
-4.426106203544789
7.748359705632059
-10.31056241006054
-16.70996544459346
-4.840175208892052
8.603788237431557
3.054657718633208
9.218936316376762
15.40766313137117
7.402084804970127
-3.319905017611688
5.791887229455889
-8.005578361615973
-9.615775901915212
5.68119800483311
5.359641762093128
-10.72198983354418
-6.399403027751236
13.3652201232873
-1.134627908358207
10.7351623260436
11.40673738717466
2.661946455454832
-19.6358112555643
-25.62509461320114
4.322586816755247
11.86979023500275
-24.49046670621449
-32.37427848106086
-7.664272948620196
2.37353308942143
10.40409450273129
-2.544200096157019
8.007294953823758
13.44396344824431
0.6715750617965102
7.201225530364898
-7.388904465695392
-7.710460720431682
2.11392614872555
-1.546182124772641
12.15173217204761
7.199611816349748
-0.3215562423183458
9.502830613721917
-0.5659304872498843
-6.242737919799647
8.249985125690751
0.615148084715154
-7.261702246470811
0.8882451990064698
-8.336144728803685
3.250394624677612
8.47320370299226
6.493704173621619
6.164278596601107
12.2064579014837
7.039915736873127
6.529650469345551
-8.744790930649653
-1.474580881729207
-5.166542165463412
-5.676807432344063
8.086951780069905
0.9596442548073543
13.25349394358302
-9.279746440463237
7.898789946687683
-8.51449661635078
35.72797296723998
20.90563793154456
16.96860301510571
-22.16911136581134
-44.95403848742307
-24.46062444394591
-3.292960271211953
-1.185129910718188
-8.647664273517929
7.748645747737788
9.326966949405223
-10.23939069281379
6.939145690234866
-8.293204521969791
-1.455100677171804
5.437847716176347
-5.354703998224724
11.04160601200114
14.84089206554743
5.616502135305018
-9.165836124560364
-2.272887733060267
-5.437861144318529
4.986388236275509
-11.02154965394559
-10.2237394802524
0.7652498248468173
1.946186167883442
4.516589433586646
0.7978101717391423
11.78679948009451
-24.30369140272843
-17.78116827438415
44.39952406491917
35.10351901913825
43.76556175958133
-38.8104859870326
5.328872591048911
26.84254553366527
10.65511707543707
22.65689103102785
-29.75347837403592
-5.289256397911592
-7.462534366880871
-1.074442478791582
-8.963832342766795
10.51209686588456
7.270210047239877
-22.29775770923047
-1.501297974083713
-9.224389931351276
-9.854503823378559
-2.988121378421986
5.605458983393865
6.394082098226056
12.36517263149421
-7.889389866527949
4.605501899013163
11.44360573566498
5.405914047429166
-7.75222272460466
-9.853979955807008
12.16992564422783
-25.10150157271313
-2.289556213370123
6.838103841837046
-14.45948185731261
-6.037691687217693
6.892948392424206
3.727974978555083
-10.25580491721173
0.5579646478214274
10.73907165017324
9.261273676118732
12.24403705684222
9.765666663484691
1.663992736985178
-13.15813676795878
-6.812998903886208
-20.21302610027946
10.42424937880329
5.099569812740295
-8.101673924677044
-5.324679562699288
6.866382447935584
0.1892078450590668
7.233518359299221
11.41864679202414
-6.849821856832169
-9.819018993575359
0.3620880144271656
-8.466851506404462
-4.281723057091249
-3.320100030966505
4.9069865182438
6.062103462656155
12.35575371517141
7.044310524166064
12.19106200775552
-13.20124373559477
-7.039029709686898
4.185128445889793
5.146751478676661
32.09749637023155
36.94029665453975
-41.9849180220678
27.19542614786609
0.1947413323170711
10.8137695657879
3.329415583068446
-12.85801286663053
-11.05655876629343
9.188709573905552
8.956005738834902
-1.081224650382084
9.382203481300772
6.162214021591835
-4.291337112775707
-8.476991637510093
-2.969197144539125
-10.45355113082465
-7.484353983474118
10.18110700288821
-21.05300827669675
-2.101757228709868
-22.47883172687026
-7.054889333493503
-3.860694307430776
18.9512510493111
-18.68302934024076
-29.85502358808769
-1.425823451227205
-16.18742844969873
-4.185654513685942
-13.40002719303225
-27.94614743191948
10.03780602747683
-8.98873004864903
-2.925652791405206
-7.877773148977138
8.558511752768933
3.775985667325578
8.55778119889075
-22.0387288124711
-19.19529631868805
-2.696210157147648
-10.75125109537404
-21.59209586296103
-7.634837042861832
1.110956898867433
12.76471572074905
1.43724007241776
-8.003763945435317
0.8522825120501754
6.603887214662136
-6.227146013787075
-1.477797967080031
9.975334104607319
2.982763392103833
11.45313206471275
8.470368604930616
9.754246393237393
6.522523130127413
22.81194535806445
-14.82233503425011
-18.75936995361771
27.6404690560828
2.358575970467435
-0.6339623045847977
-39.07065147464517
-5.989283356921331
-25.28189308522821
-28.27443136166726
30.9471907372551
8.662042743010987
23.06337896205054
-22.28514800333928
-7.883811771071978
-11.17199424667398
-43.07474929630717
-4.902070225195306
28.42920013815553
-31.90275505080613
-41.42922745530318
-9.744870511522118
23.58639984404537
24.46422198078114
42.17965935438396
19.39473225899715
-13.26654681250421
33.3312703661805
15.42394239206507
0.877822141392117
-14.54612024584966
-22.78492710732188
8.745793942861567
-9.162484000391101
-1.713716796329208
4.523627478891763
8.503609460959259
-2.715768634281229
-32.66127907261991
-23.64594456166421
20.49341402925309
9.015334510057075
44.13935857885642
7.448767192621953
-0.2327038328853471
6.446715383737253
4.639450335476346
12.17446587684886
8.030561417254432
-4.952120356634966
11.48416454100677
-10.10486208137882
0.4466329512683438
8.444045223477488
3.453603123725929
-2.396799546031283
7.535015529888419
-8.055040938197301
-4.647092354395181
1.834539799285093
10.55149504870912
-4.990442099845326
3.40794858424674
-7.612677976832724
0.7857127126657214
7.267344883597247
7.750943306796426
-2.302079226367386
-7.613408536374874
8.398390684297118
-0.0007305574137395694
6.481632154124791
0.4835984250533673
6.5617016092558
-10.11382521082998
10.32157755651101
-9.495176410589016
-5.013585654002608
2.170407236481444
-4.257030333162945
-8.145386390635775
-0.3803752545630661
5.49290602193178
-8.503216838401622
9.254594285213626
6.078103195547602
9.749936357780166
-10.05302253033594
-4.246186513205228
11.65595086710445
3.671833175811564
-9.838102321900836
-1.876106076849949
8.871762562086371
2.70709610982782
8.513932121966407
-7.386028749683212
1.578321198469529
7.961996251736679
2.452073567523059
-8.57345985964634
-2.189784796230111
8.558083854639944
10.9440562360267
4.387405320049474
-3.35065079192263
6.38367505646513
5.222809071965771
10.74786864714923
7.765011133070574
2.385972376739998
-0.3578304418030368
-5.658517802383541
2.287601788419093
8.802874401196906
5.993084766114862
-2.539565925637759
-7.505377301389548
-4.937767769363124
-10.31680652502875
-2.077875744237839
3.66926872813743
4.697201766486457
6.776845979103033
-5.379038755482591
9.634969536486508
8.238930781337485
-6.556650922694005
0.1153798043988929
-8.123550979039042
-1.478122795957332
5.747144472921636
3.900284975007332
1.547803558483086
8.219834292467862
-6.190252558734175
-8.169752093002238
-1.410038450758562
7.002568810480462
6.67203073380937
-7.738056113773463
6.645428185748048
-1.217265486113388
-1.979499535433789
6.759713643698157
-7.957493963921095
-5.215619385571574
11.16076701247716
2.169134095889394
5.605208821687221
-8.974642503242006
-3.003551966359525
-2.680992265801303
5.409055299846012
8.076349525225801
5.971090533108253
6.29365025007135
-7.862693674527427
-5.195399457489401
4.931228611768901
5.378407776898072
8.412607262505993
10.75734179298494
6.237344262971537
2.667294219273903
2.741874582303338
-4.519997536043328
10.12662806453478
-7.261872123445354
10.82082821218805
6.159113841070527
-3.281890158773606
3.97998197304319
-7.984117732405652
0.6186488002404528
8.602766603655665
3.761688263071157
5.806836014634639
-10.09312485352241
-5.311329313595203
4.781795536339696
7.946119594179312
-1.846859497406367
3.107577251797904
-3.942853104423253
4.137029139841524
11.29321780156127
-1.538370471817772
-10.86103966014483
5.645622561449403
-8.781395447625684
6.515272616100671
8.079882238309292
-4.838542339536716
-8.39374308318507
-6.829133474814784
0.3270551786932089
-0.2536696524772149
5.641039186972014
12.32672015183092
1.564609616252754
-2.809789628754005
8.140073438568656
7.156188662555816
-2.503575113099451
-8.151170320029136
-5.64759523260522
11.99966490699642
-4.591518039202275
-11.94045944772498
-8.083851155408748
1.886507576862465
8.707338263050525
12.23730802557766
-1.944892316284383
9.004970752455515
-10.47754300873143
-6.898900623201856
-0.4830898102980184
8.213419505862063
10.94986306574159
-8.532650689448973
-0.7915512520704006
5.894708860703054
11.54902606193105
6.550904539109546
3.578642382972944
-5.412990538769811
-4.96581137292055
-8.991632921175837
-5.555558191632402
6.415810811348487
4.643957843807261
0.4471791643990166
-5.577088426245235
-7.348941396509873
3.119420888429642
11.66943866094747
13.29885630259484
10.1995160320864
-4.661714373751799
5.335156872999436
-1.771852967038484
8.69650931144842
-4.864359159804844
3.856608292864725
9.996871249385457
-9.441004007487322
5.166647130981821
-1.350135083649431
1.216528336180876
-6.180359220501699
12.19202214292239
7.370832363579342
-4.830224129670875
8.720967446921616
3.31736650402777
-6.195428369000473
-7.555758818978323
7.214308730789489
2.795041629141978
-30.13271075801829
-5.217018834163862
37.0286228388736
-25.38436273435094
-6.992716276314566
-11.21937810966677
1.776617943082641
-7.31134435085092
8.537418452474505
1.457989896521739
-6.8401429126131
-0.6191798340655145
6.876200088797703
-4.226661843012529
8.76933423083147
0.4712014491496033
-6.604848729051771
-10.03723039698207
6.679419229892258
-2.809475622956629
4.301232365493296
1.283877824935852
7.227754783173357
-2.378186876378978
9.390872078587527
-1.014491931400376
-9.718082908818971
7.040405578697857
5.94387692532013
12.03846187382066
-13.14849228181746
4.72260782232757
-7.396887563863854
10.97549381856511
-6.269143342076815
8.200251020781556
6.094584979866603
7.110707993785608
8.550017768544244
7.342455801081327
5.654317186041756
11.03542219625971
6.685680985497544
-4.998121538823376
5.663069798947295
11.54008953907521
5.381105022102034
-11.5370900173022
-6.400047440116585
25.98341332239101
6.351551018789666
-9.985879727671417
5.7516047102829
-7.079428539411573
6.879348953047467
-1.661218380543202
-10.99175116739953
3.477643190515126
11.89369130820243
-5.470526795448249
5.670625980778846
-10.1031805967778
-0.6298012852782144
7.813915261301807
9.805924122620031
12.37842249997246
4.921626282893484
9.473379321874257
-2.75200886674017
6.220963089458967
-2.843696735720149
-8.092173189935433
-7.076050186809762
7.495379948373486
-9.064659839991526
-4.512906780810021
3.930809862921044
-2.775242793368622
6.509499401484856
-4.82118978450415
5.149168952692787
-8.54056736500692
-3.879369807288361
5.521224396416921
-9.512794872340423
-3.066601670278113
3.896942225190129
10.95780550293181
5.726447180513165
8.416048127994703
9.284742189879001
-30.7979863198683
-13.18173841879856
36.78937247286118
-11.84801971738886
0.8686940577454878
7.314887255762151
-6.223065320756286
2.508995817901917
10.63609781530956
-0.101719246901837
9.72257200564427
1.123632268407462
-7.032481393271167
-6.797645471928616
4.661197589134696
-3.564570109886656
9.400594233395735
-8.225767740498087
-3.661260484990436
2.704668062163526
6.446193201156662
-1.360330451116609
-10.73781707420905
0.4033356740799696
9.135396783709799
6.7140210697386
-0.9135257936166301
11.14115276196796
-6.695926200662391
4.55175308233987
-7.673635175357967
-5.248476454112699
8.443716623552032
2.425158734172111
4.564507270218406
-4.805891434719848
4.653277086352654
8.793048850980609
8.732061123309073
-2.421375700098853
9.715310694124021
9.45916851659403
-14.00526417321551
-9.333550378984985
-1.673428308372666
-8.092819572450855
0.3477487655403664
7.158367408682235
9.185700299057268
-16.3546009368871
33.35285496062338
2.850148596947926
-13.17934748381565
-20.6682263331944
-7.627546847464016
12.13668639056996
1.590459223862255
10.03102756596184
-10.88364895466472
-4.313625396307947
-8.598939719144465
3.305561440981561
9.218006062500173
11.48154810793715
5.051243318635884
16.06748479288201
-2.35046649988921
11.90450114203345
-8.156113652561244
-0.1012161214884195
4.585936684945491
11.23438375711007
8.213600772366018
4.604007311298262
9.27572108125247
11.01624151604188
-7.401709869592631
4.671713782092498
5.912444606022872
-12.00571723195805
-8.290314669352533
0.5414810552965449
15.90241209134107
14.61943560517842
-3.001097239080158
7.682076327494054
1.740520455094779
7.660122082197742
-4.319638382251442
-3.984549813386697
-9.215908136714589
7.320190490446859
7.756732706645916
8.614579114493306
5.919601591185656
3.62766409740821
11.20881902416746
-3.020782994732121
9.429072224956391
10.82231572885698
8.831795721561578
5.289217438197572
-0.2561421795547655
11.9822798597193
-2.105658820954704
8.779899340105986
6.732292710668275
9.97035873952121
10.3508004487839
-10.9251971016354
-1.471567693380058
6.368547788742084
12.91804508614005
-9.295779472869917
2.162997326522006
-5.76580971858772
-1.207561956634375
9.453629399346132
1.629417637674263
10.66119134749427
5.877019748105535
7.840115480418955
1.963095727809628
10.15581015541316
6.56997786690581
-6.15898450532806
-11.2261789478159
-3.033464515602782
9.718133956026691
4.91298440937817
14.60012739447952
6.549497295134239
8.192714430006067
16.13916335892112
-10.75504776072551
9.589666065091677
1.26808296016025
24.42323929474388
3.529969762869587
1.551210289655352
-11.17775206984996
-15.52749323109223
-8.703591023405915
-6.131092706668263
8.054897521955033
0.2348358918679305
2.572498362724657
6.365928561864583
9.036041520118696
4.139771765285712
-3.202380518694035
-5.249987149552326
8.708064111207269
8.873990570506763
12.44985523697433
7.58115493022625
8.440568340045642
8.837951533733275
-8.75077799626583
-5.241238046910084
-1.689914719860884
9.61482558377892
11.62034845338719
6.781892675938009
-19.30427648729707
-4.470703258434846
11.9291646540649
30.04842737285101
9.881083447346812
-9.617133501829029
12.75159846526801
-3.585832287686399
-19.63186231359024
4.748348036163009
-14.74986888608039
4.881993435735706
-12.72896237069468
-7.853779892314847
-5.826447004187289
8.131604252040171
6.224174660405386
-4.896269754635917
12.07637108828124
3.509539948288459
-4.419267102311221
7.060863277031028
-7.928807047761715
12.02313072207104
14.83357322916983
9.687142985624011
2.027332888756609
14.07795455095548
13.95805125769482
-23.05598462023665
-11.32052627461315
17.91059537403662
-6.312052768485968
20.81930711778692
-1.282976488378595
17.44683299857614
-8.220335761630439
1.417336910025985
11.73545834529689
-1.907429589870251
0.1659264582766023
16.74393185161246
-13.64288793405375
29.23112164817199
5.086921556235707
18.72980948890177
-6.358506284963141
-30.50270637126047
11.25774161609656
-24.14420009106864
17.61624790107014
2.908711743367049
18.94996660374452
-16.02949608494908
4.481590796572562
-4.841078411593629
-9.322669212917841
7.183992961875794
2.079644212567938
1.016123003227898
-4.349741198192725
-4.868700300881443
5.814473267806831
1.393243505990573
7.96326707124516
10.68317356634564
9.637672667577524
2.148793804228947
-7.488878856363769
6.570023561568869
-5.231358322873385
11.30474030373686
-20.33605696541895
-18.33053409592813
-4.285082337335544
18.75981242938905
7.723205502508911
32.59107488944908
2.005522870043881
16.05097462796565
1.294388624025115
-4.8384557767306
18.31670055892572
26.05373959871955
-23.79873019853676
-8.184297787779636
14.86059697959846
-7.220724804859655
17.25954166557453
-22.94088379097225
36.74698069977248
16.57800539330121
0.8578464074229378
23.15515633493764
30.64780078760606
16.39986791289192
7.737039041139066
23.04489476687664
-14.75658600368468
-40.07526581121682
-38.17057483857184
44.05996849029813
-14.4314847378925
11.83877218691114
13.83126246036636
29.26954116509433
21.88638372030751
-48.63739218878381
-29.86436787090469
1.904690981477353
24.48026647005769
27.13135988663126
2.651093416629446
19.48743903451847
37.46537259763711
-14.24793287459432
-22.91076174662878
1.957107639383891
15.2976905653088
25.51906898065572
-43.38675228974699
-43.18140900493928
47.51282151187785
-0.2361938736225764
-41.53355596254139
18.11926271839567
29.5456234395485
-24.16094592411012
-31.54410337020919
35.35772844966831
-13.56616980724821
18.20288905122857
41.94197916694542
16.04125486164188
34.81427918106971
18.77302431956716
24.86786938703612
42.245641672932
11.42636072107169
-20.16734391268254
15.43827870490116
25.23483580844449
23.56196134229545
-18.71968480840677
31.00243246008485
43.15055842750783
1.853196326146552
-20.39255927514291
-7.383157445554467
9.796557103370745
59.51867437323313
17.97793356316182
49.72211727018004
-1.672874466326529
6.584250717333124
12.1481259691119
44.06146202509608
32.8545076557168
31.76905885829302
23.73909010819819
-21.01424194642955
-32.22119631401576
28.65211004858582
26.27025692804501
-30.81928096206151
1.64785305041973
32.46713401509695
10.22137841503834
-47.74901539200854
-15.83567934432172
31.14004541589084
31.91333605419413
-19.49821693570984
-22.24575560169885
-11.20695436848273
46.97572476021234
49.6663519938714
2.690627232514686
