12.37120531410515
-5.269644970009318
2.265766648708864
-4.001024843036087
-1.310357110875707
11.57614061166289
-10.13061257299285
0.6921586160258705
50.6498719827998
37.38329111751511
46.39870082331564
-11.87914088761417
-14.38291424046728
13.14549633086135
-2.38284295074135
24.3370562625994
21.01699771458733
25.33989191307603
-30.09814019233924
-7.034653891305418
-11.69673412926176
-1.941845777123274
10.42467272342448
7.672191309935763
10.09746380983522
-10.20245241814384
-8.367779060057586
-1.80580238780566
9.851111975287154
15.66771437635609
3.111395792983838
-6.50482974011784
8.79279966126038
11.24138629586993
-10.55986757535295
-11.12582604569717
-3.038403840933611
-2.30939916024153
8.003888009855567
10.45612376636281
10.29313550735104
-6.874914741807926
2.628440204559078
-4.426328080486572
7.74879241400694
-10.31098847131305
-16.71064548379067
-4.840394046688408
8.604196715782626
3.05479446211172
9.219379540576609
15.40842231175179
7.402492633398881
-3.320058548051135
5.792196762251732
-8.005929714689536
-9.616225549499985
5.681403884674976
5.35985321357421
-10.72255119276073
-6.399657005480203
13.36578292783931
-1.134694430699059
10.73555700504539
11.40713963688345
2.662039612120918
-19.63609416233463
-25.62538796629649
4.32289419859119
11.87025143637323
-24.49069353700916
-32.37454580506464
-7.664695305119046
2.373698397115872
10.40484172848531
-2.544343059981494
8.007819907690079
13.44459076446912
0.6715826325239517
7.201555198281203
-7.389309022484732
-7.71085970598615
2.114045975407099
-1.546274629694548
12.15243966246695
7.200032257145422
-0.3215506706764808
9.503354997187319
-0.5659584684738452
-6.243035568185538
8.250468415030227
0.615182830757546
-7.262153101983583
0.8883005852086266
-8.336659096082331
3.250598261242895
8.47373024080998
6.494103242046448
6.164585077273109
12.20704966588495
7.040223082865826
6.529972566549475
-8.745100023648268
-1.474640849678048
-5.166826583903288
-5.677077099523703
8.087422209877799
0.9596839953430711
13.25424879178811
-9.280144253623675
7.899232403065049
-8.514863930216771
35.72808187072808
20.90569847884647
16.96848341705728
-22.16921105529269
-44.95423279547774
-24.46074127737236
-3.293164267909367
-1.185201617967288
-8.648180662252553
7.74912759528827
9.327549733870592
-10.23982824642705
6.939548406030825
-8.293564149736087
-1.45518720593031
5.438156577164591
-5.355016390120038
11.04229185603164
14.84180517732971
5.616845493531111
-9.166363181061419
-2.27301939985431
-5.438185267561001
4.986691562114482
-11.02193417123808
-10.22408674475691
0.7652803241921357
1.946264093632759
4.516755325309221
0.7978474244631343
11.78721449678008
-24.30375224570968
-17.78137844603449
44.39952651835722
35.10349215065386
43.7655693237947
-38.81052424587786
5.32892759407757
26.84287538021675
10.65525517137761
22.65717333491634
-29.75362063526541
-5.289332056061706
-7.4629790485083
-1.074505990441154
-8.964370879272993
10.51275135777455
7.270459172227995
-22.2981337726329
-1.501391828895281
-9.224959684948374
-9.855113609134785
-2.988301638069834
5.605802665879529
6.394466609738901
12.36592416719653
-7.889864891483674
4.605674697387776
11.44405163280462
5.406069180673367
-7.752310923517644
-9.854302772587985
12.17035083436602
-25.10159966838623
-2.28962663852305
6.838376940747187
-14.45997747257196
-6.037982451066589
6.893343782151081
3.72817791176923
-10.25616585104815
0.5580372388975645
10.73969723154442
9.261800704995716
12.24473537997319
9.766160360477006
1.664050774827818
-13.15838009999115
-6.81317592797058
-20.21341185695069
10.42487682783757
5.099861993684327
-8.102109583774769
-5.325014830678145
6.866811974126041
0.1892270941344593
7.233980034846009
11.41937281388557
-6.85020260100314
-9.81956217624869
0.362097822212419
-8.467382067595487
-4.281989271399651
-3.320308225156562
4.907285092771052
6.062460040128959
12.3564740906083
7.044752950954591
12.19182680181552
-13.20197157558454
-7.039429703173505
4.185392792653118
5.147073845776542
32.09760379883005
36.94040471982254
-41.9850741325569
27.19551160951818
0.194736775259938
10.81420309072319
3.329496182131008
-12.8581240179074
-11.05727498000462
9.189274362670721
8.956586262962094
-1.081310028005799
9.382768252591269
6.162541867945276
-4.291524631247364
-8.477226699343914
-2.969359583281719
-10.45406649554992
-7.484706909369583
10.18165999319863
-21.05329395738404
-2.101991846474117
-22.47912769205681
-7.055031758175895
-3.860670914930547
18.95130211226665
-18.68305430386697
-29.85509680248819
-1.425833735757442
-16.18762020003815
-4.185702056698506
-13.40023592552591
-27.94650539405291
10.03839369133512
-8.989289904061485
-2.925861194690998
-7.878268601959115
8.559120700968458
3.776233012144031
8.558373060773318
-22.0399971833981
-19.19625108480151
-2.696122549857286
-10.75161418684281
-21.59327290081952
-7.63528558620595
1.11102130127244
12.76552292109004
1.437372708462351
-8.004368199690106
0.8523368913461815
6.604464047150637
-6.227657858940776
-1.477896519353539
9.975964940329803
2.982934686720449
11.45386145248807
8.470926695933036
9.754888352137925
6.522373801490499
22.81197302855228
-14.82238339039535
-18.75959845518981
27.64059801358092
2.358625754972942
-0.633957193784947
-39.07059892507836
-5.989293803222385
-25.28197225819898
-28.27455520840033
30.94733857014064
8.662077175792605
23.06348630171718
-22.28526140373087
-7.883852264159476
-11.17204249740506
-43.07490953305925
-4.902092192233655
28.42926306807357
-31.90286703687034
-41.42922469056526
-9.744893115307395
23.58646213697426
24.46428858400794
42.17981090781591
19.39478919469218
-13.26658086296889
33.33135526322882
15.42409593252432
0.8778264518374734
-14.54626947570965
-22.78502172543967
8.746306888638829
-9.162994152898424
-1.713805147743217
4.523900136489372
8.504094786759197
-2.715923138961756
-32.66137005881547
-23.64596034977076
20.49349150342855
9.015409708117089
44.13945184075418
7.4491889933624
-0.2326880974358616
6.447071032096177
4.639708818707506
12.1751204611305
8.031143335428217
-4.952407406294892
11.48498189239693
-10.10543866539591
0.4467242843912732
8.444636898127481
3.453838556942201
-2.397021817830776
7.535411630570736
-8.055491636955789
-4.647322612779202
1.834673358085801
10.55216296636234
-4.990798341276403
3.408169024636315
-7.613219648151295
0.7857477233356337
7.267743712003973
7.751348446193706
-2.302280151466548
-7.613967294190195
8.398967366126529
-0.0007476438462771494
6.481995971324642
0.4836047361020971
6.56197669113548
-10.1144957034107
10.32242806965267
-9.4959140014954
-5.014001378909609
2.170665595566927
-4.257285790215237
-8.145905077951134
-0.3804033793152468
5.493256228691278
-8.503740244752066
9.255178200587975
6.078371966738253
9.750542021684685
-10.05362859474486
-4.24645446274517
11.65691437899766
3.672170068971093
-9.838756749038421
-1.876241245877654
8.872315516809218
2.707306231074421
8.51448035791913
-7.386520978741321
1.578422135267665
7.962515510071213
2.452235765451289
-8.57400587195812
-2.189912486664654
8.558644288330321
10.9447485482083
4.387672084932625
-3.350873903331379
6.384093378118278
5.223131972995812
10.74855677116794
7.765501695543064
2.386104255083989
-0.3578351606471923
-5.658962699427438
2.287760154353768
8.803564577737035
5.99356517564348
-2.539742810623763
-7.505950445123117
-4.93808079474445
-10.31747823447243
-2.078021392285382
3.669526018874581
4.69750078104651
6.777305280816425
-5.379397439552198
9.635581576482368
8.239456842717129
-6.557076470186906
0.1153748200417621
-8.124082024821639
-1.478229976102283
5.747547411689838
3.900559667089043
1.547914292243106
8.220365589558272
-6.19063170139687
-8.170258705193127
-1.410137209902549
7.002999693968131
6.672451297139598
-7.738545990109901
6.645852051431557
-1.217365899796572
-1.979627005011625
6.760121496795207
-7.95806438543546
-5.216030330570752
11.16165062850672
2.169293383752748
5.605656250598966
-8.97518367801259
-3.003726116856059
-2.6811696430391
5.409410792139016
8.076852944293691
5.97145755725213
6.294014047967901
-7.863217953939989
-5.195775810384198
4.93158196850501
5.378789649292694
8.413136905175342
10.75802258934823
6.237705271597271
2.66744214584242
2.742034058964135
-4.520317323958154
10.1273577740391
-7.262351388225519
10.82168658626681
6.159584133634103
-3.28215675590314
3.980194640967681
-7.984744352445731
0.6185817019147888
8.603326127624266
3.76192197170131
5.807174129422188
-10.0938272036542
-5.311687146432071
4.782140053513912
7.946722857270971
-1.846987744048932
3.10777926276234
-3.943164382089338
4.137376085263677
11.29406067612122
-1.538595604556047
-10.8619124770556
5.646071517237955
-8.782107977424729
6.515804426799823
8.080540461207288
-4.838943591560135
-8.394352080369728
-6.829616060250728
0.3270685221172774
-0.253724813119065
5.641232006058692
12.32713994835234
1.564736028261366
-2.80999939556614
8.140627275349393
7.156684591714648
-2.503773349435907
-8.151762474085311
-5.647989151129972
12.00007135798072
-4.59181232469893
-11.94123245790562
-8.084347498131832
1.886629188814386
8.707807276847808
12.23795492905581
-1.945044559494865
9.005582112840784
-10.47835254642312
-6.899410606821283
-0.4831147135957199
8.213964351159412
10.95062666926851
-8.533307983861365
-0.7916177673798552
5.894956841113939
11.54957520542888
6.551233995885509
3.578941936914924
-5.41341531309915
-4.966207631574375
-8.992357249446782
-5.555994378791448
6.416295891599224
4.644340528101165
0.4472076800291719
-5.577464754482369
-7.349420120776761
3.119614308717297
11.67010330682842
13.29961960189301
10.20033490344972
-4.662102455358414
5.335608943435971
-1.771955362963595
8.697079059868559
-4.86472596076468
3.856884960333945
9.997711401520014
-9.441740897442994
5.167091327086214
-1.350262956924528
1.216669751342064
-6.180883050385629
12.19288244130906
7.371347958625931
-4.830620086045561
8.721610915197475
3.317513613460414
-6.195736068086585
-7.556140367346053
7.214636208339689
2.795185372310664
-30.13300227568383
-5.21706707054898
37.0288271484149
-25.38462423782205
-6.993162780644902
-11.22001794058283
1.77671035259971
-7.31173638357092
8.538131560005173
1.458136778602724
-6.840556410112019
-0.6192883989977218
6.876709662555415
-4.226855169891294
8.769873145094845
0.4711799847299283
-6.605129257021193
-10.0378962989582
6.679759143213007
-2.80963120185879
4.301485078379433
1.283961693999127
7.22826510651808
-2.378274077176598
9.391849222268638
-1.014573892604375
-9.719651446792039
7.041274618490021
5.944303378556786
12.03930965691526
-13.14967998076734
4.723027338312837
-7.39755280914313
10.97621270215388
-6.269663900528685
8.200825892560173
6.095006310706517
7.111116285737034
8.550488993995364
7.34285177350156
5.654618348631508
11.03590236007613
6.685907963586927
-4.998341226086679
5.663350183407224
11.54059235111046
5.381284023695214
-11.53786160681546
-6.400465874459135
25.98397139040523
6.351714131060471
-9.986598581038137
5.752127163714444
-7.079994764323646
6.880016093957584
-1.661421914852971
-10.99269124192632
3.477798546074819
11.89429431031202
-5.470808641315106
5.6709192646894
-10.10293556660133
-0.6298216005581686
7.814635298144968
9.80632143711656
12.37938996895888
4.921446126387267
9.473113976740924
-2.752481428931951
6.221268022384912
-2.843764103825731
-8.092419214595244
-7.076309250658442
7.495998087869756
-9.065032141523675
-4.513364270400459
3.931092728506044
-2.775386805048512
6.50984650209083
-4.821534487963739
5.14944220406119
-8.541438041205513
-3.879816668842151
5.521882625824721
-9.513249680873475
-3.06674890391596
3.897122593283807
10.9582939058304
5.72669830815073
8.416495774852551
9.285233302039126
-30.79848528593855
-13.18202090140577
36.78956183315038
-11.84812503034628
0.8687375229342242
7.315238295727221
-6.223375038757712
2.509120436824023
10.63653604504245
-0.1018503573189112
9.723009868366532
1.123761297255799
-7.033312832861238
-6.798463376850095
4.661621404758221
-3.564905384559184
9.401699325258724
-8.226526832074555
-3.661772143860185
2.705086361167102
6.446500776027489
-1.360404300440951
-10.73838641473555
0.4033414624730216
9.135836908150321
6.714346766694323
-0.9135261601049831
11.1417278913023
-6.696612994405432
4.551667895041422
-7.673927581815767
-5.248655110688047
8.444456978103094
2.425272484456501
4.564754703350296
-4.806117855668322
4.653481250740137
8.793447212274181
8.732495459771338
-2.421490127159625
9.715744204305228
9.459599101797631
-14.00585309909503
-9.333945628616085
-1.673502213715811
-8.093166850912901
0.3477733632793787
7.158686814650372
9.186126222110209
-16.35558122888234
33.35314273896355
2.850083769600424
-13.17989125765483
-20.66930103939914
-7.627872910418922
12.13723432771427
1.590532565206571
10.03147278362544
-10.88398199550219
-4.313719810517433
-8.599248552435837
3.305719196964287
9.2184054665474
11.48199649927763
5.051433875044707
16.06812001195627
-2.350574603778166
11.904967730725
-8.157074120697398
-0.1012255879433993
4.586123512679268
11.23484439204376
8.213936017188345
4.604184701872622
9.276092147287644
11.01668618004315
-7.402008531517948
4.67190745794712
5.91268625359889
-12.00619328608527
-8.290674915900055
0.5415141202958362
15.90321611665319
14.62017623987997
-3.001235753078372
7.682420768436247
1.740594053711842
7.660443426839567
-4.319841265096658
-3.9847306522426
-9.216326250867594
7.320530446049783
7.757107763220935
8.614989027283118
5.919849336047024
3.62781251481535
11.20928850163929
-3.020908385162068
9.429485370720705
10.8227711888837
8.832189033017229
5.289439170980547
-0.2561451045848829
11.98283276100127
-2.105761540337734
8.780305843331858
6.732591316549897
9.970976694435977
10.35132574031417
-10.92571369904839
-1.471659470863882
6.368809690743657
12.91860901419547
-9.296197417284043
2.16309445926126
-5.766049773573195
-1.207637209297827
9.454054218999113
1.629516290949292
10.66169141954222
5.877242175928737
7.840469159846557
1.963226979281599
10.15643237218672
6.570299664626674
-6.159308315393901
-11.22685617349322
-3.033650775842699
9.718529242806053
4.913278244921928
14.60066382507959
6.549799321113652
8.193205395370041
16.140134420191
-10.75551455607845
9.590335100427653
1.268137536448495
24.42439000398348
3.530147652554681
1.551263025802141
-11.17834494108645
-15.52833928648566
-8.705077601638722
-6.13200913234798
8.055848523333969
0.234849425613899
2.573068516741496
6.366858520163082
9.036450948402472
4.139965962217196
-3.202526916728238
-5.250241444962691
8.708497263296582
8.874422111912041
12.450393773719
7.581475990398113
8.440940216305824
8.838352859068367
-8.751157396368932
-5.241463993398786
-1.689986085253494
9.615275012818488
11.62087848135444
6.782188101143297
-19.30468478544287
-4.470629882693395
11.92931202482825
30.04875876569411
9.881201572299963
-9.61729920490801
12.75218001208433
-3.586132706713121
-19.63225726965224
4.748378050754228
-14.75012269867146
4.882134579467278
-12.72960797843449
-7.854173345933734
-5.826733940780833
8.132004762802325
6.224488776569423
-4.896484985963951
12.07694902769882
3.509693401835508
-4.419450836686594
7.061171311795821
-7.929144235588629
12.0236520937551
14.83405490306504
9.687385580697123
2.027439405792258
14.07866212068689
13.95873870509699
-23.05638539607475
-11.32058673932018
17.91102588376388
-6.3121699211927
20.82000463571618
-1.283039879055541
17.44739875652057
-8.220795345933999
1.417423721224925
11.73579865640673
-1.907515984416876
0.1659248475710647
16.74421547471536
-13.64331463967247
29.23161262259228
5.087123999349826
18.73043863758692
-6.35857035977439
-30.50305897719177
11.25789402474795
-24.14448862234028
17.61646438453322
2.90897875155501
18.9503602568977
-16.02997503157138
4.481912663825765
-4.841404229186266
-9.323316897896609
7.184667048135453
2.079804499700465
1.016109964017887
-4.349994383524188
-4.86891777726295
5.814738746442845
1.393285820318078
7.963548012416787
10.6836565212851
9.638219062947334
2.148809266788541
-7.489409788951658
6.570262188297642
-5.231595598152462
11.30526109818237
-20.33662082412898
-18.33101735571241
-4.285240111788258
18.76034043589777
7.723632296900156
32.59173219621675
2.005603468968399
16.05138071222358
1.29445858120952
-4.838690379481129
18.3175620891432
26.05464965289405
-23.79921103635445
-8.18440764231851
14.86117290602291
-7.220920408842094
17.26012981352943
-22.94132977259039
36.74820836412213
16.57829062712234
0.8578812636240645
23.15625246789421
30.64801450659347
16.39994190791425
7.737087565094781
23.04558054783883
-14.75692213076532
-40.07524550900597
-38.17060161163607
44.06043514350481
-14.4314674767392
11.83888451788699
13.83139176062611
29.26982375866615
21.88703545823235
-48.63768686198321
-29.86469511002664
1.904643906481406
24.48105022198091
27.13217455727774
2.651124335354611
19.48807855091186
37.46549759550378
-14.24807259855844
-22.91092694166115
1.957172956726252
15.29782351045365
25.51925501215385
-43.3868187055966
-43.1814756029715
47.5131992326139
-0.2361970997892585
-41.53362939794424
18.11944674045871
29.54589610865535
-24.16096523182666
-31.5437535335792
35.35781041430803
-13.56633448915064
18.20300453364204
41.94213868405019
16.04138150664744
34.8143732602072
18.77299175369675
24.86809989941176
42.24589421885477
11.42644936811543
-20.16755718016534
15.43843199821246
25.23502058192786
23.56208205645213
-18.71973174450759
31.00245531610749
43.15062161754899
1.853189306560043
-20.39267027058166
-7.382788301202632
9.796588583543553
59.51877564558404
17.97741904463314
49.72218706235748
-1.672938525652812
6.58432826979214
12.14816630318445
44.06169758349061
32.85468027842619
31.76933902260456
23.73913414265258
-21.01453333336767
-32.22155063658327
28.65256560706744
26.27035199796935
-30.81944486126187
1.647846213304461
32.46729107726296
10.22143150139047
-47.74939633911553
-15.83586506736792
31.14056613854564
31.91353127845919
-19.49850076331707
-22.24585957756276
-11.20701730413998
46.97643120591332
49.66709893925461
2.690667732160333
