12.36755202403995
-5.268268336574958
2.265077012432446
-4.000930299913666
-1.310451653998124
11.57452034517477
-10.1287641255626
0.692034724138588
50.64826056860944
37.38205386589118
46.39696343685995
-11.87740941380892
-14.38006438248532
13.14268836829046
-2.381980077317043
24.33624030434294
21.01696187861432
25.33822647984617
-30.09678841089821
-7.034286688970677
-11.69320076402254
-1.94161898470248
10.41853289008966
7.668550118931567
10.09326707550746
-10.2001481780184
-8.366126194345274
-1.805518606339592
9.847029837676141
15.66371287885135
3.110404930596003
-6.503465683210919
8.790734712354739
11.23854548279611
-10.55663498522709
-11.12244948254672
-3.037455368435718
-2.308656132249432
8.001297011829775
10.45269748761297
10.2901481745945
-6.872978188902466
2.627644273863713
-4.425167396055646
7.746542064048659
-10.30875079774809
-16.7071192275926
-4.839257567197637
8.602068368243216
3.054089931619977
9.217068473417214
15.40444007191594
7.400354580534468
-3.319278425767744
5.790569444347326
-8.004085521871833
-9.613870627568568
5.680329795520498
5.358755203255523
-10.71963301579672
-6.398368423971868
13.36284072471555
-1.13434308271547
10.73351857662518
11.40506119544117
2.6615174384369
-19.63414716274293
-25.62334740956073
4.32126460131927
11.86786165982425
-24.48900432804776
-32.3725131693878
-7.662503902694928
2.372863798111074
10.40105218000853
-2.543606082576917
8.005145998663554
13.44132593703534
0.671542619395413
7.199840703715483
-7.387200011376376
-7.708774613933463
2.113422494675862
-1.545796073846716
12.14879018268061
7.197869122121205
-0.3215745918533146
9.500622505376551
-0.5658144958387278
-6.241485234913912
8.247978853061198
0.6150001101285965
-7.259824822987515
0.8880104429187684
-8.334002094572039
3.24954572409766
8.471000905014934
6.492036093206487
6.162978540862476
12.20396882354751
7.038616160304899
6.528298085033624
-8.743543756119713
-1.474326433708885
-5.165352663963316
-5.675670738794632
8.084994118280379
0.9594765856627964
13.25034678047294
-9.27805189607068
7.896945601952837
-8.512942592080396
35.72687605727813
20.90496827505353
16.96870656970639
-22.16828685630206
-44.95233368569313
-24.45961952997702
-3.292112045115914
-1.184834311592522
-8.645513228163779
7.746640345559647
9.324536225999378
-10.23752847962571
6.937469014836796
-8.291666210221919
-1.454738813963713
5.436561427584969
-5.35340117956454
11.03875238464277
14.83708379982115
5.61507126021603
-9.163638223653255
-2.272337983785636
-5.436507408731649
4.98512225221942
-11.02006571512627
-10.22233058238602
0.765109304510494
1.945862266854415
4.515957700374097
0.797735131055629
11.78517502073773
-24.30271091766162
-17.77970689802466
44.39854824776531
35.10286321465099
43.76459318318353
-38.80960319007727
5.328574432974201
26.84085403378431
10.65441309477174
22.65544195112277
-29.75232827741959
-5.288863081034526
-7.460678920054432
-1.074177268533196
-8.961586508833973
10.50937054261351
7.269217320989917
-22.29566459953427
-1.500907587260607
-9.222012540541908
-9.851961542496072
-2.987366082893964
5.604025657958705
6.392477337621783
12.36204939761776
-7.887409242435863
4.60475186199429
11.44167925112859
5.405225995387373
-7.751708304243365
-9.852646961536143
12.16819284581943
-25.10044604709815
-2.289205979918044
6.836927393708436
-14.4573988255859
-6.036453254918965
6.89130024070825
3.727130813421819
-10.25416836122594
0.5576832334460122
10.73647362911787
9.25907959472994
12.24114061420321
9.763584066350418
1.663748436701326
-13.1569342960813
-6.812176209677678
-20.21118593461291
10.42162965935879
5.098347640925454
-8.099835628045332
-5.32328201553854
6.864595462235029
0.1891235912970688
7.231594243061723
11.41562179454041
-6.848224183470839
-9.816740662048591
0.3620497385853382
-8.464638437665425
-4.280610871989345
-3.31923162967966
4.905741310257576
6.060611805695619
12.35277047339618
7.042470660355423
12.18787747535427
-13.19818326736694
-7.037347781551857
4.184027562754453
5.145406810808339
32.09642366688972
36.93908868746198
-41.98345392524904
27.19452851731026
0.1947592441495573
10.81185159533097
3.32902006319302
-12.85742086843348
-11.05357204618802
9.186352181113692
8.953583801354004
-1.080861549856212
9.379843424621637
6.160835482129448
-4.290512541596087
-8.475924643410162
-2.968516485361967
-10.45134802060296
-7.482831532796871
10.17879039614349
-21.0515705581299
-2.100938655237203
-22.47733815747761
-7.054251639521131
-3.860608160772166
18.95063190407991
-18.6825159403628
-29.85410663887159
-1.425767600270984
-16.18644093162624
-4.185412092237813
-13.39900972196672
-27.94430503473796
10.03536769165223
-8.986400708511846
-2.924793193866839
-7.875714255994414
8.555993149841537
3.774952902326187
8.555316739201523
-22.03402745347901
-19.19184422307814
-2.697293365484488
-10.75031394815819
-21.58775040038902
-7.632978744620982
1.110686451820461
12.76135361514886
1.436694738096333
-8.001367163910356
0.8520768847154484
6.601574302010168
-6.225078858608334
-1.477394028342551
9.972710486564278
2.982061029326333
11.45010450886136
8.468043420938256
9.75158177931953
6.523004021284597
22.81124006603777
-14.82190778095169
-18.75816948890546
27.63952578394654
2.358352272127969
-0.6339550639321835
-39.06997381546578
-5.989200246203344
-25.2811735115234
-28.27348084873192
30.94601056415568
8.661729970747203
23.06250172249868
-22.28428060129219
-7.883508838077804
-11.17159069751786
-43.07325513043834
-4.901895152022341
28.42833903969457
-31.90166443391141
-41.42832609642311
-9.744560174349337
23.58567401060422
24.46346520042108
42.17821316939772
19.39416636270954
-13.26620670077853
33.33023419415949
15.42308651683376
0.8777911938523286
-14.54529531880621
-22.78404681701959
8.743665197455524
-9.160407416661139
-1.713378247161644
4.522534125578888
8.501705964824028
-2.715150473025906
-32.66037306445578
-23.64546349076995
20.49271414339893
9.014909572909135
44.13817762372619
7.447029159544896
-0.2327683779411983
6.445256959021579
4.638364063260134
12.17170943213499
8.028188385361055
-4.950921061343564
11.48078634094168
-10.10247501160712
0.4462770546191628
8.441530275061067
3.452597955554674
-2.395906178840045
7.533345358941275
-8.053020582647298
-4.646023397243622
1.834021983672685
10.54875208012704
-4.988932319611329
3.406997185784592
-7.610378949347247
0.7855505607479598
7.26559595659002
7.749179943254211
-2.301241614316554
-7.611055364893756
8.395929505564048
-0.0006764136887995672
6.480045381297107
0.4835839882733146
6.560607603872598
-10.11174143086787
10.31773214937353
-9.492667070532452
-5.01207631621113
2.169147655724748
-4.256042491690415
-8.143236048827085
-0.3802211572330591
5.491430091038429
-8.501059705139868
9.252390932988979
6.077023625424594
9.747472585027909
-10.0504215551094
-4.245017220401011
11.65254845735866
3.670448971310043
-9.835358111359222
-1.875540574080215
8.869447959452522
2.706219979276283
8.51162430967501
-7.383957623904475
1.577895877733602
7.959817543018405
2.451400483397336
-8.571169442757455
-2.189247768759342
8.555740775128536
10.9412019317782
4.386307489735112
-3.349714270958716
6.381921667991
5.221455175505266
10.74498854061568
7.763014888970585
2.385461152624559
-0.3578236511510749
-5.656909648947865
2.287090248356464
8.800344595585257
5.991290603504708
-2.538938806316561
-7.503272320414651
-4.936571335817567
-10.31412507177009
-2.077266458070411
3.668353631415022
4.696040751247371
6.775196969957308
-5.377553735743295
9.632612087477531
8.236858614310801
-6.554894447938519
0.1154488124397027
-8.121409803774588
-1.477651289094208
5.745620090096339
3.899257419698329
1.547339760423002
8.21768302686894
-6.188682004962911
-8.16764682109816
-1.409623086579991
7.000859983098431
6.67034326627336
-7.736021762306846
6.643758517149795
-1.216823047554811
-1.978964817092504
6.758023735760863
-7.955238114047579
-5.21396346931676
11.15735771308625
2.168490873140909
5.603470590921359
-8.972427647720687
-3.002855584467847
-2.680268993276578
5.407627489509522
8.074341990272199
5.969572060027871
6.29215866554149
-7.86058156717367
-5.193867073663653
4.929861921918017
5.376908714014021
8.410483070785531
10.75461098526209
6.235912362116856
2.666714495527966
2.741274648065633
-4.518698628428456
10.12372899138545
-7.259973280727294
10.81743406445403
6.157260430012461
-3.280801456551106
3.979171831391117
-7.982099521663859
0.6190743603348839
8.601173943520505
3.760960841679876
5.805404332553596
-10.09017759792122
-5.309813753656181
4.780363841186235
7.94399990020781
-1.846362670069851
3.106843339419241
-3.94186836731169
4.135589959606659
11.28977643990902
-1.537377212337042
-10.85818114769969
5.643846883287747
-8.779024928902155
6.51325435015784
8.077458321762753
-4.837156558383837
-8.391398082498188
-6.827194122837327
0.3269923504260283
-0.2534869347571427
5.640291064171501
12.32507677008354
1.564203966448936
-2.809053986590994
8.137911154597715
7.154186481053447
-2.502654965787569
-8.14858449364837
-5.645929550146483
11.99808436241313
-4.590395434911464
-11.93757134958101
-8.082031614439479
1.886042650937063
8.705646581175124
12.23496873837118
-1.944278129110592
9.002687013479088
-10.47450753976081
-6.897020997473399
-0.4830263120715239
8.211356113163047
10.94696513988401
-8.530229407944784
-0.791330904858311
5.893778017306527
11.54696957934574
6.549660956436511
3.577486540276563
-5.411380304392568
-4.964333511657733
-8.988866844098524
-5.553887122827997
6.413994684141959
4.642467739302726
0.4470467914803609
-5.575648957165736
-7.347175904415624
3.11873346687501
11.66700111275159
13.29604201641078
10.19635485914979
-4.660173636683125
5.333380342106673
-1.771526944467125
8.694382421257689
-4.862974517616214
3.855539735639419
9.993553981031285
-9.43806189309587
5.164879554090112
-1.349616058693679
1.215925220132
-6.178290501630076
12.18876388671214
7.368898189564923
-4.828674436749416
8.718514248148917
3.316857775702417
-6.194343852853522
-7.554401680046162
7.213156642944175
2.794524406751256
-30.13209054963696
-5.216919026305051
37.02828134943517
-25.3838001660535
-6.990939086478721
-11.21685645044175
1.776288314981291
-7.309866584097326
8.53451661052944
1.457360841314002
-6.838562464080495
-0.6186848443901961
6.874175686502508
-4.225917372392462
8.767227411139135
0.4713041294157541
-6.603768647587126
-10.03444535802387
6.678025348502522
-2.808823443758636
4.30017409219103
1.283538390103339
7.225621922273034
-2.377851266765318
9.387021930912852
-1.014144406648235
-9.710896507167437
7.036863936394621
5.942083503652848
12.03488611896095
-13.14371315855458
4.720931226146758
-7.394215727948944
10.97283867686664
-6.26710024710049
8.1980817273763
6.092802642539733
7.108997540598608
8.548267642502987
7.340991869784452
5.653191548949157
11.03362269496248
6.684785723791258
-4.997308636628493
5.662030121029446
11.53824719957109
5.380431156353159
-11.53503629402261
-6.399322386078655
25.98227489967313
6.351261967483405
-9.984026624773424
5.749497423950311
-7.077155754943333
6.876612923015732
-1.660340938628583
-10.98803147585786
3.477150494273152
11.89162276818805
-5.469571800019977
5.66961627067464
-10.10435005643735
-0.6295931979932379
7.811339067926215
9.805073983421233
12.37496535546189
4.922527256448607
9.474756867455049
-2.749982784098967
6.219877629088871
-2.843474542109777
-8.09126767289883
-7.07507278435624
7.492860553003533
-9.063352183905272
-4.511122555105289
3.929809795111133
-2.774756945621492
6.50826639404199
-4.81986570180861
5.148208567848621
-8.536953888924645
-3.877548778253945
5.51845969714265
-9.511201627808205
-3.066080863782739
3.896298865770974
10.95609468526897
5.725582067922106
8.414472282925235
9.283023335218925
-30.79609971318631
-13.18069461455897
36.78933482196139
-11.84774865604393
0.8685510486336268
7.313671809115393
-6.222006491678266
2.508559099034408
10.63474730507786
-0.1011062751848324
9.721163724582555
1.123101081591731
-7.029083724050547
-6.794329646738244
4.659405137950907
-3.563050779110513
9.396008501277807
-8.222455953123195
-3.658829651110708
2.702785176565073
6.44512076322296
-1.360057828152169
-10.7358535906769
0.4033344556909976
9.133900021064907
6.712910086072189
-0.9135835666438485
11.13918805830021
-6.693223350405048
4.552229648753889
-7.672510063004854
-5.247793130605728
8.440932332662927
2.424716943635322
4.563626314915698
-4.805112707339428
4.652578739591191
8.791662931818104
8.730565577306507
-2.420989922906672
9.713835351924919
9.457691443010276
-14.00334240726936
-9.332260227222308
-1.673190110907996
-8.091668541175551
0.3476539553266336
7.157256695166447
9.184213298937273
-16.35188990129706
33.35266929989086
2.850439968938016
-13.17790447916647
-20.66523205612127
-7.626493638884035
12.13482527159078
1.590205319986249
10.02952782009702
-10.88248562092281
-4.313342154824857
-8.598062627349883
3.305025066984782
9.216698951106135
11.48014456050335
5.050648791612421
16.06547245706458
-2.350157994517734
11.90308767869348
-8.15218479779463
-0.101176436658224
4.585327896561853
11.23285755307981
8.212488950260688
4.603457213524051
9.274539372612329
11.0148237016223
-7.400806830343213
4.671082169567788
5.911673870683483
-12.00426408807992
-8.289082837977601
0.541363974699643
15.8997312248731
14.6169426002282
-3.000613722446971
7.680913537834389
1.740284346573647
7.659070126410011
-4.318933698644024
-3.983954263986184
-9.214466882090479
7.319071808625633
7.755489710382966
8.613235679499534
5.918785748818886
3.627161062344803
11.20725486680206
-3.020368611465457
9.427704024622969
10.82079884958763
8.830446809973409
5.288469122472089
-0.2561439107176059
11.98036421558396
-2.105297448252408
8.778473465348824
6.731261893671006
9.968074271615766
10.34892608748637
-10.92329613024342
-1.471233112568918
6.367580889335793
12.91604153727877
-9.294255237702655
2.162672130351932
-5.764933087689134
-1.207275763439145
9.452063009928793
1.629040900286014
10.659338766013
5.876217085474973
7.838814000444968
1.962596911023894
10.15372940810339
6.569025168576286
-6.157816033157191
-11.22436200465769
-3.033229503540526
9.717354861035494
4.912317306015242
14.5990465280417
6.548460645992646
8.19113249921938
16.13667931219437
-10.75336940787943
9.588218667314933
1.26792282814097
24.42054306358298
3.529322157520613
1.551009669272784
-11.17583152143103
-15.52466844969653
-8.696752140339651
-6.126860820756981
8.051008353288353
0.2347540517292856
2.569891359402806
6.361614840578853
9.034617376407201
4.139084192778123
-3.201890749408095
-5.249102322372223
8.706630510413165
8.872532659841239
12.44807265105624
7.580093807473071
8.4393224983067
8.836559343737367
-8.749428869762191
-5.240455883161744
-1.689633051203427
9.613393021326882
11.61865540352155
6.780836354598647
-19.30354243318041
-4.471218037633387
11.92882937422028
30.04767965191124
9.880798490231154
-9.616813210831648
12.7505843590692
-3.584704238815543
-19.631012940837
4.748290394408135
-14.74932128330084
4.881691664664434
-12.72684120039177
-7.852448731409726
-5.82549212963587
8.130240699223583
6.223129896617589
-4.895533183534102
12.07442340842207
3.50897298581677
-4.418632236881984
7.059795818956174
-7.927605220262811
12.02129223702511
14.83232439582117
9.686729222478338
2.026956602359431
14.07557862647937
13.95573283013122
-23.05565285809657
-11.32086119174088
17.9095875169943
-6.312093938950333
20.817160141734
-1.282788626581374
17.44554423830127
-8.218817685101618
1.417199783478771
11.73479166611841
-1.907110801058281
0.1659021484957722
16.74355891912791
-13.64190246622227
29.23044870831643
5.086430401525847
18.72833286656104
-6.358211035576442
-30.50222933751176
11.25719406304259
-24.14401830606826
17.61540509862773
2.907572624415453
18.94835105823774
-16.02834445174013
4.480590789025034
-4.84021316336197
-9.320803956571455
7.181224033780506
2.079156218753801
1.016194888725523
-4.348836960269079
-4.867978838522072
5.813548423548777
1.393094826780549
7.962238298866258
10.68152726005681
9.636017465060089
2.148689876007144
-7.487327583003951
6.569143468885645
-5.230512617725685
11.30302607257123
-20.33534580554369
-18.33008342345832
-4.285025000734024
18.75873028326138
7.721629115586344
32.58949785392215
2.005262382643611
16.05032080468927
1.294163870863016
-4.837819048252499
18.31480118819205
26.05171253933156
-23.79779365078971
-8.183890748837714
14.85986453580328
-7.220136879929126
17.25836108112169
-22.94004768189188
36.74564977369072
16.57765677054412
0.857745968749641
23.15262023577409
30.64771668386257
16.40004741224403
7.736911352490162
23.04375528414433
-14.7561569335405
-40.07605212851873
-38.17115188605218
44.05829950388665
-14.43175622182586
11.83833387888458
13.83076757096361
29.26864163282724
21.8857852380224
-48.6370834767376
-29.8637019244471
1.904900250123812
24.47849796073368
27.12925408099848
2.650756120312731
19.48728869289523
37.46491610876056
-14.24766927150281
-22.91080533153125
1.957063405884102
15.29737176112295
25.51867569757809
-43.38694066328265
-43.18158812270436
47.51163314390105
-0.2361866695212871
-41.53370176456961
18.11885027737087
29.54504103228015
-24.16057658684194
-31.54343298293172
35.35820466257614
-13.56580556719971
18.20279661266617
41.94219228993496
16.04077843491695
34.8141599885269
18.77338155375906
24.86786873843512
42.24520037564999
11.42619075482837
-20.16688115057289
15.43787406204004
25.23428003984694
23.56161229271389
-18.71968541647702
31.00268985364643
43.15075400363637
1.853238897793988
-20.39235316414982
-7.382856395567467
9.796405977631116
59.51878124889509
17.97762741591692
49.72237527158449
-1.672667747312205
6.583987627440354
12.14806415145147
44.06085712362802
32.85407773992924
31.76860217970052
23.73939567074763
-21.01318625207292
-32.21996563421344
28.65042430555541
26.27009010352321
-30.81900962966976
1.647886365081328
32.46689599702585
10.22130393615148
-47.74781981907043
-15.83502685409158
31.13810505564112
31.91279297062612
-19.49761168938611
-22.24559206230411
-11.20677938291963
46.97313190973242
49.66361055663833
2.690478645915503
