12.37560295176154
-5.271305748657979
2.266595248209158
-4.001141126121271
-1.310240827790534
11.57825747707814
-10.1330550513216
0.6923211270230992
50.65073926587941
37.38400625559002
46.39982762625666
-11.88125063743253
-14.38636341202151
13.14907939030421
-2.383903128270334
24.33784144504925
21.01687463019449
25.34173925410109
-30.09934886890305
-7.035008260899582
-11.70108074288764
-1.942193133467272
10.43198392769744
7.676505319156117
10.10248201570586
-10.20516685764535
-8.369730671791975
-1.80613558932223
9.856329611230194
15.67251748824006
3.112588008185653
-6.506469793586414
8.795279223372489
11.24479192564487
-10.56375375968799
-11.12988455862125
-3.039544310817766
-2.310292914732049
8.007005946336388
10.46024438432308
10.2967334616447
-6.87723829679721
2.629395940283657
-4.42772556259558
7.751502933955249
-10.31365768547905
-16.71482620524191
-4.841749041472982
8.606748065662041
3.05563678279899
9.222149725865492
15.41319305126617
7.405066293523062
-3.320966814893783
5.794135229902611
-8.008126801157527
-9.619057821363437
5.682691234778359
5.361167660849104
-10.72603312192439
-6.401168511404731
13.36929446156298
-1.135136165846261
10.73794099619753
11.40956946605332
2.662692237453966
-19.63843224504741
-25.62773102039372
4.324864624027165
11.87307716284828
-24.49259485621262
-32.37674751581967
-7.66733752412763
2.374697121665067
10.40937082280818
-2.54523048779416
8.011026286413792
13.44849710962098
0.6716284706707344
7.203606379641728
-7.39183773889595
-7.713361327774932
2.114796559688843
-1.546848387441737
12.15683118743187
7.202633246527341
-0.3215235734857599
9.506634297846091
-0.5661307965920441
-6.244890732464797
8.253460844676139
0.6154016673890161
-7.26495304135538
0.8886508757664876
-8.339855535294276
3.251867607100722
8.477021822873493
6.496599895668968
6.166512941563227
12.21073784557669
7.042141596659767
6.531977909857932
-8.746877227206948
-1.475012292485012
-5.168596249998278
-5.678759935795875
8.090340254060836
0.9599268804856268
13.25893650179646
-9.282632839663288
7.901977635473018
-8.517153886340774
35.72824960561981
20.9061069461596
16.96777738436942
-22.1698285050487
-44.95554366647408
-24.46154463142075
-3.294429810589917
-1.185643622997269
-8.651388683854313
7.752120461391288
9.331177011776745
-10.24255971708595
6.942050753007524
-8.295827028658191
-1.455725573068544
5.44007421811164
-5.356958868146394
11.04655026344371
14.8474888207805
5.618982406737441
-9.169636501556729
-2.273836712515823
-5.440204098269975
4.988579224023932
-11.02399597889526
-10.2259856960018
0.7654789544288059
1.946732684753119
4.517610003300492
0.7980102804716689
11.78947493497545
-24.30566516371934
-17.7835144756884
44.39969851784939
35.10342421855582
43.76577858614687
-38.81074391399454
5.329271358245417
26.84518636185543
10.65621381245273
22.65915001641048
-29.7547654531379
-5.289837338866047
-7.46574506597495
-1.074902489547737
-8.96772160321669
10.51682064181779
7.271864932590555
-22.30112448046418
-1.501976534948846
-9.228506415451744
-9.858909589495312
-2.989429524623876
5.607949030603513
6.39687845189982
12.3706098652362
-7.89281911694557
4.606738284447565
11.44683973011599
5.407037876939419
-7.753036571028654
-9.856068521646369
12.17271837600138
-25.1036754422016
-2.290088433861329
6.840101451914669
-14.46280680934495
-6.039801851817852
6.895799790110628
3.729432401274836
-10.2585215289017
0.5584660435483804
10.74356983566006
9.265069821026781
12.24905567080265
9.76923425028745
1.664398366462123
-13.16007444298053
-6.814362950072927
-20.2159953037976
10.42878332015782
5.101678333804419
-8.104835881622595
-5.327104982175079
6.869480068449585
0.1893562456148065
7.236857606059989
11.42390272350715
-6.852574674681086
-9.822951191207867
0.3621526077504081
-8.470696639011441
-4.283651500821009
-3.321612974887543
4.909156999204519
6.064695022281603
12.36096400213669
7.047501372690506
12.19658504694539
-13.20651421322409
-7.041930929848049
4.18704513389349
5.149083668086655
32.09834834190291
36.94123166042923
-41.98608112394088
27.19613086905034
0.1947386413365415
10.81698757337107
3.330055890290228
-12.85891664859824
-11.06175010178356
9.192808498079456
8.960218848709212
-1.081852449279469
9.386307982125089
6.164583277964984
-4.292724939837967
-8.478761312492413
-2.970376526079213
-10.45730821353027
-7.48693168400181
10.18510379276056
-21.05528087512234
-2.103031947366643
-22.48115759137171
-7.055920862308276
-3.861338075947111
18.95224892931777
-18.68348073208504
-29.85580646854904
-1.425876717529681
-16.18897253888819
-4.186036359049748
-13.40163234968238
-27.94898735894978
10.04203463277897
-8.992763378692787
-2.927142979107062
-7.881340922414819
8.562869289373168
3.777773908299476
8.562044030799694
-22.04687985954007
-19.20128628168456
-2.694411302351309
-10.75290738668265
-21.59963081240129
-7.638059179517739
1.111422455287846
12.77053729257167
1.438187995142199
-8.008031058427811
0.8526608035895848
6.607981528163482
-6.230780526729812
-1.47850000604487
9.979897638530447
2.983985863807396
11.45839763598673
8.474411688737451
9.758887609419807
6.522150690049449
22.81358700682513
-14.82214265771547
-18.76047222299399
27.6415177534195
2.358894838085811
-0.6339199307698908
-39.070427160553
-5.989298774455318
-25.28262291478677
-28.27543768544351
30.94849326885975
8.66235437077211
23.06434060882263
-22.28613890928602
-7.884152654943676
-11.17232573497508
-43.07593544993156
-4.902217476354513
28.42992975266356
-31.90360971644532
-41.42932201119446
-9.74510079735755
23.58704642210612
24.46492812000686
42.18081976527645
19.39510463619135
-13.26673300751777
33.33214723251992
15.42523672742357
0.8778817036351598
-14.54735501783976
-22.7857151438047
8.749481636144244
-9.166142331340101
-1.714335319930391
4.525554071421352
8.507019395563619
-2.716860249783581
-32.6618376450897
-23.64601627054069
20.49399901751887
9.015821373438767
44.14001527318903
7.451806997388379
-0.2325896465421849
6.449282103074459
4.641327431436418
12.17922845665511
8.03467370592274
-4.954197942106202
11.49001226461717
-10.10900770355201
0.4472490492950699
8.448378895204105
3.455338558667213
-2.398344532873119
7.537901011043075
-8.0584960842976
-4.648912789488839
1.835436185852959
10.55625677266116
-4.993040336611371
3.409583295363798
-7.61662867646615
0.7859949621420267
7.270343958770579
7.753946253822839
-2.303513608921774
-7.617453942017458
8.402623632244167
-0.0008252629540906445
6.484348975896812
0.483602297331698
6.563595105009057
-10.11819625954495
10.32812780811985
-9.500005983358957
-5.016379977821517
2.172498872010784
-4.258775933971578
-8.149098265944589
-0.3805935763852361
5.495394355580866
-8.506949309668759
9.258680340317021
6.079992821641622
9.75417029292381
-10.05745985927283
-4.248173385438232
11.66246521955736
3.674177488129728
-9.842844115579632
-1.877081679624048
8.87574231790054
2.708604816125704
8.517891283770293
-7.389605661239567
1.579056546334172
7.965762444283299
2.453238448540196
-8.57741704789481
-2.190711137305429
8.56211287488558
10.94900535556868
4.389316085822209
-3.352262845265629
6.386705902000471
5.225154207798526
10.75282400769656
7.768504685887554
2.386892474963118
-0.3578510363590493
-5.661579336938613
2.288644790674339
8.807663172041973
5.996432834740594
-2.540771154361656
-7.50933322635233
-4.939967108374609
-10.32157931813636
-2.078921528541999
3.671027318612631
4.699306803028047
6.779999092564572
-5.381612209640452
9.639273912447493
8.242657790011046
-6.559689277880025
0.1153093351205736
-8.127348457318195
-1.478915211517219
5.749948847571088
3.902194959254436
1.548595210078254
8.223593831384495
-6.192983727206794
-8.17340566029619
-1.41074483275966
7.005595541403827
6.674998621133843
-7.741578933213231
6.648433248795367
-1.217998294689139
-1.980421934619416
6.762660829356569
-7.961535709232757
-5.218540561173173
11.16697223270864
2.170273228734971
5.608357098646805
-8.978517811799978
-3.004786394233498
-2.682248850169366
5.411553986045632
8.079895283546017
5.973731412842593
6.296268976918274
-7.866431546478531
-5.19809025918766
4.933718690101071
5.381110177924207
8.416340375703868
10.76214413609073
6.239889376282163
2.668341289889689
2.742995153066818
-4.52225476713435
10.13180894362864
-7.265249926787474
10.82689766596378
6.162434407084706
-3.28378462406831
3.98146531308677
-7.988287782098928
0.6181902761854949
8.606478145783528
3.763285984645457
5.809286470739543
-10.09821047011415
-5.31394033756515
4.784270128079744
7.950224131821928
-1.847753887477583
3.108971774688379
-3.944862912198679
4.139568061321823
11.29940595139777
-1.539989280835215
-10.86680755935553
5.648889744931027
-8.786115270203274
6.519018385377063
8.084430966171185
-4.84125235353455
-8.398053125710859
-6.832640562049159
0.3271973177906368
-0.2540485089284099
5.642378129626815
12.32965776473033
1.565412573444456
-2.811230329513468
8.144004626378061
7.159837891073541
-2.505112770527087
-8.155628936108652
-5.650516197142776
12.00246036534566
-4.593569202776677
-11.94584521999111
-8.087292637552025
1.887355962526924
8.710559863374749
12.24175843728311
-1.945980318787917
9.009254638533662
-10.48318430832856
-6.902438852011035
-0.4832498103461607
8.217246144615356
10.95523495382558
-8.537203986044862
-0.7920085010112842
5.896426664792771
11.55281569848793
6.553176908806562
3.58074545280288
-5.415953557116149
-4.96856206846684
-8.996699009339258
-5.558615135194612
6.41918903958369
4.646654901394965
0.4473914868763816
-5.579741860723103
-7.352276002157177
3.120754092230754
11.67402374660536
13.30412906652448
10.20527003257094
-4.664463262166739
5.338350072295846
-1.772534137448182
8.700495948967646
-4.8669199612238
3.858552583070007
10.00281333775026
-9.446219040705893
5.169793519293953
-1.351045267111731
1.217549304454713
-6.184065108214914
12.19803372734251
7.37442727093974
-4.833019832226247
8.725472537418039
3.318365826238921
-6.197534294870698
-7.558372470352165
7.216546566039379
2.796030003885894
-30.13420737596114
-5.217263100283737
37.02967175977576
-25.38569923547745
-6.995861559200726
-11.22387966295833
1.777250546167274
-7.314063084415396
8.542490423604928
1.459049055883687
-6.843030937368367
-0.6199922087596712
6.879800997777461
-4.228018115566933
8.773112119837171
0.4710321605852644
-6.606809908206871
-10.04207130739425
6.681871765897943
-2.810608442040302
4.30307999970684
1.284475965829891
7.231462876481515
-2.378791780830675
9.397871159863636
-1.015066354883986
-9.729517654997448
7.046718615952204
5.946986870096918
12.04467523270726
-13.1569351649236
4.725587282534191
-7.40161442154648
10.98048443735352
-6.272823872842826
8.204265550786426
6.097688401157689
7.113688448276004
8.553269649363878
7.345185422163472
5.656389014878876
11.038738025368
6.687279660523302
-4.999638809636735
5.665019459059123
11.54355690003383
5.382349025051276
-11.54141948101356
-6.401791010631825
25.98600675826019
6.352251029983339
-9.989819233366111
5.755320733975577
-7.083441347259337
6.884111308381589
-1.662689446610564
-10.99841115901373
3.478678258601954
11.89779035561017
-5.472434282946409
5.672618193604385
-10.10116735125471
-0.6299506914772388
7.819015855752785
9.808549343620237
12.38523408266635
4.920210568105167
9.471216672508463
-2.755478627022049
6.223038742146549
-2.844129549552217
-8.093842113748988
-7.077842079594145
7.499793237936073
-9.067168310176696
-4.516162181437478
3.932804485263763
-2.776218881194709
6.511880317652439
-4.823606462444748
5.151042143676984
-8.546800793535818
-3.882579661624947
5.52597690597801
-9.515900120526904
-3.067611322619458
3.898180738054673
10.96113594364323
5.728150783034469
8.419112109566839
9.288099192954089
-30.80155012566235
-13.18357595409226
36.7898766638714
-11.84860991724906
0.8689870784196614
7.317275871415151
-6.225172153893602
2.509844970076947
10.63898235009311
-0.1027039362217087
9.725491981203218
1.124585691110504
-7.038485768198278
-6.803560924837434
4.664221170454414
-3.5669887826523
9.408556603857255
-8.231210003903
-3.664991756006394
2.707699681012276
6.448288796824627
-1.360838176933817
-10.74168630107001
0.4033661412680855
9.138383229805601
6.716233077472491
-0.9134903490179992
11.14505245905024
-6.700856958704474
4.55100615744307
-7.675689226466433
-5.249712564266531
8.448966641947802
2.425976678069292
4.566218265682336
-4.807430897508686
4.654659379539835
8.795762105976605
8.735017105249948
-2.422150135361894
9.718243251453776
9.462090271603797
-14.00919837893147
-9.33618952532383
-1.673918753503193
-8.095149915681089
0.3479234431446033
7.160548319895828
9.188603990362552
-16.3602610358886
33.3537853011832
2.849671621593165
-13.18243569538654
-20.67447753617453
-7.629723407021099
12.14039338245026
1.590956415110857
10.03402977890564
-10.88593634989422
-4.314216500286611
-8.600906267737098
3.306631322733169
9.220679811464912
11.4845032696455
5.052497061644901
16.07168885065379
-2.351152543911024
11.9075375681144
-8.16307144797497
-0.1012864511482292
4.587185581008997
11.23748420212165
8.215861588459834
4.605174248757867
9.278183072331842
11.01919184057123
-7.40364966852187
4.673008838590944
5.914048469665902
-12.0088239802453
-8.292760039352268
0.5417070433639806
15.90768896773325
14.62431803579161
-3.002044168800669
7.684370031790639
1.74100879330373
7.662270785994349
-4.321001457815254
-3.985733735935895
-9.21871889771794
7.322407477819122
7.759171232758749
8.6172354222787
5.921261948268268
3.628676019767727
11.21197782197774
-3.021622625979036
9.43183147089173
10.8253761781837
8.834467078961636
5.290715880185958
-0.2561529822573533
11.98601768435439
-2.106363599178664
8.782667184960859
6.73431694578336
9.97464860907982
10.35440247485575
-10.92877901078102
-1.472204922303995
6.370386502330872
12.92192066698707
-9.298673706799072
2.163649693155046
-5.767475142978753
-1.208084213689442
9.456574077549687
1.63010531490883
10.66465828079121
5.878537450764096
7.842591422509141
1.964053966273092
10.15994484723123
6.571916623335732
-6.161207860586883
-11.23001545865826
-3.03412457209754
9.71991748420913
4.914451116055534
14.60257461032006
6.551534161848304
8.195890883816798
16.14446657679782
-10.75827097520837
9.592932416586937
1.268432891327207
24.42932390549648
3.531198574281812
1.551600247673754
-11.18152422057066
-15.53298252441991
-8.714451356798318
-6.13776669252795
8.061784985492489
0.2349248071531881
2.576684720954961
6.372691454804292
9.038820167879081
4.141102727281168
-3.203350498314006
-5.251700739145677
8.710887596085239
8.87682219270425
12.45345411818059
7.583301806460945
8.443073361310514
8.840680547587974
-8.753385497053563
-5.242777215195611
-1.690430293492444
9.617710919874023
11.62373960405832
6.783926653688289
-19.30601933453228
-4.469627846532251
11.92992339341182
30.05014714357729
9.881710977188124
-9.617895839824303
12.75404204846107
-3.588028222884602
-19.63375574059541
4.74850815588083
-14.75109862798503
4.882657122742027
-12.73312448204059
-7.856381469463161
-5.828325801678686
8.134262527967334
6.226229526392451
-4.897717440223391
12.08017268993841
3.510608280298209
-4.420516562771271
7.062955204584309
-7.931124839532998
12.02670386803436
14.83639148836574
9.688123494909972
2.028055668489004
14.08261099371421
13.96258833145315
-23.05776997727135
-11.32052965468579
17.91245266852895
-6.312458043892285
20.82326655317431
-1.283370934643006
17.44983292653715
-8.223318933240582
1.417725599914569
11.73724032210398
-1.908032999433727
0.1659345954387808
16.74531193303296
-13.64527332014811
29.23298232263449
5.08793054518212
18.73320386359382
-6.359061918504108
-30.50411368895663
11.25891225305297
-24.14505177633225
17.61797417157056
2.910813884159545
18.95294020997368
-16.03210732212049
4.483626054682872
-4.843192248636734
-9.32681830902971
7.188878937799482
2.08069228934446
1.016000034084728
-4.351458349386104
-4.870152304454203
5.816261898815214
1.393544709857978
7.965264567943882
10.68641420035597
9.641044528105812
2.149002670094726
-7.492041849399653
6.571719853556687
-5.232985161195534
11.30814121356094
-20.3381718537528
-18.33214316970015
-4.285450323452487
18.76230990038577
7.726121283809964
32.59426566532587
2.006028684596712
16.05272153018696
1.29482794442016
-4.839812949567916
18.32107806579573
26.05826445378504
-23.80106880153798
-8.185111027351466
14.86264919715399
-7.221691463406446
17.26242074953015
-22.94300461241246
36.75087278172666
16.57937733765234
0.858064188995561
23.16089101456143
30.64812456346009
16.39955124033937
7.737186389325223
23.04776022399572
-14.75789358556301
-40.07428595786023
-38.16995436592468
44.06314554843823
-14.43114256149469
11.83959428368644
13.83195576525221
29.27120216452457
21.88822358470353
-48.63848657930867
-29.86591924156657
1.904331602808495
24.48411221245686
27.13572459750194
2.651612385114884
19.48845203250691
37.46630605214531
-14.24857332299397
-22.91093817430166
1.957206206274389
15.29846304849091
25.52011313812176
-43.38689205602022
-43.18156742302872
47.51523676801666
-0.2362085995902168
-41.53375490217772
18.12022374965301
29.54703637111469
-24.16186997757485
-31.54484855875551
35.35729656328225
-13.56699453931684
18.20325631254174
41.9420681354736
16.04212632737383
34.81469366706298
18.77256733981142
24.86814438160591
42.24693485992761
11.42681262138015
-20.16843615059067
15.43924639943996
25.23616522584814
23.56290693287749
-18.71988925106292
31.00235846119845
43.15068347043313
1.853137152540254
-20.39314754470292
-7.382978580597338
9.796918826241118
59.51916654027293
17.97785401966701
49.72224771434468
-1.673258293145135
6.584771572203086
12.14832501131846
44.06284530459363
32.8555084340928
31.7702508516428
23.73881181368102
-21.01621440954291
-32.22355127784261
28.65523497779021
26.27073684916673
-30.82012225109807
1.647812530740141
32.46793478504576
10.22165008931389
-47.75144537560884
-15.8369250925411
31.14362399363836
31.91452029106879
-19.49960680043939
-22.24628469773784
-11.20733686940028
46.98054908617927
49.67144938592174
2.69090029833069
