12.37365818404465
-5.270571236549962
2.266228780890955
-4.001092235006452
-1.31028971890535
11.57733925428286
-10.13198201351319
0.6922501379850322
50.65048571341351
37.38378733946887
46.39944717720584
-11.88034937022713
-14.3848551961854
13.14755318440639
-2.383435132753519
24.33751900566818
21.01695614376719
25.3409613680636
-30.09889948847623
-7.03487238815303
-11.69919770665271
-1.942080019219105
10.42871752799657
7.674547106185822
10.1002185577815
-10.20398498860222
-8.368880276257988
-1.805993637081547
9.854079477657409
15.67039933940319
3.112063249879023
-6.50575504055539
8.79418753567875
11.24329108075905
-10.56203332786794
-11.12808786460071
-3.03903931000845
-2.309897804030541
8.005626088173941
10.4584219281636
10.29514112316494
-6.876211833371272
2.628973047739398
-4.427108258644533
7.750303333182033
-10.31248142370035
-16.7129933687143
-4.841152776366092
8.605618240528884
3.055263236034674
9.220923445012074
15.41110829869393
7.40395427462627
-3.320562861940051
5.793289990064916
-8.007154064386036
-9.617818308628904
5.682124303994366
5.360590589562776
-10.72451714911317
-6.400511937250887
13.3677446535141
-1.134941303639171
10.73689928714454
11.408506934015
2.662405793702095
-19.63742907750628
-25.6267365812727
4.324005224409087
11.87184059151134
-24.49179527918775
-32.3758337569762
-7.666168077999874
2.374253777696562
10.40736891160965
-2.544837752945602
8.00960783695108
13.44677101916762
0.6716076476289315
7.202699973312367
-7.390720598737831
-7.712254327004591
2.114464339510954
-1.546594120515569
12.15488617841526
7.201480645669148
-0.3215337139970247
9.505184937524923
-0.5660545345974216
-6.244071048127475
8.252135523644354
0.615305211134157
-7.263713839891476
0.8884962330137122
-8.338441086042467
3.251306444557462
8.475570084776338
6.495498982271176
6.165660207610427
12.20910883980814
7.041295329874223
6.531092326529026
-8.746101139042196
-1.474850747873695
-5.167813510929119
-5.678016513404703
8.089048560349713
0.9598199902142369
13.25686206913424
-9.281537943949672
7.900762581338403
-8.516146075152568
35.72840535463873
20.90601160024921
16.96817956173436
-22.16964845504386
-44.95513708727778
-24.46129340931472
-3.293869389727736
-1.185447982616907
-8.649968883886991
7.750796022223859
9.32957228915304
-10.2413579313299
6.9409425892707
-8.294830506740961
-1.455487912944094
5.439224726125765
-5.35609948943257
11.04466540401399
14.84497423932826
5.618036917497184
-9.168187253888593
-2.27347461684782
-5.439309599562868
4.987743929613623
-11.02310217823476
-10.22516736344195
0.7653918697629295
1.946527421183998
4.517243661156044
0.7979348125476573
11.78849404951716
-24.30470730926083
-17.78259120671511
44.39977214685252
35.10356976005431
43.76582783289471
-38.81078457772345
5.329127995637941
26.84417440504052
10.65579393007578
22.65828484223474
-29.75433579148044
-5.28961905011335
-7.46452090599667
-1.074727242080636
-8.966238771291952
10.51502027832954
7.271250389207371
-22.29983486926506
-1.501717863187528
-9.226937323126334
-9.857230302970008
-2.98893190782931
5.607002759232678
6.395816786636868
12.36854641185032
-7.891511532214764
4.606275374147267
11.4456179586933
5.406615888851189
-7.752720688264921
-9.855319336653666
12.17169478019173
-25.10264211990781
-2.289899934003727
6.839342590391563
-14.46159471376548
-6.039002068612096
6.894712638055395
3.728877652436687
-10.25748678274204
0.5582731849558458
10.74185535707609
9.263624471565047
12.24714708025329
9.767879718438879
1.66424802950038
-13.15933657247315
-6.813835335351553
-20.21485458812808
10.42705352717096
5.100874986792084
-8.103631686879464
-5.326178536508277
6.868298398492865
0.1892979523153566
7.235581271087446
11.42189792111117
-6.851526950081633
-9.821453712480292
0.3621284660348865
-8.4692319561274
-4.282915286930175
-3.321038364027466
4.908331333852294
6.063710349698087
12.35898504506914
7.046283330141274
12.19447693162414
-13.20450667161235
-7.040824911285808
4.186316665230536
5.148193595789005
32.09814229773457
36.94100856050051
-41.98578561535588
27.19596130333714
0.1947333819095143
10.81575996855605
3.329811219596051
-12.85856924560409
-11.05976944211159
9.191246619031812
8.958614128348611
-1.081611882779689
9.384748699709425
6.163681755329109
-4.292193772982188
-8.478083361066593
-2.969926771287733
-10.45587552431419
-7.485948749818148
10.18358217272664
-21.0543816017392
-2.102598645424186
-22.48025506731171
-7.055518017025895
-3.860959225220573
18.95178295778724
-18.68335297645273
-29.85560410271849
-1.425873466767226
-16.1883804651999
-4.185889575445122
-13.40101924899151
-27.94790389575958
10.04042184360743
-8.99122664726047
-2.926576659066329
-7.879982194016147
8.561216469262737
3.777093073598715
8.560424934430866
-22.04381219210848
-19.19903495783607
-2.695141382656173
-10.752303187722
-21.59679602721094
-7.636830314610624
1.111244452324178
12.76831972613458
1.437831142535339
-8.006425899425587
0.8525190171005438
6.606440941262037
-6.229412466282215
-1.478230877532271
9.978157546366756
2.983522621718614
11.45638841592009
8.472865716712176
9.757117687433038
6.522116104475315
22.81274218447831
-14.8223937527578
-18.76022579454963
27.64117070416979
2.35882880301324
-0.6339443130929847
-39.07064415209782
-5.989307502941683
-25.28234190066996
-28.27511501842075
30.94806557927428
8.662258075789918
23.06402710108296
-22.2858075138885
-7.884038473460748
-11.17225112489615
-43.07566005410246
-4.902180997645528
28.42973063746361
-31.90340893057584
-41.4294729667733
-9.745047262715207
23.58686436350842
24.46471674669484
42.18051899726448
19.39503039506141
-13.26669837137246
33.33191163835712
15.42473704876987
0.8778523885137399
-14.54688465473249
-22.78548861587108
8.748074768195345
-9.164754446220293
-1.714100727033275
4.524826708265209
8.505732926091156
-2.71644814722781
-32.66172876771552
-23.64606892637538
20.49384366167871
9.015659840309754
44.13991257424466
7.450653706140962
-0.2326324880988007
6.44830631904113
4.640611511029119
12.17741155478883
8.033115138377353
-4.953405533848025
11.48779312472873
-10.10742940315331
0.4470161669034505
8.446731770301655
3.454677986324483
-2.39776107138092
7.536800030600474
-8.057161805033834
-4.64820298590444
1.835104712343813
10.55444558845388
-4.992053784058911
3.408958819642747
-7.615126534387529
0.7858860754840432
7.269193793495333
7.752800550197761
-2.302971141033165
-7.615918075701241
8.401012603946521
-0.0007915388933550331
6.483307698761556
0.4836067588212964
6.562886660116099
-10.11655675276908
10.32557994131161
-9.498202245784659
-5.015329531473758
2.171685590558212
-4.258122876220089
-8.147692672994966
-0.3805075637988184
5.494459643620019
-8.505535935083424
9.257161352304539
6.079279914272937
9.752582522950341
-10.05577168800344
-4.247413067932463
11.66007313238804
3.673302624287902
-9.841040849923173
-1.876710925206617
8.874235688690799
2.708033821122389
8.516392435457668
-7.388244994701373
1.578776263200093
7.964329932424383
2.452795849839208
-8.575914133545224
-2.190360452621221
8.56058617491184
10.94713210478979
4.388593158094185
-3.351650505506491
6.385553672953443
5.224263632858268
10.75094662332998
7.767185105779006
2.386545924562387
-0.3578432552546104
-5.660434534126408
2.28826088557554
8.805860076909223
5.995171559322147
-2.540323871719577
-7.50785609417755
-4.939145715784674
-10.31978489603028
-2.078527422675012
3.670373254146782
4.698523195542201
6.778827090179954
-5.38063918009874
9.637668912215196
8.241257473823399
-6.558538954295442
0.1153390721219025
-8.125918404007594
-1.478615362770813
5.748900677289709
3.901479118338085
1.548294622061858
8.222172656253365
-6.191949047377656
-8.172020155395263
-1.410476509406155
7.004453008615735
6.67387803401687
-7.740243665604117
6.647303044109173
-1.217719652127599
-1.980071109409705
6.761543647671403
-7.960015371555909
-5.217441153253055
11.16464175839347
2.169844238676924
5.607174221939378
-8.977049075715678
-3.004319446503986
-2.681774397380465
5.410610077200953
8.078556168361249
5.972729624845906
6.295274692620161
-7.865022699108804
-5.197076617455884
4.93278300338462
5.380094487803256
8.414929519459591
10.76033056796035
6.238927421293652
2.667946084116824
2.74257422291522
-4.521403153503103
10.12985961553707
-7.263977382444897
10.82461538088088
6.1611858366795
-3.283071184522698
3.980906207537545
-7.986770555159643
0.6183545069838987
8.605125143412964
3.762701708546456
5.808358617203094
-10.09627880904893
-5.31294693880478
4.783331866107672
7.948695423595374
-1.847421558240174
3.108453836808216
-3.944125184771275
4.138594099483504
11.29702943844382
-1.539374413548585
-10.86467066676652
5.647640871897874
-8.78436677240895
6.517599195083678
8.08271927743232
-4.840241583472035
-8.396420855494283
-6.831300789033824
0.3271345404526251
-0.2539042873142778
5.641875805318025
12.32855475539974
1.56512007552583
-2.810688510350853
8.142516577121761
7.158435339894583
-2.504505822179102
-8.153894350752973
-5.649388557912321
12.0014201391897
-4.592797262575722
-11.94381545643874
-8.085995880512131
1.887037058202044
8.70935372013251
12.24009262755566
-1.945568117027994
9.007636971871738
-10.48106354860761
-6.901109724505105
-0.4831906994732409
8.215800573695141
10.95320508559034
-8.535495428270462
-0.7918364046602353
5.895780116989206
11.55139511614151
6.552325107564879
3.579953820950931
-5.414843704406793
-4.967532219197447
-8.994797524785351
-5.557467537480079
6.417919023150916
4.645638867531727
0.4473114835560539
-5.578738021283917
-7.351018179954158
3.120253250076219
11.6723032979886
13.30215098306961
10.20310640124701
-4.663429547246253
5.337148672947444
-1.772280154969901
8.698991267659494
-4.865957729163899
3.85781957652713
10.00057822323859
-9.444257030036455
5.168609785925536
-1.350702364836984
1.217163925650643
-6.182670823220021
12.19577049486051
7.373074934918635
-4.831968450142097
8.723777299243123
3.317992654940667
-6.196747512292464
-7.557395169832423
7.21571086928889
2.795660398973457
-30.13379239031061
-5.217194738792611
37.02945379257753
-25.38531961681694
-6.994676906743657
-11.22218108972727
1.777013446468171
-7.313040708076999
8.540581195482918
1.458649677443394
-6.841946226948282
-0.6196850010753893
6.878446856577978
-4.227504193979501
8.771690366536511
0.4710944936750157
-6.606064805723297
-10.04022601991605
6.680938822282632
-2.810177948520471
4.302378235168339
1.284252012651517
7.230048081775529
-2.378560600747962
9.395229050282783
-1.014849754732755
-9.725199363604307
7.044332584598132
5.945796031453266
12.04229865459389
-13.15375669877799
4.724463581473672
-7.399834757111505
10.97860658268151
-6.271438388145278
8.20275399586842
6.096502658975351
7.112556189766925
8.552050043292686
7.344161523648697
5.655614981705479
11.03750192019739
6.68667897369737
-4.999070027040391
5.664291813131585
11.54227072654281
5.381886952043177
-11.53991201064505
-6.401211988975819
25.98518836176055
6.352035306042126
-9.98846161740612
5.753921932914078
-7.08193149905565
6.882318325807926
-1.662134358210996
-10.99590197301704
3.478290405391533
11.89625074068381
-5.471718492359906
5.67186953746822
-10.1019281430555
-0.6298973424212022
7.8171001693404
9.807578722145402
12.38267767585754
4.92073824363928
9.47203081247704
-2.754170438961627
6.222261238418792
-2.843975535869923
-8.093212828010184
-7.077159309369641
7.49813188683022
-9.066236791380838
-4.514944199762319
3.932053423040368
-2.775852581803571
6.510985034840379
-4.822695565649391
5.150337378686054
-8.544452719878503
-3.881369308517647
5.524183508517634
-9.514740166610576
-3.067234526285886
3.897718212668114
10.95989404655717
5.727515458208164
8.417960347000886
9.286837611097537
-30.80019576637458
-13.1828732132418
36.78977452331714
-11.8483988754824
0.8688772594416688
7.316382895180784
-6.224381195649035
2.509527101501149
10.63790245558306
-0.102329719027569
9.724397774337104
1.124226145592965
-7.036216406225024
-6.801327078115268
4.663083447220311
-3.566078491680821
9.405552850817879
-8.229161986189286
-3.663584460261957
2.706555552991767
6.447505639308485
-1.360647658873531
-10.74023218832328
0.4033558096622997
9.137264073797898
6.715404109244407
-0.9135046628190925
11.14358801355217
-6.698997331265958
4.551292618230828
-7.674908711828142
-5.249237292140031
8.446997599779328
2.425671434445098
4.565577542560852
-4.806855790109881
4.654143305972418
8.794749984766208
8.733908279702487
-2.421859948752157
9.717147622454114
9.460999091002083
-14.00772672446607
-9.335202334465102
-1.673736266279052
-8.094278138854619
0.3478582911344945
7.159735442206842
9.187522864940689
-16.35842105783536
33.35385387438329
2.849889976673922
-13.1814561772763
-20.67243270175141
-7.628908753945789
12.1390075671095
1.590770665041625
10.03290709967579
-10.88508911614839
-4.314011643916746
-8.600171607999544
3.306230799706703
9.219679409015162
11.48339874981893
5.052028031057213
16.0701159976719
-2.35089646568423
11.9064023869614
-8.160442541322913
-0.1012601778977232
4.586717247853637
11.23632391840677
8.215014229570272
4.604737914970007
9.277262277111165
11.0180880144888
-7.40292455521432
4.6725243760712
5.91344859159045
-12.00766252865683
-8.291848046620144
0.5416236705319771
15.90575905985541
14.62252458249559
-3.001691527184936
7.683524913391185
1.740825760644957
7.661466081382017
-4.320494373343393
-3.985295937720713
-9.217674527143231
7.321587362519454
7.758269047591361
8.616255624633688
5.920640279526307
3.628296993153931
11.21079680194964
-3.021309700274165
9.430803722126752
10.8242321513486
8.83347171364961
5.290156528423919
-0.2561485337153042
11.9846305121195
-2.106100463336388
8.781638299640004
6.733564108351055
9.973032947054371
10.3530555694412
-10.92744022741574
-1.471966863315388
6.369704460078834
12.92047891715755
-9.297592557119044
2.163406778492397
-5.76685365908811
-1.207888507144947
9.455473353934828
1.62984768046176
10.66336185137231
5.8779789225166
7.841671321428053
1.963692393805103
10.15848170894586
6.571232079433177
-6.160383761142668
-11.22870926918096
-3.033919948812616
9.719327360775756
4.913936789237448
14.60176635338276
6.55077445447631
8.194789317827158
16.14264606036761
-10.75707213993995
9.591871607403119
1.268308113639784
24.4273053684436
3.530738907784905
1.551450393264572
-11.18016543274698
-15.5309883225841
-8.710349661517768
-6.135250777233509
8.059182352929735
0.2348892944414765
2.575098936930176
6.370140029887127
9.037786833939617
4.140606679567449
-3.202992211460502
-5.251066404315344
8.709857837085156
8.875771209865329
12.45211344219115
7.582499812750478
8.442136432311893
8.839664574118489
-8.752414178249008
-5.24220420385596
-1.69023834612648
9.616644953798684
11.6224988456168
6.783176051926353
-19.30549671903159
-4.47006295885549
11.9296967223831
30.04964465820741
9.881519751207664
-9.617667154471791
12.7532473023033
-3.587249628573535
-19.63315306715711
4.748472787795023
-14.75071408708477
4.88243898948425
-12.73161583882328
-7.855425531329047
-5.827638111113285
8.133286125099918
6.225475383839896
-4.897180154064675
12.07876342030653
3.510209973019293
-4.420050470950835
7.062175832995745
-7.930260440697506
12.02538025496014
14.83543376051987
9.687829564744401
2.027787420891778
14.08090091316979
13.96092423789202
-23.05754757644782
-11.32073469004727
17.91193589797961
-6.312386736988654
20.82198068988601
-1.283234479877831
17.44899165638135
-8.222234143945558
1.417645493489459
11.73681288597745
-1.907810739261131
0.1659133716593751
16.74516083919156
-13.64462362395334
29.23267058748532
5.087602516147907
18.73222613849659
-6.358895841551587
-30.50396390640314
11.25842671156934
-24.14506807031267
17.61732255313327
2.910044791459338
18.951796892341
-16.0313461587302
4.482872759999048
-4.842423516135506
-9.325296281486089
7.187015203739417
2.080303894497743
1.016053518640408
-4.350822932131653
-4.869613622703509
5.815602820337637
1.393428431608063
7.964505911721074
10.68521644034329
9.639879632752258
2.148903092283219
-7.490976532472176
6.571077475902386
-5.232378588885897
11.30688330008286
-20.33787805185139
-18.33202416015953
-4.28549616667691
18.7615166187272
7.72479640013317
32.59303759251384
2.005853892239299
16.05238188505946
1.294668262081648
-4.839322792919864
18.31967446303238
26.0568205605705
-23.80066155429865
-8.184961355352453
14.86205143071368
-7.221414086303215
17.26160689640145
-22.94267497760858
36.75016868870132
16.57924746755523
0.8579865765556961
23.15899725518156
30.64816388320117
16.39975968163274
7.73714609887752
23.04701278555952
-14.7577136227544
-40.07474951291932
-38.17028202585411
44.06204710916982
-14.43130679704666
11.83931106402344
13.83152097409659
29.27062177643775
21.88811725811941
-48.63817339711829
-29.86541964480311
1.904467497167549
24.48302098226398
27.13436742728091
2.651346445081453
19.48856179261399
37.46585230147931
-14.24840420144429
-22.91101778448858
1.957223406956952
15.29824690589295
25.51985158460755
-43.38699765775767
-43.1816736838249
47.5144364855115
-0.2362072278001133
-41.53383765905755
18.11994793535793
29.54665110697293
-24.16149734659928
-31.54400186625935
35.35755495137494
-13.56671135757788
18.2031757913517
41.94215103735264
16.04175210232977
34.81450585644159
18.77275375424053
24.86824119247295
42.24664853124827
11.42670317153361
-20.16812489232552
15.43910080251085
25.23577635600369
23.56262817867829
-18.71986855586441
31.00250818659712
43.15079044297129
1.853159997489721
-20.39301673382808
-7.382504519091387
9.796675553323684
59.51905229740473
17.9772905088994
49.72237674439567
-1.673148177501027
6.584596086006141
12.14828225830879
44.06243372809384
32.85521396260327
31.7698871487259
23.73897523740425
-21.01551629386358
-32.22273605730724
28.65411877374601
26.27061786477466
-30.81994537137796
1.647836033951239
32.46778140831327
10.22160467840081
-47.75064372074935
-15.83649226045029
31.14234028843727
31.91415146773592
-19.49918689027988
-22.24617673178027
-11.20721976446714
46.9788325488873
49.66963506629914
2.690802516101053
