12.35623965178787
-5.264044618419764
2.262939043417712
-4.000633375242749
-1.310748578669033
11.56946521382457
-10.12334435932476
0.6916636071254003
50.64434701358067
37.37898406018048
46.39252709768608
-11.87173950023334
-14.3710935916769
13.13417009519792
-2.379316856226332
24.33369219499281
21.01675310401574
25.33285478244024
-30.09284336692769
-7.033161180478031
-11.68189432660026
-1.94061023933279
10.39956378241739
7.657601407311139
10.08070294898975
-10.19285627885952
-8.36088421006178
-1.804604345068546
9.834257207938187
15.65136861995999
3.107334936292144
-6.499196332248574
8.784365469140194
11.22977453790533
-10.54663463084413
-11.112003373924
-3.03451469440321
-2.306355291695064
7.993255656220018
10.4420588271839
10.28093659472989
-6.867003159608055
2.625188485889445
-4.421594082055142
7.739608151084284
-10.30187404545056
-16.6963467207253
-4.83577664034298
8.595508707423425
3.05191603906383
9.209940951027072
15.39204190094419
7.393635252949815
-3.316939091016198
5.785510626986792
-7.998406659971005
-9.606531273957529
5.677030538264963
5.355383423235855
-10.71057434769914
-6.394472672968915
13.35379008281562
-1.133176419414073
10.72739366087548
11.39881268048811
2.659879102524231
-19.62770089978753
-25.61668867677959
4.316101678463125
11.86057008031308
-24.48351225790613
-32.36601596313429
-7.655748109655447
2.370259163818269
10.38919280217351
-2.541328432743517
7.996814609293015
13.43128534807932
0.6714190198557787
7.194566272212848
-7.3806948568199
-7.702341975445739
2.111496805896913
-1.544317063726043
12.13750407408342
7.191183032393517
-0.3216471146380743
9.492191662136205
-0.5653687428356657
-6.236719076179055
8.240279339758104
0.6144322453655759
-7.252609251418567
0.8871114573188525
-8.325774501341332
3.246271046214495
8.462508921387101
6.485607843522924
6.158024911840901
12.1944975850053
7.03368787980495
6.523147252818743
-8.738933577806145
-1.473375106393337
-5.160809705400238
-5.671350332765066
8.077488680694037
0.9588383673043809
13.23829838502393
-9.271662526822873
7.889885820107143
-8.507062985510336
35.72506818975332
20.90326055130849
16.96993155225202
-22.16598370083934
-44.94757256919005
-24.45678132499598
-3.28885063340544
-1.183697235750504
-8.637263199382753
7.738919721295732
9.315183058396407
-10.23050089338548
6.931047452099474
-8.285849737671189
-1.453371818262339
5.431634505162265
-5.34841256484084
11.02777035225871
14.82246982879054
5.609583869267885
-9.155236117376422
-2.270229794984188
-5.431333832283856
4.980263821021389
-11.01461086365144
-10.21727896286353
0.7645995409945662
1.944651154774303
4.513651934163494
0.7973319001581287
11.77921040495949
-24.29762030767785
-17.77392806641319
44.39665607663039
35.10188750933371
43.76265263113466
-38.8078031208378
5.327519427572305
26.83447808428222
10.65175833153145
22.64997394577816
-29.74860032902684
-5.287395500023013
-7.453565964768377
-1.073165248793135
-8.952978912052169
10.49888029626732
7.265558471008594
-22.28758000122617
-1.499412946878822
-9.212885959789546
-9.842206005746883
-2.984468785392272
5.598496389534195
6.386291346720459
12.34998602948292
-7.879813663753912
4.601964854019653
11.43444277030668
5.402661077427004
-7.74974569734903
-9.847900619244889
12.16193011612415
-25.09495220674664
-2.287935357112637
6.832477918468517
-14.44986547360893
-6.03178169282236
6.885006322908577
3.723902284322475
-10.24795361650424
0.5565931857788265
10.72652030157408
9.250677527948476
12.23000899307619
9.755683976319396
1.662847720040464
-13.15240677328469
-6.80901472760709
-20.20416612153262
10.4115976524871
5.093670335986443
-8.092836255529463
-5.317927315440179
6.857737221625582
0.188800233782844
7.224209748628862
11.40399741465366
-6.842121675548512
-9.808033286452332
0.3618938316095881
-8.456142262501068
-4.276354591625307
-3.315887246838923
4.900957593726595
6.05487289184622
12.3412837460283
7.03540951821412
12.1756645364435
-13.18650659076621
-7.030921912153451
4.179787669909826
5.140255016861295
32.09351815243977
36.93582679622191
-41.97951487305757
27.19210964564911
0.1947853853636392
10.80454680256755
3.327515441581275
-12.85520430825916
-11.0421035792856
9.177312185369852
8.944325090774347
-1.079485143907008
9.370760134074438
6.155584677393654
-4.287358300086495
-8.471862446215791
-2.965911613726202
-10.44294297600322
-7.477031361270394
10.16992711601356
-21.04594477288903
-2.098154921551254
-22.47160774823014
-7.051759348520062
-3.859226996386047
18.94778985198852
-18.68103463318079
-29.85154611397202
-1.425662975753973
-16.1827197498401
-4.184504142316716
-13.39515139249411
-27.93736944681687
10.02600726984893
-8.977437283242001
-2.921463240164776
-7.86778428221698
8.546255709034591
3.770976830965113
8.545819844715176
-22.01428197059085
-19.17706135229531
-2.699608026339445
-10.74510255508453
-21.56943954349028
-7.625847095310084
1.109653000752897
12.74841411670285
1.434573234014377
-7.992081890354722
0.8512770205133523
6.592579586285349
-6.217036657669649
-1.475842771215109
9.962618431619616
2.979331468998683
11.43846120042408
8.459129708404978
9.741284087266912
6.523692242381871
22.80701684902461
-14.82180763784639
-18.7551366382494
27.63640510436852
2.357576223053894
-0.6340034452509662
-39.0691366493407
-5.988987776773399
-25.27882888137908
-28.27040854990013
30.9421858920499
8.660765122632039
23.05968218666584
-22.28142077255697
-7.882503703971849
-11.17051148051294
-43.06924425174553
-4.901408507717961
28.42588313852439
-31.89873277151097
-41.42671287590071
-9.743717152222068
23.58357449125038
24.46120483060966
42.1743002584205
19.39271139898236
-13.26536295265011
33.32729164716941
15.41984839932714
0.8776303409645899
-14.54221805672436
-22.78158886349072
8.735500096618898
-9.15241892847776
-1.712092772842902
4.518308966646845
8.494397096796929
-2.712765787875981
-32.65807435201037
-23.64453131345503
20.49079123934469
9.013543038256342
44.13532254869264
7.44032615148674
-0.2329870941887404
6.439653147210228
4.634218552678909
12.16120222223698
8.018933639935312
-4.946321041871153
11.46771894800183
-10.09330060836973
0.4448424277337756
8.43195879726429
3.448785308041955
-2.392378191827896
7.526983665697902
-8.045494528729039
-4.642097257125211
1.831972068797383
10.53814304154073
-4.983173489371237
3.403397271734821
-7.601625396292914
0.7849453667391977
7.259014698472296
7.742473389212022
-2.29804689388785
-7.602061262547303
8.386570761128901
-0.0004358654617533799
6.474069326053376
0.4834586913881652
6.556279871324761
-10.10394041126663
10.3035779345382
-9.483010228661628
-5.006325950719567
2.164475955661865
-4.25211956077398
-8.134952098374258
-0.3796458259201038
5.485663616640418
-8.492714839945133
9.243761548690859
6.072821183736099
9.73778317826671
-10.0405202820431
-4.240595282197874
11.63886155823009
3.664961998971709
-9.824796766473613
-1.873371572814769
8.86055153636852
2.702863798906306
8.502788797062536
-7.37599359055122
1.576263336321996
7.951425195687293
2.448803174363677
-8.562337237404764
-2.187175374954538
8.546747738369286
10.93019283741617
4.382060891806857
-3.34609936556998
6.375161860144068
5.216237873433782
10.73392311182969
7.755306271264206
2.383445097480402
-0.3577627395010752
-5.650649787955458
2.28502073881398
8.790660094663927
5.984409544236243
-2.536446414536259
-7.495011173330728
-4.931928366140043
-10.30378954047637
-2.074888904668289
3.664793564412721
4.691479008162515
6.76874259846755
-5.371861174097766
9.623407373923678
8.228900636587378
-6.548131948249044
0.1156462242530032
-8.113254413398817
-1.47585043562632
5.739682469860166
3.895321085288767
1.545553834255016
8.209332009522885
-6.182606425613315
-8.159507505556787
-1.408017867932857
6.99419560310186
6.6637781751415
-7.728160258239983
6.637403979405319
-1.215136408818544
-1.976901080094182
6.751489638028338
-7.94658045990945
-5.207564458338369
11.14414016884202
2.166046500975392
5.596719112678451
-8.963858509490239
-3.000163824892741
-2.677447661414988
5.40204964778253
8.066597572700385
5.963694683541666
6.286410853146279
-7.852540389856379
-5.187992467822088
4.924634497520511
5.371171523264473
8.402213471497868
10.74404523483765
6.230401735245722
2.664547923129294
2.739016002382566
-4.513643501945159
10.11262696311402
-7.252659505100365
10.80428357232504
6.15008373835341
-3.276571380844303
3.976088126886298
-7.973899573415832
0.6209301826045213
8.594829780479849
3.758097931621901
5.799924999000864
-10.07885738706628
-5.304014369740024
4.774843016245865
7.935670527885166
-1.844361384857207
3.103949035013686
-3.938000613178616
4.13030618865756
11.27698031613662
-1.533569539361914
-10.84698569819982
5.637232415931786
-8.769722106892431
6.505639357271258
8.068306799767152
-4.831721492253023
-8.382515390855543
-6.819847952951214
0.3268261721023563
-0.2528649848056421
5.637346531942989
12.31860295240885
1.562667440426484
-2.80625054818657
8.129650408938188
7.146674127937602
-2.499354090205759
-8.139101978875862
-5.639747897680026
11.99177675787879
-4.586090516813255
-11.92653069683056
-8.075107489345239
1.884249344527876
8.699151118737095
12.2259780707591
-1.941926024866135
8.993974933506577
-10.46278198486822
-6.889790097527086
-0.4827661292432199
8.203452120117099
10.93590095687027
-8.520855958499766
-0.7905228142397801
5.890211523828712
11.53905283271154
6.544866158084145
3.572991887409522
-5.405101783693222
-4.958564757808301
-8.978093670421117
-5.547421056020243
6.407023968110946
4.636695155239205
0.4465370254874881
-5.570111362744893
-7.340440176693183
3.116106886472831
11.65766122004
13.28524163580551
10.18411620964274
-4.654199834542992
5.326481764174975
-1.770328812952896
8.686218248222088
-4.857634445372667
3.851423207756909
9.980681599289145
-9.426655121285618
5.15800634823723
-1.347587606594939
1.213550216816585
-6.170262863746673
12.1762381897803
7.361470043122743
-4.822675255004064
8.709057650461851
3.31491851389046
-6.190181994832136
-7.549194203833736
7.208732801138242
2.792534521615514
-30.12932591025417
-5.216474965452033
37.02654271040252
-25.38132979383932
-6.984092485989889
-11.20716289007739
1.775045235430865
-7.304257471603667
8.523193945177628
1.45488025786181
-6.832503273716279
-0.6166720038992535
6.866298569402918
-4.223070407742785
8.759137724166401
0.4717542013618156
-6.59962347330062
-10.02381023772351
6.672640246196789
-2.806319780547385
4.296087188811281
1.282154391365216
7.217490460719325
-2.376553061902732
9.372261284246195
-1.012770810455669
-9.682427996613146
7.023198155790233
5.935336058080361
12.0213132116435
-13.12511565354458
4.714423116669072
-7.383813082710729
10.96268797710676
-6.259200480245544
8.189754199422454
6.085977164617784
7.102406971320775
8.541554332563708
7.335388975256523
5.648841304036969
11.02659693965479
6.681256427504796
-4.994186679369525
5.657993826113444
11.53106325313285
5.37775563989968
-11.52694173075039
-6.396471474508473
25.97749112893427
6.350011739266347
-9.976589555134765
5.741302568303078
-7.068313682016865
6.865915177860141
-1.6568953814337
-10.97362359790128
3.475331079615018
11.8838532954691
-5.465964044923039
5.665815025314125
-10.10944368117036
-0.6287577531088329
7.801312421405181
9.801862850851798
12.36146117481883
4.926424972848035
9.480685931681011
-2.741962380164614
6.215831273291119
-2.842521648711317
-8.087807479539599
-7.071377677161539
7.482970582031562
-9.058352926498216
-4.504091959492658
3.925978248962392
-2.772933775907465
6.503600894930835
-4.814768149427731
5.144588686184863
-8.522810570134176
-3.870521727846419
5.507659561712818
-9.505100507745189
-3.06407817297045
3.893814286175361
10.9494966868373
5.722248845329633
8.408522219785077
9.276534668473642
-30.78934685954635
-13.17728405570841
36.78879927682635
-11.84671150580004
0.8680124469127022
7.309034780131537
-6.218038267574776
2.506894761496709
10.62974637564721
-0.09868691218274737
9.71590126412182
1.121049488708471
-7.015941812333825
-6.781549700522063
4.652288853127847
-3.556992341516124
9.378181300302611
-8.209281209106829
-3.649132450254029
2.695318531121557
6.441022334384452
-1.359012209269783
-10.7284332920828
0.4033457679427969
9.128278786122232
6.708740955500526
-0.9138451062386409
11.13177906512457
-6.682862779947094
4.554260974342384
-7.668387362436912
-5.245285830459339
8.430070201131247
2.423101536620516
4.560148764394349
-4.80214001746891
4.649916427080005
8.786327018121076
8.724933023278494
-2.419537825539193
9.708221283564006
9.452056442825393
-13.99613999356964
-9.327429156457438
-1.672308495138294
-8.087333632811921
0.3472815580018527
7.15296663617324
9.178454012371351
-16.3409172370158
33.35045082000595
2.851436018661703
-13.17195223781473
-20.65307526959671
-7.622586055954794
12.1277591074882
1.589236771858121
10.02385196429423
-10.87780160665361
-4.312158032581436
-8.594851769337373
3.303016456132488
9.211822824218313
11.47489140752944
5.048431467012287
16.05793926860554
-2.349063128455504
11.89786821939351
-8.136991298113704
-0.1010223249900235
4.583047861076668
11.22711806129491
8.20831802944438
4.601395903717337
9.270106732865836
11.00950781573351
-7.397494612829803
4.668710833130502
5.908806362715477
-11.99889053390876
-8.28437392581972
0.5409012082193458
15.88926532235375
14.60721758864872
-2.998743545100291
7.676393569489548
1.739401089693561
7.655120665588225
-4.31620730488901
-3.981649366158744
-9.208897207831729
7.314679196135821
7.750726012158002
8.608020612847747
5.915719564069661
3.625270171758001
11.20134994624357
-3.018800035241153
9.422482374218406
10.81500796640453
8.825275132833493
5.285630383813755
-0.2561648416621585
11.97292943731842
-2.103907141578498
8.772935652034832
6.727265311900118
9.959356836136134
10.34172872622913
-10.91595499508475
-1.469939834648928
6.363835091866539
12.90833471557407
-9.288374583504158
2.161424111264871
-5.761547634498426
-1.206165354124418
9.44601515725358
1.62758041476249
10.6521805084617
5.873069429858846
7.833774926009254
1.960705494388103
10.14530910945376
6.565191028465588
-6.153307609377414
-11.21685829570825
-3.03225467884404
9.71422853925406
4.909626040712083
14.5946909064362
6.544499622984041
8.184603616177466
16.12648433713652
-10.74691060465546
9.581984714515707
1.267322002868788
24.4087649007247
3.526826952277514
1.550352175635306
-11.16814645783033
-15.51348695300529
-8.669657201781821
-6.110058898319302
8.035968970194736
0.2343921015697314
2.55959831908653
6.344450986916978
9.029100493576978
4.136410591182784
-3.199993784817201
-5.245664125714807
8.701060483384261
8.866939532135159
12.44128241534793
7.576079775735829
8.434615191625142
8.831172454137043
-8.744235504979248
-5.237462038441725
-1.688553103702972
9.607775458949879
11.61204322427567
6.77677056995184
-19.30046952438432
-4.473689338625716
11.92739702651693
30.04446333817872
9.879608501114022
-9.61540465851224
12.74648321593667
-3.580118080704929
-19.62747939306287
4.747996120697513
-14.74701702958428
4.880462366310105
-12.71849863727441
-7.847262478749234
-5.821775103566014
8.124949503980174
6.219053902848889
-4.892689902697719
12.06693331648577
3.50677346686385
-4.416198280302727
7.055682400778947
-7.922971746301788
12.014232607822
14.82678018590123
9.685064865898553
2.025487375598395
14.06631638089851
13.94672460805239
-23.05363563279327
-11.3219137798553
17.90442740256146
-6.311911105715607
20.80790097166732
-1.282047734547725
17.43987423720759
-8.212871752020888
1.416485978193216
11.73172185305094
-1.90589560043196
0.1658790481729915
16.74172452752996
-13.63761745315012
29.22634118222907
5.084304519634881
18.72192197238253
-6.356978143078774
-30.4990148038854
11.25508466075751
-24.14203666244019
17.61206280383824
2.903473569012097
18.942635354179
-16.02338825796063
4.476684291911416
-4.836731873317047
-9.313416167056744
7.170801930837733
2.077263590806263
1.016429802746623
-4.345340507798015
-4.865202637704011
5.809934477406465
1.392525592929243
7.958169169427143
10.67513711438197
9.629357728879111
2.148234692315561
-7.481123034172854
6.56564357519841
-5.227247841590425
11.29632856247387
-20.33179066800199
-18.32752290275407
-4.284412749954408
18.75374927318682
7.715186016614865
32.58336346844661
2.004267765826731
16.04737791791692
1.293341416742103
-4.835272653842463
18.30617024474072
26.04270891967327
-23.79392107020267
-8.182589969173227
14.85557205458239
-7.218075591058305
17.25217104233487
-22.93662646948065
36.73667523195505
16.57584547906001
0.8572946005478304
23.14144289810172
30.64761463043585
16.40108636552575
7.736538676304703
23.03816202327767
-14.75403650077166
-40.07886284550044
-38.17316610101313
44.05158242436168
-14.43272669550392
11.83659666227485
13.82961419554904
29.26519127140044
21.88110317751407
-48.63551078213475
-29.86079499208627
1.905696747544161
24.47024663330854
27.11981207752414
2.649565444232975
19.48450418996827
37.46344302015724
-14.2465282648104
-22.91107595427854
1.957101496660686
15.29593075246316
25.51680918408976
-43.38732914638962
-43.18192079762165
47.50673086418468
-0.2361498645098323
-41.53392534413972
18.11706631161704
29.54245901696331
-24.15904513278176
-31.54313322784577
35.35984086836732
-13.56419439769449
18.2022973441006
41.94273675484191
16.03916178559912
34.81387757607042
18.77471579065851
24.86817745194431
42.24301767582408
11.42539270526638
-20.16485483266962
15.43557707604039
25.23150102509001
23.55970768843419
-18.7195448614737
31.00341719013926
43.15117928585114
1.853403801878709
-20.39133819848411
-7.38408809462916
9.795923948861114
59.51888600071378
17.97893883027388
49.72296205218429
-1.671793336841731
6.582895886656266
12.14776209628377
44.05825034446461
32.85221924916193
31.76649174170162
23.74043940812543
-21.00895467108919
-32.21498576575325
28.64372769032138
26.26932335891369
-30.81762497410869
1.64799545621903
32.46562043126819
10.22087843134225
-47.74288073097676
-15.83239248568999
31.13040507837207
31.91048824756831
-19.49501315495426
-22.24474200053123
-11.20603109498335
46.96279756406158
49.6526823610232
2.689884796573676
