12.366959823458
-5.268049541799254
2.264965689858947
-4.000917981015098
-1.310463972896689
11.57423667903923
-10.12848840612023
0.6920150472491229
50.64802226114162
37.38186406155123
46.39669245618995
-11.87710916268502
-14.37961577754466
13.14220216361079
-2.381847204257391
24.33608914130965
21.01691606046063
25.3379058489883
-30.09655677799354
-7.034217316414906
-11.6926031683817
-1.941559084419062
10.41757555795858
7.66798954802223
10.09261253811475
-10.19974414097094
-8.365835976134724
-1.80546700345987
9.84632445088322
15.66307856894985
3.110245314821659
-6.503247798289739
8.790407075966147
11.23809591863169
-10.55611872190166
-11.12191030904398
-3.037302804200904
-2.308536540961874
8.000877510488925
10.45214103597183
10.28966958825511
-6.87267151469974
2.627517785877213
-4.424982650318573
7.746181893707925
-10.308407457351
-16.70658760218522
-4.839081852715354
8.601733564817003
3.0539812534143
9.216704648420741
15.40380122083161
7.399996828459886
-3.319173080888137
5.79030809438099
-8.003804421925194
-9.61349312645058
5.680161774483771
5.35858428474716
-10.71916991855134
-6.398180139141897
13.36238870626229
-1.134282560090059
10.73322318837414
11.40476238140184
2.661431038915193
-19.63376237255862
-25.62295360657493
4.320989788612666
11.86750574892452
-24.48867104765386
-32.37212316595618
-7.662151804283881
2.372730117066622
10.40043344761599
-2.543487667442427
8.004711786572059
13.44081541906211
0.67153919359008
7.199573149908617
-7.386867082880416
-7.708444582570973
2.113322259662638
-1.545721189200834
12.14820416859226
7.197523884239429
-0.3215774893266967
9.50018934187203
-0.5657915857238779
-6.241242270682829
8.247582181049783
0.6149710883966796
-7.259449575701312
0.8879622558654705
-8.333574944142939
3.249374568891275
8.470554063620693
6.491697370144865
6.162723394112844
12.20348464138728
7.038365590287612
6.52803395701944
-8.743331341638894
-1.474275820784005
-5.165119051794136
-5.675450684663499
8.084607508860984
0.9594447978159835
13.24972655891993
-9.277723998672725
7.896582934086343
-8.512641409201294
35.72690909259875
20.90486707083985
16.96880063309189
-22.16816396778977
-44.95208392666185
-24.45948355408328
-3.291942026477467
-1.18477557848474
-8.645085655663641
7.746238298302117
9.324048556918379
-10.23716879445012
6.93713813485519
-8.291363946102353
-1.454666385693078
5.436308336033431
-5.353143625821476
11.03818031892842
14.83632241039373
5.61478520833413
-9.163204030654395
-2.272229310575907
-5.436238285873046
4.984869556063003
-11.01983765234077
-10.22211917277253
0.765082589949173
1.945804845879922
4.515864724470905
0.7977184779370401
11.78492024335103
-24.30225165019931
-17.77932868427484
44.39849040667593
35.10285573923152
43.76453061440402
-38.80949163981958
5.328522955168697
26.84054562321074
10.65428680885219
22.65518117081168
-29.75213631694479
-5.288798035098591
-7.460310080543444
-1.074125365487485
-8.961139880833395
10.50882414027804
7.269055519485468
-22.29519340985664
-1.500829798827241
-9.221537202962324
-9.851452849381213
-2.987215525086436
5.603735121730712
6.392152667162326
12.36141549060024
-7.887014517398128
4.604612886676416
11.44131044016443
5.405098850098175
-7.751571650745314
-9.852460437389645
12.16792401532801
-25.09997012654408
-2.28914931083194
6.836697557941012
-14.45707332603489
-6.036211589282825
6.890974720902602
3.726965743318595
-10.25385210738262
0.5576259182966752
10.73595823696012
9.258644299951587
12.2405620963645
9.763177330670073
1.663703659163852
-13.15667049739827
-6.81201438673856
-20.21083023472526
10.42110784038308
5.09810617825427
-8.099473669945787
-5.323001659326968
6.864237326859002
0.1891046312483454
7.231206226440431
11.4150104669715
-6.847910070825225
-9.816291325514808
0.3620409979741863
-8.46419324764094
-4.280388993386313
-3.319055874088865
4.905491073038932
6.060312332599996
12.35216719993777
7.042101603518212
12.18723898385782
-13.19757984663956
-7.037014708656932
4.183804251432364
5.145137376292225
32.09624786852098
36.93887794480803
-41.98324767039752
27.19437699967249
0.1947567102190007
10.81147802631934
3.328940587177549
-12.85731822002157
-11.05296945953479
9.185880065350622
8.953099076619758
-1.080789588917044
9.379368196246176
6.160565134421948
-4.290353572043529
-8.475718043011387
-2.968381261273206
-10.45091870342623
-7.482537439781717
10.17833231912223
-21.05135744261946
-2.100888784675388
-22.47713644262047
-7.054159738280198
-3.860352154334126
18.9504686591041
-18.68239417350891
-29.85393404402498
-1.425779000898429
-16.18625880719886
-4.185364461683471
-13.39881584509602
-27.94397920841173
10.03488191247653
-8.985932200864168
-2.924617934743377
-7.875298220603616
8.555478278770671
3.774745367265445
8.554815686245348
-22.03307179939118
-19.19114483788461
-2.697469029339804
-10.75012613161534
-21.58686649501345
-7.632611094302312
1.110633979584932
12.76067757234852
1.436584993963246
-8.000882418144457
0.8520346900467825
6.601111934376386
-6.224661468927739
-1.477313931147328
9.972179861154739
2.981917805963154
11.44949378644077
8.467575923681597
9.751044083962109
6.522922967545242
22.81082081459681
-14.82204202052016
-18.75810846081091
27.63934815322688
2.358316723290112
-0.6339597916427773
-39.06996745216201
-5.989191233421882
-25.28103142965981
-28.27330794569379
30.9457915807429
8.661674877317127
23.06233946213182
-22.28411671106929
-7.883452115141623
-11.17153986956122
-43.07303103773847
-4.901870871214633
28.42815504418062
-31.90149116913211
-41.42828418401167
-9.744500949204109
23.58552495963001
24.46333828575913
42.17800438061565
19.39408444374821
-13.26615819771092
33.3300259177611
15.42297670325502
0.8778133300415099
-14.54516336916676
-22.78391994688089
8.743245074877944
-9.159986331560026
-1.713310198453652
4.522310623216727
8.501317063279592
-2.715023536481972
-32.66024264239692
-23.64541424512558
20.49260036063944
9.014828396518832
44.13801459564315
7.446676123446148
-0.2327809869847812
6.444962810020033
4.638149266010573
12.17116451692135
8.0277033339176
-4.95068028510661
11.48009621082679
-10.10199413359868
0.4462053058614768
8.441018706405961
3.452392876883315
-2.395721658612592
7.533015241284633
-8.052657102249665
-4.645846268068217
1.833908164835779
10.5481994529324
-4.988625829629798
3.406810834549724
-7.609914646544477
0.7855220221940882
7.265276469562659
7.748848946105678
-2.301069655715825
-7.610577243826036
8.395436664340322
-0.0006625954775848523
6.479754433272158
0.483572478103539
6.560368988058598
-10.11140710926705
10.31702772839844
-9.492226198823914
-5.011815324212177
2.168889936248608
-4.255826996963217
-8.142804357018163
-0.3801944525860816
5.49111831519062
-8.500624498062587
9.251921762975149
6.076796519478092
9.746945314377159
-10.04991859943242
-4.244797507850338
11.65179146727537
3.670148806235431
-9.834801209348939
-1.875425785814677
8.868981471981227
2.706040249845809
8.51116133725289
-7.383537672534006
1.577810256007655
7.959375429085958
2.45126353288389
-8.570703962425712
-2.189138780918831
8.555268486918802
10.94062425759245
4.38608521277911
-3.349524476522704
6.381565175686981
5.221179489503216
10.74440726465466
7.76260990188308
2.385355766772092
-0.3578201360409649
-5.656588908126718
2.286981371791341
8.79985872136057
5.990945535163015
-2.538808732812822
-7.50284713118771
-4.936320985004634
-10.31357511977441
-2.077141012923212
3.668165641780762
4.695795227549945
6.774856785891561
-5.37725413455632
9.632116212923856
8.236434107473988
-6.554539050545414
0.1154583080603075
-8.120975801277211
-1.477554807574786
5.745306655326557
3.899048433327456
1.547245956486848
8.217243320995921
-6.188363737396957
-8.167220435086273
-1.409540071215547
7.000508911465892
6.669997364337516
-7.735609690877334
6.643420996131931
-1.216734413245949
-1.978856698605372
6.757680365071314
-7.954781800800336
-5.213629040641502
11.15667714589826
2.168361063874785
5.603122797861131
-8.971975622184416
-3.002712795560824
-2.680120767742251
5.407336191286635
8.073934229517164
5.969262823507772
6.291854865235278
-7.860155411807038
-5.193557380611936
4.92958549224963
5.376603245981425
8.410048983756621
10.75405499892383
6.235620811369212
2.666598033168976
2.741152763369688
-4.518434192689703
10.12314286876871
-7.259586960120117
10.81675184257566
6.156886862512049
-3.280580534664084
3.979006432440964
-7.98164269556599
0.6191809104425949
8.600823665650287
3.760803447502989
5.805121089494633
-10.08957791726499
-5.30950759108825
4.780070323198887
7.943570282728616
-1.846258221705397
3.106691144995362
-3.941675322156585
4.135335310940559
11.28915173876928
-1.537184849573533
-10.85761601915807
5.643520530790157
-8.778554460689595
6.512877352420682
8.077010628099513
-4.836879135416655
-8.390963895621928
-6.826830631512493
0.3269857895100162
-0.2534605250466706
5.640142523873029
12.32475447375913
1.564133270680801
-2.808913180873758
8.137503377232385
7.153816428563459
-2.502506612055167
-8.148137792149404
-5.645631201707781
11.99776862876841
-4.590177659282412
-11.93701431568508
-8.081682004994999
1.88595164560123
8.705324664827325
12.23452053766249
-1.944160655693197
9.002255903809516
-10.47391492452298
-6.896654986318409
-0.4830133153629925
8.210962749946962
10.94641655685583
-8.529754266183124
-0.7912931582191117
5.89360306672694
11.54657362269956
6.549419863071991
3.577259936301153
-5.411056150363162
-4.964038396011001
-8.988316086091722
-5.553554348663339
6.413641669753163
4.642176486192112
0.4470177531376934
-5.575371460589735
-7.346836646498006
3.118604603582969
11.6665364230564
13.29550232443039
10.19573083194715
-4.659864982225667
5.33302853385668
-1.771465183214083
8.693976061478226
-4.862702298633562
3.855332311177555
9.992893518244317
-9.437467403486984
5.164526930876641
-1.349514133918834
1.215805458445329
-6.177880736791692
12.18812803047155
7.368520470981284
-4.828366596884865
8.718034604830612
3.316759047327819
-6.194138490792128
-7.554142208273118
7.212934636047053
2.794426683143368
-30.13194376238285
-5.216896102088668
37.02817961676752
-25.38367177345434
-6.990574460103811
-11.2163406119896
1.776220958547246
-7.309562015076088
8.533929610752574
1.457233426726573
-6.838236496233518
-0.6185837526529007
6.873765392439466
-4.225766160071727
8.766795427981441
0.4713255279415371
-6.603549317922247
-10.03388867216124
6.677743808201956
-2.808690679117206
4.299960668688995
1.283468191029655
7.225198000825749
-2.377783149664677
9.386267389605202
-1.014076630860403
-9.709450429551751
7.036168832298658
5.941729782151813
12.03417167948996
-13.14276345845909
4.720601532307174
-7.393686201224904
10.9723225820064
-6.266696523356763
8.197658533555702
6.092441923750284
7.108651352318992
8.547931816219041
7.340713029500483
5.652970543298615
11.03326641754357
6.684611967217788
-4.99715377289382
5.661823879048761
11.53787844741986
5.380295884278474
-11.53462597623363
-6.399245826399194
25.98202494596355
6.351182154451256
-9.983645092497996
5.749077250782032
-7.076696170204878
6.876066946315868
-1.660164232464813
-10.98729805819683
3.477056994486547
11.89122660088286
-5.469386076932516
5.669422130705899
-10.10456265230388
-0.6295504112767774
7.81081924048036
9.804895869923799
12.37426549880957
4.922693552450629
9.475012249767042
-2.749586022476839
6.219652752679244
-2.843427641995957
-8.091084272276902
-7.074874852969039
7.492349166528322
-9.063080406964728
-4.51076169233436
3.929608041170942
-2.774664044689526
6.508029807214233
-4.819607564053427
5.148026090695386
-8.536231205237954
-3.877189487215005
5.517912001939958
-9.510897537360396
-3.065982188294894
3.896175587268479
10.95576528106256
5.725413052542077
8.414169615149484
9.282693847564319
-30.79612994366387
-13.18074875509711
36.78942144146092
-11.84777173650556
0.8685242288498027
7.313439574471394
-6.221804464506742
2.508474074056053
10.63448819959602
-0.1009851030716356
9.720891272732651
1.12299500311971
-7.028419124931748
-6.793681532870793
4.659041744480083
-3.562741145935648
9.395101514278149
-8.22178292539904
-3.658336653058407
2.702405129935281
6.44491534828355
-1.360003718405111
-10.73547331276841
0.4033348712589286
9.133613385214444
6.712696356690197
-0.9135969134470471
11.13880819561346
-6.692696409290482
4.552318733948066
-7.672279596734085
-5.247656630083174
8.44036971647173
2.424622977552332
4.563446284881946
-4.804965497753026
4.652445109209792
8.79139524093522
8.730278525541902
-2.420917016792472
9.713554588185294
9.457410603153267
-14.00297903833974
-9.332016630655989
-1.673146365047687
-8.091450372733732
0.3476362987102116
7.157043692058703
9.183928906371413
-16.35126952740487
33.35194661549455
2.850439417833401
-13.17754053132229
-20.66453553604034
-7.626293256713309
12.1344716018188
1.590156085511603
10.02924276046468
-10.88222163168017
-4.313266008636109
-8.597896254457586
3.304920651578724
9.216449334671459
11.47987548157752
5.050535069180252
16.0650885373793
-2.350098557306042
11.90281689088071
-8.151414120454875
-0.101168639772646
4.585213055802392
11.23256753626097
8.212277655837791
4.603351792038688
9.274314179421468
11.0145535032538
-7.400633669340214
4.670962397533395
5.91152867006297
-12.00398550423241
-8.288848305688289
0.5413417578244215
15.89920754659284
14.61645860564841
-3.000521953877722
7.680683975530505
1.740239340852408
7.658870275408714
-4.318800888989038
-3.983841689404159
-9.214193918651997
7.318857158087792
7.75526229912647
8.612981918757022
5.918630904510365
3.627064608415322
11.20695725872263
-3.020289888803488
9.427440238563976
10.82050345325922
8.830190060884894
5.288326358557041
-0.2561439867908771
11.97999593710054
-2.105228838194613
8.77819917495572
6.731063767820179
9.967633656634815
10.34856889211036
-10.92292522895094
-1.471166332026066
6.367389234952856
12.91565859168698
-9.293959338345395
2.162608314125086
-5.764763472482044
-1.207218777746703
9.451758889409939
1.628965898120033
10.65897766002611
5.87605457509732
7.838555565567447
1.962500986634595
10.15319257106267
6.568793304155382
-6.157582553394778
-11.22388980106751
-3.033198212715145
9.717229778810399
4.912185002910341
14.59886220304934
6.548269354845933
8.1906915865159
16.13607480545853
-10.75305027848379
9.587805451687812
1.267899065746879
24.41979959303866
3.529195873156191
1.550980883759026
-11.17539496309831
-15.52404937183008
-8.695373837288525
-6.126004259243358
8.050245473085255
0.2347375672508133
2.569369616642038
6.360741795534861
9.034343162064111
4.138950132255612
-3.201796761336074
-5.248932169731327
8.706352234625845
8.872266426985725
12.44773014187566
7.579892653233681
8.43908667319873
8.836292607770053
-8.749171154872757
-5.240307316643115
-1.689581461939133
9.613117385493561
11.61834218821187
6.780642029283467
-19.30341672541739
-4.471422584773878
11.92875840851934
30.0475185745602
9.880742881934074
-9.616739524964887
12.75042798618816
-3.584399266217437
-19.6308427998936
4.748271999421915
-14.74921038483271
4.881632421971576
-12.72637585624759
-7.852190600876169
-5.82530538851075
8.129979012040662
6.222926249379248
-4.895393029733743
12.0740631875128
3.508863837502192
-4.418507953597677
7.059589693285705
-7.92737178874359
12.02094934519959
14.83199414091102
9.686677200576845
2.026885212942372
14.07511684875044
13.95528440178441
-23.05555758251875
-11.3209772517878
17.90863021761115
-6.312062522940266
20.81623432473586
-1.282748942825506
17.44510180492112
-8.218523569180658
1.417121849259231
11.73458033051138
-1.907052761156686
0.1659141914455266
16.74349505958394
-13.64163309074515
29.2296074689919
5.086217659773946
18.72785074937177
-6.358117399498585
-30.50150720401661
11.25726378906018
-24.14338980852442
17.61538118856712
2.907604106812177
18.94835820822004
-16.02797995268232
4.48041090826736
-4.84002027778857
-9.320431190126143
7.180705320412402
2.079061558405115
1.016209419505246
-4.34865443975445
-4.867837483740578
5.813368447392807
1.393063216456805
7.962018845308211
10.68120592918448
9.63564541503032
2.148650398585057
-7.486995010581726
6.568955625747612
-5.230352228884264
11.3026988474625
-20.33499097602128
-18.32976617341067
-4.284963264090191
18.75855176573602
7.721353741204806
32.58939997715818
2.005224803169885
16.05002771181018
1.294124760660417
-4.837700158267548
18.31420037001286
26.05111991490325
-23.79750386927604
-8.183881299478648
14.85963373099158
-7.219923000931527
17.25771381688602
-22.93978424985149
36.74530974321167
16.57758086803982
0.8577196192750237
23.15190052761951
30.64779734069242
16.40018099368323
7.736919546242114
23.04351502997449
-14.75590295085806
-40.07634581309975
-38.17139208574706
44.05801456895104
-14.43184091105223
11.83825502569726
13.83084821172434
29.26848514763109
21.88567601235539
-48.6371931767381
-29.86365403192486
1.904953734776995
24.47763681751217
27.1282968479815
2.6506600305157
19.48759592665301
37.46495327898941
-14.24761634689427
-22.91087779460855
1.957168440425774
15.2972884541405
25.51856240074928
-43.38697210666078
-43.1816106794393
47.51144767088705
-0.2361839025489001
-41.53372081746885
18.1187601657347
29.54490480069095
-24.16031693525725
-31.54312607181244
35.35845677776949
-13.56576871960455
18.20283905223374
41.94239023957547
16.04075410246889
34.81429324855615
18.7735391462383
24.86804623605338
42.245075718769
11.42614463487539
-20.16677568185881
15.43763693608378
25.23401636568243
23.56139396134266
-18.71967332494505
31.00272095704603
43.15078821368787
1.853251288300616
-20.39229572981518
-7.382809136037316
9.796379429422231
59.51877371250818
17.97735735238964
49.72239428340706
-1.672622404519256
6.583933461892585
12.1480672580583
44.06078566988729
32.85402941006339
31.76860777167656
23.73955118101835
-21.013003293872
-32.2197595521842
28.65012394438343
26.27009593947728
-30.81893109247346
1.647889868703813
32.46682096338444
10.22127394630609
-47.74763157891354
-15.83491317406429
31.13776005415367
31.91271841032603
-19.49748239557702
-22.24554701846637
-11.20675625906803
46.97267322821768
49.66312723729595
2.690454008118373
