12.35681389978802
-5.266049002917605
2.263254075209478
-4.000650675672993
-1.310731278238767
11.57090518266544
-10.12488162607307
0.6918363801320053
50.67556340493724
37.40138600232765
46.42047053181388
-11.86466109914758
-14.36685566972665
13.11031397884786
-2.37818637286333
24.36107945222868
21.04296886239029
25.35654819690092
-30.1176332389213
-7.041057869799668
-11.67960345956416
-1.938991783552225
10.39196732525044
7.657070852813542
10.07936966187855
-10.19181144184444
-8.3600918377012
-1.805141223152404
9.834732611334319
15.65561297627323
3.107777311554116
-6.496195189981434
8.785167726057436
11.23285522794125
-10.55299864826262
-11.11856556821308
-3.036005816860919
-2.307761617178442
7.996735578330165
10.44428140574308
10.2842503511162
-6.870445251565872
2.626627553529273
-4.422757748332439
7.742329174463595
-10.29988935051852
-16.69478237162622
-4.837200398260594
8.599099685746388
3.052192585906877
9.214050135751819
15.38752524625921
7.390361764250824
-3.318110589877412
5.783552743870335
-7.997163483856787
-9.603972502389137
5.677390415357
5.354918452870305
-10.70847235470331
-6.394893020756039
13.35208193633662
-1.131801894736644
10.72578007906299
11.39578991051781
2.657077997788964
-19.64712745066784
-25.64037050642882
4.313579334521996
11.85758197357105
-24.50856861187103
-32.39760606672245
-7.657622797774842
2.372478318501724
10.39346777544928
-2.541921175077389
7.998566770343923
13.43630008362016
0.6700098315137285
7.19675489243826
-7.38470362541675
-7.707175587829291
2.112369182655689
-1.545318037429214
12.14247029775092
7.194596621926393
-0.3224719620964414
9.497072807545331
-0.565566920381489
-6.239545190794597
8.245237031980079
0.6149504500258632
-7.257367710881746
0.8870895832586462
-8.331069066730201
3.244922199239278
8.456780508355125
6.481075472878197
6.161857550164065
12.20072333017861
7.036654838589293
6.526745061248586
-8.738711912968743
-1.47471144845852
-5.164068491504866
-5.673978269671657
8.082559750887278
0.9591503209491006
13.24662824170496
-9.277418245081305
7.89493519712466
-8.511366287041554
35.74678438118661
20.91537443101999
16.98116681593334
-22.17905765759045
-44.9731201636237
-24.47046165868072
-3.290814155185419
-1.18403081323756
-8.642507198931799
7.741927240624188
9.318259096678869
-10.23656856603631
6.935784875883078
-8.291854064852823
-1.454512954490644
5.435535715045335
-5.351693043892459
11.03274139532886
14.83051490483685
5.612356254669048
-9.162716604022911
-2.272667935164086
-5.436009975779962
4.983407927510048
-11.01503408185496
-10.22158805199141
0.7660519572633152
1.944714501124098
4.517085574325628
0.7934460298104326
11.78108603900113
-24.32005979928378
-17.78711987296743
44.42443615751997
35.12243497560007
43.78990698352392
-38.83253691497564
5.331104889515453
26.84873039616765
10.65758059522525
22.66276410972449
-29.76570763958358
-5.292492484956071
-7.458476385547871
-1.073701355768722
-8.958725546087811
10.50228991045137
7.264000464662016
-22.30420544767698
-1.500249160743527
-9.218158650068261
-9.847106976991883
-2.984205018987031
5.593985890591606
6.381383188885499
12.34127329399319
-7.885024189918039
4.60716104385354
11.44450215328285
5.407287989844326
-7.754367512983265
-9.852821594384817
12.16630255264469
-25.11350582829422
-2.293680084344539
6.837341110302451
-14.4599826376475
-6.037214163799079
6.890048669197551
3.726706627872435
-10.24735853272448
0.5622864420502963
10.75099703952992
9.27412493329215
12.25747829847023
9.763920791483352
1.662700501568033
-13.16165550246129
-6.814440033572594
-20.21823379098813
10.41941790289477
5.098565842426734
-8.101220289632934
-5.320852060411315
6.86290195853265
0.1877410620939607
7.228790510642821
11.4104961620002
-6.852208769179088
-9.824347729465131
0.3643628688050848
-8.457039934263349
-4.275334283147541
-3.31433536417582
4.897394115821066
6.051252845765973
12.33511447702759
7.041049449073561
12.1837540192997
-13.19978613177701
-7.039949831928701
4.181705651215733
5.142704570395242
32.11217376213929
36.9571276279413
-42.00569088302675
27.20743230890179
0.1942620497191812
10.80964497485458
3.330773389913858
-12.86037641056405
-11.04613329271605
9.172728399604363
8.940705832064392
-1.07995455751843
9.365588208661739
6.159836299980237
-4.291174246780556
-8.477140534549237
-2.972138960942007
-10.4510105461833
-7.478871585020103
10.18871059755949
-21.062035498267
-2.098454081992075
-22.48609081009057
-7.056578288407127
-3.856244326641299
18.96358141663273
-18.68765427569499
-29.8641746507887
-1.424055311957501
-16.19114980047758
-4.185966287105964
-13.40379375682441
-27.95525659484062
10.03010111567397
-8.980024439764408
-2.92252268764456
-7.870396363167958
8.544564208188158
3.77201858086221
8.543512706241877
-22.04953173921809
-19.20770261478544
-2.746629268792897
-10.78384933737768
-21.6026036194884
-7.630286582450791
1.109628076557859
12.7520430221323
1.433611017090593
-7.98797371174764
0.8511213395075548
6.58961170574494
-6.213272839712641
-1.476872105808464
9.966178734718055
2.983353365778356
11.44305084009707
8.459697470749486
9.740611676011394
6.532939927143855
22.81982574363143
-14.83140994993646
-18.76561756568191
27.65685469863243
2.358297205639132
-0.6345291739726995
-39.09333126807325
-5.993243055758557
-25.29855749325399
-28.29138387257344
30.96561282406286
8.66747200799829
23.07657536914369
-22.29814081660962
-7.889037454691845
-11.17652037520495
-43.09443208848966
-4.904741453336505
28.44011933870698
-31.91791171317368
-41.45162847431349
-9.749695319296006
23.59516547216035
24.47321515490529
42.19995293274529
19.40589042808812
-13.27417740250917
33.34486079214241
15.42951252170472
0.8780496830222104
-14.55146283843078
-22.79406250527839
8.739914659314891
-9.149353626189249
-1.711633263309574
4.514445532221724
8.489059986857898
-2.711307188796305
-32.68006783065324
-23.66098330102865
20.50265850417575
9.019084529587021
44.16364180455982
7.437720361884332
-0.2320225679027153
6.438046439196317
4.635783842013206
12.16508692122044
8.020989457497878
-4.947873675674079
11.46708689549264
-10.09355982457814
0.4469281198734978
8.42385327741346
3.446097437970774
-2.394901004846279
7.529303078667288
-8.037220068574401
-4.637772901070963
1.831719604142893
10.54048794526295
-4.977755839615639
3.399447167497629
-7.593721628896137
0.7834813786258575
7.252973884663124
7.736929902435032
-2.295906555313547
-7.594773131150446
8.377203007056385
-0.001051502046262441
6.469492505207786
0.4839560178954417
6.554950615672576
-10.10681968005251
10.30247815306541
-9.486714232383694
-5.009122636196042
2.159931992114907
-4.251395491914054
-8.130506791965352
-0.3789827630994595
5.483422584809368
-8.488591777037851
9.242201526222052
6.070994598232091
9.73481807684119
-10.0328364574393
-4.237196286047627
11.63987383526453
3.663823479137736
-9.817607217841262
-1.871674989047133
8.854024470542202
2.700299314364481
8.495939485463195
-7.370061389144383
1.576331856326267
7.945932228792421
2.447545828505632
-8.555056386583196
-2.185456014106321
8.54024344620462
10.92302426256033
4.379139094441835
-3.343198077632331
6.369600372194669
5.211858309389203
10.72569945980405
7.75152402842108
2.382780816150655
-0.3580849846557738
-5.64988079998535
2.285051562329151
8.790433317877456
5.983911798946991
-2.536172776611356
-7.49367843200117
-4.930655865546167
-10.29939907879345
-2.073778766995063
3.664352547124091
4.690528424887012
6.768003451164509
-5.368743213049975
9.621184289693355
8.22562031260264
-6.543885168945717
0.1162372822492982
-8.109383030905725
-1.474761681194231
5.7381313149233
3.894333683421593
1.544175344043522
8.204297796137393
-6.178161829291201
-8.15386686561073
-1.406579462990093
6.990406597769043
6.660122452021914
-7.722337172518439
6.634621350832512
-1.213891199966576
-1.975705036037132
6.74728740256066
-7.943275849711712
-5.204648892469502
11.14086819343869
2.164994796601639
5.59500561477282
-8.958947470314392
-2.999057364165667
-2.675085841229147
5.397928696742657
8.061118028547531
5.95989010629019
6.283861630840221
-7.84851255191977
-5.185323220514013
4.922947428272822
5.369095365328418
8.396986060855042
10.73620386991682
6.226078794778616
2.663189331936149
2.738626956593859
-4.510125075881508
10.10827064755038
-7.24875203129803
10.79965450686928
6.147447151979931
-3.274137577482626
3.974614453892275
-7.976050358585665
0.6201054476682919
8.596155810495038
3.758778940962039
5.795640171245318
-10.07036070269341
-5.298866575822538
4.771494126885443
7.934932362514182
-1.843797632051299
3.103650904968788
-3.938231245338228
4.13022779379218
11.27738696904141
-1.532019260126164
-10.8469877317975
5.63703537618904
-8.76951270386011
6.505381756188531
8.068459038696838
-4.831281457962821
-8.38264171989319
-6.819564438042271
0.3275947372742448
-0.2537929032774506
5.635988022307038
12.31626404094381
1.563077282074343
-2.806521518424761
8.128848817305846
7.147159175549935
-2.50219457023988
-8.142546160950015
-5.640351592451217
11.98866930026668
-4.584404563855939
-11.92371762575021
-8.073595077150864
1.883737596314736
8.699984387063694
12.22737219597489
-1.941349248977576
8.994021087828692
-10.46143382586717
-6.889214019492447
-0.4829777452328974
8.202624615909873
10.93537033601438
-8.52008457609783
-0.7913964707252936
5.889780926467973
11.53691015343948
6.542904265747137
3.572219807525163
-5.403653591901985
-4.957505655130581
-8.975873398605033
-5.545862577995072
6.406236274615386
4.635680140306928
0.4461479369192796
-5.568756927839046
-7.339313062392803
3.116845433648953
11.65699091698513
13.28438895113366
10.18154271735044
-4.652207354444816
5.324897697094481
-1.770556134581815
8.68560236151583
-4.856645019710957
3.85012254872079
9.977105051094558
-9.421584729041168
5.156000687904049
-1.346961240258982
1.212531810423545
-6.168065603918848
12.17322131897569
7.359806325494638
-4.821104363831003
8.706767567030935
3.315360198457579
-6.192201912912391
-7.550456591026049
7.210785777481487
2.793178007784598
-30.14074752934763
-5.218227452770231
37.03919633007962
-25.39039314219572
-6.979092209285675
-11.20036717712209
1.774700870939796
-7.300376424127422
8.517810834350131
1.453416655327516
-6.828632243278583
-0.6157053765754105
6.862668470712566
-4.221274968915211
8.753793079130144
0.4717441810748981
-6.59811701262717
-10.02066039052833
6.670069008230289
-2.805035663677371
4.293226966898303
1.280914207254505
7.215624727948052
-2.376842042633426
9.364717297815783
-1.012570280977009
-9.666113874566745
7.018273030216629
5.934710518874419
12.0183614493714
-13.11908778073399
4.712633811760952
-7.380597414171014
10.96068950924196
-6.257129440502759
8.187882755461285
6.083650932671467
7.098262631068456
8.540145483640853
7.334300736348371
5.647129226651291
11.02316680075628
6.680276019730244
-4.99400588750443
5.65842305367257
11.52845489739183
5.376037575070295
-11.56081965935547
-6.400342400838727
25.98186426630797
6.34901429736815
-10.00546282897771
5.738490366400332
-7.064394178697917
6.861958340841346
-1.655142364343323
-10.96976325227179
3.475248942621174
11.88202229794282
-5.466325107141392
5.665093450180045
-10.11381677996439
-0.6277453580051381
7.795525731380192
9.803106051235922
12.35509563106577
4.93087400907804
9.486071422596691
-2.734896473210269
6.212926866928908
-2.841001213113824
-8.084472890650821
-7.069861193594607
7.478373848652744
-9.053928080063427
-4.498730663803488
3.924540431972231
-2.772806753108494
6.502172356782939
-4.813414995272478
5.14391767851879
-8.517100706861758
-3.866590242878687
5.503438146845922
-9.507562110271159
-3.065316174933332
3.895425578173648
10.95485634918971
5.724679987016151
8.406773356479773
9.274979108663143
-30.77354051105554
-13.18743742097512
36.78475504080716
-11.84279597008369
0.8682057514406376
7.310451686319643
-6.216928846958699
2.506617939158605
10.63017444185883
-0.09779251559595746
9.71563129320419
1.120742209254254
-7.011040883445616
-6.776021329654489
4.650510465659818
-3.553833418023875
9.370028392027272
-8.204343886067065
-3.644773985741666
2.691799581688344
6.442245935177831
-1.358254678010496
-10.72796695837087
0.4034515964219545
9.126998379532406
6.707205309559887
-0.9145431480141779
11.13141855616631
-6.678228812754743
4.555197416666739
-7.665770484403093
-5.243471677157451
8.423271094024406
2.422298808291973
4.559569901647817
-4.80383374686191
4.651041194068378
8.789996161615134
8.723546784483958
-2.419793068720865
9.710666523831659
9.454874940411964
-13.99719560486203
-9.327838678097489
-1.672006932806604
-8.088283509215476
0.347812139135588
7.157670164317729
9.185181260671685
-16.38951359009083
33.37343779424244
2.848241311886708
-13.19816743954924
-20.70339273339139
-7.621748456172257
12.13045959183109
1.589280446565405
10.02537609544485
-10.87906880252492
-4.313879143301039
-8.594889083072797
3.302116804306419
9.21102890142426
11.47710129280984
5.048787808286759
16.0604220114592
-2.346444267598673
11.89700588650171
-8.131783092422658
-0.1009397804341537
4.583320718649962
11.22833829318491
8.208796341917758
4.602713584346617
9.27207051027632
11.01163420527152
-7.395232078585764
4.669356926347284
5.908912096160035
-11.99794566563232
-8.287690349827374
0.5419867479063456
15.90389687494572
14.62020581166752
-3.000967762322233
7.680766350555245
1.739563695949203
7.655831746376893
-4.318801651611098
-3.984899281989643
-9.215075644008497
7.319918742596771
7.757122835092072
8.614983777585236
5.916268049098604
3.625475623783989
11.20299063751052
-3.019541951783706
9.425333111133627
10.81671800619651
8.829677097348053
5.286722588494151
-0.2557915838574635
11.98207505422984
-2.105083495664327
8.779437375438087
6.732285625409766
9.957332673537367
10.34363459963478
-10.91761910062721
-1.471034905698191
6.365663135847663
12.91584886080734
-9.290221066859601
2.163016064087191
-5.762833258688653
-1.205844747459231
9.446584194242611
1.62739803445361
10.65242894121312
5.870031844322078
7.836698041560141
1.966666196670872
10.15366951120681
6.548549082962884
-6.152417321859545
-11.2155611453253
-3.028557830218546
9.720798868657484
4.906797495991107
14.60207972779917
6.550185724907233
8.18700331508431
16.12235864159206
-10.75283279673505
9.572172916637282
1.268369829062973
24.41114766932094
3.527387809125563
1.555356830395324
-11.14560957369103
-15.48850035191875
-8.65354359595619
-6.101554019160888
8.030843311710976
0.2350195520133125
2.551989579161367
6.336573568752282
9.035228958920916
4.138954967468333
-3.202637678521418
-5.249789429029264
8.70799431663143
8.873286807915251
12.44487506384097
7.577515014009499
8.436095648615423
8.837369121103924
-8.748711131379199
-5.240469580428908
-1.689280358903342
9.615537666281227
11.62008706252229
6.780733045762748
-19.31397603547848
-4.475001283097391
11.93180816431404
30.05539538766883
9.883229696809105
-9.618693803618099
12.74935669854166
-3.605120428194864
-19.63284996946562
4.750354387859432
-14.75156911087661
4.881280859072796
-12.70096640467671
-7.853763859541625
-5.826252763666223
8.131530981738456
6.224455204662174
-4.896273991971868
12.07592448616613
3.508241551883301
-4.417607770521128
7.059430771490688
-7.92584932239657
12.02120262570935
14.8389747524519
9.695282231830609
2.027511096197677
14.07821906396784
13.95778374549237
-23.09140140966694
-11.33732569977966
17.91906289466131
-6.32054757176236
20.81604988539558
-1.283691063523317
17.47070401426416
-8.223130524144739
1.424295262573309
11.75407571019216
-1.907075776840599
0.1652924908997459
16.77085383861446
-13.66115148703941
29.25638859437953
5.093243590775169
18.75439507784052
-6.362051479207124
-30.52519648270069
11.22405161087523
-24.16314500376081
17.58610309008068
2.896986990766227
18.93074454104386
-16.04640875174497
4.477591598772237
-4.837376873773684
-9.314968472977922
7.169054632313238
2.077475027107499
1.014611697435369
-4.342890780255346
-4.867360049647402
5.814374063057715
1.391384895219992
7.956574554923435
10.68173411267912
9.647425786576505
2.142200491945071
-7.505225294236863
6.565189659442179
-5.230176362096296
11.30481802488567
-20.36457544427588
-18.36002604809519
-4.29104037424018
18.76225248891883
7.681944543977818
32.56053106823702
2.004549396770583
16.07353506989953
1.29506503504095
-4.839354016381499
18.30342382445343
26.04197059238684
-23.8320924559042
-8.195761479301998
14.85753138445453
-7.226531108643225
17.25893478070966
-22.97423151324132
36.74225303749911
16.6055613473035
0.8578609424744738
23.14277784045665
30.65862389784623
16.40680944779072
7.738546769317189
23.05329286328864
-14.77847003439127
-40.08050967475491
-38.17412174846785
44.05718544964326
-14.4344897788874
11.83892947325776
13.79827857960017
29.24849333294774
21.88472165318927
-48.62755101082254
-29.85601884283372
1.906387926830084
24.48546588939524
27.13659745720476
2.651131567810164
19.48331825714932
37.45642128589878
-14.25181444996447
-22.92007712867033
1.958509394711566
15.30140050992128
25.5260293368507
-43.39903484189681
-43.1937728735986
47.5124382961934
-0.236770293935564
-41.54535867126799
18.12358722346089
29.55321495959479
-24.17040105330024
-31.53417273417784
35.35704417574136
-13.56106970541406
18.2013370647039
41.940969035248
16.03375755034925
34.80528971827143
18.77153216812995
24.87858652437906
42.25742378285234
11.42962773605437
-20.1721656901325
15.45021475354332
25.24167973727283
23.56751994313633
-18.72374545892243
31.0122347864497
43.16226454870795
1.853676170556821
-20.39790525331235
-7.363771680490463
9.791464983534143
59.52744522865403
17.97310302885241
49.73598024545755
-1.674159794326054
6.583924859742901
12.15002976234423
44.06518561127276
32.85734411276268
31.76240677006398
23.73963197006248
-21.01041447865037
-32.21825597702435
28.6454104798172
26.27341925236355
-30.82779604745424
1.648414202767569
32.47621025043323
10.22462882665548
-47.74920859057283
-15.83405274218734
31.1318528187298
31.91515584882863
-19.50192349958183
-22.25158142393263
-11.20784149844209
46.96590556091683
49.65582495840957
2.689919397434201
