12.35713113652099
-5.26538392416828
2.263290337163017
-4.000342518183551
-1.311039435728216
11.57449861549011
-10.12467933356687
0.6918145368423395
50.64814766215633
37.38149861403841
46.39552154964799
-11.86459723697196
-14.36571134016642
13.10817972781963
-2.377876279671745
24.34402950135767
21.02682094581756
25.3403482739567
-30.09608240771128
-7.034874995999074
-11.67936493711978
-1.939020682835026
10.39319629080917
7.657396279310924
10.07972669387243
-10.19191911010425
-8.360157767410531
-1.805055065318564
9.834212956053705
15.65406050535699
3.107516690302232
-6.496579753069728
8.784664086378218
11.23169992946889
-10.55179573185003
-11.11733287895252
-3.035751488757712
-2.30748211408259
7.996089157889619
10.4437598960164
10.28354611066041
-6.869396421101707
2.626255101600052
-4.422360575888561
7.741703512407902
-10.29985441838134
-16.69420020153773
-4.836732876004326
8.597970704263417
3.052051743874978
9.212803994355498
15.38775843269468
7.3906645533697
-3.317208555579114
5.783661987994667
-7.997093882225589
-9.604096444700284
5.677147397404401
5.354812280169245
-10.70787310985211
-6.394345782601766
13.35190616200358
-1.132416226574782
10.72505109933767
11.39534046443928
2.657806308969912
-19.63389803457944
-25.62365548671099
4.313527328153307
11.85746732571018
-24.49123926035262
-32.37522326999789
-7.657291009312726
2.37215149620551
10.39263051182915
-2.541842595709485
7.998375795420118
13.43470357995166
0.670289365180101
7.196028125771917
-7.383499294932514
-7.705834412473149
2.112152232223354
-1.545082161517591
12.14159473613504
7.19401958685805
-0.3223351168441066
9.495651526623995
-0.5655371474652685
-6.238675453863205
8.244313618635255
0.6148332902912703
-7.256526598309168
0.8869573808560474
-8.330125242634686
3.245042398189946
8.457256249294428
6.481437192828094
6.160752250755026
12.19887706587469
7.035545678840291
6.525738760929119
-8.737534155667738
-1.47419596875969
-5.163331386977935
-5.673138305671843
8.081581389897996
0.9590017358361821
13.24491277614792
-9.275259711201235
7.893897462106819
-8.509741647522208
35.72666798226501
20.90379486624545
16.97187733962044
-22.16636031896028
-44.94842675156288
-24.45698293461525
-3.290457615843835
-1.183936270440659
-8.641472929243873
7.741383031777546
9.317632725516603
-10.23426144696488
6.934895725933999
-8.289736297929259
-1.454237931922637
5.434820942059588
-5.351015313414897
11.0318406469388
14.82881768098223
5.61173505724217
-9.161336613979177
-2.272277740713338
-5.435082123271735
4.982782794394873
-11.01269865838805
-10.21804757121752
0.7655180629505481
1.944525148883918
4.514878534274407
0.7946510870573615
11.7782167212663
-24.30414579643483
-17.77682580805185
44.39950700273423
35.10381658116329
43.76545496867278
-38.8105936010305
5.327794550296647
26.83617690723502
10.6524563137654
22.65179873009285
-29.74952884929759
-5.288489392631124
-7.45753665878806
-1.073598644137209
-8.957611442428595
10.50156899665505
7.263338187001894
-22.29170434273778
-1.500074783782489
-9.217082623678737
-9.846034886076705
-2.984179971950829
5.59447981318349
6.381900544590981
12.34218072003405
-7.884012797981474
4.605102965049172
11.44060132989431
5.40491153216478
-7.750407518782467
-9.848781155144598
12.16257271952212
-25.09879688266216
-2.291311399549388
6.835498365854604
-14.45388411970006
-6.035689798046048
6.889058873624187
3.726254490294306
-10.24399323499708
0.5611782709246185
10.74621635137448
9.269576137911185
12.25210692927329
9.761944288085406
1.66262069591797
-13.1553190504641
-6.810909278657598
-20.20759320412991
10.41786491722678
5.097647384463371
-8.099323591835649
-5.320217532601925
6.861854914728779
0.1878970795423482
7.227878863315826
11.40904879181566
-6.850221619799324
-9.821126774654184
0.3639113067412466
-8.456497016343842
-4.27532708756435
-3.314406353734802
4.897895193557366
6.051674165335391
12.33574792445459
7.039981784588325
12.18207244758678
-13.19697097596697
-7.038118700222578
4.181169928769571
5.142090663010569
32.0941756210553
36.93651847279583
-41.98183578801762
27.19238157962368
0.1945488668959311
10.80517150602277
3.328072592324621
-12.85564800042648
-11.04513748425719
9.173222281698186
8.941019301563982
-1.079873673925523
9.366080517452934
6.158852275734075
-4.289151794774596
-8.473529973896879
-2.970905155736078
-10.44800406983773
-7.477098913798785
10.18503808054417
-21.04897251393377
-2.098373636855503
-22.47351339396507
-7.052274153586804
-3.856886604909969
18.95059887746651
-18.6797597197609
-29.85028814938012
-1.424540880194201
-16.18372059275076
-4.184378178132284
-13.39668392479391
-27.94028812297277
10.02944250460292
-8.979473134416212
-2.922276566139898
-7.869851715183798
8.544582400643916
3.771768873143515
8.5435861454978
-22.04115532195947
-19.20052301599489
-2.73806578857202
-10.77579825641502
-21.59477773186767
-7.629480328885593
1.109621419170431
12.75124200916705
1.433664121648741
-7.988248829237242
0.8510803921028826
6.589606307073159
-6.213533180584393
-1.476640212830427
9.965263809513948
2.982530792302084
11.44190402171135
8.459373223822007
9.740344254284237
6.527319989240576
22.80748548276427
-14.82287311575122
-18.7547906431064
27.63925845296307
2.357147820395088
-0.6340520340150135
-39.07171245252851
-5.989757452106703
-25.28211063280834
-28.27331048697884
30.94519142147684
8.661638387662476
23.06120741175448
-22.28355303462893
-7.883984009371727
-11.17052842969001
-43.07015518505565
-4.901794041616649
28.42574726910642
-31.89962675529509
-41.42886027382634
-9.744136893573289
23.58340441633571
24.46103945708232
42.17638465491291
19.39431822446917
-13.26664904795008
33.32754131090802
15.42123924035756
0.8776350411618893
-14.54360419879987
-22.78206643142134
8.739101748389563
-9.149483229987322
-1.711630497244857
4.514911306095629
8.489593992434678
-2.711417500919022
-32.66096727250856
-23.64694433666597
20.49144381575634
9.014022935777884
44.13838815141813
7.437852731425971
-0.2322029804112035
6.438065731373033
4.635389822652868
12.16406408575305
8.020479016280911
-4.947575149160563
11.46685896635491
-10.09384079935757
0.4463775902866221
8.424724759590527
3.446379950049955
-2.394254716067142
7.528674262215874
-8.037732467832033
-4.637893432289214
1.831761342693372
10.54021839093552
-4.978344809711095
3.399839035551125
-7.594515763947822
0.7836680818800343
7.253322858203458
7.737276935329801
-2.29616070863794
-7.595512019570632
8.378183845213583
-0.0009962553544088689
6.469654774990643
0.4839540773037873
6.555102703757155
-10.10544794804028
10.30096564580125
-9.485209031607155
-5.00813258165064
2.160410143399407
-4.251413507008095
-8.130845533961589
-0.3790398340537807
5.483555774647146
-8.488879526817797
9.242093855064603
6.071148627258993
9.734969281841174
-10.03343764358224
-4.237466020945145
11.63926802261179
3.663820655506987
-9.818248989741237
-1.87186252805701
8.854595950960872
2.700590336121979
8.496561958325277
-7.370578249949055
1.57624969390368
7.946386461892418
2.447670739459038
-8.555745961352942
-2.185609193037008
8.540849287058846
10.92364129084883
4.379389928152126
-3.343532110746402
6.370136767824219
5.212213851167236
10.72645847948509
7.75180569939015
2.382792003442715
-0.3580339922733076
-5.649696214514429
2.284924302463276
8.789721982291001
5.983445207411669
-2.536032194293784
-7.493421401726746
-4.930675038972039
-10.29968873586388
-2.073844199551507
3.664240993647124
4.690458651129047
6.767765173676186
-5.36901369668313
9.621133689388701
8.22584453712183
-6.544251363715707
0.1161382791021116
-8.109706258632599
-1.474891191679612
5.738085194007971
3.894360007357353
1.544313354317986
8.204702998236264
-6.178608685972399
-8.15442774341153
-1.406726837501843
6.99068588902228
6.6603896438365
-7.722922039387455
6.634815068133839
-1.214017110900306
-1.975819057199689
6.747700905899079
-7.943480891234304
-5.204860749205225
11.14066974069159
2.165075256556048
5.594930492730377
-8.959396635109158
-2.999116458540577
-2.675322878572416
5.39829626829275
8.061647931738911
5.960280176585559
6.284073758636331
-7.848832180214663
-5.185480517433462
4.923075633025823
5.369251199928731
8.397412726660669
10.7369708105166
6.226541802227112
2.663351663375217
2.738620141537757
-4.510429009199677
10.1085561491251
-7.249049149766504
10.79979124174428
6.14754648611467
-3.274366464779215
3.974682685332556
-7.975447370785554
0.6202389164325985
8.595686293566619
3.758538079959793
5.795971622420319
-10.07116858509164
-5.299351311031422
4.771817273961696
7.934620517263308
-1.843725187180578
3.103524180970092
-3.937908653103089
4.129699796756909
11.2758972979008
-1.532086842187973
-10.84631151445876
5.636455895129769
-8.769004990340285
6.504797680539974
8.067608449266489
-4.831096336593421
-8.381528332069976
-6.81871756439143
0.3274799365750186
-0.2533670994453317
5.635671864440665
12.31531500783199
1.562810768132631
-2.806276774201416
8.128161233547152
7.146197501468728
-2.501114102759077
-8.14055550240136
-5.639441402143405
11.98783506587606
-4.584105557523155
-11.9229118528938
-8.072983619121299
1.883598907601937
8.6987505620531
12.22558287825671
-1.941249608112689
8.993188400744085
-10.46072701115602
-6.888697299210572
-0.4829009492129374
8.201988715180613
10.93443800798321
-8.519477402169871
-0.7911996845859205
5.889038965415547
11.53543142412157
6.542246292998917
3.572029712991835
-5.4035647737866
-4.957389207107139
-8.975594485979141
-5.545739247353501
6.405796350307559
4.63545152933318
0.4461755667616618
-5.568461474145773
-7.338806295467133
3.116428190556689
11.65561835113357
13.28285611979507
10.18119077567402
-4.652244755297442
5.324758901792555
-1.770344821236092
8.684889664616948
-4.856431873391806
3.849928233913904
9.977003656757633
-9.421912950740632
5.155942184325332
-1.346942503330245
1.212574096988935
-6.168003976832595
12.17254995548554
7.359417601236374
-4.821061473424649
8.706360105781611
3.314819984921451
-6.191094073404681
-7.549287921039258
7.209285408455052
2.792696048774113
-30.12463116633614
-5.215465924039659
37.02422859065385
-25.37623051980237
-6.979532486526582
-11.201011495231
1.774715647961066
-7.300648887630964
8.518212820480613
1.453599247011034
-6.828906582177741
-0.6158497760420519
6.86287773167699
-4.22147901004647
8.754248133795739
0.4717423060193746
-6.598286809151625
-10.02089297665802
6.670268713296675
-2.805093887306559
4.293460917166524
1.280971033546544
7.215799090706795
-2.376807797763345
9.365110704400751
-1.012549971266996
-9.667893763488234
7.018566994074513
5.934828054354338
12.01874738266998
-13.11910398970184
4.712536902078047
-7.380578073898993
10.95997585955268
-6.257023837554791
8.187422242908914
6.083919331426107
7.098554805120415
8.539190160744287
7.333445977780575
5.646392457915308
11.02170829568957
6.679643145102463
-4.993185131448356
5.657439728356199
11.52619638262431
5.375315839083775
-11.53168180702189
-6.37462467800984
25.95700074812012
6.342479647056139
-9.978154546032666
5.738525915386714
-7.064613572623425
6.862080153175608
-1.655335090030478
-10.96956073974945
3.474885339541886
11.88098980233838
-5.465852160284845
5.664604438888846
-10.11304883559587
-0.627954203183326
7.795747520825347
9.802296149951536
12.35518530992584
4.930154103371507
9.485094633361001
-2.735800012715003
6.213056806701527
-2.841040879941725
-8.084664587369726
-7.070029115330358
7.478727509850328
-9.054097687131907
-4.499157153818915
3.924544579448222
-2.772553615861272
6.501644018814948
-4.813132356136241
5.14345017106722
-8.517415245845182
-3.866894976868714
5.50370858192105
-9.505914057240073
-3.064681471137813
3.894465422659729
10.9517722794525
5.723224364253473
8.406104464240753
9.274197633331998
-30.7662038427478
-13.1673850702374
36.77327412873588
-11.84024215097907
0.8680931682428827
7.30932575377451
-6.216385362461831
2.506341315597123
10.62911925432558
-0.09794273289637916
9.714758202166138
1.120709237395268
-7.011357084854
-6.776426395199121
4.650520271615244
-3.554182932487543
9.37060356198149
-8.204703207751665
-3.645265417518016
2.692119905014511
6.44123258591874
-1.358193847570833
-10.72706198848175
0.4033946073713021
9.126121281608944
6.706646294498276
-0.9143610510409115
11.13045659761102
-6.678483660255861
4.55494053443624
-7.665954118973451
-5.243623707049366
8.423701730931468
2.422330413345064
4.559437792002418
-4.802984437789987
4.650158266354665
8.787905835073122
8.722726675995631
-2.419474985462427
9.708978809279673
9.453142703502593
-13.99526661377131
-9.326564459216772
-1.671789430854261
-8.08709748355473
0.3476828035952679
7.156000713430613
9.182548173118469
-16.3401300638517
33.34039160216803
2.850119811645107
-13.1712619779452
-20.65299641021255
-7.621007343684793
12.12845379392924
1.589053141051778
10.02383342883934
-10.88268407863541
-4.31286634636134
-8.594048963357086
3.301891350895164
9.2100604831884
11.47556587948701
5.048229156666563
16.05837755465598
-2.346543710325766
11.89594031283811
-8.13206632169879
-0.1009493549335776
4.582811675169589
11.22682238148179
8.207832104843272
4.602116790095375
9.270818943065921
11.01014840133879
-7.394772871207196
4.668702153762696
5.908169130878513
-11.99688966551705
-8.286223405620625
0.5415667394957295
15.89438870943648
14.61214740509039
-3.000302439284204
7.678770945610036
1.739329459837273
7.654775029780395
-4.317073683332702
-3.983031388994391
-9.211579304071314
7.316184330579434
7.752801448721655
8.610228630257694
5.915445567523419
3.625020430488581
11.20136653482688
-3.018990277453792
9.423696197075667
10.81649387039679
8.827790144643878
5.285920967546584
-0.2558361062641584
11.97767066331717
-2.104620364276582
8.776417082581812
6.730245004738833
9.956582527026313
10.34198397063252
-10.91565095690897
-1.470770277860135
6.36407955280295
12.91163631119616
-9.288413189024372
2.162329896706422
-5.761580873797292
-1.205744182781546
9.444880678103695
1.627237768829319
10.65062486014503
5.86875665510224
7.834849830623551
1.96609317482967
10.15016744907336
6.546637580918912
-6.150880542725838
-11.2012048928184
-3.017130617875356
9.699973708239447
4.895366947048113
14.57477135398811
6.547556758270849
8.184074274851024
16.09657184018808
-10.74930641453908
9.549015081912598
1.267488917089544
24.3684303029403
3.526832316422759
1.553527261007004
-11.14399086152235
-15.48605600784283
-8.655343795965941
-6.102454640839356
8.031116966214414
0.2349306869912823
2.55288915887091
6.337385324301149
9.032253188498233
4.137747568663821
-3.201253580444809
-5.247425658796498
8.702756999172086
8.868621551360619
12.44268647596891
7.576346104723285
8.434780287468946
8.834865369110874
-8.745998463546925
-5.238677054600012
-1.688691605381989
9.610524114765209
11.61444565822312
6.778118277471635
-19.2906967794411
-4.471281558731206
11.92428297337339
30.03759633262795
9.876831734678657
-9.611292372438818
12.71710432559059
-3.603529868081047
-19.61452110188766
4.748400647612639
-14.73972345701901
4.87479764559625
-12.69751812345507
-7.849612774367445
-5.823065315213517
8.127117342364089
6.22096789174498
-4.894505620331619
12.06987513151469
3.507321409816746
-4.416589360500209
7.057306857230373
-7.92391077021969
12.01679533158016
14.81941522078811
9.679404406978366
2.02654745948576
14.0705806658281
13.95018265770894
-23.0514361856652
-11.32110448481572
17.89679128297496
-6.310965346153442
20.79442760356467
-1.282241304653441
17.43738085298822
-8.215617763518484
1.415999062905252
11.73033170113435
-1.906149450335066
0.1658645517841998
16.74047084019497
-13.63648115144071
29.21789576771609
5.083141006332435
18.71962215775446
-6.355517029997515
-30.49027179109604
11.24330174251446
-24.13475476150773
17.59881877251068
2.897636320608569
18.92596169187814
-16.02138179002162
4.477076453734336
-4.837148219954909
-9.314224674278778
7.168542731184054
2.077306523332854
1.014635472417615
-4.342065149446908
-4.866340370881833
5.812733013912517
1.3927976735391
7.962615406495022
10.67907338469509
9.631616826157803
2.14988239268436
-7.481734432870484
6.56981773258669
-5.228547915138066
11.2992157198607
-20.32690973852909
-18.32298819513352
-4.283158276709214
18.74290354632199
7.67427044884827
32.53873590067607
2.003921543984379
16.04375146168426
1.294044299728499
-4.836327380362773
18.26461400608043
25.99725864429467
-23.78723307760826
-8.180098734875157
14.84596308875523
-7.212626789626034
17.24436363701345
-22.92980589591697
36.71786969162498
16.57460628801152
0.8574271815044341
23.10094138605427
30.63944580173825
16.39556453248423
7.73264463959686
23.02606182316149
-14.74970716149509
-40.06925860079006
-38.16339930749275
44.04592393677848
-14.43075597342036
11.83577843327357
13.79583235463679
29.23446539592476
21.87190660301411
-48.61351627960271
-29.84757887445617
1.905859294101454
24.45699042666858
27.10539294977479
2.648402523108653
19.47350605497007
37.44266529943903
-14.24388126916212
-22.90680116228326
1.957664288665768
15.29361191467822
25.51400469579852
-43.38530489312241
-43.18048885795397
47.50088268772659
-0.2362507577334626
-41.53218864695764
18.11331335934491
29.53749318354744
-24.16391191093909
-31.52647070497482
35.34647029235698
-13.55731146049691
18.19612670869261
41.92877004417208
16.02832537137864
34.79426277650936
18.76593740533638
24.86446545194697
42.23969451469253
11.42417982412301
-20.16076459684108
15.43863304148306
25.2287760596687
23.55634040813073
-18.71787022490396
31.0023689602099
43.14905413647053
1.853116246061698
-20.39030587670598
-7.362558793643689
9.790143017990944
59.51038220290355
17.96915924457003
49.72023918524972
-1.672435651727221
6.582299752045688
12.14668517639702
44.0538254585137
32.84883416001421
31.75343816913136
23.73264333477611
-21.00515420614686
-32.21014550445811
28.6379375113003
26.26653440700744
-30.81551469152645
1.648300211672204
32.46381490348578
10.22039278084531
-47.73713344609482
-15.82999316476532
31.12379547004189
31.9071402819635
-19.48812410587477
-22.24342212284205
-11.20499129840542
46.95378863480689
49.64309171735494
2.689303082455303
