12.35853529281465
-5.264895629959178
2.263373483734638
-4.000691670384249
-1.310690283527534
11.57056882927973
-10.12451223145757
0.6917432353550556
50.64522123122254
37.37966623152742
46.39349992500703
-11.87303543537829
-14.37308719144096
13.13612694097685
-2.379904489277329
24.33422926603817
21.01680420268827
25.33395956932963
-30.09365961965563
-7.033390585521738
-11.68423593693956
-1.940872081318757
10.40333077885528
7.659707355404609
10.08312103725186
-10.19432568735202
-8.361943117444465
-1.80479369102708
9.836880117447521
15.65387475978554
3.10795824965145
-6.500077298621362
8.785659668148604
11.23155838406708
-10.54866029621768
-11.11412094654261
-3.035112722884672
-2.306820849143697
7.994890055628407
10.44422341508611
10.28279973937532
-6.868215103243418
2.625686166869181
-4.422316375718943
7.741010326508894
-10.3032830561075
-16.69856660347716
-4.836486159417924
8.596837514912542
3.052358393160173
9.211385996425721
15.39458335679306
7.395013837770319
-3.317425063389063
5.786547801375637
-7.999569534834136
-9.608035555417501
5.677701425641946
5.356071912516143
-10.71243890608712
-6.395283544324402
13.35564144695719
-1.133434037711439
10.7286464060558
11.40009489426408
2.660223016863542
-19.62903442721677
-25.61806899984168
4.317155366690245
11.86208044388609
-24.48463496280787
-32.36735015514089
-7.657113573559114
2.370790232331846
10.3916183615229
-2.541789398430926
7.998513217746771
13.43332367490926
0.6714484885209892
7.195638565628796
-7.382015139150369
-7.703644657261985
2.111886153577899
-1.544617054543996
12.13978995262566
7.192536404555446
-0.3216295127329073
9.493901292127489
-0.565460649824141
-6.237685109858888
8.241839447573712
0.6145484839360923
-7.254070377371537
0.8872889098257125
-8.327439822245802
3.246942737316237
8.464240520468351
6.48691568183983
6.159027602975132
12.1964145366244
7.03468652128787
6.524190077621974
-8.739871877092318
-1.473566082491546
-5.161728015644683
-5.672224459518676
8.07900822545227
0.9589718160967065
13.24073623988193
-9.272953178610537
7.891314959005429
-8.508252602833664
35.72554932466266
20.90365458238161
16.96973643791624
-22.16649492496392
-44.9486309222262
-24.45741837690867
-3.289511457964702
-1.183929069907709
-8.638932740620858
7.740491325938369
9.317084040049028
-10.23192499368275
6.932343142050525
-8.287026667110153
-1.453643364935247
5.432629469601716
-5.349421281033094
11.03000278071671
14.82542034096582
5.610691607771813
-9.156929129184412
-2.270656295813452
-5.432372798383494
4.981244655510437
-11.01574218152674
-10.21833713718247
0.764700575632392
1.944898325299522
4.514136963947812
0.7974050434961097
11.78044275763563
-24.29860114448001
-17.77512047818101
44.39713389928139
35.10216558207792
43.76313507344707
-38.80823942479883
5.327736020858216
26.83578904124592
10.65230453587272
22.65109988624951
-29.74939957651786
-5.287699965262108
-7.455003672335923
-1.073369443346395
-8.954717345376816
10.50101311267849
7.266305793986083
-22.28925744287885
-1.499713672404693
-9.214728733599109
-9.84417568279483
-2.985058332457244
5.59962677624338
6.387550843440017
12.35245103157558
-7.881347902865497
4.602533944229712
11.43591724245435
5.403190540300415
-7.75013366212723
-9.848905924453952
12.16323546057337
-25.09600618677714
-2.288204408545131
6.833383300901447
-14.4514398693823
-6.032726701938507
6.886272833954116
3.724556329880058
-10.24921832337257
0.5568104266639416
10.72854256051088
9.252390207624593
12.23227581434051
9.75728303075206
1.663031876289594
-13.15332420051016
-6.809657382237363
-20.20560251048709
10.41361745291591
5.094617079635715
-8.094251153536426
-5.319000371840213
6.859117351891377
0.1888598400213412
7.22568589656376
11.40632381324593
-6.84336132268789
-9.809802386855315
0.3619297498161672
-8.457853885707493
-4.277215962241228
-3.316562227447087
4.901926078089684
6.05604695673882
12.3436272684433
7.036826060991114
12.17811772273782
-13.1888682322459
-7.032221166351597
4.180637922096541
5.141291659794968
32.09417031683709
36.93656217072066
-41.98040104021523
27.19265260457138
0.1947765534737448
10.80602875039851
3.327822665758199
-12.8556618357781
-11.04439405842829
9.17914204011158
8.946176816694694
-1.07975833300236
9.372609178303199
6.156647064164816
-4.28800009176902
-8.472689256776921
-2.96644106781007
-10.44464715411622
-7.478206085001996
10.17173213411765
-21.0471020074452
-2.098772261627897
-22.47279699058168
-7.052278310397551
-3.8594720301723
18.9483297465791
-18.68136677059965
-29.85212250909519
-1.425694983654958
-16.183484501536
-4.184689160002168
-13.39594512650004
-27.93879985285145
10.02790380112096
-8.979259104216782
-2.922143060733673
-7.869396609416849
8.548233973192549
3.771785154439605
8.547746430391083
-22.01854937452727
-19.18030343445599
-2.699436528264961
-10.74642784911198
-21.57340857606061
-7.62729096471427
1.109862494439346
12.7510442615279
1.435002100685871
-7.993965801674122
0.8514411304007895
6.594425177002381
-6.218674453159778
-1.476152349723673
9.964635720423951
2.979885611825592
11.44078806698488
8.460902424771302
9.743363855620268
6.52348066752602
22.80780177751232
-14.82189474154303
-18.75581288761564
27.6370504857077
2.357756929687203
-0.6339988255057187
-39.06939787878688
-5.989034572324304
-25.27929355601059
-28.27104931161251
30.94298422694572
8.660969492486782
23.06026903442355
-22.28201473858044
-7.882715190661306
-11.17075573806969
-43.07014950683658
-4.90151771350681
28.42642752590966
-31.89939376919277
-41.42715481308139
-9.743909568326158
23.58403566749369
24.46169961336458
42.1751775936882
19.39304160819347
-13.26555499869872
33.32794524065721
15.42051867964805
0.8776639479792375
-14.54285472950543
-22.78213599084712
8.737153459803778
-9.1540494357832
-1.71234824146981
4.519167914853246
8.4958707674203
-2.71325135841774
-32.65859660739218
-23.64476291251756
20.49121253892189
9.013833694476613
44.13597544602077
7.441701188964418
-0.2329652227208469
6.440798085791547
4.635057563862221
12.16332668779198
8.020828131161071
-4.947253548376786
11.4703770324038
-10.09516180907961
0.4451407992851344
8.433875585415672
3.449548901217918
-2.393105142423055
7.528269118811923
-8.046991320828839
-4.642873433975823
1.832382569907177
10.54030261555431
-4.984326684337507
3.404117887035826
-7.603379773123745
0.7850648007504164
7.260320812332408
7.743809361561109
-2.2986831555472
-7.603867318476079
8.388444571426337
-0.0004875443385413921
6.475256004065626
0.4834885500761846
6.557149434721928
-10.10569272963598
10.30645342737684
-9.485139731100096
-5.007578718840819
2.165369649808762
-4.252909844703674
-8.136600897952697
-0.3797576764877537
5.486821288126253
-8.49438139557488
9.245499456412986
6.073660889702082
9.739731133973747
-10.04249251576458
-4.241471554704564
11.6416738153806
3.666070250209147
-9.826940666799794
-1.873808485152974
8.862339600054012
2.703538146736423
8.504559105571314
-7.37760730099247
1.576592712932691
7.953132184444256
2.449333363730791
-8.564136177417128
-2.187596701654521
8.548551388983851
10.93241051439067
4.382922529724222
-3.346838398801617
6.376539472689609
5.217297780652213
10.73614808877342
7.756843219984166
2.383859123328255
-0.3577804949176816
-5.651961766080803
2.285465993658458
8.792701878203831
5.985856846483076
-2.536973473618291
-7.496750659684276
-4.932854570814556
-10.30583866784105
-2.07536842071801
3.665519377215965
4.692402561207781
6.770074129337947
-5.372984096785348
9.625257131797055
8.230470247877674
-6.549487987985129
0.1156297691782707
-8.114840479945356
-1.476196499329866
5.740887798688433
3.89609890596477
1.545914692326511
8.211032452948521
-6.18384623915084
-8.161171080325609
-1.408346827902911
6.995565243239312
6.665117760481788
-7.729760929545823
6.638643982429389
-1.215467212399864
-1.977324841491267
6.752824253001813
-7.948301310093757
-5.20884731668659
11.1468608734686
2.166519080377223
5.598111635573921
-8.965609766292362
-3.00070957602473
-2.678029462178781
5.403202497314045
8.06816129486967
5.964900188760391
6.28758031043519
-7.854111196642837
-5.189152402889091
4.925667992827265
5.372295408248297
8.403912071740955
10.74619075798039
6.231516150756432
2.664958795048976
2.739453994754327
-4.514674610184626
10.11482039309399
-7.254128606437601
10.8069589541857
6.1515421333602
-3.277425761672572
3.976702848351926
-7.975603583761822
0.6205529985354203
8.596156614417829
3.758678167881799
5.801020959947572
-10.0811454447421
-5.305184164424054
4.77596127882305
7.93742776121738
-1.844788892893303
3.104554753074959
-3.938840644125332
4.131396620882056
11.27963474984288
-1.534345721370738
-10.84938522200885
5.63860271167197
-8.771713653088346
6.507235886275026
8.070237262304476
-4.832873007146796
-8.384382261532263
-6.821380891609331
0.3268572339676913
-0.2529906362711091
5.637992545207107
12.3200399953984
1.563001373326168
-2.806845028811018
8.131391628975374
7.148238129474392
-2.500051754485785
-8.141083777567633
-5.641032034840017
11.99318273179743
-4.58699434961923
-11.9288549868899
-8.076566029336245
1.884626836809738
8.70054074018943
12.2279008581469
-1.942417033032116
8.995819626044462
-10.46524735429532
-6.891310157806571
-0.4828269106871872
8.205125715104797
10.93823665731817
-8.522830319504948
-0.7906939125581082
5.890983190901536
11.54075408918858
6.545888488378778
3.573937196133541
-5.406404600475713
-4.959777184788041
-8.980341795962708
-5.548749237931642
6.408483246730018
4.637907461040126
0.4466274151016759
-5.571284845450954
-7.341860632506747
3.116667779991324
11.65964830862542
13.28753509007822
10.18665669708473
-4.655416821760062
5.327912322123698
-1.770575785684251
8.687952624070491
-4.858744375017143
3.852288957875355
9.983329144818143
-9.428967898053065
5.15942307106372
-1.34801437331975
1.214046400084232
-6.171920455260108
12.17885516617816
7.363018955851921
-4.823906078937568
8.711033329728922
3.315332090270593
-6.191076871724551
-7.550310261232863
7.209684875886331
2.792963759349687
-30.12960492347905
-5.216518626614298
37.02658544990358
-25.38159561899084
-6.985465826243847
-11.20912213273104
1.775291352703467
-7.305368101063495
8.525504685432901
1.455389089241126
-6.833722244579506
-0.6170986162289179
6.867905253471018
-4.223656311125172
8.760757183136278
0.4716458611848414
-6.600492449622616
-10.02593515352586
6.673763314702325
-2.80682790284625
4.296927186583868
1.282461447332027
7.219107255146942
-2.376836133859624
9.375300074843709
-1.013053966265232
-9.688290793717316
7.02601213881959
5.936645792968513
12.02399314922481
-13.12895091175713
4.715778724919961
-7.385966858346937
10.96480877152484
-6.260829121578497
8.191492289065884
6.087347370660598
7.103755091948027
8.54298052713756
7.3365824050234
5.649770891729869
11.02813625469543
6.682047459479017
-4.994865607415279
5.658859104423168
11.53263913736448
5.378365368503006
-11.52817991330887
-6.396828669815447
25.97815143069298
6.350181065874929
-9.97775264646358
5.742984050006046
-7.070115589023588
6.868121796210699
-1.657599439481926
-10.97660784783656
3.475713560220652
11.8854927426717
-5.466718781542072
5.66661759319784
-10.10831820758758
-0.6289156219923518
7.803406935388875
9.802564633033043
12.3642821783243
4.925587432546419
9.479402590337735
-2.743623430136829
6.216623633051126
-2.84274882413138
-8.088546030162746
-7.072138314303342
7.485003881209038
-9.059372463373084
-4.505557295390632
3.926765306359827
-2.773316480254731
6.504590044029638
-4.815836213479749
5.145356654933196
-8.525721249968417
-3.871954557666252
5.50988907765627
-9.506408961064521
-3.064510287615791
3.894352784460302
10.95092288614851
5.722967260916137
8.409779187433895
9.277906521488223
-30.79051585635338
-13.17787021139873
36.78874662870489
-11.84688984186758
0.8681273318869024
7.310026003364984
-6.21887514622007
2.507248608912287
10.63080622200734
-0.09918816082205401
9.717013230556443
1.121478211702146
-7.018642603846037
-6.784170879094305
4.653766706577729
-3.558238585963561
9.381843649228452
-8.212005311527713
-3.651130061308572
2.696860955904165
6.4418986729719
-1.359233389918042
-10.72999438835293
0.4033419732562184
9.129465714505367
6.709619965774664
-0.9137929843958136
11.13333636812225
-6.684982707218179
4.553815177940146
-7.669210874837811
-5.24579720568196
8.432322592315625
2.423413675161374
4.560875257321679
-4.802777392958546
4.650486818288432
8.787477548412587
8.726123747762372
-2.419845742196921
9.709422696151599
9.45326420906698
-13.99767232753624
-9.328455529415649
-1.672495759012864
-8.088256574955235
0.3473621307565603
7.153892337651675
9.179699024437598
-16.34299524623663
33.34992673631029
2.851163893919876
-13.1730583776109
-20.65539459016202
-7.623412942721865
12.12926843639517
1.589443268015627
10.02506197576507
-10.87882559386507
-4.312399343925902
-8.595535010802303
3.303440444150415
9.212856206278031
11.47601711370412
5.048905191553933
16.05954856603421
-2.349287936023643
11.89897544690037
-8.140120811607915
-0.1010546973316593
4.583531452330662
11.2283353037454
8.209200612494415
4.601836956858052
9.271053744324044
11.01064339318177
-7.398193150500369
4.669216792793448
5.90941575508566
-12.00003013028083
-8.285385095265296
0.5410030049280653
15.89151420124173
14.60931289208988
-2.999150475461461
7.677370501088548
1.739589657907008
7.655959775877184
-4.316794487033188
-3.982143087012384
-9.210098712532304
7.315625204898894
7.751734629225149
8.609135787822462
5.916370102170784
3.625669164642361
11.20260472363444
-3.019134695729972
9.423601912979031
10.81625546675293
8.82638809867823
5.286234623693864
-0.2561584881917592
11.9745363915007
-2.104206458676283
8.77413646728375
6.728130433950875
9.961192869234258
10.34327402134483
-10.91753466123864
-1.470208055007609
6.364660305846274
12.91000373436728
-9.289647885409495
2.161688160420125
-5.762287771331294
-1.206398117665529
9.447326602103111
1.627886779956682
10.65372471593236
5.873780036628905
7.83486836015023
1.961088321306908
10.14702014549215
6.566096168384771
-6.154273763720869
-11.21829675713534
-3.032364930687997
9.714644810710574
4.910102209232909
14.59529239100347
6.545343427543557
8.185931825509865
16.12839896725116
-10.74831557441894
9.583055540226121
1.267445953292408
24.41064601466512
3.527360118227368
1.550427266865772
-11.16994265948516
-15.51603143235398
-8.675236848092236
-6.113519329922868
8.039066110335618
0.2344717113205827
2.561717538809198
6.347991024315104
9.030294955451204
4.136990730349545
-3.200399923675966
-5.246405957879777
8.702247731213809
8.868129192553273
12.44273661647748
7.576935560607587
8.435618706730821
8.832336893524102
-8.745361187344715
-5.238106370912645
-1.688791085363307
9.60897720681521
11.61347196857435
6.777655157848251
-19.30075755407485
-4.473167080142298
11.92757646531341
30.04484174795184
9.879764744154151
-9.615567372120084
12.74700973854467
-3.580923976735483
-19.6279703693003
4.748009310125145
-14.74732279390468
4.880647579116558
-12.72036993137699
-7.848378808122503
-5.82257212255498
8.126081564494475
6.219931080483468
-4.893304225322857
12.06852911568805
3.507254816528674
-4.416721117299049
7.056570101669193
-7.923975932638121
12.01576152815542
14.8275904741024
9.685190182002501
2.025806686018015
14.06830988773082
13.94865368771412
-23.05389096359639
-11.32168705370803
17.9046177978
-6.311802875839256
20.8088941506274
-1.282201310220921
17.44077468067697
-8.214143699083499
1.416552405743346
11.73220390992875
-1.906150483136124
0.1658814606882181
16.74208808811185
-13.6383543926035
29.22630485127254
5.084621599703887
18.72297599174259
-6.357079596617263
-30.49876284576332
11.25556604833439
-24.14168325129708
17.61264564495496
2.904276352685958
18.94362601505538
-16.02422227346017
4.477561030526467
-4.837478478656188
-9.315039511515183
7.172948400846298
2.077671568525389
1.016407716208415
-4.34608878950575
-4.86580105330922
5.810719924023818
1.392653554739054
7.959079807841218
10.67652097633854
9.630696103039689
2.148359884193953
-7.482336215698488
6.566426251409339
-5.227955625376245
11.29776829204504
-20.33245633084992
-18.32796156917509
-4.284599578854772
18.75398082202124
7.71596347859688
32.58396808282809
2.004494762249348
16.04785675186663
1.293510582945214
-4.835816810205536
18.30738325195154
26.04392504807269
-23.79447614939926
-8.182728822747817
14.85585157874909
-7.218269522097039
17.25269755445401
-22.93707499082159
36.73707192226168
16.57620662716993
0.8574011584088499
23.14320006163645
30.64737313268484
16.40074354584032
7.736541797488852
23.03858040101505
-14.75434616854255
-40.07821354123993
-38.17266995657398
44.0528085744968
-14.4324867986847
11.83690160671822
13.82998726109895
29.26557913115331
21.88122034365272
-48.63563646992039
-29.86131785957226
1.905543588675056
24.47096707641836
27.12069702664355
2.649729950248918
19.48437436815135
37.46339822401154
-14.24662958674149
-22.91083133534577
1.957173267987142
15.29608108252773
25.51694395299847
-43.38696258720496
-43.18156422879941
47.50758317774502
-0.2361476499278791
-41.53360094354515
18.11726528253671
29.54271066895163
-24.15916588196519
-31.54352467066568
35.35945119785595
-13.56450081486297
18.20236063619689
41.94254380093501
16.03934966293848
34.8136682738949
18.77431861113575
24.86800460434105
42.24310407647502
11.42544538633484
-20.16507699801315
15.43559187024072
25.23170409095264
23.55977068601953
-18.7194640667514
31.00304079166414
43.15081494247026
1.853361643175177
-20.39139747207734
-7.384358788247524
9.796112220526071
59.51861707936779
17.97902385593829
49.72250485917097
-1.67193340511758
6.583092603240027
12.14777415156215
44.05862532158985
32.85248101482946
31.76686145095149
23.74018316131392
-21.00976266666095
-32.21590697259243
28.64501058798861
26.26938840688517
-30.81765869478774
1.647963288862662
32.46562198486706
10.22086287018239
-47.74373083065176
-15.83287966440886
31.13189220235974
31.91085116922103
-19.49533211015226
-22.24475911546061
-11.20614430634588
46.96477186676815
49.65477325413752
2.690001386856674
