12.35114714389085
-5.262363045070194
2.261975939461735
-4.000447171308446
-1.310934782603325
11.56744119390479
-10.1212732604431
0.6915128447223984
50.64363735076905
37.37839211718904
46.39156404567321
-11.86757307033675
-14.36582599780274
13.12508137368654
-2.377765895004809
24.33289693528289
21.01680697279336
25.33111648829825
-30.09216226331289
-7.032936606006029
-11.67715904789544
-1.940130236382222
10.3923744347211
7.653463529182648
10.07599096022844
-10.19034756710774
-8.359108806522814
-1.804295923193632
9.829938455479885
15.64657643281149
3.106162901118369
-6.497755272684253
8.781969860244597
11.22641295566774
-10.54217368084254
-11.10736408054169
-3.033161769191985
-2.305311325486802
7.989493405524476
10.43719862729768
10.27699165362467
-6.864606576522664
2.624161063625942
-4.420163477144207
7.736661649427473
-10.29944903877253
-16.69251536518156
-4.834439541160585
8.592964554580627
3.051106551196815
9.207156518096539
15.38766302085036
7.391285875006174
-3.316089962528582
5.783744844594947
-7.996377151241312
-9.603918176255663
5.675806961579354
5.354178438470037
-10.70737583921674
-6.393066325372606
13.35055558932027
-1.132735901958766
10.72533992231137
11.39678925293044
2.659389727888644
-19.62550521402653
-25.61452575458682
4.314309515525796
11.85807582413003
-24.48178985293359
-32.36405309439424
-7.652830590405499
2.368934427144416
10.38360723303851
-2.540329999355739
7.992957588634926
13.42740409559742
0.6714493307429924
7.192542170376321
-7.378102244516561
-7.699730768836338
2.110665403595616
-1.543680801658136
12.1324304185277
7.188175533674848
-0.3216285227184517
9.488767647566972
-0.5651903998956861
-6.234861925076859
8.236862356152978
0.6141919641439793
-7.249193196081791
0.8865718614595046
-8.32195789316888
3.244823280472945
8.458951404120871
6.482870866542149
6.156049967065583
12.19076436381361
7.031850818687724
6.521092840004491
-8.737399525142145
-1.473018925413129
-5.158913545139366
-5.669671524495231
8.074202311456473
0.9585647198308903
13.2331158557733
-9.269252262439094
7.886849437062265
-8.50486974385497
35.72492056712572
20.90302534978741
16.97069836529665
-22.16557058367725
-44.94664764319673
-24.45621944176696
-3.287352070386226
-1.18320508488394
-8.633618488922675
7.735303106156368
9.310811390320886
-10.22781698201307
6.928284716793306
-8.283586023956385
-1.452819404191564
5.429503253433686
-5.346266418235452
11.02265517537679
14.81574043633237
5.60721068128714
-9.151542146545255
-2.269219489724117
-5.429148100293086
4.977994444807817
-11.01281478958461
-10.21549487856128
0.7643825179686814
1.944230957687832
4.512816707967001
0.7973199107680357
11.77719730758713
-24.29637277546493
-17.77207823258431
44.39682694028993
35.10218120854118
43.76279373209682
-38.80773830391482
5.327256098289456
26.83271519199465
10.6510214907106
22.64845315510665
-29.74787953657908
-5.286974526470937
-7.450413404339438
-1.072764696640432
-8.9491948676236
10.4940164762931
7.264380599685815
-22.28489494102826
-1.498781463276335
-9.20852975507472
-9.837745990597556
-2.983064549646052
5.596299006872558
6.383727876574479
12.34552099853148
-7.876430170893793
4.60085117747704
11.43161779554075
5.401778907549438
-7.749184969417607
-9.846283532838157
12.15972583541276
-25.09369268533164
-2.287408874081184
6.830766619395654
-14.44713471005197
-6.029838888204822
6.882322657223351
3.722394045740332
-10.24498716222064
0.5563568252098864
10.72232225528971
9.247067110533003
12.22524851830869
9.752232933533019
1.662438871593077
-13.15096387620661
-6.807959365043115
-20.20196999573742
10.40714254455663
5.091479993630615
-8.089794061492938
-5.315662550516711
6.854681441737021
0.1887623706232213
7.221140004173882
11.39903914107498
-6.839379707101998
-9.804284767521361
0.3616806638682586
-8.452003625917449
-4.274104487481098
-3.314037269704151
4.899558664237138
6.052755160149824
12.33773707880743
7.032377635065857
12.17034399226867
-13.18127405467628
-7.02814207914024
4.177899138163047
5.137966356835904
32.09307780836944
36.9353526794238
-41.97876261020629
27.19176446693436
0.1948073457916949
10.80134398758202
3.326980880434828
-12.85471281952792
-11.03735847558044
9.173663152142606
8.940684824670074
-1.078922661643476
9.366792427420384
6.153131975192207
-4.286136195329792
-8.470398235750391
-2.964905061834711
-10.43926816962941
-7.474363107298265
10.16596543020825
-21.04437256738417
-2.09709856368347
-22.47003652067196
-7.05100611954831
-3.85900980620922
18.94727400416108
-18.68090502224655
-29.85123049092184
-1.425663953519439
-16.18169369996241
-4.184262038654321
-13.39401062980878
-27.93542768203722
10.02176501589019
-8.973348132388063
-2.919907305054237
-7.864162189837922
8.542115525448606
3.769161817271734
8.541822591896972
-22.0037469301757
-19.16898090608717
-2.697738761678723
-10.74049570436627
-21.55963054963809
-7.622670392654388
1.109185942430521
12.7425099515109
1.433827005305332
-7.988892653052926
0.8510066251206457
6.589454957855847
-6.214221545701881
-1.475255143635817
9.958435812310203
2.978181409521769
11.433690954825
8.455509534922165
9.737028811512685
6.52429454380961
22.80628381083022
-14.82189521697923
-18.75422220236964
27.63586370916096
2.357346962633639
-0.6340332080920924
-39.0695708421441
-5.989020540482163
-25.27851674671932
-28.26989691733069
30.94148889895666
8.660612523895098
23.05922565739706
-22.28087637651547
-7.882263240916836
-11.17032546865006
-43.06859593324521
-4.901313341824189
28.42556653742902
-31.89827046462058
-41.42691780639618
-9.743588213233844
23.5832916646673
24.4609050108513
42.1735699559973
19.39249290049395
-13.26524523325208
33.32687987964226
15.41903040100336
0.8776133469266265
-14.54141705333922
-22.78107705732654
8.73185633547997
-9.1493420411459
-1.711163624318827
4.516621602000972
8.491739624318937
-2.711855723253159
-32.65773813391471
-23.64456620497291
20.49042819923242
9.013171928812607
44.13499440234789
7.438178414735219
-0.2329783275590912
6.437486321383312
4.632486133792541
12.15682512172983
8.014672806805233
-4.944254884818394
11.46202282986264
-10.0891712044287
0.4441163808531202
8.428485201743372
3.447350023033207
-2.390649643865956
7.524338986234747
-8.042756942675169
-4.640624957315175
1.831238760584562
10.53328758771321
-4.981135178874782
3.402131985401989
-7.598427141661227
0.7848400235549241
7.256703744024464
7.740129831238501
-2.296933909204033
-7.598720076090573
8.38326716424776
-0.0002929340168914711
6.471863717941495
0.4834260875206964
6.554812886277913
-10.10160056414509
10.29851094833299
-9.480038715076693
-5.004601849413694
2.162680340316087
-4.250809772913799
-8.132109590344514
-0.3794366241718106
5.483684124309177
-8.489871950416351
9.240871686286678
6.071386800390242
9.734493897584391
-10.03706373987384
-4.239062179152123
11.63423438100887
3.663107099077052
-9.820505994316997
-1.872564758484511
8.85741009473718
2.701646175494515
8.499647735440357
-7.372800769972947
1.575508284070828
7.947941236540887
2.447705223674045
-8.558904416936391
-2.186471463382337
8.54350339176094
10.92622413141813
4.380617655080174
-3.344776294568717
6.372432952563856
5.214128123214777
10.72997485428828
7.752672965474743
2.382720738973085
-0.3577623590848595
-5.648526393794726
2.28430377327349
8.787372749829714
5.982056676951141
-2.535585146260208
-7.492175675045305
-4.930393624268923
-10.30034585161907
-2.074056834036198
3.663627152071135
4.689914686835666
6.766564861475325
-5.369952227125879
9.620308310474178
8.226289018392391
-6.545606477806681
0.1157329029676323
-8.110556116169128
-1.475280675874789
5.737683986916739
3.894034706313386
1.544872926882457
8.206212309222911
-6.180521024463714
-8.156601563319889
-1.407379572981946
6.991776672471254
6.661339382242729
-7.725393950241455
6.635275441606645
-1.214435638638852
-1.976080538723246
6.749221990441885
-7.943786202256819
-5.205392206517973
11.1396447880739
2.165258229802819
5.594424620068827
-8.961261230036991
-2.999468106757495
-2.676279314933684
5.399688139375748
8.063299396900103
5.961793123000481
6.284981918023313
-7.849711081557469
-5.186099825320104
4.922944609885037
5.369315383490029
8.399156245681414
10.73957871218757
6.227785224345364
2.663611256975967
2.738393995613512
-4.511793489151252
10.10904443363266
-7.250187484279203
10.79981682681696
6.14765019235309
-3.275069464570188
3.975118020687936
-7.971127288497648
0.6215618490678909
8.592689148898936
3.757187561518832
5.798001560333911
-10.07444694409955
-5.301786167254924
4.772660776476436
7.932830167572745
-1.843649281074954
3.102937710359891
-3.936695422710723
4.128526405758453
11.27256031010246
-1.532299588642208
-10.84323805685471
5.634982623445253
-8.766587880821113
6.50306897745492
8.065221827479391
-4.829892457250854
-8.379376429633451
-6.817223581614398
0.3268103219467197
-0.252752681090163
5.635764125672251
12.31487044488615
1.562152849034317
-2.805316071778294
8.12662375001023
7.144033904711808
-2.498252926807719
-8.135830608016416
-5.637577685503953
11.98806011286892
-4.58437950080297
-11.92235197162093
-8.072487114279836
1.883543553849687
8.696532917051073
12.22234920883355
-1.941075263550733
8.990864559398741
-10.45871708808753
-6.887291829601746
-0.4826755403632612
8.200513164220634
10.93193982189513
-8.517641823482558
-0.7903513947066365
5.888516809820303
11.53525760345224
6.542642956011325
3.571425259271628
-5.402961301787685
-4.956590528287142
-8.974386560301832
-5.545220167534772
6.404616289424983
4.634655610000126
0.4463707734409678
-5.568011789981102
-7.337972469969031
3.11517691480166
11.65389389703096
13.28091241808376
10.17987577636538
-4.652166634389462
5.32409965162219
-1.769960679645399
8.683188704439988
-4.85577612437178
3.849864857522458
9.976266285937026
-9.422719657395367
5.155627950633907
-1.346845869189063
1.212676643096804
-6.167484206965791
12.17166728574286
7.358795109797621
-4.82063833711986
8.705640980064597
3.314117089565956
-6.188536901443808
-7.547095350506832
7.206850709862901
2.791710303652188
-30.12553579335058
-5.215779060932356
37.02317314412569
-25.37783541382122
-6.981627386812612
-11.20359535042231
1.774671107610734
-7.302313525443192
8.519213145235657
1.45398497131786
-6.830353999421584
-0.6159429753322062
6.863523083965906
-4.221967965585097
8.756298494682902
0.4719595273922158
-6.597926306630836
-10.01960748800034
6.670464651356035
-2.805330387912181
4.294506314709463
1.281519282266021
7.214277102047451
-2.375958339070557
9.367000556755732
-1.012296821849076
-9.672348446965042
7.018435684736771
5.932757814641161
12.01612120735336
-13.11860918546992
4.712100186787221
-7.380160850719229
10.9589906445601
-6.256447277100754
8.186734175523382
6.083363398017235
7.099836703631943
8.538716982073703
7.332994351668193
5.646740791725487
11.02250995608954
6.679106322390999
-4.992614648982566
5.65619319917847
11.52673702620593
5.37576916649096
-11.52287633967862
-6.389316465017638
25.96971612435551
6.3476013534433
-9.971778020890154
5.738448333743094
-7.065228171839757
6.862161910379878
-1.655690063723838
-10.96854746425247
3.474633986942655
11.88079390111869
-5.464689167373615
5.664341238750016
-10.11139141325416
-0.6284899647290159
7.797612333873927
9.80062252089135
12.35652222264309
4.927916861645562
9.482901450209981
-2.738910907808985
6.214411025459666
-2.842058789981826
-8.086359138044607
-7.069885834822899
7.479466063247506
-9.056469817036218
-4.501485223797067
3.924617090856175
-2.77225646798545
6.501716939972451
-4.812872178068611
5.143158490894079
-8.517851979011803
-3.868036371952467
5.503858301076228
-9.502653989953476
-3.063268806975889
3.892733619367858
10.94661063501866
5.720821232108377
8.406159916302707
9.273973406334598
-30.78201131060685
-13.17414323866307
36.78356712817866
-11.84471987979496
0.8678134889295741
7.307198671066879
-6.21645266094348
2.506211095364681
10.62781558263857
-0.09786428314415044
9.713871086054759
1.120336822262698
-7.01136174856136
-6.777076257915755
4.649815611967111
-3.554848976233847
9.371894678312083
-8.204664594840839
-3.645754703763758
2.69268271269598
6.439385182737349
-1.358558449090816
-10.72567986786239
0.4033505330517533
9.12601428359806
6.707042301345319
-0.9139444943237637
11.12903040358859
-6.679211970971001
4.554984596070938
-7.666827774155013
-5.244300347686102
8.426102310942731
2.422527428775565
4.558909893895875
-4.800987575101868
4.648805809445384
8.78409003880423
8.722663753220795
-2.418971979660967
9.705957859618179
9.449793383608776
-13.99319641605173
-9.325449758086982
-1.671931361543284
-8.085572503580758
0.34715281300416
7.151299310776308
9.176163282020832
-16.33305246452074
33.34386442620396
2.851519600991469
-13.16745177623252
-20.64454133907736
-7.620986792736585
12.12492983824664
1.588833830647096
10.02155914813705
-10.87592834916092
-4.31148887455709
-8.59353426109978
3.302196705284602
9.209820621274373
11.47277551159122
5.047528378274329
16.05491523614072
-2.348564872018488
11.89573096369173
-8.131698569622271
-0.10096606011651
4.582139724550095
11.22481964935078
8.206650237566256
4.600603753356683
9.268350407974385
11.00738686418307
-7.396093258115553
4.667746656291373
5.907623913488214
-11.99669701929458
-8.282517381993918
0.5407132916802018
15.88453047375801
14.60286155475593
-2.998009167880722
7.674481254133293
1.739036459220681
7.653518398746671
-4.31491628459696
-3.980601595439489
-9.206390998306215
7.312389522487655
7.748474352138953
8.605431077509801
5.914481934519044
3.624510514539456
11.1989901497361
-3.01816941330818
9.420400168636492
10.81278610514394
8.823230672998704
5.284508215843632
-0.2561644766158061
11.96977323110812
-2.103370689076623
8.770594465929975
6.725639779326167
9.956030668974886
10.33880565496733
-10.91271334502433
-1.469628122298263
6.361826085947827
12.90477733367815
-9.285694825686212
2.160985223230953
-5.759878535440483
-1.205722629397361
9.443085221166221
1.627018520897607
10.64880784922564
5.870543828412061
7.831454208078418
1.960910378679714
10.14203566226546
6.559574106198082
-6.15096785806359
-11.209323023029
-3.028197738440205
9.708720081969311
4.904906776164693
14.58712548987592
6.54295124744236
8.181125284332451
16.11422979962386
-10.74379211057821
9.57127855227832
1.267042706786063
24.39341326671561
3.525816292012537
1.551098318806765
-11.15944364344094
-15.50284726938232
-8.660051632129493
-6.104151939530047
8.030732508303661
0.2342854858902827
2.555899699612608
6.338437419278388
9.026758942261079
4.13528422935874
-3.199178764839463
-5.244133452021618
8.698416821161606
8.864211871689646
12.43856958460781
7.574479635820828
8.43272531703763
8.829010468653186
-8.741842850269698
-5.236119499087066
-1.687965833454821
9.605025284986729
11.6085680073082
6.774715318837488
-19.29568898248474
-4.473554268401577
11.92545509175604
30.03999584022584
9.877939483365351
-9.613470268687822
12.73691781943542
-3.582461555936261
-19.62211477244262
4.747700381489387
-14.74370936619234
4.878405407556391
-12.71054196396768
-7.844927476873912
-5.820063506294996
8.122486766177859
6.217220786898139
-4.891474713346616
12.06339063619021
3.505723351902849
-4.415140407019136
7.053877016000447
-7.920863758613427
12.01083481741112
14.82213471417904
9.682218713786982
2.024863970933465
14.06214826337343
13.9425502727073
-23.04844152550154
-11.3201168507569
17.89906860076565
-6.310641750045449
20.80055428944799
-1.281668919456619
17.43443666340618
-8.210049219169587
1.415465285127029
11.72832467498212
-1.905265978881397
0.165795050075878
16.73779977607587
-13.63359065375118
29.21918545141685
5.082514929490176
18.71610558311709
-6.355674305098762
-30.49234482632695
11.2521937668457
-24.13667052197421
17.60786807194406
2.901485688670192
18.93729143101007
-16.01897137794489
4.475436872253379
-4.835501598713115
-9.310938471909772
7.167282200908788
2.076650175336668
1.01647330359801
-4.34340363167783
-4.864089947997893
5.808400474087213
1.392385936869839
7.956825412635132
10.67249042181257
9.625514503736705
2.148424938702826
-7.477089563939452
6.564439475140229
-5.225789402888598
11.29299111818453
-20.32727039038466
-18.32372766812995
-4.283729200732181
18.74791842800517
7.703770576709011
32.56933386462658
2.003542722840844
16.04354118951817
1.293041555066939
-4.833852688056621
18.29251787250228
26.02749824514954
-23.78777822749863
-8.180321868456609
14.851325760884
-7.215773501867664
17.24677472823939
-22.93082150200655
36.72705528239953
16.57200472562894
0.8569567253087725
23.12637056014463
30.64365581177118
16.39900936053813
7.734980374027086
23.03164762886925
-14.75049963400631
-40.07550007770968
-38.16963831086239
44.04660595192143
-14.43178083607839
11.83537733635784
13.82141543690588
29.25557298124625
21.87572952165919
-48.62828700775709
-29.85588536446617
1.905861768270969
24.46254823010478
27.11119603957341
2.648647809475231
19.48028055451576
37.45685519523879
-14.24464645113906
-22.90867543788739
1.956887849147754
15.29402488129073
25.51397365636224
-43.38452074961923
-43.17924450373576
47.50198862840879
-0.236063430242176
-41.53122983953914
18.1145407485229
29.53867133213219
-24.15848282041541
-31.53832628114189
35.35569049596306
-13.56175164042261
18.19999549336806
41.93785297061128
16.03580574253775
34.80820738593346
18.7724016435963
24.86556328803498
42.23895220504885
11.42413058352977
-20.16205635484839
15.43415754453385
25.22853390400692
23.55708580821441
-18.71814850852878
31.0016484482456
43.1484573212533
1.853290909903368
-20.38959660461042
-7.379843460322737
9.794376359280028
59.51417331597426
17.97657464081971
49.71979695702991
-1.671448095980951
6.582162474865369
12.14680887326383
44.05436323863383
32.84932064952545
31.76174713372274
23.73785747601383
-21.00618602846651
-32.21122861726279
28.6397645163801
26.26715817297555
-30.81482162318943
1.64801466543935
32.4628362890956
10.21994877479404
-47.73805205973876
-15.83049769573532
31.12594046005924
31.90755436509048
-19.49140974986766
-22.24288751461405
-11.20504258895238
46.95643815579417
49.64595054467325
2.689512388705086
