12.35828906098029
-5.264797171674175
2.26332736277465
-4.000684547921051
-1.310697405990729
11.57044819669671
-10.12437696547703
0.6917346504539313
50.64505263987765
37.37953739173183
46.39332112095336
-11.8729116765129
-14.37286974196458
13.13594469355823
-2.379839931375673
24.3341548363563
21.01679149258666
25.33381640745293
-30.09356534002133
-7.033361712767334
-11.68393860601722
-1.940794317261706
10.40301925012592
7.659597132495327
10.08295528691761
-10.19415152266188
-8.361816294188209
-1.804771703403936
9.836565662353907
15.6535768448096
3.107883464289046
-6.499961102596432
8.785503428861034
11.23134351700019
-10.54844514079662
-11.11389459513791
-3.035048573734341
-2.306771533846564
7.994713160460209
10.44398462091495
10.28259487403324
-6.868073427191375
2.625629934974796
-4.422233327809879
7.740854697155584
-10.30310446601401
-16.69827841608127
-4.836401491123898
8.596680768137494
3.052304143324152
9.21121517495955
15.39425919597022
7.394835508675341
-3.317363343808798
5.786414622163081
-7.999423702611529
-9.607844573807229
5.677619971493837
5.355984904887841
-10.71219885725779
-6.395173947117394
13.35540860710659
-1.133396124951847
10.72848079973923
11.39992048256188
2.660169444183048
-19.62883733421732
-25.61788217268914
4.317024914913831
11.86187692479764
-24.48448604839724
-32.36717812050033
-7.656964940080711
2.370737882773243
10.3913576996665
-2.541740162898068
7.998332812855857
13.4330822598059
0.6714396831263808
7.195510646258516
-7.381860010727917
-7.703495082140586
2.111843373357629
-1.544584051013523
12.13954618956915
7.192394468222368
-0.3216350662134146
9.493703383487356
-0.565449453873587
-6.237571614091522
8.241673607463875
0.6145344091596886
-7.253913726475425
0.8872710647079873
-8.327261786672358
3.246866208371547
8.464040206060085
6.486765889593467
6.158911031366676
12.19619312280912
7.034565672007886
6.524070963639537
-8.739751038090025
-1.473543677353164
-5.161627451095433
-5.672122159693849
8.078846023117784
0.9589553141815909
13.24047347301688
-9.272798705079275
7.891160633934422
-8.50810934844856
35.72544267566602
20.90359289103211
16.96977780393559
-22.16641668773759
-44.94846266560489
-24.45732731441528
-3.289441412139143
-1.183903496425021
-8.638754252908493
7.740320327276144
9.316876433851506
-10.23175401827286
6.932205318914628
-8.286888196225245
-1.453614986028653
5.43252306182185
-5.349312839209059
11.02976173632489
14.82510671740557
5.610573864936257
-9.156749140224152
-2.270611093522388
-5.432264658572967
4.981140370098231
-11.01560621034721
-10.21819474949214
0.7646893564638455
1.944865820817517
4.514088207404398
0.7974114600350859
11.78029556726652
-24.2985094973171
-17.77491856907239
44.39706475766241
35.10212599496835
43.76306848362933
-38.80813990004102
5.327705621775039
26.83560924703692
10.65223005182696
22.65094679651332
-29.74929497195913
-5.287659137966198
-7.454850758043483
-1.073348058720433
-8.95453301569669
10.50077993292071
7.266207360149333
-22.28900677721385
-1.49968225704683
-9.214532852856564
-9.843966344729139
-2.984993374433459
5.599494828998745
6.387406841763519
12.3521626919125
-7.881184957767456
4.602467138921921
11.43574034527513
5.403117993780682
-7.750084907106017
-9.848766638546598
12.16306056845199
-25.09592095616735
-2.288173209391664
6.833273208966117
-14.45123377812143
-6.032622351299433
6.886138047276289
3.724484480749786
-10.2490567869105
0.5567947325002378
10.72833034823735
9.252208918542985
12.2320298108893
9.757106831013822
1.66300907414161
-13.1532028990242
-6.809577516377267
-20.20541228672966
10.41340502771383
5.094515109435455
-8.094097755968969
-5.318889916887358
6.858972971813
0.1888566528541125
7.225535993640742
11.40608397041619
-6.843226571221037
-9.809613416696099
0.3619222017935748
-8.457672630411347
-4.277124647101271
-3.316489091120355
4.901821387278024
6.05591113314385
12.34335852184067
7.036679345095878
12.17786288775454
-13.18861286450097
-7.032083227611682
4.180547981992479
5.141183540782252
32.09406764113469
36.93645088703799
-41.98024617292702
27.1925668874702
0.1947784588736648
10.80585151976273
3.327784608357306
-12.85559458313532
-11.04416176378156
9.178946034190609
8.945984169704948
-1.079731002134709
9.372400218545607
6.156529635225665
-4.287924128582728
-8.472586588809905
-2.966386849011872
-10.44445376203474
-7.478066911757105
10.17153561600107
-21.04694663358417
-2.098681730787456
-22.47264006460227
-7.052209388106928
-3.859482841779458
18.94826490354417
-18.68133262458593
-29.85205301576364
-1.425693431522982
-16.18337919149232
-4.1846624553754
-13.39583476864378
-27.93860593577755
10.0277028182317
-8.979059874280765
-2.922068832088643
-7.869220554016064
8.548008779954243
3.771696275023654
8.547525805544034
-22.01811152295713
-19.17997536907155
-2.699535751929399
-10.74633184868416
-21.57300025377338
-7.627139199360291
1.10983931991551
12.75075615212744
1.434948321471455
-7.993724395893237
0.8514192535523002
6.594191747766518
-6.218465774154026
-1.476121426628817
9.964430756805287
2.979820897296173
11.44055218036841
8.460731253634819
9.743144288754962
6.523590929457547
22.80774774607024
-14.82184978391389
-18.75566487258402
27.63700177884784
2.357745975952656
-0.6339962737152763
-39.0693591362406
-5.989044838181793
-25.27925580289488
-28.27099805294692
30.94289569982209
8.660942489741675
23.06020362753417
-22.28195321407517
-7.882692070484944
-11.17072039077089
-43.07000957827452
-4.901500754865073
28.42635958468903
-31.89928918791048
-41.42710511665841
-9.743884001676575
23.58397633438758
24.46163583603684
42.17502463179994
19.39297866533181
-13.26551524718123
33.32786034075439
15.42043067597903
0.8776595036927043
-14.5427711701907
-22.78204597165278
8.736978519913787
-9.153857350826597
-1.712320212385014
4.519057684653452
8.495681930137001
-2.713187102562546
-32.65849391299727
-23.64471018242526
20.49113534499348
9.013783730186773
44.13584552216931
7.441537133247576
-0.2329618638270355
6.440670256455631
4.634963466625286
12.16308801098553
8.020619818812955
-4.94715172163719
11.47007761056237
-10.09496169820522
0.4451112699783131
8.433643520456707
3.449457791724651
-2.393024885496339
7.528124539404659
-8.046796096736854
-4.642769510516142
1.83233522847329
10.54007297514701
-4.98418572887299
3.40402658639684
-7.603164439204273
0.7850478784922422
7.260152624937036
7.743640411071892
-2.298604856814698
-7.6036474160859
8.388212315318954
-0.0004829758963510782
6.475104739165369
0.483487786956665
6.557044598834211
-10.10549757376499
10.30606133085288
-9.484898984541083
-5.007437123273005
2.165239459311113
-4.252812328381028
-8.136391415792371
-0.3797414299246106
5.486677954400416
-8.494171293079166
9.245288078941501
6.073556816771976
9.739490283887424
-10.04224526657999
-4.241358968427243
11.64133737244677
3.665933472859636
-9.82668731921243
-1.873755289700155
8.862122416077796
2.703456245820381
8.504342541817362
-7.377415852587518
1.576556105448906
7.952932032210517
2.449271464615179
-8.563923209879595
-2.187547279017381
8.548330432025509
10.93213907726322
4.382818672911935
-3.346749216573061
6.376375927888146
5.217173995286809
10.7358777092257
7.75664998442467
2.383808643225138
-0.3577798746643385
-5.651801373912729
2.285412850340685
8.792448285087758
5.985676177259961
-2.536911409829085
-7.496537488895869
-4.932741320289231
-10.30558266188319
-2.07530873047279
3.665429839782191
4.692288187772554
6.769910139995447
-5.372841341352919
9.625029507816409
8.230273932168492
-6.549320407582502
0.1156335557461428
-8.114640377645086
-1.476151212248718
5.740738571012894
3.896002456900328
1.545868933948531
8.210822900646665
-6.183698958428767
-8.160973277381434
-1.408305417301793
6.995399056156606
6.664953966559569
-7.729567890484797
6.638489167187118
-1.215423847143064
-1.977274319247729
6.752667860636255
-7.948082478823096
-5.208685077077693
11.14651945453687
2.166459510209092
5.597934789011275
-8.965401105091251
-3.000645252848431
-2.677953723793975
5.403059222734958
8.067967610760993
5.964755850793742
6.287447387457615
-7.853913016120618
-5.189004631778412
4.925537362396616
5.372153672024977
8.403704474039703
10.74592133546001
6.231377891642426
2.664908385611889
2.73939740302386
-4.514543446699917
10.11454199160393
-7.253940851129056
10.806619867935
6.151356097113118
-3.277316613201637
3.97662424139112
-7.975403917605248
0.6205985892234376
8.59600253796043
3.758610124132855
5.800886297074991
-10.0808720954979
-5.305042560712908
4.77582953334347
7.937214225684574
-1.844736114297496
3.104480301167285
-3.938745365503505
4.131256834380378
11.27929353902301
-1.53424692820949
-10.84910124388387
5.638429716770198
-8.771479290843867
6.507035436436849
8.070002197262884
-4.832733923570156
-8.384152876974037
-6.821186122058865
0.326850579323539
-0.2529741984725681
5.637918566749978
12.31988044731992
1.562966758204668
-2.806772105004423
8.13117868210924
7.14803670514894
-2.499958063918621
-8.140821871541325
-5.640863819026256
11.99302983929289
-4.586884384709753
-11.92857701427227
-8.076393886367191
1.884581123930026
8.700374016094427
12.22767121291029
-1.942355203398325
8.995595585000355
-10.46494279165836
-6.891125231255663
-0.4828214917449613
8.204923753938003
10.93795078667312
-8.522587586534607
-0.790671832581799
5.890892774343644
11.54055477987552
6.545766496419109
3.573817560102325
-5.406242387706181
-4.959626077826739
-8.98005994715777
-5.548584665539682
6.408303739149503
4.637756178910511
0.446616309317468
-5.571145063416318
-7.34169262498423
3.116600181943939
11.65940854779869
13.28725840107188
10.18634084259839
-4.655263771710111
5.327732613530995
-1.770547560244741
8.68774524403684
-4.858608229104367
3.85218312822041
9.982996386129152
-9.428672713215114
5.159243421198963
-1.347960067091708
1.213982222516112
-6.171713039939759
12.1785373385961
7.362831286552664
-4.823752969955044
8.710791354225444
3.315284514821295
-6.190970686733489
-7.550177348732633
7.209576141326968
2.7929127394894
-30.12960925716338
-5.216519959578276
37.02661059096874
-25.3815930096578
-6.985288125998148
-11.20886903940051
1.775258625742345
-7.305221459519624
8.525210343038342
1.455325303151342
-6.833561440654236
-0.6170450436003809
6.867698618366433
-4.223580917913429
8.760546755743464
0.4716600234079945
-6.600374652804933
-10.02571517556712
6.673632126292913
-2.806772460654464
4.296838401495426
1.282413051089732
7.218942719260756
-2.376793730380605
9.374913963327495
-1.013019502732221
-9.687541965061154
7.025651148121942
5.936529653785489
12.02374963388729
-13.12846776614728
4.715609287729621
-7.385695265348683
10.96455512134518
-6.260626461682752
8.191281951895398
6.087219994073974
7.103610864596079
8.542808364421766
7.336438332938627
5.649661999195382
11.0279658121115
6.681961889567622
-4.994788289821599
5.658759413420515
11.53247285742867
5.378303818291603
-11.5280485913313
-6.396823711282066
25.97813068635048
6.350180331998247
-9.977634029616809
5.742772497506564
-7.069885032959658
6.867841310307433
-1.657511731952121
-10.97623575070558
3.475672660342144
11.88530707551074
-5.466633433102783
5.666527216473378
-10.10841178287636
-0.6288990726423505
7.803129408198973
9.80247091206631
12.36391136805941
4.925660101890576
9.479512714831806
-2.743422124106607
6.21651640159615
-2.842701448779415
-8.088425544815458
-7.072034679579971
7.484743673117538
-9.059217856347301
-4.505365233474581
3.92666329039052
-2.773273167300865
6.504475618956253
-4.815706055147246
5.145268957348895
-8.525353056093007
-3.871773830119752
5.509602328626312
-9.506255200618101
-3.064459527276828
3.894291625360929
10.95076601627716
5.722887262080289
8.409634420015722
9.277748783516618
-30.79038498974177
-13.17784364192644
36.788854666241
-11.84688816292937
0.8681143613839426
7.30991003280798
-6.218779855870486
2.507206400947185
10.63069405956789
-0.09912313115429842
9.716891293602941
1.121425068421977
-7.018294996148858
-6.783836248348091
4.653579239806485
-3.558080393497885
9.38137617224476
-8.211659651708647
-3.650877684803278
2.696663079253598
6.441795672875572
-1.359206662390561
-10.72981719608162
0.4033434407405311
9.129329684060927
6.709518465763706
-0.913802759138176
11.13316064315277
-6.68471310648257
4.553852632492498
-7.669082237800415
-5.245724095683521
8.43202851470285
2.423358147946552
4.560781973807575
-4.802703630408937
4.65042152402303
8.78734678923005
8.725986249651141
-2.419811211950663
9.70928467478236
9.453125152310816
-13.99750202415597
-9.328341309185509
-1.672475044418942
-8.088152732847963
0.347352507911138
7.153786385385991
9.179557638213618
-16.34284033943364
33.35006005015679
2.85118765362995
-13.17297833554156
-20.65521917714819
-7.623321217668062
12.12909588482328
1.58941870729738
10.02492395004067
-10.87871354618498
-4.312378837715064
-8.595466217384056
3.303390620049055
9.212739920617528
11.47589470182384
5.048853478066798
16.05937303593842
-2.349262815205082
11.89885682963583
-8.139720060761302
-0.1010494010144812
4.583478334115154
11.22819779579258
8.209100525351504
4.601789879465536
9.270950584128579
11.0105195759846
-7.398116315477222
4.669160709816909
5.909349293742158
-11.99990621714772
-8.285269427045979
0.5409920061843543
15.89127696800854
14.60908916842651
-2.99910436281241
7.677265333578172
1.739569000618417
7.655866270085417
-4.316730712621383
-3.98209073247811
-9.209969486946738
7.315520429499845
7.75162835391288
8.609018944848302
5.916297254180393
3.62562219557454
11.20246232004724
-3.01909727477963
9.423476743680007
10.81611161587308
8.826261431755164
5.286165068020909
-0.2561595235550482
11.97435996223888
-2.104171932872398
8.774004515811571
6.728033196397287
9.960975013279064
10.34309008898663
-10.91735230128154
-1.470174613563533
6.364581743413549
12.90983564958999
-9.289502453446444
2.161659641281312
-5.762205260398502
-1.206370027197732
9.447177683712077
1.627849851840643
10.6535477071922
5.873713447586328
7.834756356298906
1.961042906556497
10.14683657800841
6.566026259226994
-6.154169034162243
-11.21816913214142
-3.032375458487212
9.714628590322596
4.910087978803194
14.59526710625759
6.545253905231759
8.185793672749085
16.12825711180601
-10.74817600876426
9.583003207072732
1.267432925445539
24.41067382472798
3.527297197083913
1.550414561734873
-11.16978072607738
-15.51578462696675
-8.674522482322086
-6.113082052597103
8.038670655936919
0.2344587347807302
2.561440449717816
6.34754077095891
9.030164039329977
4.136925265421575
-3.200355445895946
-5.246326766167211
8.702124894914878
8.868003620600753
12.44257402598553
7.576840126041082
8.435505241751402
8.832205130135835
-8.745242915135922
-5.238041414195198
-1.688768523885044
9.608842638371891
11.61331274025511
6.777567521040896
-19.30074792566322
-4.473077308507201
11.92757077613808
30.04483237545776
9.879759314311121
-9.615568798029301
12.74700404604526
-3.580810318420965
-19.62795035869418
4.74801625296776
-14.74731184750245
4.880638514797912
-12.72019529268124
-7.848260582911353
-5.822489331275881
8.125962327825469
6.219836580739428
-4.893238774140224
12.06835906596515
3.507201501066974
-4.416663402602278
7.056474390914773
-7.923864902521578
12.01560893463499
14.82767061732236
9.685179127678916
2.025771252081415
14.06809716279829
13.94845165974556
-23.05391031205063
-11.32171747177813
17.90464434990053
-6.311804480000908
20.80869806685615
-1.282187800621887
17.44072899386927
-8.214011633389894
1.416563001406511
11.73219284032225
-1.906125746233812
0.165878725044099
16.74210583241703
-13.63831858611128
29.22636182144937
5.084598209740354
18.72291679530778
-6.357108790424062
-30.49887239979241
11.25543255738845
-24.14176361145261
17.61254134781565
2.904053716820324
18.94349682736432
-16.02416599104346
4.477461878980815
-4.837392444958881
-9.314854326207623
7.17267661378206
2.077621952631503
1.016390865587625
-4.346003917008447
-4.865733897467997
5.810635799671751
1.392634873129579
7.95896958466736
10.67636969617958
9.630574633067599
2.148333785361625
-7.482240844656364
6.566334709895705
-5.227878754332849
11.2976111621176
-20.33245401338339
-18.32798391158367
-4.28456467313982
18.7537719015916
7.716074052302831
32.58391100949584
2.004470102374808
16.04788934011476
1.293498515371208
-4.835745218698707
18.30749568136073
26.04405796418768
-23.7945353133078
-8.182753898491956
14.85558267685953
-7.218308206068054
17.25244297918593
-22.93714472238532
36.73661117969549
16.57622710711365
0.8573905907529696
23.14324089954387
30.64727331207274
16.40064808502968
7.73656228419522
23.03833657487013
-14.75439082436157
-40.0783053066769
-38.17275919493317
44.05267652506443
-14.43252699782916
11.83687004891334
13.830139108196
29.26575271026953
21.88102850297624
-48.63574282853898
-29.8612949314306
1.905546115629963
24.4707511851275
27.12050254702934
2.649751361924751
19.4841682008538
37.4636423705788
-14.24662522694047
-22.91071102802698
1.957125928268486
15.29608158223818
25.5169523976638
-43.38705544979987
-43.18165330573395
47.50750337010601
-0.2361486062660092
-41.53368583481215
18.11726159922533
29.542706808862
-24.15921553881077
-31.54393974730108
35.35953618661752
-13.564465577631
18.20237547215851
41.94260767590273
16.03944311109539
34.81389100878811
18.7744478978731
24.86783695730322
42.24313055050575
11.42544520955662
-20.16507305554139
15.43561360226022
25.23173915655055
23.55982647040312
-18.7194997054141
31.00312646505692
43.15090684856941
1.853369614517748
-20.39141239194942
-7.384724208039684
9.796125554104121
59.51875172497725
17.97947416980398
49.72262617120271
-1.671912686332082
6.583071489448849
12.14778038424474
44.0586059504267
32.85246854218951
31.76684104968307
23.74023220042431
-21.00966907338405
-32.21580648081687
28.64485866978897
26.26939704817993
-30.81768534545522
1.647967474417765
32.46565282105396
10.22087081513779
-47.74365197926099
-15.8328264167489
31.13171418350175
31.91082556540034
-19.49532810640554
-22.24478200667013
-11.20613740783494
46.96454060025018
49.65452774267706
2.689987141930284
