12.37679600896213
-5.271756756858869
2.266819607852947
-4.001167162922722
-1.310214790989082
11.57885742544111
-10.13372459370096
0.6923661934518788
50.65074341325386
37.3840405678807
46.39992485535464
-11.88183489876013
-14.38731194345659
13.15008882709678
-2.384196082230657
24.33787673060439
21.0166799331468
25.34206679949189
-30.09951099551708
-7.035075388733057
-11.70217984470412
-1.942198151788867
10.43407276986112
7.67782319561077
10.10397508721321
-10.20585142026431
-8.370219534223525
-1.806216734675541
9.85765985515155
15.67380025927913
3.11290617121694
-6.506890902071442
8.795938336936237
11.2456980073822
-10.56481316134319
-11.13098924144202
-3.039855015564461
-2.310536605183037
8.007857165311547
10.46136474316527
10.29771200770048
-6.877861955622646
2.629654074938039
-4.42810225189733
7.752240113338298
-10.31434734027914
-16.71589671444842
-4.842106783266392
8.607430564232965
3.055860679266325
9.222891464019433
15.41443559299274
7.405739406282436
-3.321196797496633
5.794638499286847
-8.008696231955222
-9.619797093705754
5.68303218613683
5.361511781032338
-10.72693621785441
-6.401549365459399
13.37020801253824
-1.135224788775889
10.73856514058602
11.41019884929684
2.662833214344771
-19.63891844422889
-25.62818195745104
4.325386866470324
11.8737899302118
-24.49295717040587
-32.37714218907909
-7.668057935642699
2.374970814193406
10.41059202184502
-2.545471852776853
8.01189286161722
13.44953735011134
0.6716337095591962
7.204150947758567
-7.392514948623633
-7.714035369336469
2.115001146022714
-1.547004587461423
12.15802987706556
7.203343574503784
-0.3215204046553276
9.507516093898962
-0.5661760776359832
-6.245386404964381
8.254276555829142
0.6154609072881713
-7.265717480252055
0.8887452999903587
-8.340729058313132
3.252211292214251
8.477907057190693
6.497271604328158
6.167030783169243
12.2117275663422
7.042651894884786
6.532517239110688
-8.747365633487686
-1.475114438706111
-5.169075672589643
-5.679210327280066
8.091134232430413
0.9599909271891667
13.2602099026875
-9.283303139954878
7.902721669832264
-8.517766330663491
35.72817487032519
20.90605796726532
16.9674696434346
-22.16983524798291
-44.95554630302318
-24.46154834174861
-3.294775957501363
-1.185763641374293
-8.652264197638825
7.752936238827034
9.332165116816999
-10.24329406394568
6.942730740588424
-8.296434577669997
-1.455875926997702
5.440593429310723
-5.357488234788189
11.04771218743626
14.84904212458023
5.619567763171984
-9.17052789865485
-2.274058544550985
-5.440758149979437
4.989093703058073
-11.02459798699534
-10.22656193343641
0.7655368104807631
1.946859482441549
4.517883607612556
0.7980360510326504
11.79013479920549
-24.30582678617644
-17.78386804734493
44.399412574496
35.10312532720015
43.76550404446571
-38.81054354728899
5.329327537724431
26.8457280575102
10.6564371979743
22.65960997100638
-29.75486430850455
-5.289946892633784
-7.466500561613725
-1.075011573480292
-8.968637875352691
10.51792876552125
7.272251192549519
-22.30175165648092
-1.502137311336724
-9.229474362884098
-9.859948413955355
-2.989738145544439
5.60852631546795
6.397529761674264
12.37186665351271
-7.893626305310453
4.607037506127382
11.44759614648199
5.407295433999995
-7.753204051416447
-9.856617497646774
12.17342141093563
-25.10386283516716
-2.290233596828645
6.840558646837818
-14.46365500719458
-6.040300711047125
6.896469355206226
3.729769746590773
-10.25912298229246
0.5585874874849673
10.74462793395076
9.265962790576898
12.25022960769284
9.77007045471713
1.664491919931973
-13.16049948022514
-6.814663784910154
-20.21663554617036
10.42985185082416
5.102171967560151
-8.105578532497381
-5.327679878903657
6.870210272122527
0.1893949197005456
7.23764976504778
11.42514606312871
-6.853219304694188
-9.823875896095924
0.3621645574836005
-8.4716032028412
-4.284106883088339
-3.321967924357599
4.909665710726626
6.065300004326001
12.3621734221585
7.048254858110788
12.19789014716805
-13.20775049776959
-7.042614234339152
4.187496315260398
5.149635282608379
32.09830396307684
36.94115430800436
-41.98602546119878
27.19608527918177
0.1947401662337204
10.81771047073556
3.330193237500514
-12.85909761107782
-11.06298149107537
9.19377259175311
8.961211969677315
-1.082002368559482
9.387267913031764
6.165136257774743
-4.293037585792223
-8.479155700647349
-2.970656601346426
-10.4581738391313
-7.487517234193143
10.18604044713983
-21.05572848803852
-2.103413442809827
-22.4816106638335
-7.056136067507534
-3.86131418831331
18.9523150468439
-18.68343108795328
-29.85576049160349
-1.425882177125887
-16.18929084857805
-4.186118100679531
-13.40197175706578
-27.94955686746817
10.04302873627563
-8.99370886444764
-2.927490046329438
-7.882176351412261
8.563874248118163
3.778192471407433
8.563029869823104
-22.0486317994946
-19.20254435639773
-2.693856372216225
-10.75317045423547
-21.60124351071483
-7.63881565084866
1.111532512003973
12.77190134161426
1.438401460699898
-8.008990007935106
0.852744686786464
6.608906161111475
-6.23159776010024
-1.478665134424898
9.980979107945689
2.98426683173946
11.45964423342142
8.475377314720372
9.759981692914693
6.52195874090259
22.81362923677055
-14.82211690124824
-18.76070522869234
27.64159690153377
2.358932929554761
-0.6339085290575115
-39.07008503775953
-5.989263512291973
-25.28266397139641
-28.2755054319023
30.94862062675769
8.662378720583588
23.06443560763833
-22.28624191784211
-7.884185013811351
-11.17232940209076
-43.07589321392058
-4.902218687547088
28.4298783161998
-31.90356381338922
-41.42901798039841
-9.745069035053652
23.5870279587433
24.46491742184659
42.18076562743147
19.3950546060973
-13.26670284248362
33.33209700739879
15.42547459461278
0.877889469078549
-14.54758511933425
-22.78571103667568
8.75034816423759
-9.166984654614144
-1.714476934404787
4.52598776154742
8.507786189769039
-2.71710514457854
-32.66175745002005
-23.64587315849857
20.49399794300081
9.015884290363994
44.13987108600143
7.452507705611136
-0.2325606191030899
6.449879532422371
4.641765929384503
12.18034232364986
8.03562121261773
-4.954686303822357
11.49136429042921
-10.10997640110881
0.4473882910249902
8.449373902373134
3.455743077784061
-2.398699156562425
7.538576379488744
-8.059314081984468
-4.649356554224381
1.835631886040382
10.55736471278576
-4.993630824659263
3.409957528339753
-7.617528057135031
0.7860603027707489
7.271048765223134
7.754646004576228
-2.303833937955189
-7.618372442701139
8.403588353282256
-0.0008443828643832155
6.484988440844438
0.4835972417274397
6.564002823033397
-10.11930497633488
10.32960739944958
-9.501202290753501
-5.017080865155754
2.17293990828958
-4.259157076984975
-8.14993672184673
-0.3806449763816655
5.495939283830741
-8.507791486826386
9.259580111736568
6.080405595851635
9.75509636434286
-10.05847993891457
-4.248634419980994
11.66387660963353
3.674690786072015
-9.843938484938631
-1.877304345381026
8.876645303137979
2.708945035716813
8.518790548190697
-7.390430890068683
1.579228873748182
7.966634148251778
2.453507588823396
-8.578328457806839
-2.190923170106964
8.563026493687317
10.95012761476241
4.389751131387896
-3.352632706543366
6.387405278745422
5.225695756639449
10.75394965912799
7.769291741641625
2.387101115116498
-0.3578547572994036
-5.662278212026406
2.288879901077137
8.808762907545047
5.997200436284252
-2.541043643131593
-7.510231710872963
-4.940454261024867
-10.32264488627167
-2.079153602723146
3.671423094231168
4.699770821481296
6.780707037534436
-5.382190625142004
9.640225083645159
8.243491283933247
-6.560376491822879
0.1152928398383941
-8.128198446593215
-1.479090950844618
5.750576697338811
3.902623199585025
1.548774265810497
8.224443606090206
-6.193609578529125
-8.174245037496451
-1.41090470682403
7.006281323222629
6.675669340109335
-7.742383840128479
6.649107498813923
-1.218162287704319
-1.980635460579122
6.763340332573694
-7.962442747705646
-5.219196572907509
11.16837757214249
2.170528529413609
5.609069236011384
-8.979405034129636
-3.005068137924463
-2.682531635223886
5.412117898492763
8.080694744504479
5.974336891269897
6.296873414785929
-7.867269789583207
-5.198692954194253
4.934278334671255
5.381714157851702
8.417186031647383
10.76322638219577
6.240464680253206
2.668576838066249
2.743246180037126
-4.522761709557675
10.1329712829928
-7.266007896510851
10.82826581533
6.163181954631508
-3.284209490609767
3.98179841671257
-7.989185876369501
0.6181026855808802
8.607288653134411
3.763640827844561
5.809845515703673
-10.09937591825299
-5.314538509412072
4.784837404174991
7.95115811749998
-1.847953496837638
3.109283944015334
-3.945326424747754
4.140159484403935
11.30084400269967
-1.54036744738546
-10.86813681472685
5.649653509396924
-8.787200599116757
6.519883010630907
8.085485901490399
-4.841874169718468
-8.399054288195504
-6.833451415204606
0.3272330924053973
-0.2541415956648672
5.642690197743892
12.33034912372375
1.565602883197853
-2.811562463146332
8.144912702512196
7.160684519332086
-2.50547704046693
-8.156667491159576
-5.651190483568234
12.00311594627238
-4.594041547881614
-11.947084332141
-8.088085439209234
1.887551093550303
8.711313090126477
12.24279750892118
-1.946229862816288
9.010245304272777
-10.48447394260991
-6.903248778107562
-0.4832866864429121
8.218129342081156
10.95647516348356
-8.538244076188297
-0.7921159696443802
5.896831820757587
11.5537041325769
6.553706780834768
3.581225160772137
-5.416623888085407
-4.969188064060699
-8.997849048271801
-5.559308337325302
6.419962089464004
4.647270551319356
0.4474358221824292
-5.580351227020626
-7.353042768523816
3.121064799376511
11.675091435755
13.30535463838806
10.20657888447434
-4.665083864127384
5.33907498985963
-1.772691537349252
8.701416022242888
-4.867503895611655
3.858998893580201
10.00415885741591
-9.447391455217534
5.170504686139317
-1.351252725396253
1.217780512539899
-6.184906920247171
12.19940967730847
7.375250057369222
-4.833654185600436
8.7265027820619
3.318597462752065
-6.198027816008163
-7.558983834670533
7.217069958123069
2.796262580200091
-30.13446804365609
-5.21730259570801
37.02980365017549
-25.385934630724
-6.996568558249896
-11.22489135266999
1.777392262979939
-7.314674393526103
8.543628950091053
1.459286464183072
-6.843682806715871
-0.6201759145895633
6.880608842292423
-4.228322806711403
8.773960836374783
0.4709916009350588
-6.607245670676497
-10.04321434800666
6.68244016848072
-2.81087540112006
4.303517332042081
1.284604425244088
7.232338958456208
-2.378922851673844
9.39945459877733
-1.015196791664318
-9.732085018708826
7.048143173106371
5.947734490952048
12.04617332605014
-13.15884893592808
4.726264779455864
-7.402687442037465
10.98162917981995
-6.273660416667791
8.205184256092888
6.098438875250051
7.114392739957567
8.554026631136885
7.34582276336945
5.656872292194024
11.03951584116459
6.687658952465655
-4.999997372578741
5.665471420579451
11.54436914994962
5.382643564130222
-11.54235221554041
-6.402090227661207
25.98651590376559
6.352395735386962
-9.990673469858869
5.756161484107878
-7.084342464573589
6.885188536223749
-1.663020129453898
-10.9999251998993
3.478919466603635
11.89874138671519
-5.472874133655921
5.673079417101078
-10.10069892972599
-0.6299818471068673
7.820156383997594
9.809139743298498
12.38676050542859
4.91989063881148
9.470717095874424
-2.756249593518343
6.223506906250742
-2.84420272518093
-8.094191134173514
-7.07823728290602
7.500784789593855
-9.067709650729933
-4.516883168415004
3.933255187146252
-2.776444918139331
6.512432929956701
-4.824159626180114
5.151476912871225
-8.548208705804099
-3.883305074743489
5.527051097362829
-9.516625278201159
-3.067848124428258
3.898472493586457
10.96191866758426
5.728550325296689
8.419821933172766
9.288877841998103
-30.80187216430523
-13.18373142757671
36.78972424959043
-11.84861322173458
0.8690559036731106
7.317833052341497
-6.225661961179286
2.51004175457202
10.63965703405055
-0.1029218861312781
9.726170919442799
1.124802127568745
-7.039839879683121
-6.804894310871382
4.664903671186958
-3.567529633659798
9.410356209818072
-8.232433357710978
-3.665829214362734
2.708383853507135
6.448777152650848
-1.360956020185154
-10.74257893555422
0.4033745795881559
9.139078258476427
6.716747299094043
-0.9134860938806618
11.14595353253198
-6.701972393596358
4.550826512254002
-7.676140264913144
-5.249988409106441
8.45013832978325
2.42615187233475
4.566604161810062
-4.807791293786618
4.654983128964419
8.796398450077621
8.735703696278156
-2.422330941719582
9.718929743912859
9.462774417090991
-14.01011943862372
-9.3368067701313
-1.674034514779084
-8.095694779310541
0.3479643665071688
7.161061173836877
9.189285707944963
-16.36157953398678
33.35443830750902
2.849583083529596
-13.18317045888037
-20.67594383698895
-7.630233372705765
12.14126068110843
1.591072357347951
10.03473150832576
-10.88649123182169
-4.314364303002848
-8.601368768565159
3.306881033126869
9.221305718976065
11.48520053859277
5.052791178489024
16.07267632712617
-2.351311425670571
11.90824977838289
-8.164641995421048
-0.1013020035373566
4.587475788534124
11.23820504841373
8.216386674930829
4.605449005833603
9.278761643007085
11.0198852023804
-7.404102669782264
4.673312652833091
5.914424665986566
-12.00955174123815
-8.293335665759155
0.5417600325591585
15.90890726918406
14.62544890581846
-3.002270069732353
7.684901011685188
1.741123585500208
7.662772270104277
-4.321318120344428
-3.986009074911462
-9.219377418431364
7.322924639561204
7.759725404451439
8.61784310421665
5.921648638282755
3.628910899233699
11.21271423756801
-3.021818386320197
9.432475538619901
10.82609078698511
8.835095694414534
5.291065606043045
-0.2561553293142433
11.98689386551369
-2.106529168258102
8.783319290834095
6.73479217084239
9.975636542150744
10.35524641547773
-10.92961545820882
-1.472350483821827
6.370829428312407
12.92284331199169
-9.299352272194126
2.163800680327994
-5.767867863898786
-1.208203853658685
9.457264963009335
1.630263197391919
10.66546880578245
5.878897739563912
7.843179909914172
1.964282164662126
10.16096452492094
6.572381281515437
-6.161725570809495
-11.23091569242442
-3.034233326341263
9.720252653061399
4.914751484577082
14.60304264621293
6.55201388074986
8.19668236321934
16.14566717916524
-10.75904263310009
9.593653300127084
1.268510172948242
24.43047795584438
3.531484419175071
1.551678745708247
-11.18242809027978
-15.53428491542193
-8.716888286116843
-6.139267601924936
8.063339980052422
0.2349455311044785
2.577620743264026
6.374213086331585
9.03947462085444
4.141415321999549
-3.203574573564268
-5.252101695262378
8.711538511763434
8.877468951707295
12.4542939471485
7.58380334276042
8.443659148398057
8.841321341841795
-8.754001065284063
-5.243139890659106
-1.690554893468055
9.618378820572579
11.62453048713041
6.784412917823732
-19.3063274962463
-4.469502841465231
11.93006367531731
30.05045939902381
9.881827331499503
-9.618036334149917
12.75448597122557
-3.588583242352173
-19.63412018121752
4.748533428977247
-14.75133020213771
4.88278998963707
-12.73410685036635
-7.856984761034567
-5.828760229705771
8.134879971500014
6.226704115784385
-4.898059298440701
12.08104352415593
3.510861172955241
-4.420807378530184
7.063446172927908
-7.93166854779287
12.02755280761712
14.83682465515976
9.688291162308683
2.028224532050171
14.08368887459342
13.96364020308883
-23.05785737432243
-11.3202595769841
17.9136647963177
-6.312424654332649
20.82474459296208
-1.283458366175416
17.45058240138556
-8.224006254688421
1.417828848918016
11.73759779682218
-1.908175853490331
0.1659304387284811
16.74543271959727
-13.6457736488612
29.23392437269863
5.088267123032051
18.73404077007893
-6.359197991381134
-30.50485523374391
11.25894274533367
-24.14565724849005
17.61814073672897
2.911079796135664
18.95325894419706
-16.03275354776413
4.484121476786518
-4.843647916473437
-9.327769399179857
7.190020865114079
2.080936215831678
1.015953851153267
-4.351856872596134
-4.870490596810201
5.816680487411487
1.393615251037539
7.965742188687698
10.68717108118072
9.641835098340289
2.149061702281471
-7.49277338708381
6.572126932932526
-5.233368342903864
11.30893371425685
-20.33855897001344
-18.33240730359044
-4.285524848827649
18.76281551729639
7.726726909721179
32.59486160472822
2.006151666965069
16.05303412107343
1.294918464611998
-4.840117568485935
18.32185021563167
26.05913421358488
-23.801546520155
-8.185313165044134
14.86302720175016
-7.222044238704997
17.26332180596486
-22.94342882080915
36.75190296885393
16.57950228094771
0.8581176992184903
23.16196778329678
30.64825258639725
16.39956651717849
7.737283999286993
23.0483403662827
-14.75811565626923
-40.07384802176913
-38.16959668008273
44.06371856173662
-14.43100000516876
11.83974699770752
13.83204608774523
29.27169309196088
21.88887576723405
-48.63833746943595
-29.86603852200226
1.904251353015128
24.485366044167
27.13716924774727
2.651803203653204
19.48858116319723
37.46628130278418
-14.24868606909044
-22.91096858727814
1.957166106786298
15.29859580737998
25.52027845628163
-43.38675313026747
-43.18144010895206
47.51560990913918
-0.2362146960507599
-41.53364199386008
18.12039572316682
29.54728187609676
-24.16195647188901
-31.54477379798605
35.35694594597495
-13.56707365860824
18.20321622420286
41.94181291839238
16.04217914968714
34.81447809915694
18.77229894958822
24.86813469509572
42.24710624574573
11.42688615284831
-20.16863205106099
15.43964700438202
25.23648014810822
23.56311235052686
-18.71985665438174
31.00221261746929
43.15053844880506
1.853111135050823
-20.39322445265085
-7.382817325505068
9.796833143560351
59.51890241727113
17.97770013961231
49.72206927402257
-1.673367797755178
6.584866972419321
12.14832583350773
44.06299888474283
32.85561399270293
31.77028988258816
23.73859668455188
-21.0165866879223
-32.22397157766996
28.65584321921237
26.27074700702807
-30.82022010597266
1.647798125398126
32.46801823471056
10.22168264858279
-47.75182461352556
-15.83715157292458
31.14432595933405
31.91467304893576
-19.49986364838243
-22.2463355882154
-11.20738489089381
46.98147753225842
49.6724299056635
2.690952371933593
