12.37551131568495
-5.271269690979381
2.266578401915542
-4.001137536121988
-1.310244417789816
11.57821489321265
-10.13301406309179
0.6923181752465863
50.65068914864589
37.38397418301509
46.39977914776756
-11.88120820724892
-14.38630073946861
13.14900944352934
-2.383883847034325
24.3378306099276
21.0168845580661
25.34170712510598
-30.09930959988109
-7.035005499277493
-11.70095792702464
-1.942150788578785
10.43186050541179
7.67645982128162
10.10241616002094
-10.20510277403323
-8.369682621524532
-1.806127826502101
9.8562221841681
15.67241724086753
3.112562914960823
-6.5064343677465
8.795227488675682
11.24472143911168
-10.56367273839535
-11.12980028328001
-3.039520219480013
-2.310275233352709
8.00694178384378
10.46015881279772
10.29665766551143
-6.877189783992548
2.629376057306059
-4.427695801756249
7.7514457442335
-10.31360145189629
-16.71474056977275
-4.841722248760475
8.606695913558093
3.055619083970207
9.222093452879276
15.41309646637815
7.405015597904844
-3.320946051900532
5.794099164158219
-8.008080911712881
-9.618997302219807
5.682664593227488
5.361139617909578
-10.72596166325868
-6.401139109551933
13.36922052917933
-1.135121128283426
10.73789719101278
11.40952342988016
2.662673140125648
-19.63841005797346
-25.62769237755254
4.324822567160012
11.87301832009636
-24.492571250928
-32.37671262519912
-7.667281610961102
2.374676661611795
10.40927848181328
-2.545211881544054
8.010960323690126
13.44841816479248
0.6716262396791314
7.203564626701693
-7.391785193889898
-7.713310184094615
2.114780708666061
-1.546835817905024
12.15673896326031
7.202578444149584
-0.3215249748749404
9.506565901818096
-0.5661275425550669
-6.244853540564294
8.253397504767733
0.6153975464765574
-7.264895824600796
0.8886436225307093
-8.339790609255795
3.251840629436281
8.476951847999086
6.49654716778494
6.166474367413493
12.21066438575694
7.042103740548841
6.531938387907167
-8.746850288368977
-1.475007058689499
-5.168560646284591
-5.67872599792962
8.090280070029129
0.9599226523982416
13.25884071405773
-9.282587447101552
7.901921100345079
-8.51711079644612
35.72837622981302
20.90608835145889
16.96779460126316
-22.16979212734348
-44.95543201061057
-24.46147540604935
-3.294403240227219
-1.185634452477673
-8.651322860848225
7.752058777863892
9.331101987933955
-10.24251009644976
6.941998445974113
-8.295786250925927
-1.455718292906049
5.440033125815434
-5.356919615525095
11.04646200958748
14.84737380402456
5.618939569267465
-9.169570808557756
-2.273819391969323
-5.44016520054105
4.988540670627084
-11.02397424581969
-10.22595743668026
0.7654766517537884
1.946723841864424
4.517607672571368
0.7980168067276161
11.78945089921741
-24.30546985906735
-17.78347552202516
44.39963985193133
35.10336878040405
43.7657131836251
-38.81068673671025
5.329250623667178
26.84514710710067
10.65619870679214
22.65911571411733
-29.75473141437981
-5.289831433695277
-7.465688413466363
-1.074894780281951
-8.967653735959869
10.51673644742807
7.271843227557715
-22.30108319606722
-1.50196532021106
-9.228434236159364
-9.858833126165401
-2.989407103184436
5.607903555914278
6.396828985225733
12.37051051635706
-7.892758958939111
4.60672516953393
11.44679311767045
5.40702186038664
-7.753035869978517
-9.856042279172547
12.17268127380918
-25.10348666381057
-2.290086178644942
6.840067954360132
-14.46276745194131
-6.039771255932362
6.89575141765504
3.72940560601173
-10.25847585820221
0.5584599426833671
10.74350119924134
9.265014292365221
12.2489805521015
9.769176859149889
1.66439126374719
-13.16005772539707
-6.814349752950958
-20.21596152274255
10.42870586903943
5.101641950936552
-8.104785593208083
-5.327063913941935
6.869426026546359
0.1893547528407505
7.236801853482129
11.42381499159583
-6.852529729199408
-9.822889496984592
0.3621517663944711
-8.470629471360079
-4.283616312591788
-3.321586657459917
4.909119065286832
6.064649451517431
12.36087061335578
7.047447112837216
12.19648993682609
-13.20642754194982
-7.041884491554852
4.18701315449001
5.14904281784745
32.09829829325906
36.94117235049583
-41.98597431583229
27.19608706452764
0.1947363286355486
10.81693580180301
3.330042950119802
-12.85890543971684
-11.06166321128514
9.192735375943597
8.960144858318856
-1.081839897173239
9.386236093991341
6.164543045007282
-4.292709592586264
-8.478741012670046
-2.970359777300156
-10.45725263333642
-7.486892852600635
10.18504125720446
-21.0552378860473
-2.103006405959141
-22.48112226680435
-7.055903798829894
-3.861169000455186
18.95223148164516
-18.68345687549636
-29.85577537555241
-1.425884382032521
-16.18894838983637
-4.186031406533609
-13.40161176576383
-27.94894715147108
10.04195825961139
-8.992691743692536
-2.927116918831859
-7.881277440334553
8.562790138193304
3.77774229043613
8.561965915169127
-22.0467494442775
-19.20119202376738
-2.694465235323005
-10.75289905766301
-21.59951017623512
-7.637999960514436
1.111414302371809
12.77043403969091
1.438169370077613
-8.007951595664643
0.8526548178581721
6.607904096147087
-6.230711987052047
-1.478486898322152
9.979823300195225
2.983966273711265
11.45831018996323
8.474343833146243
9.758807138445295
6.521994339055674
22.81340048365552
-14.82228787661578
-18.76058163028792
27.64145673264509
2.358880761020215
-0.633926667377434
-39.07038922920946
-5.989282318691822
-25.28257597108136
-28.27538340127121
30.94844547611904
8.662344406389035
23.0643041014194
-22.28610108088353
-7.884141369626695
-11.17231849857387
-43.07588047753051
-4.902211232219012
28.42989099515665
-31.90356198043873
-41.42927000273487
-9.745085291922736
23.5870169259363
24.46489998639654
42.18071064446689
19.39507079340965
-13.26671496287044
33.33210223086316
15.42521846634159
0.8778830661716719
-14.54733539424528
-22.78563986571744
8.749414264220485
-9.166075163778483
-1.714323607260655
4.525518490222724
8.506956614050189
-2.716840182372693
-32.66178575765507
-23.64598078903601
20.49395658709737
9.015804967513336
44.13993736132278
7.451751542551589
-0.2325905148104759
6.449235002840754
4.641293385123758
12.17914150625544
8.034601824963305
-4.954160520306769
11.48990705317694
-10.10893291376903
0.447239270190173
8.448292966305734
3.455305228186438
-2.398318154615652
7.537848107013462
-8.058433822306359
-4.648883938826797
1.835420152508282
10.55617220369326
-4.992987738194184
3.409549884032248
-7.616549400095045
0.7859882287382444
7.270292341274032
7.753894295585257
-2.303484346652489
-7.61737363006905
8.402537622494066
-0.0008242273867698456
6.48430409188774
0.4836019565815939
6.56355481747139
-10.1181465596375
10.32800263398389
-9.499947092224033
-5.016347970986375
2.1724440704728
-4.258740419159302
-8.149025686610326
-0.3805877547068751
5.495344483937012
-8.506876531620264
9.258608035498391
6.079952874798463
9.754084906452858
-10.0573786387798
-4.248136122164001
11.66235002959858
3.67413204843197
-9.842754626340239
-1.877062454873812
8.875668694650392
2.708575348741057
8.517817859192562
-7.389537581096245
1.579043206036973
7.965692179759139
2.45321703946769
-8.577343336596812
-2.190694350287504
8.562036813844937
10.94891310020009
4.389280635289727
-3.352232131123202
6.386648977755318
5.225111210623212
10.75273115965443
7.768437928246092
2.386876280657973
-0.3578508376748806
-5.661526467198406
2.288627490393657
8.807581734699518
5.996374668380419
-2.540750811713944
-7.509264852399764
-4.939926787951179
-10.32148843438758
-2.078900906174891
3.670996902080143
4.699268996984207
6.779944228817854
-5.381561646313568
9.639195785971298
8.242587528632361
-6.559632473013812
0.1153134698262708
-8.127274061227018
-1.478898864245541
5.749897808674485
3.902159424570494
1.548580096034792
8.223526047150585
-6.19293267655515
-8.173337362633152
-1.410730409260129
7.005542641359372
6.674945950943228
-7.741512768531451
6.648375199969045
-1.217983410487397
-1.980404687600221
6.762606955185293
-7.961458785426206
-5.21848454523872
11.1668589103715
2.170250846421
5.608299074964125
-8.978446324173666
-3.004764788825306
-2.682225180492705
5.411508267885458
8.079829282215112
5.973681530644678
6.296221158912021
-7.866358613443646
-5.198037609283963
4.933672033843764
5.381058295942794
8.416273052154105
10.76205446507435
6.239842082473921
2.66832100675096
2.742974245172518
-4.522212389898577
10.13170963748787
-7.265186641625862
10.82678362632105
6.162372404282946
-3.28374853913575
3.981438112815288
-7.988218031633872
0.6181994674129611
8.606417586194043
3.763263551467925
5.809242513533599
-10.09811292261306
-5.313889287867242
4.784223630295355
7.950153961783164
-1.847738383272221
3.108947327476422
-3.944830911600352
4.139522750533724
11.29929878187964
-1.539959510863829
-10.86671277823199
5.648832705822235
-8.786037546776903
6.518954248300622
8.084353654814537
-4.841206630723731
-8.397978834214429
-6.832579444762646
0.3271965763900933
-0.25404323104343
5.642357524150069
12.32961363135356
1.565399399194026
-2.811207058562363
8.14393561272972
7.159776032339858
-2.505092528173791
-8.155558563510674
-5.650466066772559
12.0024169736991
-4.593534369375148
-11.94575222765685
-8.087234254109323
1.887341555845071
8.710511766455832
12.2416912797472
-1.945960315866866
9.00918235685517
-10.48308579640535
-6.902378023133067
-0.4832475737454225
8.217180246515808
10.95514266923652
-8.537125477053189
-0.792002117397959
5.89640078132488
11.55275670242171
6.553140873172627
3.580707769778186
-5.415900300100293
-4.968514037176925
-8.996608069299219
-5.558559836534214
6.419130447317829
4.646605982835157
0.4473862611571155
-5.57969337557211
-7.352217843289256
3.120734442692803
11.67395279257311
13.30404613620338
10.20516581536516
-4.664411225312184
5.338291063364565
-1.772524463747333
8.700427814294784
-4.866874752944632
3.858517974176756
10.00270229195085
-9.446120952931079
5.169734712394296
-1.351028225256476
1.217528794245419
-6.183995827371133
12.1979274674941
7.374364495640053
-4.832967593273493
8.725392720269854
3.318350411831084
-6.197503474583327
-7.558333760813305
7.216514217623531
2.796015962569002
-30.13425035042237
-5.217269796560577
37.02973492790419
-25.38573345846232
-6.995804530073696
-11.22379681396609
1.777239623017294
-7.314015461498781
8.542395568532573
1.459028726375324
-6.842980768881231
-0.6199736235027421
6.879735808763249
-4.227992295655721
8.773044167495581
0.4710347060997631
-6.606771922216046
-10.04198476486283
6.681825533868185
-2.81058730132995
4.303045933653855
1.284463350264907
7.231397474618226
-2.378779614797053
9.397733402667733
-1.015056121229165
-9.729279946682006
7.046590070253109
5.946934083961485
12.04456703179829
-13.15677392747675
4.725531116639941
-7.401524630457629
10.98039868765839
-6.272754609137625
8.20419493433976
6.097632986230932
7.113633241487205
8.553218344891642
7.345143002864171
5.656355902357857
11.0386860685565
6.687256132521429
-4.999615849120264
5.66498900255513
11.54350192803748
5.38233018070372
-11.54144403332083
-6.401782252612741
25.98604867908066
6.352272632404804
-9.989847428286195
5.755249287654088
-7.083366821778731
6.88401933457654
-1.662659780469073
-10.99828572940092
3.478663808086112
11.89772720645701
-5.472404027290993
5.672586948250174
-10.10121475210756
-0.6299494798055476
7.818923142931678
9.808517242393266
12.38511278649411
4.920243186257329
9.4712652849829
-2.755400702535744
6.223007158860321
-2.844119265989209
-8.093806881409321
-7.07780663907084
7.499709463539492
-9.067126443249144
-4.516104320275289
3.932768421457013
-2.776203747966782
6.511843122827062
-4.823562977877077
5.151012838096313
-8.546679153437939
-3.882515932156302
5.52588173190504
-9.515853885829442
-3.067596695719447
3.898163804050367
10.96109014274363
5.728127336293336
8.419063410881517
9.288046864920357
-30.801580713921
-13.18361222687945
36.78999767506755
-11.84863296696714
0.8689834490888944
7.317240634305341
-6.22514025012547
2.509831690561722
10.63894324259626
-0.1026806397133705
9.725450178702555
1.12456598074421
-7.03836480937221
-6.803439650019147
4.66416325967384
-3.566941071944665
9.40839770017628
-8.231104382217037
-3.664914717760625
2.707638755387041
6.448257189030929
-1.36083028767561
-10.7416238970059
0.4033670444564452
9.138338949847185
6.716199918835152
-0.9134930441034655
11.14499095810979
-6.700758980512355
4.551022151559676
-7.675643920013284
-5.249687615485771
8.448872717076659
2.425956320334031
4.566189682177367
-4.807408939928758
4.654639759557473
8.795724032332608
8.734971922038472
-2.422139014106879
9.718201503006053
9.462048694062078
-14.009144317184
-9.336153059241957
-1.67391227650709
-8.095117363070395
0.3479205480319388
7.160519280152242
9.188564006740311
-16.36018891775993
33.35395694167676
2.849674443617398
-13.18238903888733
-20.67439445449512
-7.62969294354558
12.14034051276268
1.590949234097796
10.03398715015095
-10.88589671780589
-4.314205536735872
-8.600884175693748
3.306615187521328
9.220642167015557
11.48446551653942
5.052480804018131
16.07163362267861
-2.351143332414216
11.90749934095023
-8.162930778830033
-0.1012845614643684
4.587168106139885
11.23744095391658
8.215829647244828
4.605159601699897
9.278150829731048
11.01915287001451
-7.403624199144547
4.672991242986735
5.914026960504497
-12.00878386355627
-8.29272778130019
0.5417037846395957
15.90761258496469
14.62425144667114
-3.002031989670152
7.684334361902466
1.741002065246326
7.662240796853344
-4.320985742797252
-3.98572112054217
-9.218683928160113
7.322385639115974
7.759151892993469
8.617210201725912
5.921238687366039
3.628661553372155
11.21193448214436
-3.021611318939306
9.431793399107409
10.82533223817801
8.834431562199416
5.290695801227926
-0.2561528113432201
11.98596896885899
-2.106353358260931
8.782629647666901
6.734290098199279
9.974575818917975
10.354349724001
-10.92872445935973
-1.472194902922695
6.37035781389494
12.92185819649512
-9.298631131601555
2.163640101855431
-5.767451628358947
-1.208075328573624
9.456529545552712
1.630093338642039
10.66460486372022
5.878512935233113
7.842552714700921
1.964039774016501
10.15995348561062
6.571888308780407
-6.161171732996753
-11.23003901231742
-3.0341252951419
9.719929605503838
4.914443211032547
14.60259239753101
6.551500379803884
8.195913714443046
16.14448222542638
-10.7582180960103
9.592981847252823
1.2684311685231
24.42941803946209
3.531179513664155
1.551596605060905
-11.18146342110096
-15.53289329638524
-8.714223881909644
-6.137628412282511
8.061646206078843
0.2349251232887094
2.576595526083679
6.37255349086851
9.038782459666667
4.141084273615527
-3.203339320115984
-5.251678871232791
8.710853545539392
8.876798316115989
12.45340473927072
7.583272933006401
8.443037913578019
8.840643459075148
-8.753348596200452
-5.242755113205318
-1.690422259519887
9.617684499753864
11.62370758172017
6.78389415366817
-19.30605941111558
-4.469623219813281
11.92993706042949
30.05018368946937
9.881719996497557
-9.61791022417531
12.75405489283179
-3.588065175823367
-19.63377605894472
4.748516907295298
-14.75111328036355
4.88266278867217
-12.73306003990245
-7.85634760622656
-5.828302882311468
8.134229528898274
6.226200059220394
-4.897698185680405
12.08013763515554
3.510593481445894
-4.420498255673318
7.062926337695283
-7.931091733597634
12.02664926602549
14.83643619166677
9.688149187141285
2.028044724618009
14.08254766331359
13.96253241300963
-23.05755849422567
-11.32039238926483
17.91275931106735
-6.312422874792641
20.82337068723237
-1.283361140984555
17.44978618642092
-8.223278220370551
1.417722694312933
11.73716610448257
-1.908029467544756
0.165944769399722
16.74513561909136
-13.64519557064363
29.23315169975411
5.087951760894518
18.73314732980919
-6.359082575499176
-30.50428250738795
11.25888591152945
-24.14519993774487
17.61796848704203
2.910611375681399
18.95294774850796
-16.03206348762513
4.4835991701879
-4.843154121872885
-9.326753297750768
7.188792129072829
2.08067523164444
1.016000242272462
-4.351429920638022
-4.870131799028714
5.816234555209975
1.393538841626457
7.965230031141054
10.68636635133742
9.641000909654853
2.148995476893394
-7.492005424184742
6.571691185003375
-5.232962807034252
11.30810675946614
-20.33816935571952
-18.33214627388455
-4.285566898747645
18.76221325034783
7.726222051174495
32.59423115279947
2.006023082379218
16.05260245685842
1.294824562570908
-4.839813427251666
18.3211734448791
26.05836832533413
-23.80083845727723
-8.185002255356029
14.86277789440634
-7.221647607052414
17.26247286174711
-22.94278014893683
36.75155533705657
16.57919084974782
0.8580583082101864
23.16098687133032
30.64815095691531
16.39956028063801
7.737194881791141
23.04778014925281
-14.75777789408262
-40.0742760916549
-38.16995869442726
44.06307590403294
-14.43114788848368
11.83957786777423
13.83201790276363
29.27163623462153
21.88877744278113
-48.63863064023028
-29.86592728505119
1.90431740805706
24.484120468322
27.13579356245872
2.651673094206232
19.48908247562007
37.46671282567064
-14.24859067615069
-22.91095607529085
1.957053025394533
15.29849055031391
25.52016582900219
-43.38693386659663
-43.18161395044719
47.51517715419614
-0.2362154343627761
-41.53379804096856
18.12024662853002
29.54708122609475
-24.16175608090822
-31.54461487410726
35.35730660211922
-13.5669845242555
18.20326017630662
41.94207100067817
16.04233637437994
34.8150397314976
18.77270335724028
24.86800910171511
42.24700472433346
11.4268345974832
-20.16846367723681
15.43961833202562
25.2363915060963
23.56311280463765
-18.71989625855017
31.00239324822854
43.15071844618111
1.853135824331031
-20.39317496067641
-7.382858792616523
9.796773173903484
59.51906268244413
17.97763035007951
49.72228950885359
-1.673278701633195
6.58476439857162
12.14832520002793
44.06281964880709
32.85549017147138
31.77024470034703
23.73881081515766
-21.01616857415373
-32.22349804929701
28.65516375060077
26.27072576022764
-30.82017013935075
1.64781591932795
32.46798606187362
10.2216752783715
-47.75139259652899
-15.83689815791654
31.1435410456943
31.91449444658165
-19.49963020416609
-22.2463107855003
-11.20732947623952
46.98043920361062
49.67133232334881
2.690893118332125
