12.35987173411122
-5.265389610145436
2.263626713578968
-4.000731732719166
-1.310650221192615
11.57137072446238
-10.12528804179682
0.6917986142920111
50.64605391632842
37.38029272921707
46.39435118045551
-11.87408779970784
-14.37460641543228
13.13812475144796
-2.380360355913042
24.33469919094917
21.01699754375283
25.33475115558608
-30.09435444778777
-7.033576152268578
-11.6855642701589
-1.940982195538237
10.40554323543168
7.660994665954861
10.08457803319022
-10.19518115958005
-8.362559208371524
-1.804905442027508
9.838417954170303
15.65531405056871
3.108315223820321
-6.500563570841267
8.786398256213253
11.23257939997468
-10.54984702920326
-11.11535849549449
-3.035460960462662
-2.307092625168008
7.995838466602538
10.44547539084545
10.28388557509522
-6.868915807537896
2.625975599326706
-4.422734650594487
7.741826659419664
-10.30407372918067
-16.69979776880842
-4.836890155009375
8.597606301963475
3.052611930415813
9.212220340763972
15.39600282608566
7.395775989631348
-3.317701647235512
5.787124023313412
-8.000226854409402
-9.608878802772306
5.678083040503743
5.356458802929287
-10.71347764246208
-6.395724036169321
13.356685656944
-1.133568595210599
10.72933901818511
11.40079732282029
2.660403144090184
-19.6298827395581
-25.61899879985069
4.317753611887825
11.86290761356784
-24.48543020539435
-32.36832730818529
-7.657909976954539
2.371105217197421
10.39302797369879
-2.542058899264481
7.999504119238132
13.43449645770019
0.6714583049867813
7.196253596485342
-7.382777549733855
-7.704401793070121
2.112113882763661
-1.54479338343943
12.14112906920252
7.193333066520464
-0.3216242371799734
9.494891431885572
-0.5655114656471438
-6.238242861941777
8.242754404473979
0.6146140415929574
-7.25492241144345
0.8873940341135572
-8.328411582188304
3.247327149957032
8.465232284530574
6.487666346755572
6.15960840996373
12.19752668737362
7.035262637828899
6.524795292041992
-8.740394178337748
-1.473679053541695
-5.162264049913326
-5.67273139581322
8.079897537173229
0.9590472288023679
13.24216158579056
-9.273703673530083
7.892150690974342
-8.508941690280697
35.72611563780946
20.9040412107584
16.96980805807799
-22.1669495750578
-44.94956064510679
-24.4579734754474
-3.289896791784404
-1.184063041749232
-8.639907688782072
7.741402641404102
9.318186514224482
-10.23275090114985
6.933103461227074
-8.287713572671537
-1.453805169706625
5.433213619157848
-5.350010895102725
11.03129942958637
14.82714405694073
5.6113384393712
-9.157925672852544
-2.270906885228945
-5.432985828443652
4.981818909743705
-11.01635470955814
-10.21891397726389
0.7647619832019128
1.945037327018982
4.514401569610182
0.7974407313240082
11.78111669332771
-24.29933168130956
-17.77588431196558
44.3978018395515
35.10264307681871
43.76379744901547
-38.8087721936494
5.32789806148447
26.83661883563978
10.65265229041553
22.6518148576823
-29.75005434765709
-5.287907710310238
-7.455844648927527
-1.07348916899441
-8.95573449172586
10.50224955903152
7.266715124063672
-22.29028588238199
-1.499889842032994
-9.215805618052036
-9.845325144179577
-2.985397937715806
5.600272317373883
6.38827300120736
12.35386045261399
-7.882245323756603
4.602868428812647
11.43677682736404
5.403496709136237
-7.750395633331387
-9.849457274528287
12.16395130215345
-25.09677241137327
-2.288374401880988
6.833908401505176
-14.45232570423764
-6.033280117923925
6.887018788244189
3.724939843403678
-10.24995762980256
0.5569508722874654
10.72974883965538
9.253412378291335
12.23362547571803
9.758219960126294
1.663136457570306
-13.15389234031192
-6.810052923356021
-20.20649709168776
10.41480473711987
5.095172193860082
-8.095083501531143
-5.319632541607532
6.859927208175501
0.1888980253271959
7.226560048716612
11.4076966044156
-6.844089327787996
-9.810845641393721
0.3619523291107052
-8.458852301549562
-4.277715737985192
-3.316954585411022
4.902484342073621
6.056716362760203
12.34496902979711
7.037662028442432
12.17955974858144
-13.19025569436621
-7.032987357216178
4.181136561968634
5.141897717860789
32.09478404520787
36.93726340186814
-41.98122306359721
27.19316665536083
0.1947683586654372
10.80690850249535
3.328011099255771
-12.85595544161352
-11.04574426960824
9.180200079706577
8.947254186387708
-1.079916367960237
9.373670941577386
6.157268335135124
-4.288385389695121
-8.473189378998354
-2.96675631770698
-10.44565372282214
-7.478897403644628
10.17279796766795
-21.04785550053024
-2.099061640300011
-22.47356801502723
-7.052604751879501
-3.859604146833873
18.94879386105413
-18.68167857191729
-29.85265366503004
-1.42571251507452
-16.18396654086901
-4.184803983630361
-13.39644416640412
-27.93972256951358
10.02901518874177
-8.98031563909881
-2.922533549224921
-7.870329552659841
8.54937327087195
3.772252370837295
8.548854696208629
-22.02107170829765
-19.18222986809566
-2.699412578685078
-10.74726112685909
-21.57575372011312
-7.628140364046731
1.10998608602903
12.7525680130177
1.435248151119693
-7.995043981503864
0.8515327514397238
6.595485769306602
-6.219609611776372
-1.476336457780815
9.96582789595084
2.980213103228912
11.44216435014829
8.461951212412529
9.744582074620135
6.523447370632427
22.80839800871093
-14.82207442623492
-18.75630758066845
27.63763270015014
2.357877747861103
-0.634004390160496
-39.06990377847607
-5.989116059946183
-25.27975495223754
-28.27163709077596
30.94367539884866
8.661154373474561
23.06077829584994
-22.28252103004488
-7.882897100887002
-11.17097509260438
-43.07099078524771
-4.901617391263619
28.42694115051613
-31.90001569315163
-41.42778153156031
-9.74409674897921
23.5844617887417
24.46214663973696
42.17599142226184
19.39338036557672
-13.26576118597728
33.3285585431959
15.42096326252603
0.8776848533848699
-14.54327840668411
-22.78261106276427
8.738126450778747
-9.154982728523727
-1.712498036490203
4.519657471461341
8.496715030987978
-2.713527005732173
-32.6591415521222
-23.64508309929577
20.49158716239922
9.014058452373128
44.13667025554296
7.442484686012942
-0.2329458924604338
6.441455732233753
4.635544958236119
12.16456129360273
8.021922758689421
-4.947796003058563
11.47190681839279
-10.09624502053184
0.44531798910667
8.434968741318411
3.449984059678409
-2.393523852939557
7.529016329545644
-8.047848548154642
-4.643320848761077
1.83262195120814
10.54156301780782
-4.984984681774653
3.404527699605327
-7.604382142523166
0.7851302416788539
7.261073050402638
7.74457849055243
-2.299048337809287
-7.604900720081561
8.389512381449839
-0.000518576421079688
6.475942800180803
0.4835054411085212
6.557653775751938
-10.10666335896913
10.30827570238822
-9.486332101842724
-5.008292261410618
2.165919838595581
-4.253370998752172
-8.137555254843972
-0.3798205207369139
5.48749169905658
-8.495347676651038
9.246521205272243
6.07414834040044
9.740862699117287
-10.04362682685673
-4.241976682184518
11.64332340404425
3.666714365492659
-9.828169009808613
-1.874058479793615
8.863365199381924
2.703922639059477
8.5055727812054
-7.378532078438592
1.576783871419225
7.954110533242228
2.449636929004111
-8.565164895378024
-2.187838228652191
8.549585456675521
10.93368447634093
4.383416904049189
-3.347259766010819
6.377326663224228
5.217905131648261
10.73742368325603
7.757734732462458
2.384099017301202
-0.3577924187465388
-5.652713979843604
2.285719803301008
8.793892737153431
5.986700066718277
-2.537278668417266
-7.497750738824224
-4.933396474787568
-10.30703219021482
-2.075649350808305
3.665936179645315
4.692945250020325
6.770843226969252
-5.37363571518641
9.626341724670624
8.231382840145226
-6.550267575988937
0.1156205937433352
-8.115762247747785
-1.476398307988364
5.741585531192139
3.896548773129291
1.546120581809384
8.212008755385563
-6.18455609145825
-8.162122032040122
-1.408533900035982
6.996351757367255
6.665888173429189
-7.730676671167273
6.639363941672887
-1.215657000871518
-1.977565940991381
6.753588132680617
-7.949293654555973
-5.20958541634187
11.14843070348104
2.166793530885724
5.598910242438505
-8.966611455767673
-3.001024002063587
-2.678358797150428
5.403861657845682
8.069060200920539
5.965587451945046
6.288252665637337
-7.855020944457534
-5.189822405694636
4.926264785439876
5.372947084407311
8.404885658077195
10.74741899911894
6.232155501645967
2.665198540167879
2.739708239857544
-4.515263500772925
10.11608718828843
-7.254971742532671
10.80849566104697
6.152377932225267
-3.277914191872612
3.977057554779971
-7.976609059622723
0.6203312571259342
8.59694035315546
3.759029505825802
5.801650143409153
-10.08245471417865
-5.305852383999049
4.776602328453005
7.938433784827009
-1.845036758165206
3.104907048271302
-3.939313035099013
4.132057092218519
11.2812624249555
-1.534787015013496
-10.85073775009149
5.639425158041666
-8.772839772465971
6.508172935755296
8.071370124259102
-4.833526735350729
-8.385514375928791
-6.822317194380119
0.3268881344378972
-0.2530617180558055
5.638461845232861
12.32113426128277
1.563197185445007
-2.807192667150744
8.132452662048117
7.149205333282502
-2.500518613957368
-8.142355863792204
-5.641837263129687
11.9942460931823
-4.587559876286066
-11.93028672999496
-8.077472921843336
1.884860701435702
8.701441424983043
12.22914915897002
-1.942710116070463
8.99693521443994
-10.46668885232667
-6.892206043719153
-0.4828616965079393
8.20614917391214
10.93964532861034
-8.523978734356323
-0.7907860425749549
5.891523574021352
11.54193838317173
6.546581663004341
3.574482808013982
-5.407154368262994
-4.96047206896383
-8.981637175647315
-5.549520461177202
6.409344346698916
4.638615922123928
0.4466822986101917
-5.571998422041171
-7.342726848141
3.117012447911175
11.66092418506179
13.28900130154662
10.18813638126011
-4.656117729955247
5.328740370201021
-1.770728424519277
8.689010868371545
-4.859396011196822
3.852813808500667
9.984858101289641
-9.430292127636545
5.160237612257254
-1.348263079511747
1.214332054065303
-6.1728835778878
12.18042991466397
7.363946736287825
-4.82462049489949
8.712209816254569
3.31560782402352
-6.191667369272621
-7.551040004033087
7.210330446853644
2.793248452762624
-30.13021073550739
-5.216626440976489
37.02707835262963
-25.38214096518848
-6.986250553972583
-11.2102420444452
1.775434374721732
-7.306008400356993
8.526818919338728
1.45567654154217
-6.834418252774704
-0.6173370668902681
6.868820102799211
-4.22399149566102
8.761684933688393
0.4715901529688531
-6.60098560839277
-10.02717055861527
6.674401631662968
-2.807119565810316
4.297407530545978
1.282630880915571
7.220050997788984
-2.376994107543479
9.377049068465741
-1.013221777444789
-9.691594314392416
7.02761800908806
5.937420100030331
12.02556026348296
-13.13116866107252
4.716573950921959
-7.387215635429486
10.96609786674601
-6.261780850964629
8.19253861258696
6.08814017972916
7.10452709918499
8.543911735378835
7.337367710310308
5.650414801637299
11.02930908527367
6.682672426594009
-4.995356727813732
5.659443843827942
11.53385693246276
5.378894289875546
-11.52902916368218
-6.397613490206532
25.97928931660586
6.350540630705199
-9.978705908966536
5.743953021755112
-7.071142369585956
6.869387816957446
-1.657998825097865
-10.97835480341771
3.475964657298968
11.88654392586059
-5.467190795380888
5.667128135276028
-10.10771746562404
-0.6290085949526478
7.804576973377632
9.80297177125196
12.36587122416522
4.925134783712798
9.478708876040233
-2.744548577074009
6.217081191270689
-2.842862656911187
-8.088962678834877
-7.072575765416639
7.486157182750536
-9.059943855321242
-4.506369751680193
3.927215866849269
-2.773559251714602
6.50522307835683
-4.816483181745829
5.145850444094931
-8.527386658244646
-3.872777902691748
5.511164020861918
-9.507275192391891
-3.064799796092926
3.894722621628416
10.95191118372733
5.723460467205203
8.410579274132477
9.278782327034289
-30.79171369826803
-13.17848599762199
36.78920989496878
-11.84713133057984
0.8682030505158388
7.31067844461309
-6.219415786954112
2.507477128727683
10.63151126919783
-0.09946224036984139
9.71773662308631
1.121724305781361
-7.020186974413001
-6.785670554414414
4.654608771742023
-3.558941328501608
9.383941939221369
-8.213550121747375
-3.652255862638675
2.697733653348545
6.442475395774061
-1.359372635249772
-10.73097351580278
0.4033454000904732
9.130238300216735
6.710189691509526
-0.9137746380666506
11.13431892319715
-6.686208301506965
4.553574115062144
-7.669683374460585
-5.246100021589912
8.433585607912724
2.423583359638456
4.561294267075609
-4.803201314208245
4.650873266192636
8.788260263212392
8.726892907430297
-2.420048601362308
9.710229513238076
9.454074577966107
-13.99870948627022
-9.329148597478378
-1.672621591293963
-8.088878576983694
0.3474138236476937
7.154518875192074
9.18054468468258
-16.34487237709051
33.35094514719881
2.851081188860046
-13.1741199661675
-20.65748104630445
-7.623964321196643
12.1302781124583
1.589579906133409
10.02587230903365
-10.87957211010293
-4.312608669214456
-8.596012308147165
3.303713302314731
9.213544222387439
11.47679024926459
5.049227554409815
16.06064552398389
-2.349431059377201
11.89972560130378
-8.141911275686908
-0.1010714786671123
4.583855274719909
11.22915091367967
8.209790457642482
4.602138398226183
9.271699274858978
11.01141799082577
-7.398658639818482
4.669560882712479
5.909830912096451
-12.00079706407574
-8.286067146787174
0.5410733236759867
15.89309468325322
14.61077688080019
-2.999429300803541
7.678047281794081
1.739718726259146
7.656527012332965
-4.317215137702514
-3.98249857022842
-9.210949287106528
7.316334695210954
7.752469705413016
8.609964355347111
5.91680826805251
3.625935188009636
11.20344611581112
-3.01936046112464
9.42435636121442
10.81708665602129
8.827140468774765
5.28663785031876
-0.2561549364813918
11.97565132149821
-2.104405801282105
8.774966209872852
6.728725058607279
9.962333626828352
10.34428845754782
-10.91860939044075
-1.470352824987878
6.365288064670862
12.9111934708606
-9.290532280383372
2.16185754794702
-5.762824550758221
-1.206544019912841
9.44825656079637
1.628077114713485
10.65480057635872
5.874413092796519
7.835640888844689
1.961227793580959
10.14830152022865
6.567209100954942
-6.154962636728292
-11.21988822309471
-3.032814493925754
9.715339633468549
4.910816855532237
14.59627660469728
6.545905405070298
8.18707372809129
16.13070507960306
-10.74933592345556
9.584799675138072
1.267524759980984
24.41381248898302
3.527707734264816
1.550323254736574
-11.17184847642194
-15.51848510975091
-8.678372560390745
-6.115473138298831
8.040839792511973
0.2345164047873169
2.562899445534715
6.349989523953958
9.031121146383359
4.137386997292208
-3.200685111042642
-5.246926263239646
8.703097196558389
8.868999732080487
12.44371683115865
7.577510929621305
8.436292401766005
8.833130860919887
-8.746159450357167
-5.238559344010489
-1.688970888144787
9.609862377510888
11.61455086017773
6.778301340576397
-19.30131758071774
-4.472304767410628
11.92788653896372
30.04553822172493
9.880023684557615
-9.615857831348279
12.7481541241532
-3.581092418852224
-19.62874869099088
4.748069776713086
-14.74781172532689
4.880936969882258
-12.72217173686511
-7.849159978679423
-5.823134170521056
8.126889286958157
6.220543580042917
-4.893734149266255
12.0696848425402
3.507600106314824
-4.417081994843253
7.057188562003727
-7.924682099786729
12.01686068396245
14.82901281349222
9.685459749429114
2.026025808628586
14.069703557749
13.9500234582325
-23.05501358955858
-11.32208600568458
17.90538584305155
-6.312132987496337
20.81025634354614
-1.2823178036487
17.44193790383556
-8.215047400262888
1.416736744921497
11.73292758387382
-1.906345705942195
0.1659025348298407
16.74288060236242
-13.63927328928272
29.22747184847393
5.084982419823453
18.72425570845059
-6.357374536303969
-30.49986396217678
11.25585316433829
-24.14248942831313
17.61322770064636
2.904870500326473
18.94458236833437
-16.02520115720588
4.478039861101246
-4.837910883736036
-9.315950747448174
7.174212136530824
2.077897977287277
1.016386913751609
-4.346636652209769
-4.86620589861175
5.811270684915697
1.392730295896172
7.959693740359908
10.67747658238418
9.631784143144381
2.148423055866442
-7.483361083707503
6.566963442550963
-5.228450716700227
11.29883326554768
-20.33311425157288
-18.32842576899398
-4.284535380085302
18.75527807234229
7.718164401511093
32.58580527466965
2.004688483151028
16.04857887136026
1.293629660153043
-4.836249519058875
18.31003821075943
26.04659017080376
-23.79566964189978
-8.183225781643801
14.85658767140831
-7.218691574437579
17.25376922275401
-22.93817499201439
36.73879591359655
16.57697806730307
0.8574946497195858
23.14628772927578
30.64707288384145
16.40019130675981
7.736551961409561
23.03981345256805
-14.75494921084193
-40.07821768970953
-38.17275773251307
44.05382019223178
-14.43248327258439
11.83716589722687
13.83052720262104
29.26661820458969
21.88220824232764
-48.63634122480679
-29.86194211980978
1.905459961738041
24.47246079703203
27.12238933123936
2.649928534234622
19.4850266911837
37.46403950847269
-14.24688157697674
-22.91052092258299
1.957119949673982
15.29640409583892
25.51740252527274
-43.38722275728224
-43.18181788436359
47.50841308321819
-0.2361670451216963
-41.53386415497101
18.11765168262761
29.54328567249397
-24.15942015571253
-31.5438301191869
35.35960644799383
-13.56481730196645
18.20258478275628
41.94285925043786
16.03971186865355
34.81411097436261
18.77439910588402
24.86764087326685
42.24370479355633
11.42563398978617
-20.16551453060584
15.43609100215355
25.23233797273762
23.56028257660867
-18.71961211708156
31.00316751523111
43.15105571803695
1.853358601763153
-20.39166751362478
-7.384409963011287
9.796246970399725
59.51902660324278
17.97901281736323
49.72277963317104
-1.672055396312649
6.583252802593362
12.14788820366483
44.05920132514357
32.85290197940726
31.76740208460599
23.7402744638053
-21.01035495565945
-32.21665430046042
28.64589864287901
26.26964917148772
-30.81807080903078
1.647953733488181
32.46602454389009
10.22099842914323
-47.74458013170825
-15.83326701451234
31.13290507133583
31.91131312056354
-19.49588150897316
-22.24502611561822
-11.20629934526857
46.96617208584775
49.65625359795668
2.690081511526511
