12.37013693457361
-5.26923962899945
2.265565124292047
-4.000997856387535
-1.310384097524257
11.57555230067379
-10.12991880873748
0.6921124750591191
50.64955125420037
37.38303424285374
46.39832225236008
-11.87856653308092
-14.38198112781484
13.14449275371813
-2.382560101764287
24.33691116687936
21.01708677929188
25.33950995854936
-30.09786890238269
-7.034575280314849
-11.69569177948431
-1.941777760725129
10.42286247212151
7.671105858669383
10.09621588955495
-10.20177349059444
-8.36729258662811
-1.805713443196638
9.849747044344284
15.66653744485304
3.111105170319454
-6.50443036952433
8.792192331691872
11.240550288074
-10.55892074529137
-11.12483670185251
-3.038125729312203
-2.309182228200998
8.003130556523248
10.45512269277057
10.29225911242963
-6.874345138622315
2.628206522955336
-4.425987156779456
7.748131653799868
-10.31032465041349
-16.7095940012007
-4.840057740761417
8.603572595534621
3.054589042541138
9.218701813622532
15.40725302539126
7.401868114278787
-3.31982438762655
5.791717469914976
-8.005384945751072
-9.61553555547621
5.681087177004964
5.359528742309559
-10.7216925126887
-6.399269344116386
13.36491368764014
-1.134588465094632
10.73494779407497
11.40651780806906
2.66188416849322
-19.63561132531864
-25.62489167453188
4.322423179355599
11.86953625975622
-24.49030321078819
-32.37408523951478
-7.664052591695962
2.373454479550527
10.40373924543856
-2.544127426833948
8.007040987628109
13.44363033817697
0.6715700146490491
7.201050600652269
-7.388688632173242
-7.710247078657161
2.113863078535954
-1.546134309614663
12.1513701352969
7.199398274390617
-0.3215584342750872
9.502551710012995
-0.5659159548038467
-6.242579739405162
8.249738517056953
0.6151292237583876
-7.261471855822155
0.8882160853685005
-8.335881124001501
3.250290795424249
8.472934374163744
6.49349920210627
6.164112769964288
12.20614437094413
7.039749827983105
6.529480586772641
-8.744633638528317
-1.474547702493547
-5.166394543797763
-5.676663784386512
8.086710977380189
0.9596229503037045
13.25310551924958
-9.279529583034471
7.898562504227766
-8.514297528263915
35.72783426222105
20.90556121026052
16.96864255451962
-22.16902565586272
-44.95385774727647
-24.46052160812915
-3.292856300818713
-1.185093649441048
-8.647399321143505
7.748399996844844
9.326668990967162
-10.23915253092395
6.938939552302065
-8.293008306261164
-1.455055773870621
5.437689927079994
-5.354543016316461
11.04125629082666
14.84042286669728
5.616325654933767
-9.16556608652105
-2.272820387398089
-5.437694492884785
4.986232332919847
-11.02138563602807
-10.22356201603473
0.7652320554787841
1.946144221752405
4.516531759117652
0.7978236180721707
11.78661769278443
-24.30359840529835
-17.78096373167847
44.39944886254652
35.10347448539179
43.76548735881585
-38.81040358282254
5.328839958700741
26.84234677921381
10.65503517266855
22.65672260638816
-29.75335720323747
-5.289212924150121
-7.462305675710671
-1.074409264697818
-8.963555302723632
10.51176264607916
7.270085934385881
-22.29749549204066
-1.501249625245282
-9.224097212851358
-9.854190527980192
-2.988028431277677
5.605283125381355
6.393883003880649
12.36478730230238
-7.889146040527622
4.605407568020221
11.44336009238932
5.405824706888958
-7.752159575602252
-9.853812132763712
12.16970623393854
-25.10142202163259
-2.289513469553549
6.837952529479771
-14.45921970322307
-6.037535384506145
6.892745700036871
3.72787159197234
-10.25560098371164
0.5579348305114661
10.7387625681185
9.261015686109117
12.24369805930251
9.76540697422673
1.663959010458952
-13.15798427848028
-6.812905200133703
-20.21280910865856
10.42392682403812
5.099419980687157
-8.101447961971999
-5.324506840044466
6.866162099639336
0.1891975281067237
7.233281907624342
11.41827362319058
-6.849626979464754
-9.818743534825707
0.3620842083480019
-8.466576418160939
-4.28158468629819
-3.319991878593493
4.90683044131991
6.061919573281445
12.35538279645105
7.044084389280608
12.1906689368606
-13.20086794086328
-7.038824515243713
4.184991728500597
5.146584542755346
32.0973792465874
36.94016411243597
-41.98476662114587
27.19532776996897
0.1947438758242863
10.81353581496616
3.329368950904478
-12.857942647251
-11.05618940372653
9.1884151262248
8.955699564529816
-1.081178726928418
9.381911439744357
6.162043421380456
-4.291240012715875
-8.476864207279236
-2.969116563033461
-10.45328343060471
-7.484166864804666
10.18082773813551
-21.05285866502972
-2.101652554722288
-22.4786827502255
-7.054824831328747
-3.860702437896296
18.95120611161494
-18.68297548700206
-29.85492697094923
-1.425824086233545
-16.18731159815522
-4.185624183694535
-13.39990390521174
-27.9459355334696
10.03750706085382
-8.988444829259539
-2.925549676289811
-7.877521539032887
8.558211759246998
3.775860081712397
8.557484800170467
-22.03834800124434
-19.19505316259529
-2.69653975082741
-10.75131770019127
-21.59175141584445
-7.634609295160645
1.110923289435289
12.76430491568981
1.437170267722132
-8.003443436884222
0.8522516682019874
6.603571199356759
-6.226873868667164
-1.477746875148257
9.97501066568158
2.982682384387405
11.4527575339686
8.470075083010768
9.753914018758618
6.522634675386477
22.8119085508171
-14.82227305053625
-18.75919170916658
27.64038163072077
2.358555244326972
-0.6339615029902514
-39.07060890460843
-5.989280348510057
-25.28182638601788
-28.2743431346928
30.94707565179833
8.66201287594884
23.06329362271858
-22.28506278479688
-7.883782025014683
-11.17195148279642
-43.07458686509054
-4.902051479401052
28.4291028859862
-31.90263538344486
-41.4291641589599
-9.744836347236062
23.58631801049228
24.46414428366843
42.17951049696921
19.39467843135067
-13.26651700914005
33.33115436816968
15.42385791760811
0.8778262777567379
-14.54603163510714
-22.78483207735795
8.745532585713786
-9.162223555380988
-1.713671193209922
4.523492448789204
8.503367297667994
-2.715693206714249
-32.66119544159086
-23.64590742899351
20.4933361251559
9.015288011713588
44.13924354228595
7.448552350912393
-0.2327155595545613
6.44653036602073
4.639314002901424
12.1741187787831
8.030284769773937
-4.951971861824749
11.48376143241831
-10.10457181028119
0.4465965871302378
8.443735462564756
3.453476662618035
-2.396698254979514
7.534804764586738
-8.054777949335094
-4.646947221197605
1.834480903965876
10.55116841320972
-4.990258800041854
3.407830728574345
-7.612399783946345
0.7856897499899859
7.267117892121046
7.750720391574573
-2.301980505670628
-7.613126748594455
8.398089528816753
-0.0007269625526933412
6.481428125600228
0.4836025012778206
6.561579161438571
-10.11330565395133
10.3210652519393
-9.494633459932327
-5.013264914498724
2.170315704856622
-4.256911767081593
-8.145122345199574
-0.3803622603452834
5.492729754722593
-8.502950912007732
9.254282457460166
6.077976671320932
9.749641524442096
-10.05270089446221
-4.246039152768565
11.65546050270178
3.671664866471345
-9.837770587708548
-1.876038507736345
8.871482836847521
2.706992540764229
8.5136542775493
-7.385778438286545
1.578268990984401
7.96173208654255
2.451992144805146
-8.573182569206475
-2.189719463674369
8.557801892650826
10.94370575511356
4.387269367561934
-3.35053900087837
6.383463098696145
5.222643572504886
10.74752135265898
7.764760081898645
2.385903857891683
-0.3578285609433474
-5.658261898025757
2.287514078375471
8.802451669606199
5.992794402399747
-2.539466596837859
-7.505051515694025
-4.937602700240705
-10.3164589236165
-2.077800416363714
3.669127232235819
4.697042013732532
6.776590824696852
-5.378856223189147
9.634644714582297
8.238658507807715
-6.556436394168425
0.1153802414131612
-8.12327826847136
-1.478067587992914
5.74692764915425
3.900138032575849
1.547748707918341
8.219565350291685
-6.190059665699842
-8.169494842585193
-1.409990671433601
7.002349405766421
6.671816642198086
-7.737808370218755
6.645210683121131
-1.217215948609846
-1.979435178025594
6.759504172580289
-7.957192864958875
-5.215403587408861
11.16027212185379
2.169050957694698
5.604959624361809
-8.974367232697254
-3.003462930704687
-2.680904024380552
5.408877151380656
8.076098169757778
5.970904298285243
6.293463220760408
-7.862426634373314
-5.195205624205655
4.93103820776602
5.378205626415791
8.412340078447594
10.75700219606652
6.237163629947964
2.667221012377329
2.741789281428843
-4.519838572057411
10.126243827313
-7.261627858479738
10.82036321661351
6.158860660196093
-3.28175302671316
3.979874839997223
-7.983795676672155
0.6186721940184851
8.602467940542248
3.761552702519126
5.806661739239347
-10.09277097315103
-5.31114624644951
4.781624723176035
7.945775979719838
-1.846789616092902
3.107463593299296
-3.942667495197024
4.136800763803639
11.29267092789487
-1.538244820167854
-10.86052869332407
5.645335939641122
-8.780979882435636
6.514937594505415
8.079468253142938
-4.838312383629181
-8.393364435960697
-6.82883379093018
0.3270363650921273
-0.2536309860837977
5.64092280803896
12.32645752125459
1.564530652779415
-2.809657260980868
8.139733457615375
7.155870164916625
-2.503414591470611
-8.15074954708224
-5.647334980873571
11.99942109110672
-4.591347198801375
-11.93999171816896
-8.083546535467162
1.886437420723762
8.707052587798799
12.236913279613
-1.94480253262852
9.004588187383408
-10.4770635325776
-6.898594696261393
-0.483071785204309
8.21308436672191
10.94939071704903
-8.532260996986423
-0.7915038260245733
5.89455381502591
11.54869686664855
6.550713194584172
3.578468833826467
-5.41275233543393
-4.965584916073021
-8.991221168693546
-5.555312498313117
6.415522909538131
4.643734973404883
0.4471674179340667
-5.576856568750046
-7.34864450756911
3.119299581726974
11.66903787350177
13.29839978694004
10.19904746841066
-4.661502559004489
5.33490140869971
-1.771787935646743
8.696156147304395
-4.864146060411702
3.856445183244247
9.996403970291219
-9.440613694417406
5.166400920546783
-1.350062856233393
1.216452572692486
-6.180065924128687
12.19151690748471
7.370528382036704
-4.830003060834443
8.720591237986605
3.317275586318047
-6.19523587138331
-7.555524053093603
7.214101664516106
2.794951805195526
-30.1326432250332
-5.21700905011678
37.02859690904162
-25.38430248903283
-6.992493345492786
-11.21906051858474
1.776569579437649
-7.311150325117969
8.537038193768293
1.457912627297763
-6.839937151164209
-0.6191242165322742
6.87592659802032
-4.226567182601858
8.769062936150892
0.4712131846809754
-6.604717857935605
-10.03687829910751
6.679245938633723
-2.809394083831854
4.301095284603422
1.283838971778299
7.227484224284469
-2.378150665823907
9.390345539112237
-1.01444636896353
-9.717259440852143
7.039949076070834
5.943645220125595
12.03799371698126
-13.14783805013216
4.7223711416548
-7.396518503881899
10.97506434642895
-6.268852175222797
8.199912875175384
6.094348527717255
7.110489373687164
8.549738287874307
7.342217030338039
5.654143036691933
11.03513462339131
6.685534733517812
-4.997983687787979
5.66290006249533
11.53978476854482
5.380991598395117
-11.53687278326072
-6.400012711908739
25.98334806207621
6.351551481689677
-9.985694709753609
5.751319538702638
-7.079125550205697
6.878985888004167
-1.66111161233846
-10.99122331982647
3.477541725701743
11.89331188233856
-5.470353394447226
5.670443381401919
-10.10335988518911
-0.6297886603378887
7.813532733182849
9.805695977125158
12.37790161267028
4.921754761455738
9.473571235059785
-2.751756628167906
6.220812945358758
-2.843670474788694
-8.092071886402865
-7.075931051071526
7.495050839648486
-9.064483434702755
-4.512666941190636
3.930654547913025
-2.775151466905492
6.509283611037418
-4.820988530547796
5.14899543049023
-8.540097531255601
-3.879129822850194
5.520869949460302
-9.512511457006198
-3.066508410444955
3.896826076638742
10.95749245612383
5.726287581319787
8.41577016678597
9.284435073033046
-30.79812356221232
-13.18179478921861
36.78966735787522
-11.84811321946646
0.868664902166617
7.314667944743323
-6.22286849437087
2.508919743192371
10.63580761508634
-0.1016599911803294
9.722290625124325
1.123559508040048
-7.032047583931288
-6.797216036075748
4.660967739318273
-3.564396315778255
9.399999801537419
-8.225364095914728
-3.660995199879371
2.704443809590619
6.446003045668133
-1.360288182827126
-10.73746761807094
0.4033291302808575
9.135117339265845
6.713815409027814
-0.9135169741816321
11.14079676181761
-6.695556020922499
4.551816516279934
-7.67351141495069
-5.248401411501018
8.443321469245245
2.425110016170076
4.564368910527127
-4.805748198459144
4.653147973558863
8.79279599194475
8.731788222451113
-2.42130191658356
9.715036069848638
9.458896167607561
-14.00488082979362
-9.333293787413949
-1.673379631048837
-8.092595707795216
0.3477341378594033
7.158163581441678
9.18543016114894
-16.35411858085009
33.35233065095964
2.850175078786636
-13.17908182502742
-20.66768819986577
-7.62733236756953
12.13633798282948
1.590414105202892
10.03074395490506
-10.88343982548608
-4.313569619016321
-8.598731099291173
3.305461321655949
9.217746464075825
11.48125083053995
5.051117572163996
16.06706665372709
-2.35039646304094
11.90419240315381
-8.155607083009144
-0.1012116173520215
4.585815823187771
11.23408497784953
8.213381773594193
4.603889853798448
9.275476872306497
11.01594912267254
-7.401514085436274
4.671587030443984
5.912285127175134
-12.00540398946567
-8.290083631682355
0.5414595882813454
15.90195417901234
14.61900637146471
-3.001007937405678
7.681873506506433
1.740472270336949
7.659914167768751
-4.319513740852312
-3.984439311806563
-9.215644187501328
7.319991215504156
7.756511022819817
8.614341605228617
5.919441862112233
3.627565960230422
11.20851755906696
-3.020703214079722
9.428815370448115
10.82203128366783
8.831543216923041
5.289075702081841
-0.2561399042388453
11.98193139834517
-2.105594024321212
8.7796385613441
6.732101997099688
9.969983963317704
10.35047585895587
-10.92487406171911
-1.471511531660065
6.368376950398338
12.91768605472894
-9.295512160947727
2.162936856325095
-5.765651477248867
-1.207521246896566
9.453362521291734
1.629361909538245
10.66088375984003
5.87688471389972
7.839888480384916
1.963003762049444
10.15551994511203
6.569837946329298
-6.15879315869786
-11.22599299262999
-3.033476805027607
9.718087401085482
4.912934735442002
14.60006152716934
6.549309102105117
8.19251618543306
16.13892772977395
-10.75474919949242
9.589618628950271
1.268047902761957
24.42328672262256
3.529860692154474
1.551178073531559
-11.17745301897431
-15.52705286013467
-8.702813117123835
-6.130607541198419
8.054395456694525
0.2348315188551307
2.572205621160309
6.365439023961628
9.035778466026612
4.139648019030609
-3.202292836093045
-5.249829401741647
8.707820018054822
8.873731927872628
12.44951860153087
7.580951602248473
8.440329847678633
8.837696023495017
-8.750530509816503
-5.241092029808899
-1.68986413161963
9.614566395511032
11.62005400357514
6.781705074380681
-19.30423999598511
-4.470571903094388
11.92912825296355
30.04834350960278
9.881050045782638
-9.617113203896487
12.75156419985591
-3.585681997975115
-19.63179659021174
4.748340748292133
-14.74982247489116
4.88197412341253
-12.72863110351206
-7.853550441744424
-5.826283864254087
8.131365551084206
6.223996344235874
-4.896130446811399
12.07602476305738
3.509438478974929
-4.419149859987428
7.060666378795061
-7.928588336173452
12.02279710341763
14.83366809319424
9.687126792241363
2.027266578114083
14.07754678424199
13.9576494167818
-23.05579034822436
-11.32043452415349
17.9101377275049
-6.312031414301535
20.81874658689811
-1.282947809729474
17.44655431057589
-8.220080670323435
1.417297399105639
11.73535582375514
-1.907369205110255
0.1659119088059662
16.74375893379922
-13.6427250277714
29.23057225118782
5.086777095811404
18.72950212221961
-6.358360429799784
-30.50215557963284
11.25796834318409
-24.14379515452649
17.61632877299412
2.908608859017176
18.95001034399021
-16.02925690793247
4.481368584775566
-4.840915307874289
-9.322283897333058
7.183580689582337
2.079548810926455
1.016140835444124
-4.349599877507344
-4.868566993514046
5.814314452472516
1.393215915276254
7.963086128532789
10.68288144368403
9.637378065418336
2.148771676838575
-7.488606381709158
6.569870209630075
-5.231204875249526
11.30443052722086
-20.33566213079951
-18.33017452285187
-4.284956846682593
18.75947563842985
7.723690651764298
32.59136445372943
2.00548760850135
16.05070528399886
1.2943503897044
-4.838348928481751
18.31688989244297
26.0538651748992
-23.79832773474579
-8.184142259068464
14.86029022669653
-7.220480709425053
17.25926806448906
-22.94049715261203
36.74638700860285
16.57784702495209
0.8578305819913614
23.15523882021193
30.64758910682484
16.39970015644988
7.736975283802104
23.04443248526412
-14.75635489403494
-40.07553576199695
-38.17082839724512
44.0598072090056
-14.43156471387035
11.83871594168519
13.83188881560551
29.27001230056223
21.88609678204
-48.63778057589965
-29.86451045153128
1.904707373440848
24.47974877354486
27.13077800155262
2.651029228062657
19.487118944435
37.46570084010437
-14.24788895025562
-22.91061382318414
1.957059977854373
15.29766653405035
25.51903975575904
-43.38683399172224
-43.1814892329886
47.51275880610004
-0.2361854971420941
-41.5336283721606
18.11921525625737
29.54555548395245
-24.16090417503206
-31.54481969486321
35.35801292978056
-13.56623779934853
18.20298003162076
41.94224372978965
16.04140148621672
34.81467161210583
18.77327012602964
24.86767380206151
42.24560595905481
11.42634022761395
-20.16729345120765
15.43812348513031
25.23479999487427
23.56197977892784
-18.71972755753274
31.00251303582362
43.15064850577952
1.853205618519692
-20.39254777406051
-7.383915519289267
9.796676509571004
59.51891710427003
17.97858189571356
49.72224059501698
-1.672820216124125
6.584230800068215
12.14813547161709
44.06145863534574
32.85451146898397
31.76921783078777
23.73926369077191
-21.0141441131789
-32.22109127777625
28.6519444981016
26.27028065874461
-30.81926574147698
1.64786086871866
32.46712661276977
10.22137322140071
-47.74894430964531
-15.83562115407984
31.13985369608687
31.91332316196783
-19.49816323643145
-22.24575339298359
-11.20694716547954
46.97547485016647
49.6660886101553
2.690613758863235
