12.37676200344669
-5.271740183916831
2.266813416460305
-4.001166185054812
-1.310215768856991
11.5788371546267
-10.13369696554564
0.6923643683763179
50.65086089508629
37.38412566468129
46.40003203945595
-11.88181338820687
-14.38727850331611
13.1500551724384
-2.384185631947431
24.33795129851286
21.01675291961133
25.34210940686091
-30.09956964324349
-7.035088571982051
-11.7021474927568
-1.942196881184831
10.43402916050335
7.677802441254373
10.10395049219881
-10.20583040814186
-8.370204648832363
-1.806215100399492
9.857619307344043
15.67375817005059
3.112895013766827
-6.506882260779482
8.795917424693801
11.24566860740303
-10.56477728622773
-11.13095308439989
-3.039847005970585
-2.31052833036575
8.007833584657718
10.46133321570265
10.29768006912109
-6.877840778591029
2.629645684587164
-4.428089562647957
7.752215420994064
-10.31433808031225
-16.71590011555264
-4.842100546453241
8.607407579063228
3.055853648973382
9.222866014315809
15.41440751150938
7.405720106864075
-3.321198378940575
5.794630216573403
-8.008687449828523
-9.61977729493584
5.683022431316664
5.361504272908856
-10.72691849986086
-6.401562026542362
13.37019172228825
-1.135233394744959
10.73856617253752
11.41020318536236
2.662840171324692
-19.63894637867008
-25.62822899415178
4.325356487374671
11.87379956813085
-24.49299560113535
-32.37719797969593
-7.668034387410351
2.374963588705229
10.4105602645926
-2.545464606598664
8.011869346441406
13.44950812812421
0.6716370136720837
7.204136363000511
-7.392492883200036
-7.714011057193992
2.114993643976796
-1.546998694724748
12.15799160132418
7.203320816086809
-0.3215181579588399
9.507486526429737
-0.5661757957134117
-6.245371767731056
8.254248955532697
0.6154584427436275
-7.265697044509354
0.8887430175240322
-8.340705052792114
3.252201653467617
8.477883402227588
6.497253752240344
6.167012363761279
12.21169532215776
7.042636351534092
6.532499350238924
-8.747363012575708
-1.475111338841126
-5.169058971754183
-5.679195971968353
8.091106084972205
0.9599866704557567
13.26016505439618
-9.283282933581777
7.902694387224666
-8.517747687451971
35.72825095319325
20.90611305025999
16.96750551476902
-22.1698824359032
-44.95563764894104
-24.46159497899172
-3.294766729686636
-1.185760067359953
-8.652237404128881
7.75291387637298
9.332138616361988
-10.24326960084374
6.942707714716758
-8.29641423357633
-1.455872999286783
5.440574625172778
-5.357470669100767
11.04768059717943
14.8489993385867
5.619551265169921
-9.1704987933322
-2.274051171074998
-5.440741660855727
4.989079176386022
-11.02459065165836
-10.22654428880368
0.7655352473163812
1.946855363438647
4.51787423015079
0.7980463603319309
11.79012590070151
-24.30589336853717
-17.7839123162313
44.39950852378188
35.10320130496629
43.76559832514242
-38.81063589254784
5.329340408497508
26.84573841132757
10.65644251492187
22.65962037470861
-29.75493714960003
-5.289954256773228
-7.466477342110329
-1.075008003708365
-8.968610434111685
10.51789869104225
7.272251671505922
-22.30178654790391
-1.502133089602799
-9.229448074890362
-9.859920154644174
-2.989729689498305
5.608510745832
6.39751255795287
12.37183300540737
-7.893602433835934
4.607028063821566
11.44756928780679
5.407288146359147
-7.753210059489217
-9.856595625733048
12.17339964730636
-25.10393972682895
-2.290224046230907
6.840541230460447
-14.46362369296932
-6.040281140015339
6.896447623358464
3.729757130394288
-10.25910689009029
0.5585848870048179
10.74459546657457
9.265935317874167
12.25019088743155
9.770038267492755
1.664484265011061
-13.16049820066393
-6.814666429607953
-20.21664101399005
10.429820835031
5.102156470813778
-8.105554000196785
-5.327664359863013
6.870190468852982
0.1893949852979338
7.237628433960011
11.42511204099119
-6.853198414023539
-9.823847293580258
0.3621632930942181
-8.471580475102991
-4.284096846431194
-3.321959122205997
4.909653182765582
6.065283146682457
12.36214171352327
7.048233461408161
12.19785482486389
-13.20771046872549
-7.042593409252669
4.187483624185926
5.149621357016309
32.09838341052452
36.94125023030598
-41.98611857061824
27.19615378257291
0.1947414244289664
10.81769177805199
3.330190997191179
-12.8591048882719
-11.06294873334734
9.193750027138824
8.961188654641099
-1.08199951753211
9.387242253257105
6.165117053825371
-4.293032625497573
-8.479150690429362
-2.970648889488187
-10.45814967489278
-7.487500781817654
10.18601058024293
-21.05575437521997
-2.103385562829041
-22.48163787606454
-7.056142814886037
-3.861346863415962
18.95236881400434
-18.68348476293262
-29.85583824826481
-1.425883502173777
-16.1892958854628
-4.186118050775438
-13.4019745801928
-27.94957463530463
10.04299796257354
-8.993680738291264
-2.927480952903689
-7.882151740658141
8.563846966316905
3.778180795298404
8.563002956002721
-22.04858203691197
-19.20250578308174
-2.693864955170689
-10.75316045211155
-21.60119669533009
-7.638790515094159
1.111528996603108
12.7718615393428
1.438394113188688
-8.008959200691919
0.8527423779324109
6.608874947834605
-6.231571278256512
-1.478660139763592
9.980949201265142
2.984255584160943
11.45960933209172
8.475353661087828
9.759950611571403
6.521981054375179
22.81371567903186
-14.82213790112389
-18.76074544022403
27.64165885662511
2.358932359644985
-0.6339101976680369
-39.07016811627101
-5.989282614552854
-25.28272649639872
-28.27556905560224
30.94868345112074
8.662397023489527
23.06448107211457
-22.28628643928339
-7.884202373705404
-11.17235348377512
-43.07599548483725
-4.902229631598565
28.42995474781061
-31.90364200261916
-41.42910048898231
-9.745096453955634
23.58708791551694
24.46498289879451
42.18085999504618
19.3951048156684
-13.26673522751944
33.33218438305602
15.42549505946779
0.8778949892447127
-14.54760006403157
-22.78575519469833
8.750319513080662
-9.166962717607978
-1.714474178082913
4.525975235429185
8.507764373148436
-2.71709774145247
-32.661840044625
-23.64593366580836
20.49404265170048
9.015906377660743
44.13997630203203
7.452488524946291
-0.2325613695299052
6.449864998512989
4.641751312223057
12.18030494211322
8.035596680847201
-4.954670786495971
11.49132791520744
-10.10994858698601
0.4473853438241003
8.449345331180782
3.455731234332828
-2.398690914490676
7.538553615133806
-8.059295496906117
-4.649348135318831
1.835625759309087
10.55733395143383
-4.993614096918288
3.409947362166121
-7.6175032091911
0.7860582567908464
7.271032173576023
7.754628541058794
-2.303824630712573
-7.618347226766452
8.403561459367166
-0.0008440148771493525
6.48497389520676
0.4835963698539177
6.563989571886392
-10.11926206224419
10.32955148537062
-9.501157294346211
-5.017054403973247
2.172922524174873
-4.259144189004585
-8.149912219598427
-0.3806431447947243
5.495923106107024
-8.507767426106371
9.259554563657586
6.080393216558575
9.755067298633486
-10.05845316815941
-4.248623247227923
11.66383442752297
3.674674099630965
-9.843909559257773
-1.877298127824991
8.876619979105591
2.708934868134315
8.518764782615222
-7.390409911218956
1.579224735753645
7.966611440114605
2.453499642000578
-8.578304325312354
-2.190917607773855
8.56300051441149
10.95009660203309
4.389739368027242
-3.352622590246165
6.387386708596366
5.225681740435203
10.75391811752484
7.769269070985386
2.38709608167104
-0.3578551988383277
-5.662253758878141
2.2888717501036
8.808725162065572
5.997174035523201
-2.541034290438462
-7.510201148215357
-4.940439922908677
-10.32261291094862
-2.079146578459405
3.671409453627577
4.699757779942132
6.780682414760624
-5.382172987934577
9.640197703986614
8.243466332875041
-6.560357242443607
0.1152942882783638
-8.128172047092669
-1.479085399185911
5.750556032472574
3.902608644228306
1.548769164031853
8.224420703361735
-6.19359280064281
-8.174222456727431
-1.4109002045151
7.006263954296177
6.67565153915943
-7.742361960468209
6.649086650969709
-1.218156753897986
-1.980629657693661
6.76332225411087
-7.962412856625751
-5.219174828596662
11.16832942960753
2.170519921997794
5.609045032952583
-8.979381836458213
-3.005061384641588
-2.682523288520486
5.412102780531675
8.080673193311926
5.974320446888472
6.296858563797939
-7.867243407930283
-5.198673005758886
4.934259784596534
5.381694050827207
8.417164160409971
10.76319648429673
6.240449397834311
2.668570404846061
2.743238033260287
-4.52274709406777
10.1329327844899
-7.265985134233007
10.82821986795137
6.163157271715706
-3.284196018804052
3.98178912622549
-7.989160380627951
0.6181047678974841
8.60726523958524
3.763631457488289
5.809829917706143
-10.09934477183024
-5.314522600713373
4.784822166457574
7.951125513371851
-1.847947387330735
3.109272961845952
-3.945313613646665
4.140141815541928
11.30078699243208
-1.540354011665434
-10.86809080043385
5.649623099570193
-8.787166166056457
6.519853416119793
8.085455421537818
-4.841852547765347
-8.399015630569259
-6.833413642995017
0.3272315232245431
-0.2541373263991517
5.6426793213749
12.33032456445292
1.565601997766903
-2.811551118438917
8.144878314138667
7.160645177925185
-2.50546511088536
-8.156628961195326
-5.651163883141247
12.00309295629876
-4.594024211698059
-11.94704017366999
-8.088056891653679
1.887543797367009
8.711283371431076
12.24275683664747
-1.946220973042452
9.010208460965664
-10.48442929938395
-6.903220903104716
-0.4832858552503685
8.218097913979305
10.95642943040629
-8.538208322739861
-0.7921105544269939
5.896816675085431
11.55367194047652
6.553686747436846
3.581208392556299
-5.416601121175879
-4.969166854101521
-8.997809513146652
-5.55928439784709
6.419935045657741
4.647249196302226
0.4474342652344003
-5.580330093548952
-7.353015946259212
3.121053673557824
11.67505032698739
13.30530758350887
10.20653358998412
-4.665062599659819
5.339049739200422
-1.772685848561975
8.701383762958185
-4.867483851779046
3.858983282664157
10.0041123422844
-9.447353300481765
5.170480820391992
-1.351245469678254
1.217772553546243
-6.184877015113789
12.19936212481983
7.375221658344798
-4.833631536197616
8.726467127321826
3.318588558364862
-6.198008750250289
-7.558959573710212
7.217049831159208
2.796253465069393
-30.13444412790054
-5.217299695835123
37.02978450028717
-25.38591393214551
-6.996547555118077
-11.22486213289933
1.777387937557712
-7.314656606229644
8.543592618028985
1.459278922873326
-6.843663469927789
-0.6201691969974644
6.880583103931292
-4.228314590056312
8.773935507797971
0.470993150406908
-6.607233091137615
-10.0431881819308
6.682426384975426
-2.810869430255328
4.303507911384234
1.284596997469222
7.232318763230188
-2.378918488806311
9.399402914879593
-1.015193575345031
-9.731998560008558
7.048097602936878
5.947721723558382
12.04614746031324
-13.15878216734003
4.726242240117625
-7.402649577897865
10.98158958630525
-6.273631020377966
8.205152833890828
6.098425776852716
7.114377348426003
8.553996648195737
7.345797314735787
5.656855245793061
11.03948813291284
6.687645269527888
-4.999985213846586
5.665455036411268
11.5443393714464
5.382632902259297
-11.54231516691404
-6.402070964325632
25.98648873865834
6.352389768461137
-9.99064019395164
5.756132579672241
-7.084313673850659
6.88515116390322
-1.663009535723578
-10.99987326426658
3.478910583752731
11.89870488635547
-5.472857425209031
5.673061816810427
-10.10071632361396
-0.6299850998218528
7.8201165913918
9.809117657259396
12.38670642784691
4.919897865113429
9.470731237029749
-2.756226738490419
6.223494287034986
-2.844201190136169
-8.09417781097166
-7.078226252822372
7.500752333596377
-9.067695496441758
-4.516862099304284
3.933239716198104
-2.77643674683396
6.512411044480329
-4.824140472709183
5.151460222594914
-8.548160739699947
-3.883281606669361
5.527015870136295
-9.516597308055283
-3.067839258623736
3.898461271011103
10.96188730756526
5.728534374697079
8.419794315647014
9.288847785223265
-30.80198904013409
-13.1838142877347
36.78976187286413
-11.84864800854963
0.8690534644302441
7.317811508763763
-6.225643061121096
2.51003387045259
10.63962874338298
-0.1029162803076584
9.726143546887055
1.124793077027055
-7.039799631074802
-6.804854273586901
4.664879173103635
-3.567512648568973
9.410297514468335
-8.232391874467204
-3.665802016126385
2.708359589528742
6.448758048310816
-1.360950824980331
-10.74254503904222
0.4033741674098758
9.139051062168727
6.716726949492135
-0.9134851757976681
11.14591922381886
-6.701937962177005
4.550833427034928
-7.676124636145294
-5.249976620947828
8.450101789758937
2.426148031703296
4.56658987677991
-4.807777634333481
4.654970150245854
8.796373633672479
8.735676912125898
-2.422324095037097
9.718902452784643
9.462747778926541
-14.01008150266931
-9.336781040525748
-1.674029447138422
-8.095672450161077
0.3479632629169366
7.161038504038892
9.189256825972318
-16.36152017256592
33.35417761812121
2.849584750240155
-13.18313839836322
-20.67587781123003
-7.630212105047816
12.14122654330307
1.59106763463718
10.03470335286886
-10.88647278608306
-4.314357638664791
-8.601350446583243
3.30687064961247
9.221279728621184
11.48517359405172
5.052778819788165
16.07263635285226
-2.351305311942325
11.90822107291872
-8.164592696287805
-0.1013014909307391
4.587462758801269
11.23817390409715
8.216364141916992
4.605438260427126
9.278738691295075
11.01985758673384
-7.404084197263614
4.673300446505896
5.914409059172936
-12.00952252322348
-8.293308873529321
0.541759087337363
15.9088647883673
14.62540573795566
-3.002259536093742
7.68488384253609
1.741118921529841
7.662751608119891
-4.321305687618072
-3.985995113779162
-9.219348047877675
7.322902380961309
7.759698405001058
8.617818557734248
5.92163264033274
3.628901395935189
11.21268198102338
-3.021809774999919
9.432447629182683
10.82606133375445
8.835067956967931
5.291049347438947
-0.2561546763476126
11.98685575507584
-2.106523185914985
8.783291168284473
6.734770374805843
9.975600698398738
10.35521303938707
-10.92958565050558
-1.472344684779336
6.370811750675781
12.92280148707003
-9.299328410579511
2.16379411294037
-5.767854955848611
-1.208199319371343
9.457240954363769
1.630257251288121
10.6654402628643
5.878884345215254
7.843156433238235
1.964272082342132
10.16093577649558
6.572366545663312
-6.161706454197914
-11.23088750903312
-3.034223809062794
9.72023694005612
4.914734762581034
14.6030205569525
6.551989733468918
8.196663697110546
16.1456222737752
-10.75900737556403
9.593632542015484
1.268504603106277
24.43061484124022
3.531473465596534
1.551674972989092
-11.18239801055743
-15.53424081047193
-8.716805043655397
-6.139216350899468
8.063291193542559
0.2349453198311655
2.577588751747579
6.374161624094116
9.039445845336662
4.141403484311555
-3.203564585677254
-5.252085380860527
8.711512713491416
8.877439507416511
12.45425742636071
7.583780589508394
8.443635715655141
8.841293563458242
-8.753976316900884
-5.243123605895516
-1.690550282523326
9.618347211786578
11.62448239645172
6.784388375206386
-19.3063139639587
-4.469331665669274
11.93005281449086
30.05043172608786
9.881817457313403
-9.618028169127257
12.75446074095299
-3.588569229780376
-19.63409898301856
4.748530211778344
-14.75131538017464
4.882783613386834
-12.73407299790522
-7.856962006324815
-5.828743687167407
8.134854401372431
6.226684647848693
-4.898042360612255
12.08100409197934
3.51085270933936
-4.420796366697379
7.06342603548647
-7.931649072349444
12.02751198023673
14.83698229866767
9.688285795043384
2.028218319878214
14.08364665195081
13.96359809042033
-23.05799331861813
-11.32036684771483
17.91327497559473
-6.312478348747839
20.82444620068228
-1.283459053217795
17.45054396401135
-8.223980943024412
1.417820805364359
11.7376264703883
-1.908169751301278
0.1659267927109002
16.74551496947934
-13.64579622024036
29.23364182270717
5.088206801314909
18.73400301974358
-6.359157863533433
-30.50459287763213
11.25901688885225
-24.14543502021763
17.61817475239983
2.911171224579603
18.95334103320864
-16.03272315395035
4.48410294149287
-4.843633873156314
-9.327736820562041
7.189977019692093
2.080924634598004
1.015951558036578
-4.351842847303859
-4.870476829284974
5.816666552144754
1.393613707240517
7.965728863478211
10.68714337839305
9.64180174312993
2.149062312337395
-7.492739421829782
6.572115151526412
-5.233352933483473
11.30889749452539
-20.33870411621789
-18.33256893168747
-4.285549232293819
18.76261354137977
7.726653433574302
32.59461894092304
2.006135185072556
16.05315488381168
1.294916176729626
-4.840094020425222
18.32201621892929
26.05922236553508
-23.80157834879778
-8.185219490097804
14.86294328424595
-7.221990171449617
17.26323368908016
-22.94345819648311
36.75189818626094
16.57958817684666
0.8581201521872213
23.1621102385343
30.64805051320777
16.39938448055606
7.737206147939663
23.04816277383222
-14.75823870688945
-40.07386714814283
-38.16962239602636
44.06369226720136
-14.43100581399492
11.83973883159456
13.83200539985662
29.27172039490745
21.8889549021453
-48.63840987952731
-29.86608396143902
1.904244763429837
24.48522386002769
27.13692454988207
2.651700689927209
19.48866449748903
37.46619642027498
-14.24866603252344
-22.91084436543597
1.957121140970278
15.29858993839736
25.52026790365773
-43.38674557801039
-43.18143248472443
47.51558642843185
-0.2362162856322719
-41.53363396173748
18.12037891105823
29.54725597054726
-24.16186967119476
-31.54463516532677
35.3569817049658
-13.56710324274963
18.20322548990246
41.94184209118338
16.04216981025256
34.81449573037396
18.77232592023995
24.86796550743747
42.24708419598473
11.42687705940741
-20.16861425233354
15.43971499521723
25.23651476499772
23.56314676371893
-18.71984810599536
31.00220349810134
43.15052930694674
1.853111614918168
-20.39321610796128
-7.382765493540315
9.796799769614589
59.51885137556804
17.97753192281142
49.72205160626527
-1.673368001452623
6.584860386219799
12.14832581101439
44.0629868634611
32.85560504919306
31.77032873242941
23.73861659165631
-21.01657163725025
-32.22395344922911
28.65581967839768
26.27074464973567
-30.82020714963487
1.64779853327904
32.46800568624923
10.22167796494156
-47.7518027223885
-15.83714168056153
31.14429921595019
31.91466105015049
-19.49984560919706
-22.24632772339254
-11.20738181312348
46.98144089651153
49.67239131417877
2.690950416197774
