12.37262871510308
-5.270186063305434
2.266034821272505
-4.001064013191324
-1.310317940720476
11.57673997563112
-10.13126990509818
0.692203626720213
50.64980865753721
37.38327751728188
46.39875845221884
-11.87979332369462
-14.38392337977189
13.14653803665763
-2.383149135567785
24.33713265664197
21.0167925933111
25.34034638172079
-30.09831677468947
-7.034721017655506
-11.69817676835712
-1.941995544473101
10.42699583484166
7.673523960388848
10.09903205290262
-10.20331166955805
-8.368395216876529
-1.805900410458691
9.85269159581013
15.66927717181098
3.111785876439674
-6.505369724355503
8.793607892473974
11.24249437480503
-10.56112778273759
-11.12714180433887
-3.03877382167548
-2.30968893404935
8.004897451665725
10.45745780843377
10.29430390454731
-6.875669307770506
2.628750089784742
-4.426782797006367
7.749672995863045
-10.31185160840634
-16.71198669891373
-4.840830641935102
8.605023965442362
3.05506799867231
9.220278123300258
15.40998843297503
7.403348784137243
-3.320340063369921
5.792832814727856
-8.006639687510123
-9.617155618247091
5.681822033486357
5.360279914040596
-10.72368885954309
-6.400135083060812
13.36691960112042
-1.134833965140735
10.73632209035884
11.40791971809302
2.662245814504766
-19.63675979329259
-25.62600631965202
4.323553788518147
11.87115605618633
-24.49117235600662
-32.37506740010424
-7.665553817234677
2.374020112869581
10.40630226185736
-2.544630873166187
8.008855545860685
13.44585460953665
0.6715976284626475
7.202219070844471
-7.390129376078709
-7.711671508766759
2.11429007629393
-1.546461386496955
12.15386399027459
7.200875943686965
-0.3215421190156099
9.504419451656734
-0.5660140195754422
-6.243635540850904
8.251438848541396
0.6152541642246603
-7.263059869350484
0.8884137055350178
-8.337694772022763
3.251010093789185
8.474798383245584
6.49491249611359
6.165210123333404
12.2082429641782
7.04084361902069
6.530621443205378
-8.745673902382222
-1.474760169539284
-5.16739934610685
-5.67762152112426
8.088367988154966
0.9597625097979674
13.25576733217993
-9.28094769391088
7.90012141220535
-8.515603786075529
35.72793288536161
20.90568100964038
16.96810970802669
-22.16923905898427
-44.95432062325632
-24.46081720528011
-3.293574365966052
-1.185344869614947
-8.649220291996853
7.75009692058187
9.328725081379119
-10.24071020099652
6.940358900621045
-8.294294034838535
-1.45536132534037
5.438777506129933
-5.355645921512237
11.04367127892927
14.84364639177104
5.617537911548751
-9.1674228475101
-2.273284018010419
-5.438838467937391
4.98730282211822
-11.02261906326282
-10.22469370124258
0.7653439087265006
1.9464161628964
4.517049243275768
0.7979253598689934
11.78796297343867
-24.3041021126562
-17.78195636127753
44.3992010997644
35.10315389656151
43.76525977370443
-38.81030426704524
5.328995401386615
26.84352863268914
10.65552363688634
22.65772598366011
-29.75376318481516
-5.289455477372077
-7.463875426900359
-1.074634898772544
-8.965456823437762
10.51406995729618
7.270913730972313
-22.29900560590393
-1.501581394528138
-9.22610848145734
-9.856343563182792
-2.988667617906579
5.606498800167882
6.395247094715371
12.36744130341698
-7.89082192752335
4.60601574309349
11.44494844369717
5.406377670022474
-7.752524122409336
-9.854873135202849
12.1711098598745
-25.10202747067169
-2.289779021617405
6.838932706236212
-14.46088888110858
-6.038570772513058
6.894138830485065
3.728584377748949
-10.25691102036003
0.5581671008749891
10.74093287409051
9.262844915073853
12.24612250747938
9.767155147755924
1.664167512684164
-13.15890178797205
-6.813528635201105
-20.21417286804806
10.42614128811941
5.100448955405025
-8.102987633089059
-5.325692329007318
6.867675948508119
0.1892689070258807
7.234911705020084
11.42084035538474
-6.850966075160283
-9.820649071834461
0.3621167075359112
-8.468457212917103
-4.282528544213092
-3.320731756501369
4.907888771863889
6.063182974643046
12.35792366094477
7.045642808897753
12.19336827429903
-13.20343658651125
-7.04023499072236
4.185928664912716
5.14772545995945
32.09760736273105
36.94039479726145
-41.98508614216175
27.19551088320154
0.1947414728507197
10.81507812205983
3.329666073059396
-12.8583389133773
-11.0587236354201
9.190417314430055
8.957757619497199
-1.081486017289978
9.383914717674761
6.163201591011282
-4.291893470955413
-8.477696144236706
-2.969683005210637
-10.45509505811611
-7.485412049825201
10.18276577379934
-21.05377199120996
-2.102349009981237
-22.47961789721094
-7.055271081383053
-3.860825463600019
18.9514229826532
-18.6830773362516
-29.85513150231226
-1.42584590715019
-16.18800498643646
-4.185802661155191
-13.4006442291987
-27.94718146430449
10.03957391850688
-8.99041486620458
-2.926274172096693
-7.879262220781796
8.560333892751888
3.776731865330579
8.559563195299681
-22.04219305535411
-19.19785384019254
-2.695506560836125
-10.75199887591041
-21.59530055111492
-7.636184686348018
1.11115264453989
12.76714673664894
1.437632918446733
-8.005522509418448
0.8524365497734299
6.605563862963364
-6.228647465690959
-1.47808795136189
9.977237605700907
2.983277604903677
11.45532554940789
8.472047870179466
9.756181223883445
6.522145753261008
22.81224844767599
-14.82225187414963
-18.75982317892797
27.64069013302381
2.358721198787562
-0.6339413252312333
-39.07020569922607
-5.989246525569949
-25.28196893378173
-28.27463145936196
30.94749080224822
8.662105879969376
23.06359575776214
-22.28538493226076
-7.883895039948421
-11.17205416475449
-43.07492006747986
-4.90209648264275
28.42928559660435
-31.90286590403143
-41.4289269092011
-9.744883919384877
23.58649815133221
24.4643077125544
42.17982761501157
19.39474607954268
-13.26653113778913
33.33138208236011
15.42434681437782
0.877809566333052
-14.54653724274704
-22.78508154857785
8.747337332107033
-9.164007103986776
-1.713972207205385
4.524432378866342
8.50502755341479
-2.716225211092421
-32.66127721856088
-23.64579628016917
20.49350340235639
9.015480937403789
44.1392996692802
7.450034884253562
-0.2326596924775262
6.44778191216198
4.640234847534842
12.17645575735092
8.032282153284404
-4.952988047636425
11.48660806138792
-10.10659389383022
0.4468925061652225
8.445854964461969
3.454325908076767
-2.397446712848503
7.536220897197158
-8.056492315043215
-4.647859098054409
1.834916452681094
10.55348641763932
-4.991529056470817
3.408633217480002
-7.614331141704653
0.7858311381698246
7.268606707858226
7.752207594526758
-2.302679551192556
-7.615101845374954
8.400162274182835
-0.0007707013440471875
6.482775551226621
0.4836008887020252
6.562494826507356
-10.11540126781807
10.3241900390406
-9.496946979265127
-5.014599143657989
2.171333504644829
-4.257752649756914
-8.146936945416854
-0.3804715478432779
5.493939038028642
-8.50477266045948
9.256258296309607
6.078893950257788
9.751691690757951
-10.05488714262111
-4.247020019415359
11.65859202319689
3.672797755454334
-9.840085576128871
-1.876514992665097
8.873431263270161
2.707728438981055
8.515595556691636
-7.387525204724898
1.578628157239485
7.963570590841987
2.452560366243269
-8.575114525895136
-2.190172081093015
8.559774187929333
10.94612709215835
4.388203239234371
-3.351326248106447
6.384942437160341
5.223788282422078
10.74994626497455
7.766465394290945
2.386352899128864
-0.3578357084903886
-5.659739371742305
2.288011822263939
8.804752893116229
5.994406181614482
-2.540048503352206
-7.506964126268596
-4.938668200682436
-10.31878069497363
-2.07831046799637
3.669977843730012
4.698061638969847
6.778114335528921
-5.380112494131803
9.636729840458543
8.240470227471631
-6.557923860239451
0.1153428765693498
-8.125127353142812
-1.478457130067786
5.748288312220531
3.901063558793019
1.548137052778578
8.221403797077851
-6.191392440210017
-8.171278332656268
-1.410335835786895
7.003827574999282
6.673266744123963
-7.739529489279235
6.646670225881684
-1.217576226451691
-1.979885893765182
6.760942498478284
-7.959159201338031
-5.216827348148806
11.16327967541872
2.169605962842033
5.606487971300652
-8.976259811706113
-3.004065599129833
-2.681519141807935
5.410097817108782
8.077827836866318
5.972194208401094
6.294740683649747
-7.864246455139673
-5.196516444514714
4.932248729896723
5.379520695310593
8.414163412169019
10.75934698080912
6.238404572633019
2.667730013016107
2.74233185759026
-4.520942414752389
10.12876516929616
-7.263274278070686
10.82331532489424
6.160476285373457
-3.282679122617585
3.980595164667796
-7.985794312883188
0.6184542885524312
8.604248679394761
3.762319258118652
5.807867120458143
-10.09525363718457
-5.312422298142088
4.782831335083002
7.947751197732437
-1.847224752782705
3.108136492593375
-3.943637678294317
4.138024000193144
11.29563159959693
-1.539027723838374
-10.86330508060966
5.646905081223991
-8.783252384273563
6.516741074464383
8.081661671944907
-4.839614701975214
-8.395432539064414
-6.830511956810629
0.3270956335256756
-0.2538116941058466
5.641566964882997
12.32787002304061
1.564920590937605
-2.810346704558675
8.141620853552093
7.157607600305571
-2.504130052447971
-8.15285653439534
-5.648726510104257
12.00077431685973
-4.592332208969639
-11.94257637312091
-8.085194419749726
1.886845568297491
8.708590868910036
12.23904099868074
-1.945328214527526
9.006639345007924
-10.47978290008372
-6.900296765044356
-0.4831473074286328
8.214921727247505
10.95196755632589
-8.53445468234688
-0.7917176239196763
5.895378682345291
11.55051957875177
6.551805547478573
3.579486132080238
-5.414187585978643
-4.966915619795046
-8.99367371748926
-5.556791705085931
6.417149455840457
4.645039911143413
0.4472719645949188
-5.578134603210051
-7.350244150853518
3.119934429762881
11.67122937828869
13.30092307823482
10.20183161259829
-4.662839042434689
5.336450253122488
-1.772109544095584
8.698069029424733
-4.865381360293942
3.857381953955195
9.999289298471055
-9.443155416442067
5.167930932210053
-1.350505214281624
1.216951729454412
-6.181863600770229
12.19441104808598
7.372258094193252
-4.831358378587839
8.722763308027766
3.317751312008145
-6.196240315731321
-7.556771025468917
7.215173688213478
2.79542440435115
-30.1334630407616
-5.217142514064802
37.02918487885952
-25.38503013717319
-6.994028508941661
-11.22125278027615
1.77687505644313
-7.312471088877587
8.539516556078318
1.458432507419615
-6.841345149529071
-0.6195227285486522
6.877684615407976
-4.227224281898932
8.770903578100288
0.4711259513675564
-6.605665480990493
-10.03924364524569
6.680441619177589
-2.809950530499789
4.302000443750111
1.284133393924526
7.229293124728454
-2.378441188527188
9.393748639360345
-1.014725339207353
-9.722871032208275
7.043036729266812
5.945159694666382
12.04102767181154
-13.15194266812574
4.723816686110689
-7.398815338125306
10.97745933157298
-6.270636079853064
8.201844939899413
6.09586801153821
7.111950980088507
8.551294944114309
7.343523182331177
5.655140879688359
11.03672845319296
6.686303080813485
-4.998714048943326
5.663837213502992
11.54145352558667
5.381587586518251
-11.53901863165938
-6.400869366570104
25.98468066477698
6.351902005105933
-9.987654201651525
5.753127321595287
-7.081084030461799
6.881306602847073
-1.661831959190225
-10.99445276923323
3.478028245129134
11.8952561891937
-5.471258057402409
5.671387560029522
-10.10232739247089
-0.6298674363921036
7.81603068959325
9.806964740247112
12.38122819196197
4.921027421540982
9.47245996744857
-2.753471890897374
6.221822432999063
-2.843883120052997
-8.092874398723563
-7.07679144188892
7.497207371951425
-9.065705569408282
-4.514273001549781
3.931625230995839
-2.775614386856323
6.510417742437203
-4.822152959423297
5.149887034020967
-8.543138596466358
-3.880695974039369
5.523194738598482
-9.513991627095802
-3.06699066752612
3.897422374560183
10.95909875747067
5.727106151356165
8.417227955321236
9.28603212393153
-30.79952149514257
-13.18256432663708
36.78963487749742
-11.84827907699181
0.8688041641216704
7.315805119279661
-6.223868621887706
2.50932538095514
10.63715567824747
-0.102147671057784
9.723664191605332
1.124025492469944
-7.034983554184088
-6.800110048690757
4.662442656855943
-3.565582167733475
9.40389074510305
-8.228024870007109
-3.662827349060804
2.705928426328031
6.447000958589029
-1.360530711008202
-10.73930336246426
0.40334222438483
9.13653619549887
6.714866453546297
-0.9134914689828658
11.14264560180674
-6.697962350924531
4.551432593357631
-7.674499340538743
-5.248991278635526
8.445898210440667
2.425508076069474
4.565197536962893
-4.806479734893089
4.653806831650221
8.794096819127663
8.73319398607198
-2.42166972677333
9.716430304316692
9.460286561657057
-14.00673934678665
-9.334540640970836
-1.673610999873996
-8.093699542844359
0.3478185424971916
7.159211243441534
9.186828835559872
-16.35713917359075
33.35370316051267
2.849989742611955
-13.18075234419266
-20.67101221344374
-7.628357905129818
12.13810002713627
1.590651035721961
10.03216912553581
-10.8845363487675
-4.313873039853646
-8.599638679246718
3.305969104558817
9.219008931249085
11.4826376208223
5.051705477573673
16.06904308108733
-2.350711910093092
11.90560776391662
-8.159009036603996
-0.1012469450425905
4.586405460265678
11.23555468947443
8.214452889739356
4.604437174418342
9.276635853530131
11.01733764942709
-7.402417443751019
4.672198692463934
5.913039809688955
-12.00685467425324
-8.291252633105538
0.5415696185303072
15.90450437287991
14.62136791850595
-3.001462643788506
7.682967953482979
1.740701818208909
7.660929653773192
-4.320180848659553
-3.985022174226922
-9.217014781361916
7.321107625566854
7.757713233571157
8.615655935926203
5.920227796060932
3.628047440443387
11.21001778827608
-3.021101810705158
9.4301242372615
10.82347353167481
8.832822248267272
5.289789997962628
-0.2561437448461062
11.98374254079165
-2.105930897646162
8.780980176033321
6.733079393370452
9.972039996035956
10.35219543046461
-10.92659855236261
-1.471819009940581
6.369271788642094
12.91956975565628
-9.296904866587472
2.163250335182685
-5.766454745838995
-1.20777174982255
9.454779532661652
1.629693695535078
10.66255127317054
5.877616320825342
7.841090796701327
1.963474470963998
10.15754521326909
6.570760377147191
-6.159865926263638
-11.22785937100785
-3.033788623674532
9.718982761976036
4.913642688243307
14.60129278041108
6.550297964521039
8.194070744899914
16.1415020611287
-10.75631942169443
9.5912040980527
1.268226153909725
24.42605980855835
3.530450130126224
1.551364430033163
-11.17926185940552
-15.52968717742581
-8.708145743499616
-6.133882358369789
8.05776208151099
0.2348734731765568
2.574263435628231
6.368755791405295
9.037123921422983
4.140289988213628
-3.202762363771519
-5.250663147953382
8.709188586297701
8.875131718822008
12.45122606694907
7.581970351630076
8.441518087577943
8.839010293344129
-8.751793427370435
-5.24183762348143
-1.690117046087811
9.616012753430068
11.62174458925897
6.782707954247813
-19.30516350401637
-4.470307794351089
11.92953637335338
30.04927585054189
9.881388199638135
-9.617513411449501
12.75277137866345
-3.586784835220883
-19.63277867064206
4.74843291730726
-14.75046866422823
4.882310015443145
-12.73062630172708
-7.854809687153138
-5.827192097465601
8.132659631809528
6.224988615909459
-4.896833932937502
12.07789408160641
3.509955802614107
-4.419749284506953
7.061676382076106
-7.929705083988671
12.02454557692161
14.83485570999738
9.687650092742219
2.027617590348397
14.07979830113906
13.95985173088574
-23.05714760139189
-11.32077466332191
17.91152004703407
-6.312534396790837
20.82116513314618
-1.283136456794516
17.44830329076354
-8.221536416975711
1.417561195389915
11.73637293767799
-1.907671013976782
0.1659431314350927
16.74461320437514
-13.64404395042497
29.23229470983499
5.08739580081146
18.73143974970179
-6.358814523425895
-30.50371342623676
11.25814264506832
-24.14489890804948
17.61695716850595
2.909645085685626
18.95124241954026
-16.03074209139282
4.482347879456736
-4.841929499234809
-9.324277383850919
7.185932726682787
2.080052696447666
1.016082956869297
-4.350425358591088
-4.869255708862643
5.815174890760636
1.393349296703958
7.964012613181893
10.68443059704002
9.639097607877682
2.148837723285823
-7.490259876921568
6.570663312436644
-5.231992606624874
11.30612979965602
-20.33706607866068
-18.33133424295518
-4.285330269427035
18.76115431487668
7.724555876746486
32.59270817354432
2.00573183625475
16.05173580911774
1.294548310330398
-4.839036634257337
18.31879702151531
26.05589011998101
-23.79988511513503
-8.18475491505265
14.86172966991036
-7.221215041771099
17.26119252745706
-22.94194241310986
36.7492158924734
16.57867007294449
0.8579427018884758
23.15783365501872
30.64811023959933
16.399844168098
7.737093099806967
23.04648458445807
-14.75718749855348
-40.07493882703585
-38.17038476055994
44.06137740679828
-14.4313650081109
11.8391402382353
13.83155385897646
29.2703756420743
21.88748622269535
-48.6379139528774
-29.86507636428375
1.904554076168575
24.4824075688082
27.13369953032781
2.651291961581336
19.48802336533253
37.46572688708542
-14.24826607137858
-22.91101713995628
1.957135155908915
15.2980698764353
25.51960106802277
-43.38691385899234
-43.18157554748959
47.51391142094583
-0.2362043471523733
-41.53373797656175
18.11973947674659
29.5463359474527
-24.16136540572047
-31.54425482643166
35.35761781966748
-13.56655130485412
18.20307914227833
41.94209891122537
16.04159733524346
34.81443492555374
18.77283759044241
24.86815229689136
42.24632739280768
11.42659647062478
-20.16788763682708
15.43882178326866
25.235515697684
23.56246591314023
-18.71981165961586
31.00247764942606
43.15070952432771
1.853175881269005
-20.39286144478139
-7.382889420150241
9.79669391424509
59.51898322482629
17.97770352178995
49.7222893108968
-1.673049784719991
6.584481091595226
12.14823187675706
44.06211974497843
32.85498635284038
31.76963044693521
23.7390197606981
-21.01510379005654
-32.22223718022961
28.6534653613538
26.27050524990136
-30.81973093337456
1.647837579736867
32.46756851597669
10.22153119127536
-47.75011577523599
-15.83622791611718
31.14159516030879
31.91388786625583
-19.49890159631183
-22.24603732649571
-11.20713339115555
46.97782307642574
49.66856915015364
2.690746072470799
