12.35605451006365
-5.263977940594288
2.262904393570009
-4.000625815408213
-1.31075613850357
11.56935616859616
-10.12323430613528
0.6916563419964434
50.64428794148731
37.37893645569054
46.39245534626551
-11.87164415245476
-14.37094927849933
13.13404581633079
-2.379275290955422
24.3336700304779
21.0167695746356
25.33278461563458
-30.09280309730392
-7.033146724777753
-11.68169335466415
-1.94057998729613
10.39926147498672
7.657439974741138
10.08051497451007
-10.1927239885685
-8.360788694487546
-1.80458449379344
9.833993669315888
15.65116696145661
3.107284437497241
-6.499119786482104
8.784260137375558
11.22963022568644
-10.54647557728152
-11.11183624872359
-3.034467245830578
-2.306317845550488
7.993124558668112
10.44188479969925
10.28079016914544
-6.866906832642051
2.625149488283076
-4.421536735770657
7.739498102539871
-10.30175538481894
-16.69615146574156
-4.835716548420482
8.595404695637459
3.051881763804669
9.209827248879312
15.39182201512523
7.393510656558533
-3.316900455881436
5.785417785868563
-7.998311370234019
-9.606404229256803
5.676975705155877
5.355325777131314
-10.71041111607671
-6.39439607867644
13.35363714697418
-1.133152574757501
10.72728234248688
11.39869946041197
2.659844017124102
-19.62758490748984
-25.61658818848277
4.316015041036787
11.86043491726021
-24.48343561425483
-32.36593134062244
-7.655640681658169
2.370216645556519
10.38899735729621
-2.541292055988436
7.996678689848918
13.4311212443494
0.6714171181626314
7.194480253101445
-7.380590264747821
-7.702240196257021
2.111466072961423
-1.5442947114014
12.1373233950144
7.191077284296773
-0.3216499276336259
9.492056337130268
-0.565360671218566
-6.236640991539086
8.240157732348893
0.6144225549504791
-7.252491793304022
0.8870973050460034
-8.325640059019189
3.246217142258414
8.462367552297824
6.485500597721988
6.157945484965853
12.19434345454988
7.033607403217077
6.523063135396249
-8.738855443142269
-1.473358238627157
-5.160736051523941
-5.671280319737163
8.077369004016152
0.9588287089785904
13.23810505448141
-9.27155612502192
7.889773098343063
-8.506965641177075
35.72489034571392
20.9032134235425
16.96996115741057
-22.16594999052076
-44.94750129086122
-24.45674007970867
-3.28879786999473
-1.183678688218491
-8.637129827135572
7.738793938476066
9.31503024395821
-10.23038483328153
6.93094438867367
-8.285753912936988
-1.453349223086577
5.431556218645523
-5.348331956043626
11.02759180608834
14.8222319774808
5.609494612574124
-9.155101874835282
-2.27019643412479
-5.431250862196208
4.980185155987095
-11.0145313811481
-10.21720227602132
0.7645904835128865
1.944630919431429
4.513624661039133
0.7973291045146059
11.77912186496132
-24.29772061620986
-17.77380426185718
44.39665522154108
35.10190081554459
43.76265483005034
-38.80777271349108
5.327509421079307
26.83439343907806
10.65172359979345
22.6499024560766
-29.7485630148587
-5.287379765550661
-7.453451140013953
-1.073148264617661
-8.952839310368869
10.4987089342486
7.265497204127872
-22.28742892353768
-1.499388169968602
-9.212737365162424
-9.842046819522912
-2.984420235901282
5.598403295933588
6.386185004536804
12.34978167242356
-7.879691046218638
4.60192026507918
11.43432495187458
5.402620761844049
-7.749720697381856
-9.847830658269235
12.16183319397091
-25.09504971964398
-2.287917729312436
6.832404688936936
-14.44975092366423
-6.031704189985958
6.884905441221454
3.723851011881135
-10.24785852675514
0.5565795834415947
10.72636536155665
9.250546915431789
12.22983547401999
9.755555201061087
1.662830185285923
-13.15234145776892
-6.808978073730137
-20.20407676476853
10.41143601737804
5.093595685463746
-8.092725015039932
-5.317840330884423
6.857626584869782
0.1887961674319636
7.224090819222028
11.40380726947273
-6.842024286817989
-9.807896744968383
0.3618890353683589
-8.456001902439972
-4.276285447494184
-3.315829644842247
4.900877292562607
6.054775602029835
12.3410897372312
7.035294655071032
12.17546691516189
-13.18632069976822
-7.030820457005896
4.179716454012401
5.14017225876984
32.09346487446648
36.93576862086854
-41.97945118830128
27.19206560938437
0.1947884419396722
10.80443811047497
3.327493065331451
-12.85517677111753
-11.04191823044613
9.177162740093857
8.944173025878801
-1.079463786462213
9.370605242363968
6.15550024158437
-4.287317267175717
-8.471808257609966
-2.965872460906615
-10.44281750731063
-7.476945045421385
10.16978577832914
-21.04590635854279
-2.098109960571337
-22.47155925137751
-7.051735307259767
-3.859335590476701
18.94779639861326
-18.68101251101445
-29.85149948836771
-1.425652893239063
-16.18266983644865
-4.184490986717891
-13.39509868963265
-27.93728222261682
10.02585732368227
-8.97729136268547
-2.921408434031316
-7.867654545091012
8.546093939411564
3.770911277965139
8.545662662458842
-22.01398881010325
-19.17684952135784
-2.699665371021784
-10.74504880191105
-21.56916818715878
-7.625735178303152
1.109636817329483
12.74820264311604
1.434536876174425
-7.991918714796197
0.8512616289495067
6.592421334568495
-6.216896085680109
-1.475818443775021
9.962454440325159
2.97928856235926
11.43827288175018
8.458984296964736
9.741113367367465
6.523916355461047
22.80713198973105
-14.82167692158422
-18.75492918904169
27.63640097681906
2.357555431648729
-0.6340003912527407
-39.06914580073785
-5.98900328078089
-25.2788455452408
-28.27040136834289
30.94215209925724
8.660754015313747
23.05965637273642
-22.28139808700338
-7.88249572514479
-11.17048697708687
-43.06916341366957
-4.901399265984103
28.42584659542185
-31.89867643684918
-41.42670123580388
-9.743703013090894
23.58354284561182
24.46118325087332
42.17423963024024
19.39268833858211
-13.26535148506651
33.32724586230771
15.41982394374716
0.8776404068262427
-14.54218353532508
-22.78155129560588
8.735371996180966
-9.152283091903618
-1.712070643952411
4.51823614879247
8.494270429358515
-2.712724722309309
-32.65803982401667
-23.64452093241983
20.49076120642786
9.01351889130583
44.13528213484638
7.440212443899917
-0.2329897138315645
6.439558376056158
4.634152486011024
12.16103482769304
8.018780713288304
-4.946246110888763
11.46750237227155
-10.09315011649322
0.444820623562724
8.431800719498844
3.448721658958698
-2.392318666418913
7.526882337923287
-8.045383430873393
-4.64204373448697
1.831935294080593
10.53797074535183
-4.983079060689782
3.403339696513232
-7.601482001028205
0.7849367580544924
7.258915792280226
7.742370404412522
-2.297994147500747
-7.601913279866219
8.386418757223421
-0.0004312780632278171
6.473979028694162
0.4834546127646801
6.556204206866547
-10.10375497643106
10.30338276801467
-9.482790116880247
-5.006194815677045
2.164427324187402
-4.252045446533314
-8.134812404905842
-0.3796397016823527
5.485564444877369
-8.492571135644257
9.243593000348548
6.072749597799811
9.737609892239643
-10.04036455087956
-4.240525692072716
11.63857816819695
3.664860298760397
-9.824621176068881
-1.873335818782778
8.860407179275237
2.702809593570448
8.502648450731371
-7.375860930191452
1.576236304735674
7.951285359252514
2.448760244360484
-8.562189911928783
-2.187140854421082
8.546602147673259
10.93000858801649
4.381988939269408
-3.346039505130478
6.375049055263405
5.216150408361977
10.73374300063017
7.755172702056875
2.383406438818103
-0.3577587287196861
-5.650529176710893
2.284976659149597
8.790473353443721
5.984280049193093
-2.53639618103448
-7.494850782936306
-4.931841165725969
-10.30360742953166
-2.074847429840456
3.664724695739353
4.691391536042111
6.768616017346389
-5.371766263567505
9.623232701377013
8.228760000472287
-6.548019651331955
0.1156425423525283
-8.113117459169423
-1.475822187645532
5.739572126360753
3.895250520932656
1.545524900406841
8.209187096801081
-6.182503546447333
-8.159370503064759
-1.407992128852393
6.994075921326284
6.663662196269076
-7.728028445250342
6.637295273141944
-1.215111177848548
-1.976866956754798
6.751378374602663
-7.946431061789176
-5.207454326367607
11.1438998379636
2.166006102760592
5.596596874990722
-8.963713265336887
-3.000116595639105
-2.677399136122577
5.401951456135157
8.066463894789495
5.96359666867841
6.286314134184413
-7.852406452608241
-5.187894016763077
4.924543152181622
5.37107271087867
8.402068050630845
10.74386303161732
6.230306788607567
2.664512436923804
2.738976736189534
-4.513556245313972
10.11243716674753
-7.252532982217359
10.80405120261645
6.149956878582541
-3.276498707391243
3.976034277379015
-7.973717883236734
0.6209648595503368
8.594682766629004
3.758028555040905
5.799838857984018
-10.07867052141873
-5.303919133412582
4.774751386959206
7.935505836947147
-1.844321605723048
3.103891322566151
-3.937916167358619
4.130218584719992
11.27676689689884
-1.533505620870471
-10.84675516490815
5.637116566657784
-8.769530682583955
6.505496695690654
8.068134750060596
-4.831614513793097
-8.382362753077281
-6.819724703176882
0.3268236066537919
-0.2528543984540692
5.637297983581077
12.31849763789151
1.562638052351546
-2.806193302063357
8.129508357444791
7.14654831263305
-2.499305124834056
-8.138955443826793
-5.639650327781015
11.99167400939106
-4.586014945371268
-11.92633075526253
-8.07498086016018
1.884217823990625
8.69903241902708
12.22581497353462
-1.941886323877505
8.99381533687496
-10.4625625553398
-6.889652976791549
-0.482758418350146
8.203310260188477
10.93570165927082
-8.520676229980763
-0.7905050774747465
5.890152388926166
11.53892026527353
6.544785376295288
3.572909578650656
-5.404984159766357
-4.958454600938994
-8.977893737732293
-5.5473029628147
6.406894558285749
4.636591115046778
0.4465295584453761
-5.570012362391469
-7.340315806683365
3.116056316021045
11.65749264943837
13.28504736465235
10.18389407626629
-4.654094324575569
5.326358190917101
-1.770303443326968
8.686068677447347
-4.85753588524161
3.851349895369815
9.980452516034147
-9.426455587986206
5.15788445445911
-1.3475516320803
1.213510335684684
-6.170119699586064
12.17601181674654
7.361334145143711
-4.822568065427487
8.708885777983481
3.314882621578229
-6.190105191816918
-7.549099009725682
7.208650573471585
2.792498139034206
-30.12933865656259
-5.21647467188128
37.0265898069384
-25.38133448282889
-6.983974735498011
-11.20699515695224
1.775022631745294
-7.304159976953405
8.522995121546646
1.454837398067019
-6.832397612279546
-0.6166387559092361
6.866159055513239
-4.223020425030368
8.758997369872365
0.4717623680493788
-6.599550055590885
-10.02363681531961
6.67254809457333
-2.806278984638118
4.296018472007382
1.282129082585019
7.217357834150171
-2.376529626984567
9.372008279721985
-1.012746763773505
-9.681947091788341
7.022969017698457
5.935228740579638
12.02109498453575
-13.1247897478879
4.714308397573439
-7.383630037348824
10.96250148510067
-6.259060625043561
8.189603075483507
6.08586625474051
7.102297458562802
8.541436332453673
7.335290456609501
5.648767871639614
11.0264799234321
6.681199661167899
-4.994134893569997
5.657921939679336
11.53093751775557
5.37771205597305
-11.52672571741937
-6.39639466078528
25.97741624642754
6.349991742759591
-9.976398772025659
5.741159708079183
-7.068157718331693
6.86572912728631
-1.656836071542086
-10.97336902357497
3.475294674835085
11.88370621222209
-5.465895282673578
5.665743552523888
-10.10953016840025
-0.6287414240285262
7.801133880475985
9.801791044742691
12.36121808310752
4.926497602534887
9.480788747900478
-2.741821505172744
6.215758859745495
-2.842499498674267
-8.087743625646258
-7.071312426059174
7.482797819927469
-9.058258362778984
-4.503967209404248
3.925908128200223
-2.772898407874664
6.503514829171244
-4.814677674342271
5.144521011505453
-8.522565209390946
-3.870399222983049
5.507473749423536
-9.50498781241399
-3.064041341906693
3.893767950827644
10.94936989668066
5.722183968217345
8.408411541233171
9.276413234716069
-30.78939118980571
-13.17733823469446
36.78885035387889
-11.84672033964965
0.8680016917386517
7.308948160723564
-6.217962657172325
2.506864015531381
10.62964361308036
-0.09865044845009997
9.715796617411693
1.121014410594787
-7.015721656348302
-6.78133200248479
4.652165996970196
-3.556889699958538
9.377872982894257
-8.209055711025583
-3.648971503103056
2.695191447549573
6.440946470124013
-1.35899381816557
-10.72829406568095
0.4033447595403046
9.128171421593199
6.708661642763904
-0.9138469905244241
11.13163883020618
-6.682681545857613
4.554291160500005
-7.668319116910952
-5.24524412660197
8.429875330450761
2.42307499484205
4.560084213337349
-4.802084144052782
4.649865298794191
8.786225309940241
8.724826667037918
-2.419509773863851
9.708114098318459
9.4519494411603
-13.99599727538427
-9.327333003479994
-1.672291209513711
-8.087248809826136
0.347275259875862
7.152884714765645
9.178344109473871
-16.34072237537962
33.35051428638508
2.851433431267026
-13.17184289764601
-20.65285867373773
-7.622508627638132
12.12762387059463
1.589218587643599
10.02374265893435
-10.87769982655529
-4.312136298358635
-8.5947822009002
3.302978739049667
9.211727211756909
11.47478628509194
5.048387095647155
16.05778946641567
-2.34903926202307
11.89776093403278
-8.136736064095933
-0.1010202759325942
4.583003181324304
11.22700505098624
8.208236073484587
4.601354808274086
9.270019072431678
11.00940238454092
-7.397426374583735
4.668664268031086
5.908748467471741
-11.99878119977094
-8.284283241844742
0.5408926850975484
15.88905413802214
14.60702525863109
-2.998707794201906
7.676298411483748
1.739383318755807
7.655041798138186
-4.316153682702761
-3.98160334689817
-9.208789275516946
7.314587316126884
7.750629604339601
8.607914275226568
5.915658467877924
3.625232895462803
11.20123391695871
-3.018768980804492
9.42237971801455
10.81489064808723
8.825175925761677
5.28557545067301
-0.2561646580668533
11.97278612932431
-2.103881210072145
8.772830945595416
6.72718763864809
9.959198686347234
10.34159714954116
-10.91582574345171
-1.469914774129156
6.363763711308234
12.90818006906015
-9.288271032306557
2.161398240397387
-5.761488480745679
-1.206145872763573
9.4459109662166
1.627554714250775
10.65205683613808
5.873015580847271
7.833678484947097
1.960662902373987
10.14514646634649
6.565142354752087
-6.1532254580304
-11.21671383240245
-3.032230266668771
9.714156141087692
4.909566463512263
14.59459226680165
6.544416357048898
8.184483565067156
16.12628029661745
-10.74678182899889
9.581863939919263
1.267307891569538
24.40845700287309
3.526782554761888
1.550326945413321
-11.16804086310288
-15.51332110882541
-8.66920034323452
-6.109773324840488
8.035715785315832
0.2343896438789781
2.559427033613383
6.344162956067294
9.028995603534534
4.136360011281047
-3.199955183268516
-5.245598490970035
8.700945035220673
8.866828103673905
12.44114870455577
7.57600102271672
8.43452407049657
8.83106884935944
-8.74413542407906
-5.237401137150594
-1.688533477585834
9.607657185804854
11.61189492854127
6.776688584272619
-19.30041588556239
-4.473822823054431
11.92739402225558
30.04446230916208
9.879602489758325
-9.615390082127968
12.74638640565087
-3.580004111318314
-19.62742450697521
4.74800417790714
-14.74698838486855
4.880436124866463
-12.7183678122268
-7.847160019284808
-5.821700625575054
8.124842899102397
6.218972555395274
-4.892635592563646
12.06678328648185
3.506734287273322
-4.416152435218768
7.055601945980978
-7.922886721653483
12.01408972085438
14.82659306264839
9.685025803459183
2.02545939412208
14.06613257399463
13.94654352517087
-23.05344831778729
-11.32184127770277
17.90456176661864
-6.311942502997627
20.80784805026826
-1.282028880215484
17.43975232316532
-8.212755725713327
1.416475991784077
11.73160704020335
-1.905870343021956
0.1658830678812342
16.74150581524984
-13.6374773829029
29.22640304413757
5.084303821476958
18.72178120399046
-6.356981636667873
-30.49908085759214
11.25507131844185
-24.14209922251611
17.61205295511156
2.903286283559688
18.9426708505777
-16.02327633036132
4.476595314825861
-4.836654235429646
-9.313249552042778
7.170622163696517
2.077224481814278
1.016431199956733
-4.34528025802184
-4.865147679983592
5.80985852620155
1.392510930797888
7.958074461360819
10.67500620547809
9.629231716198868
2.148215935447571
-7.481015778421599
6.565563529295157
-5.22718592854114
11.29619066320804
-20.33164008285639
-18.32740234019732
-4.28444403707205
18.75366091545234
7.715117732414246
32.58348565573989
2.004237743238233
16.0471960456535
1.293326959130547
-4.835206343790452
18.30594276823576
26.04252007291619
-23.79356802692159
-8.182414270344196
14.85569068279405
-7.217945279772957
17.25220417087246
-22.93628335599817
36.73724186625699
16.57562274706817
0.8572846707488052
23.14114911154791
30.64776842969956
16.401216845693
7.736577306052943
23.03810495266062
-14.75386908611784
-40.07876906593273
-38.17308875911535
44.05142837993865
-14.43271572008802
11.83656084003893
13.82982474057657
29.2654841952271
21.88155118360445
-48.63557069304984
-29.86069207982272
1.905680309797463
24.47014945056467
27.11979055340421
2.649641102856413
19.48503769573296
37.46390428378336
-14.24655158390714
-22.91119112379382
1.95717679863977
15.29592486092598
25.516822260514
-43.38735891002441
-43.18195835165022
47.50659608465494
-0.2361566450544918
-41.53395837499164
18.11706828686634
29.54247644452347
-24.15906283716037
-31.54299584995886
35.35973652895338
-13.56412926194458
18.20224312978802
41.94261617391703
16.03938456743922
34.81426318107422
18.77487861382283
24.86836792343842
42.24306447879021
11.42540815757725
-20.16485981512072
15.43565945483973
25.23145221179344
23.55964546287911
-18.71955162210488
31.00345498658537
43.15120226884272
1.853400534670714
-20.39135837137074
-7.383933012365114
9.79579275676498
59.51879936567989
17.97886658813584
49.72300660924673
-1.67180674910036
6.582879645147015
12.14774728281441
44.05816563690308
32.85215620988317
31.76637239164031
23.74037304157833
-21.00885811707698
-32.21486754347363
28.64358309398547
26.26927656123388
-30.81765632467553
1.647999979325395
32.46565630491912
10.22089739930398
-47.74275273193553
-15.8323343806691
31.13023715273405
31.91041835349177
-19.49499256733121
-22.24475890620664
-11.20600942670825
46.9625715334027
49.65244121068515
2.689869676904601
