12.37831621086174
-5.272330345363402
2.267106986010724
-4.001202780098828
-1.310179173812972
11.57951691578821
-10.13448945841807
0.6924165596241493
50.6514954549035
37.38461313702239
46.40072585793557
-11.88251208585661
-14.38836078455263
13.15112353354298
-2.384515505915094
24.33833875190514
21.01681336990017
25.34289038872856
-30.10016105466026
-7.035248290176838
-11.70368287206294
-1.942323193159882
10.436587402868
7.679305855529248
10.10569772956197
-10.20681907520495
-8.370915151529722
-1.806336985611167
9.859487209139102
15.67548491300356
3.113323986743544
-6.507480864163313
8.796811094775704
11.24689723498174
-10.56615340341759
-11.13239160600963
-3.040248241762184
-2.310844017753417
8.008928277483971
10.46278124962713
10.29895421781802
-6.878673853328132
2.629986594793826
-4.428587678022211
7.753176467221455
-10.31530842578752
-16.71741388510351
-4.842588500435331
8.608328873319529
3.056162128879597
9.223867113304959
15.41614756373064
7.406657057366836
-3.321525382044013
5.795342691292609
-8.009490554076422
-9.620804872437883
5.683487129563341
5.361979993647025
-10.7281824542514
-6.402105450132024
13.371470547266
-1.135397963802316
10.73942741891764
11.41108398128261
2.663080673019737
-19.63986441788105
-25.62918236142317
4.326077018959902
11.87482538363112
-24.49378439944003
-32.37813867980687
-7.668967626057707
2.375313194358251
10.41215856899544
-2.545777706732583
8.013002515131291
13.45091737653668
0.6716565632583813
7.204877214623553
-7.393401093448147
-7.714908245860263
2.115259422240443
-1.54720326450808
12.15954022286064
7.204238229822924
-0.3215071354590679
9.508660514929549
-0.5662381999653262
-6.246040164694559
8.255309385264232
0.6155382479133573
-7.266680573828728
0.888866403698804
-8.341828619481594
3.25264676863443
8.4790374794662
6.498129421941274
6.167704982732807
12.2130226170184
7.043331417314741
6.533220652309288
-8.748003306701417
-1.47524541515346
-5.169691200904375
-5.679801964719277
8.092143371198581
0.9600795998565091
13.2618345696761
-9.284181449528136
7.903675178820793
-8.518576829374409
35.7286853502542
20.90643554964675
16.96738378482355
-22.17030790878438
-44.95651650237443
-24.46212065799708
-3.295211082359418
-1.185915940133608
-8.653370480956816
7.753965453182039
9.333411387255333
-10.2442610460037
6.94359557680868
-8.297234370509303
-1.456062639850793
5.441257439630464
-5.35815939293644
11.04917652617131
14.85099792412815
5.620302897678097
-9.171661831182242
-2.274341753993676
-5.441454457701727
4.989744173449152
-11.02533360209316
-10.22723776100226
0.7656046214551318
1.947026671445216
4.518180337214583
0.7980958384237972
11.79093822538287
-24.30653619671998
-17.78476474993024
44.39994528833886
35.10348662962173
43.76603490641696
-38.81104455214593
5.329494186998761
26.8466177547541
10.65680908326602
22.66037417333552
-29.75552328469407
-5.290157966645684
-7.467454546484077
-1.075148040816498
-8.969792686278952
10.51932733510463
7.272757889180175
-22.30294508873318
-1.502338137245328
-9.230695028016553
-9.861253742700182
-2.99012593825841
5.609263029951085
6.398357616131563
12.37347527199732
-7.894644649118036
4.607416618152463
11.44858833795872
5.407650749039711
-7.753483066198542
-9.857254982808927
12.17426442725058
-25.10463203303113
-2.290407177999371
6.841171726608967
-14.46467160461024
-6.040937587381426
6.897320078334988
3.730207371297737
-10.2599785514911
0.5587335203976234
10.74596599393716
9.267091135504298
12.25171989762767
9.771144955602589
1.664619030837118
-13.16113380977224
-6.815097591562524
-20.21760011452363
10.43119862883324
5.102801589707097
-8.106525922362975
-5.328397034520344
6.871127808333151
0.1894387386408418
7.238638360496915
11.42670175741639
-6.854041416478403
-9.82504802048407
0.3621844605293946
-8.472741835442687
-4.284678415598747
-3.322416643177924
4.910310287368672
6.066066933781615
12.36371587230703
7.049199635318478
12.19952483875409
-13.20932750966744
-7.043480165592522
4.1880634150876
5.150325196608155
32.09891865491679
36.94185925487424
-41.98685135330653
27.19660321427369
0.1947305449919896
10.81871207289694
3.33039835204396
-12.85941030788883
-11.06451728151272
9.194988700749189
8.962463677816347
-1.08218941745987
9.388483560488334
6.16584733808934
-4.293473006690287
-8.479716617999754
-2.971006614479218
-10.45932034012422
-7.48831372186115
10.18723247424746
-21.05649132439189
-2.103771912961458
-22.48240959395762
-7.056466306409644
-3.861505438590292
18.9527194131173
-18.6837552356462
-29.85631056861975
-1.425918270964833
-16.18980865993248
-4.186243596364094
-13.40250251856158
-27.95053214401785
10.04428080611843
-8.994903520776234
-2.927931168447562
-7.883233164164978
8.565168591549265
3.778721733530877
8.564293686514077
-22.05104341831466
-19.20431639950031
-2.693341059062502
-10.75365929485595
-21.60347244713951
-7.639771139762583
1.111670355524292
12.77362526030872
1.438684090850574
-8.010242710718597
0.8528521482125141
6.610105776785197
-6.232669503711298
-1.478874848997666
9.982327848678125
2.984628777544993
11.46120268824036
8.476573818988674
9.761359678902481
6.521771448931754
22.81422485339253
-14.8222497987056
-18.76130156731085
27.6421263403568
2.35905332160356
-0.6339103808950017
-39.07045110238053
-5.989317942559111
-25.28307301812249
-28.2760367226395
30.94926704621991
8.662548280297901
23.06491276538512
-22.2867187782232
-7.884354275237439
-11.17255533131893
-43.07674345703482
-4.902315444497507
28.4303922994822
-31.90418812737045
-41.42950443778087
-9.745256047171905
23.58745168632453
24.46536532434892
42.18158189829749
19.3953733402549
-13.26688231483258
33.33270774783403
15.42594328573592
0.8779136443243016
-14.54802963487274
-22.78620857422256
8.751441496734378
-9.168065817990991
-1.714660223870674
4.526555068099579
8.508786556604145
-2.717424893327898
-32.66225565660558
-23.64614293142225
20.49439582510694
9.0161127239622
44.14053874018521
7.453405578744009
-0.2325250197644948
6.450640948221279
4.642326738831069
12.18176410137924
8.036845379854729
-4.955301994377616
11.493099755769
-10.11120922485064
0.4475709735402822
8.450657104866963
3.456254375886593
-2.399156050004455
7.539437346961298
-8.060318235757272
-4.649877521706385
1.835903923674807
10.55878022017257
-4.99440272904477
3.410440714663757
-7.61870042998059
0.7861430210037099
7.271924489786939
7.755526845611711
-2.304264258735874
-7.619575342682018
8.404843444010963
-0.0008749098589302606
6.485781445994095
0.4836023583270991
6.56457819067985
-10.12039423868078
10.33143001254794
-9.502444879253856
-5.017790866543889
2.17361404031226
-4.25968039182924
-8.151037996926062
-0.3807080372094511
5.496692655274109
-8.508898607819518
9.260795923241105
6.080975847680346
9.756373050841926
-10.0597911005344
-4.249218226668346
11.66582421563702
3.675397221732736
-9.845340393776626
-1.877592820659132
8.877829124290278
2.709395656980885
8.519968524022309
-7.391487403723797
1.579445929574762
7.967747582305623
2.45385298367377
-8.579500378252209
-2.191198711575558
8.564223249469194
10.95159540153221
4.390316927997176
-3.353109681900692
6.388301657229444
5.226390702005823
10.75542195614729
7.770329955687507
2.38737214578328
-0.3578606027871785
-5.663157632557145
2.289178674290221
8.810105755490248
5.998142308427659
-2.541393657180217
-7.511374091953114
-4.941107576120935
-10.32406538458843
-2.079466294426665
3.671934257831499
4.700396378293059
6.781621705589219
-5.382957808386485
9.641503955681607
8.244599090501771
-6.561278482406951
0.115269396419035
-8.129329696674999
-1.479330711953381
5.751400552597948
3.903184094285942
1.549008863221334
8.225556751085831
-6.194417753368795
-8.17532581729467
-1.411113582992803
7.007174844315555
6.676547887697605
-7.743426612191628
6.649998987881322
-1.218381911778984
-1.980908065648172
6.764212236312456
-7.963635274378566
-5.220062081867319
11.17017805485133
2.170868007980756
5.609983269876088
-8.980551386729182
-3.005433726312948
-2.682902468076759
5.41285470770877
8.081743175652715
5.975117655196301
6.297648935331024
-7.868380902819626
-5.199492446053475
4.935010848629368
5.38251481402326
8.418288428990063
10.7646456463204
6.241215275422803
2.668888459547842
2.74357319806074
-4.52343037890276
10.13450328852151
-7.267003584322766
10.83004535851269
6.164154657515192
-3.284772119347667
3.982231476383986
-7.990427049594432
0.6179493594264254
8.608376505174775
3.764103267946817
5.810572870453663
-10.10088305279311
-5.315311088877256
4.785571958984933
7.95233631149742
-1.848216457290215
3.109687448435309
-3.945897177651461
4.140855948934238
11.30252842731356
-1.540843995794215
-10.86977136839378
5.650561104380181
-8.788546041617048
6.520927085570269
8.086753118503394
-4.842648859071172
-8.400238540761661
-6.834412526690018
0.3272599403985502
-0.2542410128733614
5.643042960473743
12.33110539843795
1.565826024850476
-2.811963438507551
8.145997538389297
7.161672479469251
-2.505848694239988
-8.157815972235259
-5.651967312642777
12.00384536833869
-4.59461207529386
-11.94857866375542
-8.089033116551061
1.887788913790088
8.712182958451191
12.24400249713216
-1.946536376894412
9.011424601432189
-10.48607234279635
-6.904246682663438
-0.4833294054633725
8.219187668017032
10.95796097457444
-8.539535962149897
-0.7922369413522836
5.89728400219318
11.55471831772164
6.554323395216813
3.581825656111186
-5.417484397139012
-4.969980430879559
-8.999310052654678
-5.560194786250299
6.420917274837175
4.648040640725349
0.4475039643251745
-5.581089934191418
-7.353966571812379
3.121427136999737
11.67633756985041
13.30679503413435
10.2082354225991
-4.6658907046141
5.339999444034991
-1.772876633241438
8.702517066811311
-4.868235979624171
3.859545547875868
10.0058901522657
-9.448926787408226
5.171421670930807
-1.351515257945965
1.218080880441508
-6.185983764099805
12.20110824961655
7.376266262876629
-4.834468496402677
8.727781520026024
3.318866208901054
-6.198591568577996
-7.559686889046334
7.217667607108273
2.796526693819985
-30.13464189991445
-5.217327603888167
37.02980976301632
-25.38609481116039
-6.997493686841509
-11.22621146921353
1.777573223062416
-7.315463824672386
8.545124816919627
1.459603123795509
-6.84453140391812
-0.6204296905490546
6.881662071959205
-4.228717795314436
8.775066925958924
0.4709324356700536
-6.607812836401098
-10.04465310553605
6.683165985850509
-2.811211026769381
4.304070973745492
1.28478590952824
7.233442090932259
-2.379095028144327
9.401522708513896
-1.015363166428795
-9.735513870959469
7.050039581493865
5.948656136844853
12.04802101450845
-13.16131830345249
4.727128042042794
-7.404064654292398
10.98302738501348
-6.274730501952019
8.206319284386042
6.099364919979346
7.115282007669792
8.554910427298292
7.346560350193013
5.657434294813373
11.0403779802312
6.688062465886254
-5.000394944528556
5.665999494601968
11.54526462024851
5.382943701382754
-11.54340641264969
-6.402307228461658
25.98690104965615
6.3524747502265
-9.991610580470857
5.757253638866457
-7.085521670615111
6.886587819353893
-1.663462767790192
-11.00185854795526
3.479191231792795
11.89984226128823
-5.473394756759039
5.673616558174957
-10.10006076232428
-0.6300305782475615
7.821650433573625
9.809856597363087
12.38874237658616
4.919451646193276
9.47003019803784
-2.757281567669027
6.22410172828444
-2.844320945989259
-8.094662357643998
-7.07874528403114
7.502091796989146
-9.068422694679077
-4.517844116351695
3.933837026648849
-2.776708094748495
6.513075362514403
-4.824841993250206
5.151980043718179
-8.550050629399413
-3.884259572100953
5.52846382394123
-9.517457776951948
-3.068118422547872
3.898801396370474
10.96280393307777
5.729003312972467
8.420651043234173
9.289783450888885
-30.80288865075841
-13.18427654572871
36.78957157967638
-11.84874418010886
0.8691324022537595
7.318471751294191
-6.226225694243422
2.510271057309727
10.64040189482859
-0.1032309609616084
9.726940407298894
1.125083538358232
-7.04164349933454
-6.806668513001718
4.665791099553688
-3.568254803210203
9.41272343571411
-8.234045958408601
-3.666953992214432
2.709285955678125
6.449339353229314
-1.361095322086317
-10.74363287199556
0.4033784054332278
9.139875118195452
6.717338334505827
-0.9134614656487343
11.14701129573185
-6.70343751923824
4.550578609930052
-7.676733248117354
-5.25034141183151
8.451681115839399
2.426391853702752
4.567091985561396
-4.808200689795202
4.655349722747526
8.797121735913555
8.736496731065568
-2.422536765094645
9.719707030797609
9.463550406592617
-14.01114506886607
-9.337495122840229
-1.674160096031309
-8.096306652696404
0.3480132503080224
7.161649260365326
9.190069230778413
-16.36295397769468
33.35381293613526
2.849425302888118
-13.18390513886192
-20.677461321664
-7.630799778807332
12.14224379115468
1.591205170490705
10.03552507891207
-10.88710035598744
-4.314507343970019
-8.6018568443458
3.307166493540044
9.222004937667068
11.48596102256151
5.053113826813894
16.0737640406563
-2.351483127019654
11.90902331329074
-8.166727025190658
-0.1013242486402758
4.587803018095543
11.23902324007038
8.216983625970544
4.605750426762297
9.279400339736519
11.02065027052607
-7.404597023037923
4.673649929500183
5.914838423190385
-12.01034751900422
-8.293987435562737
0.5418219310556845
15.91032264634617
14.62675492382925
-3.002523367537301
7.685522086359786
1.741249958348896
7.66333504234092
-4.321682343659892
-3.986327660108048
-9.220128281525337
7.323529898786771
7.760379987841985
8.618564645020124
5.922085035110628
3.629180621413199
11.2135491065304
-3.022039627638334
9.433206139740578
10.82690601786542
8.83580936251342
5.29146407855673
-0.2561566268117169
11.98789713547659
-2.106718707504513
8.78406132526184
6.735337270518567
9.97682204025824
10.35621358345897
-10.93058091846148
-1.472536504725448
6.371305640635367
12.92387321007552
-9.300123471713649
2.16397954243495
-5.768303944086417
-1.208350062191324
9.458044401751433
1.630457458731984
10.66639445246738
5.879265136385345
7.843842143013582
1.964577000648631
10.16210189823615
6.572798544956255
-6.162320903027766
-11.2317754519886
-3.034250548277726
9.720531447658868
4.915006101400103
14.60343174266381
6.552567566346855
8.197524900685398
16.1467815556599
-10.75989366915789
9.594213991124914
1.268613097553466
24.43155266790279
3.531819539070698
1.551795832206064
-11.18332359855294
-15.53563904588855
-8.720150766821169
-6.141265069800071
8.065402764047827
0.2349749466059956
2.578885759311383
6.376239967259687
9.040217952840587
4.141772014109115
-3.203835809051171
-5.252559865571322
8.712290794657488
8.878226522968802
12.45524579079876
7.584368489779568
8.444319905713181
8.84205598092001
-8.754690879217394
-5.243548297064933
-1.690688344900028
9.619169213504113
11.62546418813078
6.784958472197138
-19.30658709254047
-4.469248416734823
11.93016696373745
30.05067896564326
9.88191172409258
-9.618161450793188
12.75478198731253
-3.58930335216936
-19.6344263129701
4.748547105672889
-14.75152603280702
4.882900291294213
-12.7351194459222
-7.857683183266372
-5.8292632157634
8.135587438328331
6.227249813244355
-4.898445938263787
12.08206233085606
3.511142580334448
-4.421140913881062
7.064002535548854
-7.932283490312479
12.02850676837454
14.8373386762018
9.688425641973474
2.028419968247066
14.08493299417174
13.96485065607712
-23.05866780752085
-11.3205820973996
17.91288316225197
-6.312570461859047
20.82473830692644
-1.283567725472964
17.45121084210103
-8.224800557029685
1.417880389734158
11.73808570955848
-1.908337622745202
0.1659357270485367
16.7460973452068
-13.64642333076917
29.23346525901747
5.088355241382814
18.73477857023257
-6.359277633627086
-30.5043876435481
11.25933447138797
-24.14511001638205
17.61861210503016
2.911855144134807
18.95414447236505
-16.03333044739199
4.484654066652393
-4.844273333381398
-9.328927406234207
7.191405003515493
2.081225327036516
1.015917073435748
-4.352315497374152
-4.870877293020079
5.817168163851147
1.393699880940542
7.96629290226527
10.68804545365829
9.642680941205356
2.149124739472279
-7.493556192267717
6.572593016353038
-5.23380062076142
11.30985755864968
-20.33932591419841
-18.33303093971085
-4.285700500185607
18.76279846854608
7.726740304914904
32.59476705441491
2.006294975026901
16.05362541390172
1.295034746184488
-4.840505715087795
18.32243385651953
26.05977124489677
-23.80236196410614
-8.185586640347415
14.8629123290586
-7.222200345307527
17.2632936407442
-22.9441773073809
36.75169328009869
16.58016161826514
0.8581846566013198
23.16293957076139
30.64815775781174
16.39941538086912
7.737337389708228
23.04849896889198
-14.75859066754071
-40.07331713629055
-38.16917696932907
44.06447446936154
-14.43081626444863
11.83994419007502
13.83196858618401
29.27171857892264
21.88878095116964
-48.63831575779201
-29.86628749357735
1.904140178904735
24.48549398551775
27.13730876926116
2.651814783820625
19.48839963965962
37.46613238011957
-14.24874237681223
-22.9108203682729
1.95720638028081
15.29868498923787
25.52035367256374
-43.38648735207524
-43.18118272060551
47.51610649375833
-0.2362134578499917
-41.5334055111041
18.12051200132943
29.54742736567174
-24.16201308536239
-31.54495071449988
35.35658500449156
-13.56721797426175
18.20320970643233
41.9415704316316
16.04228932994508
34.81431759631601
18.77202826648411
24.86802674958691
42.24713736675874
11.42691536426059
-20.168767224191
15.43974999290334
25.23661110332746
23.56314729331644
-18.71978490855759
31.00195206845179
43.15027390960262
1.853081839541342
-20.39324871928123
-7.382937628533845
9.796861110259931
59.51859808924949
17.97773274048089
49.72173697929982
-1.673463810184018
6.58498542712859
12.14832184344178
44.06319031950021
32.85574590000171
31.77042768046152
23.73836071504002
-21.01708587658576
-32.22453029366913
28.65665998114259
26.27076045889951
-30.82022201628086
1.647777220369872
32.46799924016874
10.22166868300451
-47.75231996039387
-15.83745149554487
31.14527075279414
31.91486847363375
-19.50007315668306
-22.24633055936201
-11.20744441829098
46.98272224833887
49.67374585617665
2.691023606285813
