12.38045693381236
-5.273151403295859
2.267510880136209
-4.001257614199255
-1.310124339712551
11.58054861373243
-10.13568076404649
0.6924955632303481
50.65245684892158
37.38535315888037
46.40175363136122
-11.88346639348554
-14.38999196680515
13.15278277603149
-2.385029517193091
24.33888261012862
21.01689361899884
25.34394350760476
-30.10102230607193
-7.035477133259512
-11.70580094275657
-1.942503615326042
10.44009807300236
7.68136483920232
10.10811635744134
-10.20809179628579
-8.371825725281084
-1.806486419365639
9.861937820759728
15.6778670015865
3.113914793744677
-6.508297921717047
8.798043548301886
11.24858897484705
-10.56804948415168
-11.1343732991455
-3.040803031150157
-2.311279575474479
8.010442228052584
10.46478023124001
10.30071792988357
-6.879823490926382
2.630457374538181
-4.429278026739815
7.754507117316595
-10.31665150265928
-16.71953132360702
-4.843266680831875
8.609593939487
3.056577213865769
9.2252391864378
15.41853233235503
7.407940676863852
-3.321988991168818
5.796319593807813
-8.01059170664746
-9.622212738547075
5.68412877764271
5.362637002396472
-10.72992968394063
-6.40287981110244
13.37322870857429
-1.135599001683349
10.74066563896491
11.41234863098164
2.663399637387708
-19.64106627342571
-25.63044794514928
4.327049888746116
11.87626464164487
-24.49484894540852
-32.37942064183191
-7.670260558592791
2.375793632603179
10.41434040110592
-2.546210765522468
8.014555360779102
13.45286062333752
0.6716829929730815
7.205897712656163
-7.394653682429857
-7.716145475409482
2.115627255460121
-1.547483506182836
12.16168142546113
7.205506239413269
-0.3214917747767849
9.510280937114853
-0.5663238121385443
-6.246962913699633
8.256769908181244
0.6156452554736301
-7.268043200202671
0.8890354384935628
-8.343384758716979
3.253261211421606
8.480627572739884
6.49933455306808
6.16866197072772
12.2148538223205
7.044290944147632
6.534214720672838
-8.748948991897024
-1.475434897912359
-5.170562879469012
-5.680639101604479
8.093570275502048
0.9602004223272897
13.26413315241244
-9.285434795716849
7.905022353175612
-8.51972583873393
35.72905949759286
20.90685239126769
16.96725365595176
-22.17087972083791
-44.95770050722813
-24.46281658022798
-3.295826429709146
-1.186131724026491
-8.654937237329404
7.755418846965002
9.335172671408579
-10.24563521440832
6.944821928551699
-8.298369684633386
-1.456328288933877
5.442198627506678
-5.359110801524555
11.05124526663701
14.85376541140634
5.621345210696439
-9.17326897999305
-2.274742065968473
-5.442445463466365
4.990664033141556
-11.02646910124901
-10.22826666399658
0.7657089584406971
1.947265525425538
4.518663971332748
0.7982024343887373
11.7921780616711
-24.30761368443028
-17.78580193552953
44.40058173518354
35.1039073238444
43.76667573947265
-38.81162651339594
5.329718063888122
26.84786781284614
10.65733005101685
22.66144287229472
-29.75636347133668
-5.290445666910141
-7.468805519398536
-1.075341553321395
-8.971428823276769
10.52130440368885
7.273514091427414
-22.3044659085413
-1.502623301123298
-9.232420202403182
-9.863101369710838
-2.990673614193382
5.610299127090316
6.399520114647903
12.37573594086174
-7.896087273914288
4.607966392505598
11.45000777660669
5.408160794991701
-7.753891916001278
-9.858196475843894
12.17553218386993
-25.10581611660759
-2.290630689184677
6.842041391349762
-14.46616287231716
-6.04184697993396
6.89852691523263
3.730823514206806
-10.26118261687724
0.5589429129215372
10.74787211982959
9.268706117499732
12.25385193262752
9.772670490846689
1.664796070908277
-13.16205270514349
-6.815723179809474
-20.21897489294084
10.4331094941446
5.103692242582377
-8.107874417375685
-5.329417246613708
6.87242775965934
0.189501194517752
7.24004052978604
11.42890427642667
-6.855210234317853
-9.826717875641002
0.3622113392437799
-8.474351088656448
-4.285487317342212
-3.323045448531327
4.911214840480479
6.067148304420974
12.36588654762415
7.050539349706403
12.20184500183664
-13.21156665739521
-7.044711440047049
4.188863766189066
5.15130564477403
32.09964670566458
36.94268034458457
-41.9878501826775
27.19721481423757
0.1947280438427621
10.82012553087688
3.330683709161532
-12.8598540402781
-11.06669292068526
9.19670215538569
8.964222125223507
-1.082454383082073
9.390193735337625
6.166855210902058
-4.29409427344038
-8.480519246031578
-2.971507652534894
-10.46094947938029
-7.489441822793413
10.1889292076633
-21.05758519259618
-2.104304555874887
-22.48351194202312
-7.056922189589453
-3.861904785391074
18.95328063850822
-18.68411188798093
-29.85692532164618
-1.425926750921243
-16.1905377494393
-4.186424956571371
-13.40325170844555
-27.95188854353268
10.04605417586984
-8.996590919174839
-2.92855063767945
-7.884725826628089
8.566980098693298
3.779468873656569
8.566070848884355
-22.05419693899777
-19.20659186040708
-2.692298666319215
-10.7541182353061
-21.60637689407017
-7.641124655264708
1.111865091382421
12.77605979917138
1.439081503808747
-8.012023351592216
0.8530078718581512
6.611824216032275
-6.234187812555231
-1.47916599221582
9.984238521105052
2.985145831663291
11.46340450320663
8.478258573214218
9.763297327429939
6.52181175114173
22.81518542568419
-14.82220710429741
-18.76180584363078
27.64282414104311
2.359206543583243
-0.6339059946084742
-39.07086367240919
-5.989381670666837
-25.28361759676188
-28.27673013714635
30.95011687070182
8.662768419388632
23.06554517378024
-22.28734846449817
-7.884571690920431
-11.1728134318778
-43.07773211061346
-4.902431895563878
28.4309985726989
-31.90491868052304
-41.43007023078433
-9.745465537393404
23.58796491964168
24.46591781118031
42.1825782265192
19.3957574782467
-13.26710368677075
33.3334304723996
15.42658975048363
0.8779528982917392
-14.54863684517998
-22.78682076562281
8.752989748182156
-9.169590461611477
-1.714918744721343
4.527354713747023
8.510202991885688
-2.717876698671732
-32.66286116664582
-23.64646068958411
20.49488390633858
9.016400475751707
44.14134457839789
7.454671700427326
-0.2324800267194728
6.451713788132991
4.643122780143714
12.1837850970115
8.038546774071184
-4.956175187498314
11.49553073185259
-10.1129460536758
0.4478200474601681
8.452473625339904
3.456983957753347
-2.399785036195834
7.540662300150069
-8.061819568948742
-4.650688449788023
1.836266071004289
10.56076612449433
-4.995489667642884
3.4111311198199
-7.6203535848884
0.7862672103650546
7.273221756254068
7.756814678795573
-2.304858446061815
-7.621262842914966
8.406620787792018
-0.0009092549878045452
6.486954521451571
0.4835929252224175
6.565339332458006
-10.12238193527024
10.33422151599603
-9.504609406697915
-5.01906291716665
2.174476888267904
-4.26038551018331
-8.15258842980621
-0.3808076144809865
5.497713749200847
-8.510453723712398
9.262447153665969
6.081746423650732
9.758099263420769
-10.06167312076876
-4.250068224961178
11.66842426251941
3.676352859727134
-9.8473202321989
-1.878001700060282
8.879494358527175
2.710024187607085
8.521629076078163
-7.392982209855171
1.579753819586784
7.969318542015978
2.45433801550073
-8.58114875893698
-2.191584021516168
8.565912054309713
10.95366259592268
4.391112633325694
-3.353782413169172
6.389564727286039
5.227366351810098
10.75749607060673
7.771780811006702
2.387750534886162
-0.3578652852030321
-5.664445306305092
2.289610595644219
8.812145993071889
5.999566884997157
-2.541889557453458
-7.513024367776559
-4.942005636755312
-10.32603591121286
-2.079896261061528
3.672662269839291
4.701249124755623
6.78291973221531
-5.384030274412894
9.643254762961687
8.246139650425505
-6.562549972058316
0.115232562138128
-8.130907091007838
-1.479660054170583
5.752558531174776
3.903979470768418
1.549342011768057
8.227124555586032
-6.195553041813739
-8.176846068299174
-1.411409262790675
7.008432037265369
6.67778254365749
-7.744895048922785
6.651247040126027
-1.218692523567349
-1.981293028362454
6.765436807671218
-7.96532317779362
-5.221282938098286
11.1727826526412
2.171344195874804
5.61130405250142
-8.982162323285911
-3.005946492266154
-2.683424101275154
5.413894814979786
8.083219152240073
5.976215825403299
6.298738239802861
-7.869939566981762
-5.200615241669682
4.936052145135557
5.383639533224717
8.419841301849987
10.7666432562773
6.242273440737041
2.669324328236595
2.744040245674341
-4.52436982408977
10.13666738023725
-7.268410077739264
10.83258699786447
6.1655430040558
-3.285561824815384
3.982848265164534
-7.992071462507471
0.6177725285718298
8.609844094172704
3.764733404505368
5.81160489213923
-10.10300638902223
-5.316404402153854
4.786601981567864
7.954055906955333
-1.848579059233479
3.110257463001967
-3.946743860661948
4.141958539766687
11.30520351817935
-1.541555601877771
-10.87221291238858
5.651984410805567
-8.790542305548449
6.522535402087686
8.088702391757632
-4.843798439650442
-8.402078590711207
-6.835911621289591
0.327333344990395
-0.2544118269116191
5.643588842284857
12.33229598700047
1.566166980998607
-2.812579098903974
8.147666775023879
7.163244979580195
-2.50652556854647
-8.15974462772771
-5.653219096301703
12.0049625458113
-4.595475550227404
-11.95084711631273
-8.090481645352677
1.888145285973226
8.71354088089435
12.24587140320341
-1.946997777363664
9.013248097989866
-10.48845421998725
-6.905737947160879
-0.4833947697046548
8.220806920005232
10.96024587139864
-8.541456438668765
-0.7924411865964834
5.898000700130383
11.55629078079078
6.55526853290495
3.582716268395788
-5.418722195108206
-4.971134806130297
-9.001438462891231
-5.561478601523797
6.422343174864452
4.649178577706345
0.4475873869184595
-5.582206947289399
-7.35537154816279
3.121994739901476
11.67827269040957
13.30901643152412
10.2106571745622
-4.667043997681992
5.341342777002298
-1.773164596180945
8.704201682498104
-4.869314398704172
3.860365471662688
10.00838677855761
-9.451104840207417
5.172742696204883
-1.351899128155589
1.218510640950977
-6.187543237052981
12.20363975484846
7.377780735177518
-4.835644098453237
8.729679862409919
3.319278662591159
-6.199474491983436
-7.560783332645561
7.218593759584523
2.796942784143809
-30.13527252187067
-5.217429640310878
37.03024363842452
-25.38665643118494
-6.998795303601212
-11.22807971117769
1.777835556360129
-7.31658575265549
8.547240877420437
1.460045148773948
-6.845726313491394
-0.6207769638413132
6.88315994055562
-4.229284421429947
8.776630877284385
0.470859455184012
-6.608630339877224
-10.04667651924694
6.684193833988033
-2.811687416379006
4.30484794655769
1.285038807409734
7.23498911586519
-2.379345904593894
9.404484278645704
-1.015603067250783
-9.740339605045792
7.052711093747621
5.94995026068754
12.05062007116969
-13.16487025462381
4.728382268821289
-7.406053888448057
10.98512913082945
-6.276279785064395
8.208009537609929
6.100669855818886
7.116535370593384
8.556277944522828
7.347709734147923
5.658290058426088
11.04172413496577
6.688707174640423
-5.001022271564617
5.666802610656752
11.54666616305858
5.383434093627994
-11.54533092662277
-6.403014817410122
25.98800346146177
6.352785355779023
-9.993350761651568
5.758816355174988
-7.08719570450142
6.88859048864819
-1.664080961331176
-11.00466205809908
3.479627257515403
11.90156734286506
-5.474194145034344
5.674454067457162
-10.09923003390658
-0.6300940970564687
7.823763408447142
9.810902767381526
12.39156116562519
4.918887406488849
9.469135951794289
-2.758733255614843
6.224949365669598
-2.844486087124973
-8.095355307769795
-7.079489807953122
7.503936941344543
-9.069435474747346
-4.519186901249295
3.934670744817935
-2.777119586932289
6.514076750718665
-4.825859026559784
5.152767911860959
-8.552671495196053
-3.885616849004392
5.530467948070423
-9.518753154092307
-3.068539629010574
3.899315095083896
10.96417497844005
5.729705536033588
8.421940100033925
9.291196330891836
-30.80396223699461
-13.18484162303406
36.78974510296775
-11.84891365209478
0.8692562251102328
7.319469744467609
-6.227113265930849
2.510625624094047
10.64160881081088
-0.1036479188582773
9.728164646555093
1.125489491184473
-7.044177857021259
-6.809170931091685
4.66705469140824
-3.569266231703234
9.416084839473127
-8.236320982622273
-3.668523200488516
2.710561904215347
6.450213523833747
-1.361308842413382
-10.74525674703877
0.4033914253078595
9.141130273851147
6.718268473733731
-0.9134441407626146
11.14864819192483
-6.705522977124333
4.550248607419254
-7.677620698681216
-5.250869220916017
8.453857616972181
2.426751496424532
4.567797802752824
-4.808844115896797
4.655923709546359
8.798245165494183
8.73773886812174
-2.42286178022181
9.720928118201419
9.464767819088733
-14.01278717763876
-9.338596497517209
-1.67436689696289
-8.097278485028017
0.3480866583825197
7.162549727212084
9.19126674821533
-16.36513480187618
33.35490706751243
2.849255337104726
-13.1850896721238
-20.67987994951096
-7.631712591643493
12.14378989338818
1.591412191051388
10.036777340236
-10.88805305031277
-4.314745147635522
-8.602675128979415
3.307616047741363
9.223124770292142
11.48719073487172
5.053635892463384
16.07551546770212
-2.351773184897712
11.91029115032933
-8.169667334764267
-0.1013531430212613
4.588324732831131
11.24031423931827
8.217927255333421
4.6062350215234
9.280425666175333
11.02187963602631
-7.405409151564222
4.674190662386903
5.9155087001156
-12.01164424729038
-8.295002092107305
0.541914543014809
15.91245780303226
14.62874070978119
-3.002916315147581
7.686458491318727
1.741453999409523
7.664229617175303
-4.322237084129984
-3.98680634866487
-9.221275792494609
7.32441487927695
7.761357984962556
8.619619088244068
5.92277556531146
3.629602537019154
11.21486134585563
-3.022386998501987
9.434345628403328
10.82817632708738
8.836916630736072
5.292085788210105
-0.2561603018785765
11.98942945911337
-2.107012548116539
8.785199863607399
6.736167539114824
9.978626941976197
10.3577261173615
-10.93205972251745
-1.472802995174579
6.372047083595805
12.92544552435798
-9.301316000218602
2.16424642855892
-5.768985489736725
-1.208568194338553
9.459256714511547
1.630743735129706
10.667824896552
5.879863563901123
7.844850076245685
1.964986505958145
10.16387948825253
6.573543542652613
-6.163232052436771
-11.23340171211699
-3.034508723281921
9.721291468403491
4.915595334856698
14.60447200261939
6.553398437440157
8.198892985583987
16.14899704939485
-10.76119909742935
9.595598613906407
1.268750781150542
24.43446403411324
3.532330522711879
1.551980164999169
-11.18479541162557
-15.5378123001242
-8.724736604575712
-6.144078294485331
8.068314178301119
0.2350068833885284
2.580658376870852
6.379085125322833
9.041360166337991
4.142321456970398
-3.204229594274997
-5.253261920642917
8.713432145773657
8.879365475394827
12.45673265201595
7.585258813828702
8.44536514629789
8.843180090345738
-8.755757106974121
-5.244176154364332
-1.690897226298472
9.620324001070861
11.62681094743709
6.785773726928485
-19.30735286058413
-4.468487441399681
11.93049000942729
30.05140438506318
9.882177557439858
-9.618476192305694
12.75580018243741
-3.590335944409501
-19.63521812020244
4.748616108824134
-14.75203760190339
4.883180530231252
-12.73677559288351
-7.858741047254957
-5.830024029344399
8.136670030492553
6.228085123496379
-4.899038708825207
12.08359506843852
3.511580950584781
-4.421650976012979
7.064859882074075
-7.933231922400868
12.02994988037484
14.83886541960497
9.688876668524022
2.028717018686375
14.08682616825396
13.96669406196519
-23.05831084463782
-11.31975195859162
17.91534581485276
-6.312430659449286
20.82761609674689
-1.283717096411196
17.45237365113105
-8.2259993085527
1.418028630504885
11.7385588854184
-1.908584904498983
0.1659333282922246
16.74588018464634
-13.64714378826665
29.23509777276709
5.088946964196552
18.73609075039713
-6.359500941172592
-30.50565174145745
11.25961967277205
-24.14615080721176
17.61912061396103
2.91227028131126
18.95504858673982
-16.03434501527225
4.485546547314147
-4.845110792760266
-9.330657346661308
7.193539909059172
2.081670607149992
1.015865499545092
-4.353016942144218
-4.871473829600148
5.817900980077653
1.393830701699895
7.96713861434891
10.68937480622482
9.644027933090879
2.149237635403259
-7.494790287537563
6.573307907322645
-5.234469443118239
11.31122122765578
-20.3396289572647
-18.33314201104359
-4.285780810323988
18.76425519540912
7.728873501876951
32.59679009580675
2.0064869467567
16.05384814683147
1.295204208910669
-4.84103721962775
18.32467603464388
26.06201551318841
-23.80253799894199
-8.185632958905602
14.86440304750756
-7.222591141864957
17.26524148271213
-22.94427689616025
36.75470173245318
16.57994685650005
0.8582611026626531
23.16571325339072
30.64797910077234
16.39897745122504
7.737339479871553
23.05003600589563
-14.75864393776611
-40.07280808197658
-38.16881387070315
44.06574700922845
-14.4306451612194
11.84027419909243
13.83253490071527
29.27276366913486
21.89029868507411
-48.63865875292386
-29.86684704611857
1.903994224074311
24.4878326239996
27.14004675670426
2.652214132787843
19.48946025004193
37.46680414918034
-14.24900164941402
-22.91063962107229
1.957276971906174
15.29901662099954
25.52080060030502
-43.3865108052342
-43.18122082658118
47.5170500758405
-0.2362227825266857
-41.53346057238989
18.12091437500821
29.54801827002863
-24.16241433942067
-31.54487932488586
35.35627474838594
-13.567535425987
18.20330585300179
41.9414745842607
16.04277830726787
34.81459001639706
18.77181170923498
24.86791659401429
42.24767327857858
11.42710389493855
-20.16922680901242
15.44022876858198
25.23716754902985
23.56352362943502
-18.71985153916295
31.00189876558865
43.15028803918634
1.853050231312333
-20.39349545950512
-7.382464984845239
9.796938780285959
59.51868908718581
17.97734389915321
49.72175030720812
-1.673643919766626
6.58519983584475
12.14838927605471
44.06370879960168
32.85611921582126
31.77084127874276
23.73816872037156
-21.01788324436032
-32.22547282555411
28.65793473861861
26.27091936500052
-30.82056939841025
1.64776026584478
32.46832966802189
10.22178397898058
-47.75327286778091
-15.83795335624638
31.14673134891754
31.9153195209473
-19.50065373023674
-22.24654569139274
-11.20758958248721
46.98468470516385
49.67581798131485
2.69113327448666
