12.35518592159449
-5.263649971420982
2.262739937407348
-4.000601814401177
-1.310780139510609
11.56910218170517
-10.12290790784037
0.6916349551198232
50.64403442502784
37.37873438232025
46.39215179580862
-11.87136978319504
-14.37046387524693
13.1338999704164
-2.379138223004321
24.3334830165813
21.01677550722136
25.33241346489925
-30.09254390565033
-7.03306785124429
-11.68078763678647
-1.940476521623552
10.39775897770488
7.656591817232996
10.07955240563671
-10.19218389058822
-8.360400471823635
-1.804516766377633
9.833040156418265
15.6502203725809
3.107051206398423
-6.4987992433992
8.78377462616257
11.22895924819321
-10.54569954549229
-11.1110266987389
-3.034236933232383
-2.306140389169786
7.992498246372231
10.44105839685335
10.2800756566202
-6.866445753911228
2.624959083770208
-4.421261124388161
7.738960427300852
-10.3012259853454
-16.6953210038561
-4.835449194843921
8.59489970732667
3.051715950544737
9.209279588598696
15.39089857675853
7.39302545849065
-3.316707509399029
5.785048122338589
-7.997873128481361
-9.605850454420107
5.676723424386732
5.355068806382059
-10.70973297107335
-6.394095016544965
13.3529419344726
-1.13305721105909
10.72681459795193
11.39822130834805
2.659717082628362
-19.62710899966227
-25.61610578447901
4.315637957711783
11.8598718089907
-24.48304857389752
-32.36548131632576
-7.655116573555588
2.370011118123166
10.38807782167209
-2.541115220041557
7.996035538616569
13.43034890236123
0.6714067106072807
7.194074042112534
-7.380087703959118
-7.701742324921446
2.111317148461005
-1.544178686971222
12.13644483556792
7.190554925711971
-0.3216546176140683
9.491404851848866
-0.5653271531204185
-6.236274860438962
8.23955915698188
0.6143798827301094
-7.251929775167613
0.8870283834476275
-8.324999636226089
3.245962637809076
8.46171220402328
6.485004930918503
6.157563638008862
12.19361503804703
7.033226446909928
6.522667331942747
-8.738504225631115
-1.473284829225543
-5.160388591287132
-5.670947706711508
8.076789766394118
0.9587817511108149
13.23717835667735
-9.271063902531358
7.889231175849336
-8.506511275566014
35.72482951251865
20.9031177305718
16.97012529141373
-22.16579329967389
-44.94717344607857
-24.45655434917217
-3.288543182928562
-1.18359002360764
-8.636490364486299
7.738192000150675
9.314302386455358
-10.22984565303036
6.930449424106387
-8.285306785039992
-1.453242685667119
5.43117738610253
-5.347947180645058
11.02673518097883
14.82109652336383
5.609068502947321
-9.154454088502332
-2.270034017703727
-5.430849704689601
4.979808247181584
-11.01411140716593
-10.21680252940857
0.764552626567624
1.9445388672035
4.513444638047177
0.7973088772279513
11.77866403397209
-24.29737823014337
-17.77338144260785
44.39660438584621
35.1019018307132
43.76259731145313
-38.8076724230748
5.32742676781222
26.83394883003171
10.65153875303876
22.64952024127376
-29.74833280412225
-5.28727707374327
-7.452900341790985
-1.073069860111968
-8.952172380028427
10.49789241190687
7.265219396098117
-22.28682608125827
-1.499272037938854
-9.212028020619956
-9.841288274453419
-2.9841950264678
5.597976550387604
6.38570762637903
12.34885198480415
-7.879102520254848
4.601704047762189
11.43376814439405
5.402423852775632
-7.749575980326416
-9.847440846285561
12.16134139527992
-25.09468710633239
-2.287803498527386
6.832064098585641
-14.44914489422927
-6.031344291633745
6.88442007128429
3.723604383111899
-10.24740239180381
0.5564902274111091
10.72559203490698
9.2498965592402
12.22897354232157
9.754948674030983
1.662764220199074
-13.15199983180658
-6.808743138295205
-20.20356723716995
10.41065795112645
5.093234421941579
-8.092184453163556
-5.317423528298842
6.857093249126462
0.188768185108029
7.223514528420485
11.40290444293144
-6.841553600022727
-9.807221745951782
0.3618800635543325
-8.455340219206557
-4.275950300733017
-3.315569790561663
4.900507013264234
6.054332868068573
12.3402028777298
7.034746346183916
12.17451677697374
-13.18541887443654
-7.030321787575774
4.179389917693045
5.13977042968994
32.09328469084338
36.93556808527617
-41.97918444221902
27.19191620293254
0.1947931704417028
10.80389261946377
3.327384922477951
-12.85502515203056
-11.0410243761899
9.176457314124114
8.943456177802226
-1.07935330574829
9.369902654604301
6.155097085876241
-4.287078761922554
-8.471507357208839
-2.96566814837435
-10.44217584647848
-7.476507697234259
10.1691018076901
-21.04552125364433
-2.097864865777364
-22.47116943129748
-7.051567405567245
-3.859227218180528
18.9476563884667
-18.68093899857087
-29.8513585046889
-1.425648178017442
-16.18241007450818
-4.184428592022164
-13.39482409758963
-27.9367973158837
10.02512768858051
-8.976595311563852
-2.921151063750414
-7.867040973853252
8.545347034339331
3.770603470201948
8.544933777994309
-22.01233342196575
-19.1755863715179
-2.699687169347298
-10.74451165149166
-21.56762865311122
-7.625179275096282
1.10955433747924
12.74719878408879
1.43437773890425
-7.991228591363116
0.8512027115066352
6.591747063352758
-6.216293119458358
-1.475695473601967
9.961671067253869
2.979076986382854
11.43736653879087
8.458289532774838
9.740311115162358
6.52399678860228
22.80688360724631
-14.82171178141255
-18.75470422179738
27.63620302913457
2.357502018141432
-0.6340070741868625
-39.0691776182793
-5.988996784635765
-25.27870101109181
-28.27021010354766
30.94190879715732
8.660695481439232
23.05947605458845
-22.28121331840559
-7.882432741362877
-11.17041950590759
-43.06891102989242
-4.90136848869388
28.42571032690283
-31.89849152419541
-41.42667963942083
-9.74365188375036
23.58342692945651
24.46105573175358
42.17397761266002
19.39259747385558
-13.26530004207065
33.32707881637958
15.4196020254177
0.8776288036711835
-14.54197322034974
-22.78138014225951
8.734733613088203
-9.151668846059753
-1.711972978549081
4.517920492134629
8.493730203446351
-2.712548119721674
-32.65789751624803
-23.64448010186868
20.49061909276778
9.013417414125875
44.13509919113227
7.439695863914412
-0.2330011360476509
6.439120732110867
4.633831627018338
12.16022154241085
8.018066704949701
-4.945889909979499
11.46649809704158
-10.09244598418673
0.4447047694025548
8.431074720071415
3.44843139206741
-2.392042282140995
7.526389912110549
-8.044824482129313
-4.641756209462383
1.831783418764239
10.53715075822092
-4.982643328157111
3.40306827277407
-7.600821753779501
0.784889848813397
7.258429481982148
7.741872055178194
-2.297756937276778
-7.601235011776255
8.385711600940155
-0.0004132573058932127
6.47353962833356
0.4834425737529607
6.555883710870758
-10.10313965351761
10.30242692427333
-9.482030997055151
-5.005748559996539
2.164109785777881
-4.251755849323498
-8.134206167555703
-0.3795988847052088
5.485138240212724
-8.491958966269817
9.24296111628283
6.072441140338009
9.736894090255721
-10.03962899152945
-4.240203119603098
11.63755692724545
3.664452953672077
-9.823813458364565
-1.873172353764415
8.859733752279334
2.70255508494688
8.501980955429552
-7.375253303564684
1.576110385709604
7.950641106274968
2.448560153479305
-8.56151132022147
-2.186980597107417
8.545925512482727
10.92918055785388
4.381666478724216
-3.345761756793659
6.374530721160538
5.215749564825354
10.73290610826692
7.754607281793293
2.383255044040555
-0.3577527969352377
-5.650057301527338
2.284818285764313
8.789760951645251
5.983771782441491
-2.536207104866425
-7.494224684134281
-4.931502018290427
-10.30285425667724
-2.074672735704869
3.664459172980496
4.691057982648353
6.768135884626869
-5.3713522381507
9.622560000490775
8.228181521761504
-6.54751408145649
0.1156502595268469
-8.112531263214565
-1.475694425368534
5.739131909474358
3.89496452763319
1.545390545100251
8.208554888529422
-6.182037692696843
-8.158744967665925
-1.407869535305087
6.993566211590529
6.663164343309878
-7.727428236308623
6.63683683939441
-1.214988679200709
-1.976707275043824
6.75087543268473
-7.945797799762007
-5.206981136905787
11.14291519222105
2.165831516270973
5.59609074634287
-8.963055910295108
-2.999911550171956
-2.677185906057769
5.401524198107613
8.065884045873391
5.963144359275248
6.285870008732934
-7.851825520143175
-5.187465674836286
4.924163645297719
5.370658955072064
8.401435747296054
10.74306995255618
6.229893467048051
2.664359846308189
2.738816663419011
-4.513176487581889
10.11162931808378
-7.251993151438003
10.8030718842706
6.149422880950726
-3.276183445141517
3.975809708485535
-7.973103985694904
0.621108656461976
8.594212663096865
3.757822875631993
5.799425871204654
-10.0778083863944
-5.303478075389296
4.774330310115448
7.934875588241924
-1.844167382178691
3.103676712606329
-3.937616665868047
4.129845216407826
11.27586025160746
-1.533221193391025
-10.84589344543935
5.636637194179531
-8.768815542357716
6.504942667161107
8.067461880497456
-4.831198875191451
-8.381713163145234
-6.819193953705157
0.3268210795096742
-0.2527991402610976
5.637128357284458
12.31814676998432
1.562519211557552
-2.805989167269419
8.128914025391948
7.146015035633606
-2.499094090969569
-8.138317138494971
-5.639223055271865
11.99132567135887
-4.585717382241688
-11.92555578071769
-8.074501502872941
1.884091729769539
8.698593771738377
12.22520998039917
-1.941715157227521
8.993188036660584
-10.46169404579373
-6.88912325526255
-0.4827374302527436
8.202745122852216
10.93490319250446
-8.519978887182672
-0.7904429143048696
5.88992750354769
11.53842244715533
6.544476068690013
3.57257079079322
-5.404512888268107
-4.958017578414382
-8.977083678361579
-5.546824445649662
6.406385824934937
4.636160995650314
0.4464953095447569
-5.569613565588678
-7.339838395814621
3.115868987467198
11.65685809870496
13.28431115422861
10.18298543980542
-4.653649003721181
5.325842691375938
-1.770224829404489
8.685482552234184
-4.857142748262657
3.851054278092702
9.979491695498226
-9.425606327749328
5.157369320978757
-1.347398871341261
1.213328387215837
-6.169521250995008
12.1751102142455
7.360798151740894
-4.822122377902478
8.708197023914018
3.314759023489108
-6.189828863096345
-7.548752279136138
7.20836894010226
2.792365970699411
-30.12888420269825
-5.216404026179321
37.0261492159013
-25.38094450083541
-6.983472560179711
-11.20627832788812
1.774935473985638
-7.303761436453643
8.522142442714653
1.454646604230172
-6.831959497148834
-0.6164768234869783
6.865571271251668
-4.222805770912768
8.758408036246081
0.4718019422154612
-6.599237542105329
-10.02280948623011
6.672121872316834
-2.806079129742088
4.295690108283794
1.28202159306109
7.216730359606454
-2.376431767988411
9.370893858649746
-1.012641958470175
-9.6797354851966
7.02191941731986
5.934708756914742
12.0200289472101
-13.12339399605999
4.713823346611758
-7.382849639961909
10.9617818305779
-6.258474286878204
8.189004808732165
6.085320199809476
7.101769239732619
8.540989110461389
7.334918985396418
5.648494939549273
11.02610052704102
6.681018418704211
-4.993946382350023
5.657666451059695
11.53056994899622
5.377605591196158
-11.52575502702014
-6.396078239520304
25.97694315236024
6.349905197345121
-9.975560449863845
5.740544353972252
-7.067495834046863
6.8649197130629
-1.656571176264734
-10.97229763431241
3.475181459343157
11.88319670038488
-5.46565262399
5.665492269115701
-10.11001620129124
-0.6286746641150385
7.800376318752678
9.801586258783489
12.36020633165594
4.926856946800926
9.481341540278212
-2.741167164782523
6.215482676572178
-2.842424982429942
-8.087488522474263
-7.071039486363137
7.482048102188521
-9.057907662719737
-4.50342306200276
3.925627950011644
-2.772777020264367
6.503204584895673
-4.814312065099967
5.144281169039291
-8.521490898583105
-3.869866860821088
5.506645017844947
-9.5045878855867
-3.063910403940802
3.893609915578985
10.94895831885551
5.721976051402935
8.40801524448915
9.275981602993886
-30.78853857256952
-13.17687490012443
36.78864779573251
-11.84657838815281
0.8679663569091381
7.308643837190332
-6.217704428998569
2.506754494113868
10.62934132436131
-0.09845411809619443
9.715464271258254
1.120862253128139
-7.014706763923606
-6.780350918795246
4.651624047017233
-3.556420159393474
9.376511887950622
-8.208044218784922
-3.648214201285796
2.694615103738053
6.440677481295573
-1.358923416243183
-10.72779544612707
0.4033494381084421
9.1278083517039
6.708391987209992
-0.913877048628351
11.13114488868451
-6.681896793534116
4.554484606847558
-7.668024119746834
-5.245063539670165
8.429051005659852
2.422960584093355
4.55983002231662
-4.801889342061778
4.649696502549869
8.785886455137433
8.724458918044533
-2.419416360078753
9.707754388424387
9.45158584309824
-13.99555255052007
-9.327034356191167
-1.672237133905944
-8.086977104923198
0.3472484125749556
7.152610149922343
9.177974678396533
-16.33986544064435
33.34979643635885
2.851509476204802
-13.17140561735876
-20.65194356137744
-7.622269030818688
12.12717074704397
1.58915545679103
10.02338097571988
-10.87746722654625
-4.312078120733614
-8.594602012961765
3.302849032508399
9.211424484412955
11.4744689332638
5.04825440654267
16.05733218649701
-2.34897444132943
11.89745104030144
-8.135569014587038
-0.1010076329813341
4.582863253233771
11.22664683508655
8.20797520197743
4.601229786923312
9.2697479745256
11.00907779199778
-7.397228862677535
4.668518190965737
5.908575447302884
-11.9984586644059
-8.28398605971506
0.5408612264725956
15.8884013021407
14.60641471509127
-2.998589963783311
7.676024474735569
1.739329823275939
7.654797226000397
-4.315984712889934
-3.981462750382625
-9.208445017944394
7.314330136002779
7.750328498443102
8.607600339070274
5.915467392726626
3.625111951633601
11.20086349001868
-3.0186716359994
9.422059061811327
10.81454286292103
8.824847285124282
5.285396098660416
-0.2561685461649906
11.97231803176877
-2.103789769864455
8.77248171112662
6.726936495140841
9.958593234525804
10.34111825062331
-10.91535719998008
-1.46981448132889
6.363572988911841
12.90772534430178
-9.287904147979413
2.161315465081953
-5.761287941938089
-1.206070122464781
9.445542715903837
1.6274530547477
10.65161283587541
5.872903500385958
7.833387469825277
1.96048396788486
10.14466853797656
6.565186327315911
-6.152964354534976
-11.21635687217889
-3.032172300501704
9.713811140050414
4.909422462395327
14.59414012601827
6.544152354783165
8.184184571105709
16.12577933521375
-10.74640987950838
9.581626980722447
1.267263226145747
24.40826541955493
3.526616208909666
1.550194577175598
-11.16795610093109
-15.51303819476334
-8.66709354004389
-6.108473484633613
8.034561379140653
0.2343558363546696
2.558620068727407
6.342829309841197
9.028650257127563
4.136189952691027
-3.199836320210036
-5.245381536909115
8.700601211168927
8.866476890998229
12.44073070283475
7.575751539467467
8.434225518213699
8.830726265554212
-8.743819900952513
-5.237219463461094
-1.688471496914122
9.60732138987145
11.6115449952689
6.776453642979507
-19.29992481700756
-4.473286378599664
11.92719414183168
30.04398201745061
9.879441535378376
-9.615207153253319
12.74598343870898
-3.579482210418171
-19.62703795791024
4.747939705523003
-14.74670897509722
4.880328985235698
-12.71815068135588
-7.846834905059037
-5.821470377506166
8.124512369244815
6.21871858460178
-4.892460304777869
12.06631321077594
3.506600437923345
-4.416002970190728
7.055348403456001
-7.922603407398513
12.01367310588462
14.82663843853798
9.684717663770956
2.025364527951816
14.06555348904188
13.94598274718434
-23.053378238178
-11.32193917258354
17.90365815656719
-6.311854941857808
20.8067088544833
-1.281986587788078
17.43931385101814
-8.212376826665869
1.416398755314124
11.73143906574078
-1.905793784024397
0.1658756792850923
16.74152329681734
-13.63723284949151
29.22559732898501
5.084067590169839
18.72130043933344
-6.356757224993333
-30.49828696231283
11.25490644745075
-24.1415297387152
17.6116636724454
2.903050697844219
18.9419601847865
-16.02291509484314
4.476282449051685
-4.836389808404477
-9.312672259050077
7.169858366672653
2.077077902530114
1.016449036484903
-4.345082104609868
-4.864979161759151
5.809635277159811
1.392483801750759
7.957872909650245
10.67461443831269
9.628775580852796
2.148237632747795
-7.480537946061939
6.565389106780784
-5.22698226750726
11.29579288658566
-20.3315920023112
-18.32736839698864
-4.284468616801389
18.75299441349195
7.714808936016992
32.58241968692793
2.004223605903339
16.04712338537817
1.293270203101598
-4.835091351826064
18.30591084228415
26.04217733331164
-23.79337169535667
-8.182246673273276
14.85521635763145
-7.217724078078933
17.25139846471651
-22.93609985467339
36.73620429873804
16.57564761721546
0.8572718405066511
23.14100219364673
30.64677634368338
16.40048052081377
7.736266492401733
23.03746303042854
-14.75385318186224
-40.07904963003471
-38.17327438905701
44.0508030982075
-14.43278263331855
11.83638424428212
13.82942527372396
29.26468508874814
21.88098794124863
-48.63522618346747
-29.86045713341193
1.90577524359686
24.46912254273292
27.11856379646586
2.649441253747454
19.48480583437165
37.46311979129968
-14.24629582277147
-22.91050985142794
1.957100898593182
15.29572608448502
25.51649097214102
-43.38714102934297
-43.18172580979596
47.50611626831819
-0.2361446596487277
-41.53372929072676
18.11678787560038
29.54202190694962
-24.15862734481656
-31.5423244934835
35.35994636617457
-13.56401053658406
18.2022218422916
41.942713602519
16.03890948731166
34.81367853770473
18.77476905058391
24.8676107510248
42.24255324205586
11.42523403126945
-20.16454047831585
15.43525981521438
25.23110005691077
23.55939007455155
-18.71942912806244
31.00330434084103
43.15099637310394
1.853411738297091
-20.39113911075872
-7.383697148240413
9.79584024150666
59.51857371056411
17.97831395701609
49.72273346939019
-1.671709982545801
6.582767236535642
12.14769203275019
44.05785832833795
32.85193411819233
31.766232378789
23.74049175798309
-21.0084946474699
-32.21441885706442
28.64301134778554
26.26916687857594
-30.81731921383334
1.647996521405776
32.46531573605265
10.22076488737349
-47.74226092992905
-15.83209463682592
31.12958968287886
31.91016629506445
-19.49464868462618
-22.24455084920595
-11.20592420987005
46.96168431970429
49.65150599492541
2.689821674890524
