12.38040827953244
-5.273132038270905
2.267501589257463
-4.001256068518077
-1.310125885393729
11.58053516949375
-10.13565128121936
0.6924941067505777
50.65248419233752
37.38537284845737
46.40177789278778
-11.8834526295176
-14.38995931050348
13.15276640693141
-2.385018866043855
24.3387979400207
21.01681554992433
25.34383757082042
-30.10100188445644
-7.035475250463365
-11.70575531178211
-1.942499947502103
10.44002869091562
7.681325912548963
10.10806873007543
-10.20806374803102
-8.371806570019078
-1.806483966752803
9.861887235423996
15.67781100125344
3.113900340368123
-6.508279716864048
8.798014889279106
11.24854919374773
-10.56800505898736
-11.13432719418684
-3.040790136150517
-2.311269377726792
8.010408080916228
10.46473508444479
10.30067702043341
-6.879796149555401
2.630446144860359
-4.429261807506067
7.754476099727613
-10.31662396604367
-16.71949380015706
-4.843253695803461
8.609562923362862
3.056567693145059
9.225206090793511
15.41847805044962
7.407909423419615
-3.32198239013541
5.796297970169075
-8.010568678104066
-9.622180080280407
5.684114571959371
5.362622973616367
-10.7298918294375
-6.40286982428387
13.37319165125109
-1.135595562124455
10.74064454010652
11.41232512548246
2.663389867801582
-19.64096771995504
-25.63034621430428
4.327022021036077
11.87624010322554
-24.49475065411946
-32.37931282224983
-7.670230878815349
2.375783114380574
10.41428954518099
-2.546200873737245
8.014519547930997
13.45281662217931
0.6716805863307929
7.205874467117684
-7.394623738001505
-7.716115354048354
2.115618628723639
-1.547476959738789
12.161632600758
7.205477159600191
-0.321491597873853
9.510242365950401
-0.5663221323496632
-6.246942158074252
8.256735680766901
0.6156431759392734
-7.268012339298434
0.8890321478252214
-8.343349704924604
3.253247070364806
8.480590220675124
6.499306492610099
6.168638395807766
12.21481390758418
7.044271403967507
6.534193881775561
-8.748935255987202
-1.475432897750123
-5.17054250491054
-5.680620025766708
8.093537065529766
0.9601972554822542
13.26407956788483
-9.285411648889363
7.90499084437509
-8.519704298397116
35.72939583632822
20.90690580565098
16.96728840519723
-22.1708978568477
-44.95773354055116
-24.46283738090692
-3.295812162595948
-1.186126475104083
-8.654900894473812
7.755386071914121
9.335132918396573
-10.24560890074189
6.944793586599582
-8.298347024158243
-1.456323143812126
5.442176415201907
-5.35908872579254
11.05119822448886
14.85370304961025
5.621321193366541
-9.173232609170986
-2.274733052569984
-5.442423131802863
4.990643592484171
-11.02644728231107
-10.2282668610009
0.7657073519462907
1.947261872241417
4.518652281638111
0.7981804184511702
11.79215463623525
-24.30714267320256
-17.78570530217203
44.40060562568386
35.10391997159937
43.76668853889047
-38.81166035837549
5.329716705569819
26.84778321782381
10.65729137589501
22.66136680245917
-29.75629765384753
-5.290420558954759
-7.468774425454974
-1.075337360441769
-8.971391599680695
10.52125940174159
7.273502355684353
-22.304357585487
-1.502617171475688
-9.232381857933952
-9.863059448585862
-2.990659960680091
5.610274357281403
6.399492112596288
12.37568139392209
-7.8960542431906
4.607959406808533
11.44998327557406
5.408151631903691
-7.753863153741556
-9.858216157444501
12.17552872769862
-25.10532308944467
-2.290646841249589
6.842023876003541
-14.46617556821309
-6.04183164199276
6.898499557807579
3.730809475051518
-10.26112815928559
0.5589401662742159
10.74783074230907
9.26866927856001
12.25380118061958
9.772641113755395
1.664797650184088
-13.16201477980492
-6.815674404313556
-20.21888927035269
10.4330667218272
5.103671720144071
-8.107843461012406
-5.329394996742795
6.87239949204168
0.1895004026628512
7.240010005820347
11.4288557966201
-6.855183383086032
-9.826679565775768
0.3622110182238086
-8.47431557254238
-4.285469757110802
-3.323030717743757
4.911194475006786
6.067121379606832
12.3658337186971
7.050509617572308
12.20179448435612
-13.21151517859746
-7.044683796942701
4.188845810315221
5.151284859440231
32.09968565834404
36.94271990804834
-41.98788916553816
27.19724566886926
0.1947211303112349
10.82006832663623
3.330677552912032
-12.85981427664705
-11.06664476192549
9.196664229685817
8.964183479151057
-1.082449851368796
9.390152079763217
6.166831375219649
-4.294055602465202
-8.480472049818308
-2.971496193883851
-10.46088697273002
-7.489390774800599
10.18889057678897
-21.05740379172856
-2.104352999742828
-22.48334890661686
-7.056874492336693
-3.861625450905945
18.95305079377028
-18.68411547785227
-29.85695459572553
-1.425945116380314
-16.19049182955875
-4.186416431358936
-13.40321486136017
-27.9517873657348
10.04601397789436
-8.996552536642875
-2.92853547842058
-7.884690922473903
8.566937926397607
3.779451911664958
8.566029123663574
-22.05412496411194
-19.20654126977532
-2.692338420534053
-10.75411267134137
-21.60631126037206
-7.641092507381248
1.111861613006489
12.77600445463972
1.439071344900472
-8.011975876280435
0.8530040359472585
6.611779381186901
-6.234148320600642
-1.47916145365124
9.984194894085389
2.985131918568479
11.4633563376386
8.478224320899132
9.76325536427942
6.521437373269148
22.81467624645872
-14.82249002865249
-18.76210743311807
27.6427816537934
2.359236844723039
-0.6339170856927629
-39.07088892122604
-5.989378493294269
-25.28354480837398
-28.27669874097836
30.95008880358717
8.662768571045332
23.06552663495933
-22.28732024570571
-7.884562162636331
-11.17283911608899
-43.07780366100884
-4.902439993604915
28.43100948131569
-31.90496454670405
-41.43012578071722
-9.745474246214149
23.58797521749653
24.46587710163571
42.18261029584833
19.39577465020123
-13.267111340615
33.33344947905066
15.42647441233341
0.8779018908814689
-14.54857251445133
-22.78683566296948
8.752954121920668
-9.169552608766141
-1.714913355342848
4.52733284153333
8.510164375142086
-2.717863796081428
-32.66288599244195
-23.64648094353809
20.4948961390159
9.016405047595978
44.1413770650574
7.454639236986438
-0.2324807470986179
6.451688837838916
4.643104199354641
12.18373786026473
8.038506436360473
-4.956155442605636
11.49547340030501
-10.11290669027463
0.4478137062684344
8.452428598672498
3.456966963916486
-2.399769993125481
7.540633644219366
-8.061774250769215
-4.650661868212953
1.836257178011518
10.56072041986377
-4.995461634812531
3.411112383214339
-7.620310786440908
0.7862632393643385
7.273182310645047
7.756776423536587
-2.304843210786323
-7.621219597379397
8.406574018355464
-0.0009088079044123201
6.486919046882623
0.483594115568187
6.565322629766294
-10.12230776525429
10.33415560040823
-9.504533903282296
-5.019019437796821
2.174461617424612
-4.260371166021761
-8.152550500913133
-0.3808041503287802
5.497689662969561
-8.510416229642974
9.262408801476576
6.081728530587336
9.758060833020775
-10.06161963024087
-4.250045075035257
11.66837122453486
3.676332322357384
-9.847273674135067
-1.877991566829658
8.879447237628652
2.710006972454706
8.521581520336076
-7.392946651479966
1.579746841634209
7.969282117166316
2.45432701582318
-8.581109079556516
-2.191573789057763
8.565865032611695
10.95360715093383
4.391091779840846
-3.353765944771122
6.389535280380398
5.227343140818426
10.75743881645798
7.771746346272778
2.387742111605996
-0.3578657200409657
-5.664410761039695
2.289598464043028
8.812089912489427
5.999527677904992
-2.541877469439431
-7.512981577719244
-4.941983757993282
-10.32598799100255
-2.079885766450686
3.672644313947162
4.701229187190473
6.78288737252192
-5.384004232963699
9.643212946630079
8.246102224827654
-6.562515380540268
0.115234011912187
-8.130868215632907
-1.479652022044922
5.752530080673425
3.903959265059523
1.549332838985721
8.227082241045835
-6.195524892703776
-8.176808627572587
-1.411401599182455
7.008398876065812
6.677749401899452
-7.744857727036693
6.651216196873715
-1.218683370221055
-1.981283736742129
6.765407030549222
-7.965279067855884
-5.221251365291818
11.17271401949119
2.171332191941188
5.61126864763951
-8.982122915678559
-3.00593362955293
-2.683410597749224
5.41386685287388
8.083180489987496
5.97618928051863
6.298712335694863
-7.869899570380112
-5.200585945196366
4.936025327717992
5.383611295378225
8.419800477039541
10.76659109049472
6.242246179173118
2.669313628104893
2.744027708532871
-4.524344919858125
10.13661126635614
-7.268372636351478
10.83252002018432
6.165506066777263
-3.285541127917292
3.982831520655007
-7.992038961796522
0.6177738619715002
8.609812926695676
3.764719138545773
5.811574551543395
-10.10295361550726
-5.316376391884953
4.786577218330615
7.954009230080218
-1.848570814444683
3.110243059201987
-3.946718977076043
4.141929964269312
11.30513366815552
-1.541534948859664
-10.87214333360087
5.651946313277892
-8.790485148886667
6.522491453099494
8.088648932688418
-4.843766166582737
-8.402029544481421
-6.835872085107704
0.3273316066658913
-0.2544068941624121
5.643577105285909
12.33227224321315
1.566157470931653
-2.812562225428389
8.14762266152605
7.163203705051849
-2.506506676220326
-8.159693982983205
-5.653187343824289
12.00494054050367
-4.595454450075117
-11.9507880456905
-8.090443945588024
1.888136917232568
8.713509651449526
12.24582870135856
-1.946985585124863
9.013199303255385
-10.4883907326452
-6.90569896658817
-0.4833931148091519
8.220764853939867
10.96018488443017
-8.541405143570335
-0.7924344579112702
5.897984030332397
11.55625546093016
6.5552469276436
3.582691761636235
-5.418690072642709
-4.971104104094194
-9.001381833666645
-5.561445373233144
6.422305849192744
4.649148363677442
0.4475859664920115
-5.582176088497508
-7.35533357772322
3.121981877738027
11.67822688817226
13.3089641019267
10.21059373224965
-4.667013957274321
5.341307336001181
-1.773157484540715
8.70415796155021
-4.86928639739078
3.860344100804373
10.00832129714277
-9.451047206011953
5.172708020291934
-1.351888431946902
1.218498700472235
-6.187501735301343
12.2035753384487
7.377742059223086
-4.835613292926758
8.729630490249779
3.319268860199038
-6.199453960913013
-7.560758258190267
7.218573889625963
2.796933525494058
-30.13524000761486
-5.217426696070646
37.03020410650603
-25.38663076412299
-6.998758564400591
-11.22802819181182
1.777827572972688
-7.316551165364878
8.547187414115927
1.460035013407225
-6.845688607106235
-0.6207673930305119
6.883121065037154
-4.229269641242911
8.776586154666068
0.470862574252191
-6.608608000072089
-10.04663334144497
6.684169604042738
-2.811677170627124
4.304831276181839
1.285031096488827
7.234956183795238
-2.37933834499758
9.404413293223071
-1.015596773625695
-9.740219481553806
7.052648118209845
5.949925039615109
12.05056877582185
-13.16477581340886
4.728351736416951
-7.406000446201206
10.98507665488239
-6.276239521786879
8.207967874394548
6.100643781471332
7.116508454453667
8.556245004459289
7.347681400176961
5.658271408399713
11.0416981898818
6.688695167804251
-5.001008556925856
5.666786627534197
11.54664140134986
5.383426798543587
-11.5452345874658
-6.40299687787093
25.98797674243057
6.352777262895664
-9.993262728842293
5.758775356223703
-7.087152376602655
6.888536310681356
-1.664066373506089
-11.00459126241125
3.479616126721635
11.90152383724928
-5.474173476620916
5.67443322719875
-10.09924653735983
-0.6300953730749553
7.823697002820794
9.810855723725691
12.39147291360292
4.918896677235463
9.469151179205607
-2.758702800146001
6.224921230068873
-2.844478508722249
-8.095335245239276
-7.079470587193876
7.503888494956403
-9.069399760706917
-4.519145230584884
3.934647285650367
-2.77710877421038
6.514051879274872
-4.825833286105384
5.152747583798887
-8.55260272933355
-3.885583311118943
5.530417820742151
-9.518722820628691
-3.068530506333765
3.899305027519191
10.9641487936298
5.729691372726605
8.421907725189328
9.291160646735326
-30.80417319924822
-13.18495426265826
36.78978395171511
-11.84894814205897
0.8692529158065962
7.319445224385765
-6.227090600587968
2.510616335544248
10.6415785744754
-0.1036373336057623
9.728133571592199
1.125480036760525
-7.044117858966445
-6.809109468275208
4.667019463360605
-3.569241244427671
9.416001174194431
-8.23626076720695
-3.668484831511612
2.710529116382133
6.450192313048683
-1.361304299025325
-10.74521592542296
0.4033907383148801
9.141097633029736
6.718243876820097
-0.9134449794285573
11.14860668328558
-6.705472099615372
4.550254563987917
-7.677599513903673
-5.250856736785881
8.453792487186433
2.42674279574744
4.567775956284674
-4.808828884371611
4.655910657628631
8.798221879509031
8.737706914262862
-2.422853736345088
9.720899097020682
9.464739535655468
-14.01274542295133
-9.338568264887504
-1.674361364219772
-8.097254125598273
0.3480852484183115
7.162531603131664
9.191244102444763
-16.36506509843324
33.3545077385662
2.849238820048352
-13.18504928126143
-20.67980700474327
-7.631688833431763
12.14375282833781
1.591407129291914
10.03674650907407
-10.88804106255415
-4.314741906310769
-8.602653508483382
3.307604623093598
9.223095950339362
11.48715998222552
5.053622670379429
16.07547165973546
-2.351765175012855
11.91025810522845
-8.169597882307968
-0.1013529597784139
4.588311677510664
11.24028157703011
8.217902848930366
4.606223025462039
9.280400148113984
11.0218490500456
-7.405387919476047
4.674177140358045
5.915491304846361
-12.01161101902148
-8.294979069302471
0.5419139089787812
15.91242514173667
14.62871120448695
-3.002908587364354
7.68644206195254
1.741448931442427
7.664206917262705
-4.322226432503389
-3.986796763236341
-9.221254185560152
7.324383010299701
7.76134832293696
8.61960327461256
5.922757933451275
3.629591185913198
11.21482841896929
-3.022378742593515
9.434319726890495
10.82814538778078
8.836892973901923
5.292070493171323
-0.2561595641273089
11.98940308915191
-2.107006314235209
8.785179411980236
6.736152537193487
9.978580873453383
10.35769178425695
-10.93202859213142
-1.472796956547646
6.372030896187516
12.92540436908455
-9.301291397162146
2.164241018713826
-5.768972359061833
-1.208563588272761
9.459231622772666
1.630737207779922
10.66779519876696
5.8798547852968
7.8448278502147
1.964973058541198
10.163805473072
6.573539620744262
-6.163214585840055
-11.2333321660396
-3.034499744978075
9.721274414254983
4.915589624961721
14.60445056864613
6.553373469580478
8.198832417815828
16.1489217934189
-10.76116335199831
9.595548325786801
1.268749426144489
24.43438539930753
3.532319050311535
1.551971858651457
-11.18478232949782
-15.53778527986367
-8.724622774601613
-6.144005672735548
8.068244909110131
0.2350083482173331
2.580617168539329
6.379013968482984
9.041338976957533
4.14231122290107
-3.204223675942303
-5.253250552602045
8.713414797516869
8.879351080073917
12.45669849455427
7.58523723804044
8.445339376899682
8.843158854537872
-8.755736896354943
-5.244163872976289
-1.690893132917902
9.620286640047603
11.62675784551665
6.78574890787557
-19.30732248788705
-4.4684854153875
11.93047716737129
30.05137521714297
9.882171112400375
-9.618461543687671
12.75577414999996
-3.590265851139232
-19.63519949403122
4.748609261601147
-14.75202335553125
4.883176150413037
-12.73675420438188
-7.858723992666212
-5.83001149644144
8.136653847108416
6.228073306820991
-4.899027753515862
12.08357475478653
3.51157302135859
-4.421640364704664
7.064843764831481
-7.933213381873382
12.02991277993461
14.83883707291949
9.688860944444508
2.028712496999831
14.0867972969936
13.96666534567469
-23.05871817765343
-11.32010632032633
17.91442956599406
-6.31244025617846
20.82690127661094
-1.283713940404974
17.45229821241608
-8.225983076628168
1.418010099727304
11.73861185670085
-1.908580537794021
0.1659362812296842
16.74627792093485
-13.64719239284692
29.23453588564414
5.088819764886904
18.73601215567125
-6.359552817064501
-30.50526892954971
11.25966611950958
-24.14571611940099
17.61921893659043
2.912471710035032
18.95522505902626
-16.03428810734391
4.48551452317668
-4.845093891077089
-9.330608420831508
7.193481158679719
2.081658185022905
1.015864657776163
-4.353003003925312
-4.871461247940774
5.817889404581945
1.39382566390135
7.967124830100633
10.68935064907547
9.643993170398513
2.149235426648927
-7.494757733615884
6.573299160881385
-5.234457421613642
11.31117977325098
-20.33983473329733
-18.33336352797327
-4.285717117417136
18.76428927442716
7.728614816030049
32.59644554760898
2.006471205859741
16.05411761577091
1.295220264256592
-4.841008936761053
18.32462703770971
26.06197834427126
-23.80288610316498
-8.185733801140287
14.86427259138394
-7.222544462738857
17.2647543176386
-22.94463115198803
36.75447507946929
16.58034163985018
0.858254951057745
23.16563597359069
30.64794611922913
16.39896258315683
7.737351307888666
23.05000639200678
-14.7588973513591
-40.07286108141033
-38.16885940661926
44.06570648424988
-14.43065208505295
11.84026437704678
13.83215627349938
29.27241111167509
21.89020248821387
-48.63873209163888
-29.86688328000074
1.904001687571461
24.48729877980101
27.1393415332967
2.652042753578736
19.48972076213167
37.46664491835949
-14.24898353593908
-22.91059481151192
1.957235919115794
15.29900442887253
25.52077568076561
-43.38648441403895
-43.18118493093365
47.5170046460376
-0.2362269757817934
-41.53342936960773
18.12089804914522
29.54798796442684
-24.16227607945147
-31.54448470431665
35.35634960188426
-13.56756054832796
18.20332442802621
41.94153177133289
16.04275335082757
34.81460216478562
18.77184881406401
24.86783073166347
42.24763080242013
11.42708991519974
-20.16920408616159
15.44025483833815
25.23718102508185
23.56353976268592
-18.71982892284954
31.0018705691398
43.15025745470968
1.853055042901677
-20.39347018599198
-7.382208624245624
9.796926186581732
59.51862568071532
17.97692415624276
49.7216994944419
-1.673641262567744
6.585182169419075
12.14838688802293
44.0636822373982
32.85609865115207
31.77088497610846
23.73820733243673
-21.01785853893286
-32.22544212259646
28.65789550307875
26.27091646678095
-30.82054090196701
1.647755572960666
32.46829647868859
10.22177125156827
-47.75323163121811
-15.8379362938361
31.14668756172823
31.91529534677979
-19.50063263661042
-22.24652522946808
-11.20758358495497
46.98462385556425
49.67575404035022
2.691130183124304
