12.36669060553395
-5.267945179191178
2.264914157519931
-4.000911825821014
-1.310470128090771
11.57415730377457
-10.12841187629969
0.6920095915673211
50.64804342420037
37.38187761345587
46.3966975843211
-11.87702724726682
-14.37946540323422
13.14208576503194
-2.381800325627101
24.33605605336008
21.01694519990972
25.33782196927422
-30.09652522130553
-7.034208300640321
-11.69234989992925
-1.941549290442387
10.41710531874973
7.667708091703425
10.0922939710356
-10.19959650611835
-8.365731621181853
-1.805451018232797
9.846090288716985
15.66277824511296
3.110172516565159
-6.503149368333755
8.790253051118436
11.23788296387884
-10.55587074443758
-11.12165157946224
-3.037233252659166
-2.308479938056722
8.00068734697148
10.45189144470502
10.28944361163515
-6.872525215407354
2.627457144860248
-4.424895281234543
7.746011838297278
-10.30824105068058
-16.70631728136854
-4.838994399738539
8.601570261606993
3.053927178577219
9.21652827025795
15.40350904039852
7.399842122883341
-3.319110853489504
5.790187142346085
-8.003666946656805
-9.613321898052398
5.680080547706863
5.35850127857302
-10.71895298544815
-6.398076225074922
13.3621682248205
-1.134257548982089
10.73306533166364
11.40460168082985
2.661391282975736
-19.63365527878603
-25.6228462829937
4.320876769448433
11.86732288109582
-24.48858873516587
-32.37203027045963
-7.661986468655319
2.372665613181799
10.40015453584711
-2.54343174661297
8.004514488702954
13.44056466284683
0.67153634972109
7.199441498780188
-7.386706432066542
-7.708285711005653
2.113275969586959
-1.545684620928611
12.14792803917039
7.197357933580394
-0.3215792687246691
9.499982400984534
-0.5657808336336704
-6.241123165567517
8.247390806502485
0.6149580133728375
-7.259278476972162
0.8879414611882755
-8.333378584019576
3.249297611841352
8.470359563166479
6.491549939516554
6.162601090805228
12.20324748108406
7.03824437647574
6.527905149754439
-8.74321039702253
-1.474253858731874
-5.165003105291252
-5.675342331631838
8.084418330754378
0.959426668192526
13.24942143432608
-9.277570274573147
7.896402498380825
-8.512498233365021
35.72687671271919
20.90487092382878
16.96883105364418
-22.16815566958674
-44.95206237237566
-24.45946243256095
-3.291864281203728
-1.184747281013896
-8.64488322142455
7.746056328375868
9.323828798743703
-10.2369969407575
6.936975828789859
-8.291225467171639
-1.454635231935786
5.436182120754326
-5.353018936908272
11.03792060380827
14.83597345146172
5.614653404230428
-9.162993499394776
-2.272176148338173
-5.436111141966427
4.984752741390346
-11.01968308536264
-10.2219872258926
0.7650720416672145
1.945771471153846
4.515798591725689
0.7976958578623238
11.78475512807342
-24.30222016764766
-17.77924796733129
44.39849741624969
35.10286526913946
43.76453397382348
-38.80953290563773
5.328503398143418
26.84039665529826
10.65422393333873
22.65505065756992
-29.75207162060467
-5.288760364810504
-7.460135943723047
-1.074100104136
-8.9609296532006
10.50857608456803
7.268956536943862
-22.29504656015705
-1.500793708039565
-9.221320048119045
-9.851220705190492
-2.987146819987891
5.603608485683031
6.392010180841218
12.36114124846852
-7.886829551080388
4.604548687648118
11.44113891605179
5.405037398178006
-7.751553076648134
-9.85233226880209
12.16775869376445
-25.09991602392952
-2.289122264729909
6.836590232803418
-14.45688095838095
-6.036101517107411
6.890817351873469
3.726882355981879
-10.2537036950622
0.5575972000309424
10.7357162670065
9.258441612261807
12.24029416534779
9.76298387118389
1.663681380234737
-13.15659047142672
-6.811940709438256
-20.21067293584803
10.42086388182108
5.097991705109213
-8.099302489407771
-5.322872173950883
6.86407388773662
0.1890976841598459
7.231029521436433
11.41473302049929
-6.847760733542748
-9.816079199817926
0.3620398719231736
-8.463991365199886
-4.280287852621719
-3.318977157975266
4.905379355879579
6.060179857109572
12.3519048038844
7.04193184548639
12.18694605939942
-13.19729419297552
-7.036858424197782
4.183703509799569
5.145014209928547
32.09625000798964
36.93888940420495
-41.98324059399032
27.19438247189814
0.1947566371126862
10.81130089572485
3.32890753842137
-12.85726517647837
-11.05269313924744
9.185667207452424
8.952879378076336
-1.080756293084722
9.379157004778843
6.160435765271993
-4.290276070775623
-8.475622086816177
-2.968318472770635
-10.450711833045
-7.48239335793506
10.1781190674287
-21.05117231513907
-2.100779190223091
-22.47694240663661
-7.054082465358539
-3.860400630885418
18.95039312606407
-18.68240641721361
-29.8539396300703
-1.425770092383597
-16.18617271489947
-4.185346006884457
-13.3987322235533
-27.94381102484707
10.03465207308614
-8.98572009895609
-2.924540231036501
-7.875110338107198
8.555254708774285
3.774651275098392
8.554597301770265
-22.03260311669915
-19.19079330193147
-2.697513077585842
-10.74998846580201
-21.58643334521284
-7.632432794761644
1.110609760182668
12.76037137823299
1.436540574536783
-8.000696912925209
0.8520206934174874
6.60093436075375
-6.224498522548943
-1.477274648964443
9.971936836833569
2.9818525625031
11.44921148001767
8.467358861510117
9.750800609486328
6.522972201925332
22.81079375809614
-14.82200578766667
-18.758045660366
27.63931731974184
2.358299455890925
-0.6339634418060983
-39.06999401875233
-5.989191003622055
-25.28101786358195
-28.27328076235931
30.9457584568094
8.661668706797862
23.06231692121048
-22.28408975754948
-7.883441532177693
-11.1715332119177
-43.07302659253583
-4.901867538423914
28.42816953872325
-31.90149338155714
-41.4282934830842
-9.744506936318661
23.58553013435625
24.463311259653
42.17799723110214
19.39409055001092
-13.26616580889154
33.33003707947932
15.42285994020929
0.877781129155038
-14.54507880706397
-22.7839066909649
8.743042555924738
-9.159807555868696
-1.713282101723752
4.522221339041618
8.501164714770544
-2.714973381469024
-32.66025635982714
-23.64543638636637
20.49259992804175
9.014819972718863
44.13803630442728
7.44652544461411
-0.2327878276618017
6.444834189146325
4.638047737113133
12.17090709280653
8.027488925991619
-4.950570106330422
11.47979493715845
-10.10177644801364
0.4461697729500813
8.440804836264208
3.452306011140985
-2.395640044745163
7.532859346202398
-8.052475388190533
-4.645744879028918
1.833864884936051
10.54794623424761
-4.988498825231348
3.406730509524337
-7.609720773688532
0.7855085655645343
7.265118343791344
7.748691118333319
-2.300999922381919
-7.610378185382732
8.395229334913255
-0.0006574099138493561
6.479609764327575
0.4835727760811284
6.560280618120431
-10.1113696236208
10.31668918215522
-9.492143742141833
-5.011757833725113
2.168743206506457
-4.255746012810721
-8.142617343006917
-0.3801786913474057
5.490998461747572
-8.500438730123559
9.251753955847752
6.076707851429368
9.746744476748399
-10.04969103835788
-4.244692723975689
11.65154131970153
3.670036636492671
-9.834561542919904
-1.875377238005321
8.868786561929115
2.705966870766005
8.510965181032319
-7.383357434003591
1.577772467802102
7.959184310383762
2.451204105040823
-8.570505093422092
-2.189093242537017
8.555070567301344
10.9403823074495
4.385991450383043
-3.349443150794945
6.381411845147468
5.221061946180604
10.74416380669463
7.762438649143171
2.385311736300948
-0.3578213821826829
-5.656484686708937
2.286954063178686
8.79969779530513
5.990827488522116
-2.538767937894538
-7.502705025764629
-4.936228606953948
-10.31335551947779
-2.077088719814203
3.668104473308406
4.695704037300486
6.77474428662056
-5.377126912308627
9.631932644604788
8.236266800291411
-6.55439086272668
0.115468565193099
-8.120798236944195
-1.477512320590324
5.745193193750218
3.898972855753172
1.54720696652946
8.21706640028024
-6.188227639182073
-8.167037266995658
-1.409504509146511
7.000370576640395
6.669859433579716
-7.735434602737005
6.643285918765748
-1.216695827325652
-1.978809628711542
6.757532759031219
-7.954604352212622
-5.213496547440777
11.15642770902982
2.16830850923426
5.602995162535635
-8.971785911932741
-3.002654841151081
-2.680060977894856
5.407220248743363
8.073770408241876
5.969131067713835
6.291724944697211
-7.859981748502937
-5.193431595944221
4.929481273598475
5.376485181360023
8.409875086848036
10.7538313877796
6.235503430605979
2.666550154513123
2.741107807928082
-4.518327962243591
10.12291286549515
-7.259435774156494
10.81649171398649
6.156745059924392
-3.280492412831177
3.978943368209076
-7.981504717256247
0.6192258814784179
8.600730657550095
3.760755493813955
5.804998312324306
-10.0893242997184
-5.309378265934467
4.779946030850459
7.943438752657407
-1.84622033771838
3.106639814199943
-3.941627584618494
4.135228125375241
11.28890338301328
-1.53710562540545
-10.85746677333934
5.643395533064814
-8.778426523874913
6.51274373494384
8.076855705065469
-4.836798936179685
-8.390805263292741
-6.826693304575902
0.3269819463582756
-0.2534507804480429
5.640092146750232
12.32464713337679
1.564111965192977
-2.80887030153204
8.137354489414065
7.15367525836563
-2.502438153199992
-8.147945975648337
-5.645507843766426
11.99766513231304
-4.590099401398368
-11.93682740566438
-8.081569503245978
1.885918765102278
8.705215470454851
12.23437105113409
-1.94411552387406
9.002109268466569
-10.47371095115549
-6.896532738812349
-0.4830131137364707
8.210827619274268
10.94622478971965
-8.52959542466068
-0.7912816534671819
5.893542944754628
11.54643895928291
6.549334692220292
3.577178210486871
-5.410940993913311
-4.963937085539729
-8.988119203826592
-5.553432547104043
6.413519623898886
4.642070640448171
0.4470039071768112
-5.575279008745019
-7.346727994514926
3.118561723153228
11.6663756939206
13.29531487217233
10.19550318467572
-4.659746656189041
5.332897690177509
-1.771448983114719
8.693840729242771
-4.862605495027993
3.855257902901263
9.992644348493398
-9.437237478968953
5.164393776806916
-1.34947528511847
1.21575687998818
-6.17772587209436
12.18790340091021
7.368388107937412
-4.828250581075546
8.717863393004139
3.316731557478985
-6.194074003086533
-7.554058639188511
7.212865918045541
2.794393646195013
-30.13194247071461
-5.2168977890704
37.0282341779579
-25.38366640520765
-6.990432041550062
-11.2161381083077
1.776198399553417
-7.309450031799001
8.533699672752688
1.457180432104364
-6.838116424072777
-0.6185395851938121
6.873609920111957
-4.225706074836602
8.766630450280486
0.471333616693336
-6.603462455031958
-10.03363567770227
6.67762202785472
-2.808631588560353
4.299865665757189
1.283441778297685
7.225004096824249
-2.377756372116487
9.385960790191213
-1.014049007530563
-9.708828537985813
7.035872026298488
5.941562291265848
12.03384331764521
-13.14239643804463
4.720474499846387
-7.39348275798277
10.97214653076741
-6.266543512290554
8.19750887518634
6.092281052431307
7.108497258770488
8.547813967565414
7.340616353773623
5.6528960020372
11.03315293671135
6.684555003717525
-4.997104280129685
5.66175720050185
11.53776677708258
5.380256944573008
-11.53454789554693
-6.399174373577913
25.98200763681833
6.35119792939371
-9.983575327437311
5.748913673699194
-7.076519227025546
6.875852936814391
-1.660089766594557
-10.98701801463551
3.4770343686634
11.89111245748766
-5.469331504063758
5.66936562407613
-10.10468342504682
-0.6295263891759775
7.8106349463274
9.804885333886608
12.37402192114729
4.922787804982001
9.475157044491587
-2.749397239410853
6.219576847845739
-2.843413066008913
-8.091012275912407
-7.07479607872156
7.492149526444989
-9.062989925960876
-4.510620669348382
3.92954074678276
-2.774637651867164
6.50795761010782
-4.819515297492863
5.147972974951648
-8.535942729504118
-3.877043449556241
5.517686530970613
-9.510805559800778
-3.065951010447666
3.896134359124613
10.95565667945265
5.725360426715064
8.414078097464396
9.282595257681759
-30.79613747996269
-13.18074898915092
36.78959850117749
-11.84781409762166
0.8685171566941172
7.313371702647211
-6.221746827813813
2.508449097534613
10.63443380918721
-0.1009261401304718
9.720823858371338
1.122951822017022
-7.028134378188448
-6.793408320449478
4.658899306042904
-3.562608799959019
9.39473000531655
-8.221508140510666
-3.65812115188366
2.702247869844724
6.444854548580202
-1.359984637010549
-10.73535995928071
0.4033371455626529
9.133533046625336
6.712636558597143
-0.9136099375907704
11.1386971162773
-6.692482160091725
4.552369275650448
-7.672185065913156
-5.24759920969953
8.440161399326042
2.424585866967937
4.563387001008875
-4.804922602485133
4.652405537658908
8.791311437254389
8.730195912496894
-2.420896476452156
9.713474534977529
9.457328136383206
-14.0028885481888
-9.331955666024754
-1.673134513260851
-8.09139335632192
0.3476288376569167
7.156975044988008
9.183832104585651
-16.35103590020108
33.35203966514543
2.850472040489855
-13.17741898335554
-20.66428459981825
-7.626246482943329
12.13437100830671
1.590141994156565
10.02916419160078
-10.88214771209881
-4.313248699617801
-8.597872021412373
3.304893260523228
9.216388469639066
11.47981860183435
5.050511453870572
16.06500346398761
-2.350088763892219
11.9027652669934
-8.151086192719177
-0.1011651416175975
4.585184862153871
11.23249436481828
8.212226203382297
4.603330080288709
9.274262942440933
11.01449204468151
-7.400600260019268
4.670932872158265
5.911495196265482
-12.00393038256405
-8.288777516399122
0.5413320481696956
15.89901409560728
14.61627750519278
-3.000490958093813
7.680605535705451
1.740229119021701
7.658821162434524
-4.318749772563384
-3.983798862617933
-9.214095116069661
7.318767891518913
7.755167769131734
8.612880601510085
5.918592013793949
3.627041349491405
11.20687857447862
-3.020268169699343
9.427364201244929
10.8204214677584
8.830109561974417
5.288286564966088
-0.2561464003337638
11.97986747276607
-2.105206813582422
8.77810484311089
6.73099645171783
9.967488274298628
10.34845228607955
-10.92280759446283
-1.47114369637693
6.367333274985772
12.91553081832726
-9.293868426825673
2.162588309469128
-5.764712853025614
-1.207197604955154
9.451663890672409
1.628939175050192
10.65886148859568
5.876009583215906
7.838476969972443
1.96246738296961
10.15315191302268
6.568750958365263
-6.157509822901042
-11.22386720716562
-3.033182673238112
9.717189640259653
4.912158223789986
14.59881274237717
6.548197541480606
8.190684532118004
16.13602543241837
-10.75294250976654
9.587827891996278
1.267883223601622
24.4201194374575
3.529155580998718
1.550972568132929
-11.17528820258862
-15.52388609456505
-8.694779568514658
-6.125643031383622
8.049921043614907
0.2347260332686895
2.569136575190142
6.36036903411011
9.03425124375195
4.138905900116431
-3.201762628854461
-5.24887102149555
8.706248287366538
8.87215491303988
12.44763238525043
7.579837227874274
8.439022195711743
8.836203267029724
-8.749086101660899
-5.240257206589856
-1.689563782158697
9.613002971928674
11.61821803928838
6.780568528454829
-19.3033833053943
-4.47109176063441
11.92875059695421
30.0475025714136
9.880733934310937
-9.61672878649749
12.75037230823486
-3.584400953977099
-19.630809715689
4.748276075854756
-14.74918662262118
4.881623099882862
-12.72626077998095
-7.852095590894739
-5.825238533222549
8.129880771886606
6.222849868530176
-4.895345343569645
12.07391754109338
3.508828894368304
-4.418472272546679
7.059522319834359
-7.927301164593713
12.02082573432134
14.83229154502448
9.686654519018862
2.026857058245354
14.07494545793883
13.95511930632511
-23.05551113024702
-11.32100259906733
17.9086637495413
-6.312088851940198
20.8160029235253
-1.282736592271221
17.44500304777162
-8.218408558044494
1.417112017513117
11.73450853096793
-1.907030901870597
0.1659066247668818
16.74342227832274
-13.64153943192946
29.22966634820673
5.086200210844979
18.72773964164457
-6.358101498191506
-30.50156763092162
11.25728699261243
-24.14346613668087
17.61538849081213
2.907339173676612
18.94832338338798
-16.02789102732411
4.480385941611579
-4.839975222551123
-9.320361168182531
7.180501099351079
2.079040249392313
1.016216197394421
-4.34859792256793
-4.867795152544955
5.813301342951202
1.39305726825114
7.961956286460195
10.68109649357588
9.63552057219672
2.148654944169857
-7.486865622244846
6.568899015147582
-5.230296253094759
11.30256675411229
-20.33498614299826
-18.32977107574555
-4.28498049409456
18.75801391964191
7.721656558521147
32.58943723944697
2.005215067812448
16.05000564878257
1.294112709983273
-4.837649510176906
18.31458670466151
26.05142763455486
-23.79746352057084
-8.183857750372638
14.85913666400715
-7.21994786681871
17.25742126703254
-22.93975068839289
36.7439259936015
16.57751565345261
0.857712832027838
23.15223621418169
30.64744281075279
16.39984235797846
7.736840931245556
23.04299441388448
-14.75589293850498
-40.07641440085239
-38.17147252044318
44.05791042475248
-14.43187640672939
11.83823222788828
13.83142332010694
29.26893118190578
21.88478932972978
-48.63741259758805
-29.86367799419672
1.904941887731135
24.47736913355105
27.12809177576704
2.650722642261668
19.48650472689682
37.46544145758075
-14.24760045265975
-22.91060187966523
1.95717880034218
15.29730242435384
25.51859781095422
-43.38710356109439
-43.18174630156624
47.51139985259316
-0.2361801174768672
-41.53384608506286
18.11875197415936
29.54490287667056
-24.16056024859132
-31.54470210204443
35.35852802034655
-13.5657653714869
18.20285451550769
41.9424506416945
16.0409842107576
34.81471881540299
18.77373460479727
24.86778068102613
42.24513196694247
11.42615090243035
-20.16676862648477
15.43750786197614
25.23400235089086
23.56141901163087
-18.71974509808116
31.00284868052726
43.1509234530621
1.853257475152454
-20.39232843786738
-7.384141852937173
9.796494488738006
59.51908826842126
17.97893673073789
49.7225937800046
-1.672583339439622
6.583922621436802
12.14807477393147
44.06078350194384
32.8540312673188
31.76861988683448
23.73959611995036
-21.01292597253735
-32.21967820567114
28.64999870961167
26.27010863730812
-30.81898107297404
1.647900223143077
32.4668812982946
10.22129538629811
-47.74757997547266
-15.83487125434424
31.13761172818232
31.91270872653028
-19.4974627096424
-22.24558591336613
-11.20675223387939
46.97248298252627
49.66292468120292
2.690441697730207
