12.36282185088814
-5.266486403745545
2.264185149836588
-4.000803963576534
-1.310577990335245
11.57258247010398
-10.12667111068671
0.6918915972484686
50.64680158909752
37.3808999041609
46.39528221711992
-11.87522661481319
-14.37662041106719
13.13936540530008
-2.380953394037482
24.33526584433554
21.01695513945805
25.33608925865854
-30.09519575526517
-7.033838533732658
-11.6885534688865
-1.941251808020635
10.4106218614488
7.663916597234641
10.08791715989179
-10.19718864197647
-8.364001231502334
-1.805159468268832
9.841909241972088
15.65854575376504
3.109120259601503
-6.501696015538935
8.788066081584201
11.23487942431756
-10.55246049674505
-11.11808942350429
-3.036229414784934
-2.307696115306368
7.99794226112444
10.44825907064626
10.28628239698484
-6.870479688993017
2.626616883533827
-4.423666329447915
7.74362997310475
-10.30587042435027
-16.70260619284459
-4.837798519612103
8.59932353565307
3.053180845060043
9.214087681804095
15.39927028424527
7.397559164174146
-3.318310704916665
5.788453998769691
-8.001711142961433
-9.610816285475577
5.678945832317922
5.357340123408855
-10.71586987622203
-6.396735764085016
13.35905126597049
-1.133867879645606
10.73093979292722
11.40243130693685
2.660823161006416
-19.63158508254742
-25.62068819666279
4.319134119268097
11.86480767286763
-24.48682031794791
-32.36992779281643
-7.659665514943375
2.371788513238165
10.39615823415275
-2.542652402919714
8.00169020541319
13.4371220563342
0.6714915144508676
7.197632748794808
-7.384480426601902
-7.706086143057893
2.11261617850607
-1.545179307422377
12.14407019697151
7.195074759400911
-0.3216057085094154
9.497096604470629
-0.5656289257854209
-6.239489308608031
8.244764381737255
0.6147641497944978
-7.256814220472763
0.8876336995062053
-8.330568160016702
3.248179049154761
8.467455570706379
6.489352151656434
6.160906836143088
12.20000161697304
7.036549349199728
6.526141234954551
-8.741608145344347
-1.473924834851326
-5.163452268280843
-5.673860382420654
8.08186001165949
0.9592116401809856
13.2453122784577
-9.275370234314639
7.89399610489098
-8.510474182629162
35.72639920940572
20.90432730656897
16.96927441575178
-22.16737772179584
-44.95045281079905
-24.45849269416534
-3.290750557072719
-1.184359773111177
-8.642066733745263
7.74342112664797
9.320633489488182
-10.23458187294894
6.934784463565229
-8.289227562716608
-1.454164475325432
5.434502083692625
-5.351316174151936
11.03417167916145
14.83097935227343
5.612777491149022
-9.160124475836005
-2.271457918231657
-5.434342815556271
4.983093686271931
-11.01780878319539
-10.22025339453954
0.7648960518614192
1.945354308344016
4.515021526801144
0.7975553874044224
11.78270483583438
-24.3004348574003
-17.77738671440137
44.39785369374906
35.10252420693448
43.76387076902075
-38.80895172887345
5.328151982089499
26.83823061116709
10.65332251210832
22.65319655873597
-29.75083161537258
-5.288271616167354
-7.457706963154509
-1.073753937281172
-8.957989344071198
10.5049932664306
7.267683309489626
-22.29240824213836
-1.500282379854331
-9.218201861785385
-9.84788566216216
-2.986154714439019
5.601718458039234
6.389898308735342
12.35702418785574
-7.884235408252474
4.60359763190078
11.43866071381164
5.404161567944092
-7.750886383384096
-9.850701320306053
12.16560770024573
-25.09799024340323
-2.288691253250375
6.835063085502424
-14.45429895355967
-6.034499145359808
6.888666558311344
3.725781659080069
-10.25155394025739
0.5572380829643188
10.73234507728028
9.255598185594724
12.23652635690877
9.76028080292806
1.663370530678159
-13.15504794862391
-6.81085639026921
-20.20828546247611
10.41743650055444
5.096395372743118
-8.096910270997338
-5.321041125670092
6.861730949798052
0.1889861449811099
7.228506493425806
11.41076265715945
-6.845681982467852
-9.813117564370023
0.3619894338009273
-8.461085902672796
-4.278829728582706
-3.317834188960238
4.903745618708942
6.058218845671284
12.34798317360468
7.039520354889769
12.18277207378763
-13.19330564248787
-7.034668132606023
4.182256171973231
5.143251715867427
32.09529449471809
36.93781775146225
-41.9819357656487
27.19358455616599
0.1947635490306403
10.80879202372682
3.328397256622143
-12.85651083688866
-11.04877321606038
9.182575346632708
8.949704513307799
-1.080280649810023
9.376053026400179
6.158637507209469
-4.289192851760118
-8.47422691860967
-2.967435587059504
-10.44783035652282
-7.480394767609622
10.17510699468352
-21.04928134507049
-2.099814935568977
-22.47499920141427
-7.053237514547085
-3.859832577795264
18.94946641046847
-18.68190447840221
-29.85307855336555
-1.42571785705731
-16.18490809351056
-4.185034059640341
-13.39742906986957
-27.94146817684151
10.03145402129749
-8.982660526071657
-2.923411253136629
-7.8724066917817
8.551939167639292
3.773294652643354
8.551352254233782
-22.02650103935268
-19.18632711884625
-2.699030559391994
-10.74883727889979
-21.58079514451657
-7.630000233313878
1.110253833766719
12.75595518228042
1.435820251714456
-7.997545227779152
0.8517510076859706
6.597902667044326
-6.221774212678183
-1.476746887133477
9.968492558951725
2.980928178710889
11.44523944153302
8.46431121883179
9.747301660865341
6.523048144428743
22.80929898922942
-14.82207190184091
-18.75712479474701
27.63823832904297
2.358065388627089
-0.6339829242448427
-39.069701712173
-5.989103113663443
-25.2801729402685
-28.27222125390571
30.94446469707705
8.66134656373292
23.06135722195786
-22.28311813927966
-7.883107472429875
-11.17117407426503
-43.07170502765904
-4.901709940372631
28.4273606970788
-31.90053095409225
-41.4277671074422
-9.744233198447372
23.5848374338807
24.46256000224313
42.17669931467855
19.39362424271511
-13.26590168348548
33.32907063927159
15.4217616860483
0.8777225713997892
-14.5440391115152
-22.78307507971628
8.740254067905633
-9.157079324341714
-1.71284176432894
4.520776412251911
8.498659441873045
-2.714155479819673
-32.65952592692602
-23.64514361193443
20.49196010738289
9.014382314410877
44.13710371147653
7.444237552444664
-0.2328708320906706
6.442923856304076
4.636624713129706
12.16729628159196
8.024369723604723
-4.948995438107914
11.47535041865356
-10.09863670105116
0.4457058959969874
8.437489840051672
3.450980695023507
-2.394468026831335
7.530671561022336
-8.049806719485668
-4.64433131050551
1.833187410473746
10.5443426074735
-4.986509145151086
3.405475409258536
-7.606693327014588
0.7852912309563783
7.2628099631201
7.746359117441017
-2.299901986983465
-7.607280244107361
8.391984554518221
-0.0005869156714601349
6.477518721257495
0.4835491555357148
6.558841775182938
-10.10875241199312
10.31201569291123
-9.488933314097537
-5.009851160320743
2.167140524669457
-4.254437117820898
-8.139779345263733
-0.3799686875453974
5.489058215808603
-8.497588545320953
9.248885112457428
6.075292627011977
9.743495335322333
-10.04626110254574
-4.243151432830855
11.64706872025191
3.668202717021445
-9.830939800338321
-1.874630326847993
8.865731750764471
2.704812888983219
8.507922555474378
-7.380622981899798
1.577212360925255
7.956309477706814
2.450316815406492
-8.567482608193789
-2.188385485009012
8.551976600412818
10.9366146037776
4.384542906927755
-3.348206093389666
6.379097118696579
5.219276517647129
10.74036208287579
7.759810655692723
2.384638000344708
-0.3578091961735052
-5.654401064693923
2.286275459861006
8.796472551126501
5.988533081715274
-2.537950328664708
-7.499968208328307
-4.934666345424424
-10.30983900078886
-2.076288925114067
3.666905714563948
4.694187452621429
6.772595318412336
-5.375172655129772
9.628853798117627
8.233550076370509
-6.5520717014157
0.1155623460010755
-8.1179877319406
-1.47688951021913
5.743194640373509
3.897627497731237
1.546592374831651
8.214226426974031
-6.186156629280585
-8.164260051736694
-1.408954325907035
6.998117064357503
6.667634051982339
-7.732749001624751
6.641098223859323
-1.216109365840371
-1.978103423080448
6.75530572672974
-7.951644186675238
-5.211316215492367
11.15198631895583
2.167463728764949
5.600725368341345
-8.968864165210809
-3.001738283413586
-2.67909984760341
5.405333110066391
8.071125379778703
5.967125879459696
6.289764326234264
-7.857207591837216
-5.191415327603225
4.927692594576158
5.374517012007625
8.407071391110497
10.75022522869477
6.233618168574535
2.665792265886188
2.740327973500583
-4.516607064201207
10.11910791881015
-7.256935040527625
10.81204158687741
6.154313446006103
-3.279052022219738
3.977883023650804
-7.978866030020155
0.6198190978950764
8.598685174199639
3.759826896299376
5.803109668103099
-10.08543586679877
-5.307378259383465
4.7780576051559
7.940676526712493
-1.845567142582856
3.105689604775943
-3.940346384322816
4.133465006003674
11.28467249213108
-1.535800681704358
-10.85374117327687
5.641191096267779
-8.775333307057297
6.51019709356948
8.073811386446332
-4.834986920254024
-8.387889744124749
-6.824275460161426
0.3269320208171386
-0.2532525534692681
5.639148423216666
12.3225991237327
1.56361428899631
-2.80793946526172
8.134637195889416
7.151207486750272
-2.501393794047194
-8.144875168241345
-5.643481391027981
11.99566705997287
-4.58867231524089
-11.93317708815513
-8.079284468193926
1.885325443150828
8.703108212941894
12.23145436610942
-1.9433320256366
8.999244636869042
-10.46981543703319
-6.894135137354856
-0.4829333190316732
8.208227864231329
10.94257666028354
-8.526483409174714
-0.7910167756698707
5.892400990431378
11.54387921904366
6.547770999615996
3.575680298531865
-5.408842295733725
-4.962017877834418
-8.984522593667418
-5.551260950966072
6.41120181752261
4.640150876485461
0.4468244169800519
-5.573453822577928
-7.344504765498058
3.117707359939259
11.66332447579829
13.29178052847849
10.19141182504857
-4.657728142452386
5.330587547349922
-1.77105094086191
8.691161180458709
-4.860824278016455
3.85389262037131
9.988315691383288
-9.433365472950909
5.162082407854001
-1.348799635424056
1.21496056369165
-6.175032930940099
12.18373916716113
7.36591725864632
-4.826233290960039
8.714716894296116
3.316103518086067
-6.192736723441826
-7.552374761282762
7.211447218402504
2.793754160975868
-30.13078172905978
-5.216708218373159
37.02734097881211
-25.38263989775502
-6.988081453291335
-11.21281493133361
1.775771021944519
-7.307509976277752
8.529867755821575
1.456342516405744
-6.836037220725178
-0.6178750360710912
6.870943532100145
-4.224733484502197
8.763852482079249
0.471472762518475
-6.602048216882603
-10.02998516839138
6.6757946971597
-2.807773886612225
4.298479979247149
1.282990465864467
7.222211287953274
-2.377314725920635
9.380973672478801
-1.013591086187901
-9.699196504802497
7.031257945549367
5.939220800649708
12.02916901211006
-13.13614516852637
4.718300182387989
-7.389993499187608
10.96877861125688
-6.263892302363963
8.194739809784588
6.089948232047884
7.106253869404221
8.545617113454824
7.33878778149899
5.65147821890069
11.03090158306734
6.683450713950544
-4.996108229468002
5.660447871923976
11.53546397689024
5.379423372020924
-11.53158310995641
-6.398038789133444
25.98013462402406
6.35069674494581
-9.98087128375256
5.746151664348695
-7.073525228811714
6.872252874881136
-1.658924234664942
-10.98219248671822
3.476439622013491
11.88855917725208
-5.468141630097543
5.668114341406233
-10.1062557986539
-0.6292295931034245
7.807283838384173
9.803874780788007
12.36952343167917
4.924023961940714
9.477026212357405
-2.746705273911841
6.218162191619654
-2.843097905826469
-8.08982661468189
-7.073520984749027
7.488818584800434
-9.06126010677375
-4.508257842475474
3.928255652634737
-2.774038798471166
6.506426039341542
-4.817821912387296
5.146788002197269
-8.531177130122259
-3.874663340316128
5.514050872800254
-9.508840240684867
-3.065310181907645
3.895343699008528
10.95355824885665
5.724298355595919
8.412119562163278
9.280464834221219
-30.79298071282269
-13.17917217488223
36.78877423813606
-11.84721944475606
0.8683452691697104
7.311875325215173
-6.220444831347923
2.507905567288154
10.63280987004684
-0.1001024140375663
9.7191047320031
1.122264524943606
-7.023697080689188
-6.789088029916986
4.656513810382144
-3.56056294817357
9.388714232823524
-8.217076785824199
-3.654837181802789
2.699728652503512
6.443530058142383
-1.359638038514514
-10.73291229196109
0.4033436610170691
9.13169404024687
6.711268456238709
-0.91370512771667
11.13625596210335
-6.688985599938393
4.553002279083957
-7.670729253004749
-5.246728708569508
8.436513481767474
2.424000552959752
4.562239613956008
-4.803969755829744
4.651551725529239
8.789608537495727
8.728350388355205
-2.420425574796351
9.71167195463398
9.45552147833855
-14.00056398312737
-9.33039312371281
-1.67284805826553
-8.089995018157516
0.3475110378776496
7.155610247414401
9.182005053133931
-16.34767657282224
33.35136722310887
2.8507928945109
-13.17562049634342
-20.6605666814935
-7.624973573431043
12.13209752685478
1.589828240844321
10.02733429967814
-10.88069087276998
-4.312890108671816
-8.596840195352824
3.304232829612901
9.21480180822123
11.47813985454286
5.049797755885996
16.0625857645332
-2.349715726928929
11.90107301325874
-8.145961599815145
-0.1011125546025507
4.584445909990981
11.23063507813967
8.210871499216019
4.602671998296771
9.272842842088131
11.01278803577114
-7.399513516003761
4.670170851603133
5.910568968481501
-12.00218554748895
-8.287268058006191
0.5411902526838225
15.89571777469031
14.61321267422824
-2.999899396167207
7.67917733075141
1.739945206837653
7.657545073148906
-4.317883902032664
-3.983067842899532
-9.212327736674078
7.317378370368779
7.753651024069091
8.611228984226683
5.917599843173955
3.626425595713103
11.20496850705401
-3.0197635854121
9.425690209342509
10.81856270784951
8.828458308602256
5.287368667199638
-0.2561504777393699
11.97751206539669
-2.104763224600567
8.776350168980217
6.729730789298029
9.964609915954545
10.34612892298656
-10.9204427248173
-1.470715931041654
6.366150130090081
12.91308188368119
-9.29198668041365
2.162186252167759
-5.763640532718898
-1.206829325174195
9.44972678790246
1.628456050276421
10.65655610754266
5.875016110219422
7.836866060063474
1.961849946794753
10.15037169796796
6.567539202709755
-6.156040597356472
-11.22129620766482
-3.032774453373542
9.71596108897171
4.911186316254133
14.59711487448395
6.546931752144658
8.188521752890832
16.13248252510972
-10.75089563221706
9.585550773770246
1.267685753852663
24.4155821927249
3.528346153463603
1.550711826225827
-11.1728679655426
-15.52031880239584
-8.685605448508278
-6.119956836956112
8.04484903939459
0.2346090314696001
2.565648641445556
6.354565844240728
9.03250064687154
4.138056812348054
-3.201161895737618
-5.247781276490776
8.704484783770335
8.870373030456255
12.44545380599446
7.578542913631436
8.437506057434703
8.834494015237098
-8.747437356778459
-5.239303626398313
-1.68922280723104
9.611223406136322
11.61611649880077
6.779277761053838
-19.30209503261408
-4.47206361426937
11.92817725496298
30.04619118593796
9.880259490067738
-9.616166474133307
12.74873553821242
-3.582832494722575
-19.62943788556851
4.748141839442747
-14.74828410715812
4.881153783774011
-12.72357979904202
-7.850456658207972
-5.824061854082333
8.128204203227458
6.221565765289093
-4.89444383459234
12.07153492551478
3.508133730052395
-4.417693058154684
7.058214549577294
-7.925826786416893
12.01858138678408
14.83003141856484
9.68592855856784
2.026394804641253
14.0720224222976
13.95226605826712
-23.05514830626953
-11.32150794068587
17.90695780347305
-6.312001775503074
20.81286982768295
-1.282505101949259
17.44332657971045
-8.216540442451125
1.416913183855456
11.73364036549014
-1.906638436739171
0.1658882458992047
16.74314653094115
-13.64027880153032
29.22846574383507
5.085552882240623
18.72583168290625
-6.357661475507887
-30.50057433350697
11.25614706242701
-24.14291286110563
17.61380853794081
2.905912023980416
18.94576126888944
-16.02641339360605
4.479082179974199
-4.838858324184251
-9.317940507400133
7.176991731481311
2.07840786600529
1.01630563021838
-4.347450860900154
-4.866910888596948
5.812165839589723
1.392872499882253
7.960673268505128
10.67907672670073
9.633453623684082
2.148507429442872
-7.484946189695704
6.567800766203512
-5.229259893517733
11.30044621331798
-20.33417085195757
-18.32927775938944
-4.284787297591053
18.75650839241366
7.718479966759251
32.58633220255471
2.004893093134791
16.04938355424192
1.29385061386384
-4.836838737154077
18.31105770260786
26.04775772644274
-23.79657819562162
-8.183467296012678
14.85782839462486
-7.219319910532434
17.2553697450594
-22.93900023557959
36.74133301718425
16.57725828486815
0.8575779598831179
23.14789643916898
30.6473615114696
16.40024086961976
7.736700025194332
23.04129569014849
-14.75553294004413
-40.07702641654345
-38.17178049714853
44.05538058900525
-14.43209079734319
11.83757884675598
13.82982381043836
29.26653080004805
21.88350462269704
-48.63599368194338
-29.86227729806352
1.905245925162807
24.47468965537026
27.12487160342902
2.650181948094164
19.48596327246023
37.46374757854971
-14.24712064174068
-22.91066148642944
1.957190748457005
15.29668089033587
25.51773569460186
-43.38685626570717
-43.18147901613554
47.50943149722868
-0.2361731612207144
-41.53355943599523
18.11801393076797
29.54380153174543
-24.15979724649595
-31.54282342508791
35.35866347771566
-13.56503911909255
18.20248410814309
41.94217381778306
16.03984924573116
34.81356563056211
18.77371638499572
24.86785223590023
42.24404919711951
11.42578760089695
-20.16593168751955
15.43670698979122
25.23285598350365
23.5605449471587
-18.71951852099296
31.00279320842967
43.15068311193651
1.853296829017815
-20.39182955780156
-7.38302617810553
9.796148993531434
59.51846072372464
17.97778430615476
49.72231173051821
-1.672311036526839
6.583510340190128
12.14788990460291
44.05961071664962
32.85317999317154
31.76752322709973
23.7396897047228
-21.0113710268851
-32.21780174918272
28.64755695003061
26.26966964622284
-30.81826160289517
1.64791958535791
32.46618118997993
10.22105480397021
-47.74560466271495
-15.83388385609819
31.13481814609118
31.91172081088147
-19.49642595540118
-22.24512638710082
-11.20643072288779
46.96870200218905
49.65892797617321
2.690225973241256
