12.36421052541899
-5.267010235248314
2.26444747518324
-4.000843626536388
-1.310538327375396
11.57314931723711
-10.12728694772992
0.6919337896109949
50.64712423639125
37.38115903704831
46.39567362133797
-11.87585381357422
-14.37762531647862
13.14036969321545
-2.381253383751786
24.33551679459894
21.01691010933913
25.33664552171877
-30.09560343991833
-7.033953843587151
-11.68990032754074
-1.941333398736768
10.41300095697298
7.665340112122509
10.08953876311403
-10.19805196162198
-8.364625500728526
-1.805266119265834
9.843413928427113
15.66005821776626
3.109493882213845
-6.502207465043581
8.788845172989655
11.23595138362796
-10.55369209103035
-11.11937601817087
-3.03659097327907
-2.307979314817752
7.998931991417322
10.44956616346397
10.28742070292398
-6.871213063218186
2.626919331992207
-4.424106834138715
7.744487133617168
-10.30671826164032
-16.70394543953172
-4.838230371788712
8.600127414522202
3.053445993151564
9.214960930678449
15.40076527248774
7.398355884569487
-3.318606685298987
5.789063913896847
-8.002409413023136
-9.611701358590894
5.679351302109378
5.357754838378374
-10.71696257768862
-6.397227173055573
13.36016425099871
-1.134014970124378
10.73170009684397
11.40320501473265
2.661030535404481
-19.63227376243289
-25.62140261677976
4.319735412453026
11.86571506731818
-24.48738764766526
-32.37059936577356
-7.660501372561612
2.372108019667573
10.39759849301623
-2.542933546304599
8.002706514607757
13.43835778753313
0.6715049183701488
7.198281424625999
-7.385279459966308
-7.706875932044622
2.112852970943893
-1.54536099580171
12.14546235255809
7.195899751638096
-0.3215964633283573
9.498132430261588
-0.5656839260188745
-6.240076364128967
8.245712776448407
0.614833520181694
-7.257703385788401
0.8877455839417074
-8.3315820466003
3.248580579456616
8.46849767619598
6.490141922071185
6.161514936828696
12.20116894427349
7.037155524413022
6.526776506896532
-8.742174478655121
-1.474043993275625
-5.164013420430229
-5.674392437743629
8.082785048190248
0.9592884278034155
13.24679846705398
-9.276158727275913
7.894866817807997
-8.511199516117742
35.72654473255523
20.90449325996472
16.96908532413748
-22.16761788298127
-44.95095399536299
-24.45880175220622
-3.291152263324089
-1.184499447318992
-8.643083916090429
7.744370709940954
9.32178451017942
-10.23544715336919
6.935578388770018
-8.289944040315849
-1.454334691699293
5.435111135567916
-5.351931649965108
11.03552296827637
14.83278260034868
5.613454968055557
-9.161163928275046
-2.271718102499295
-5.434983435526472
4.98369305447496
-11.01845867305536
-10.22087294765893
0.7649592114343984
1.945503110972449
4.515287401612968
0.7975857240188055
11.78341788536155
-24.30099973922903
-17.7780168937479
44.39802478912181
35.10260399057168
43.76404845083977
-38.80909139615248
5.328264841466387
26.83895993774866
10.65362509724675
22.65382102441428
-29.75121860411772
-5.288435151661206
-7.458584471572498
-1.073878658319313
-8.959051725959808
10.50628396167661
7.268130484254466
-22.29330429635487
-1.500467253191795
-9.219327633034345
-9.849089541665482
-2.986512072123746
5.602396344537738
6.390657728576034
12.35850055410098
-7.885173069299031
4.603937939164873
11.43954728182229
5.404472784024659
-7.751111664533763
-9.851293371867518
12.16637605576536
-25.09858546178295
-2.288855256823679
6.835609346535243
-14.45523131258994
-6.035074497198327
6.889445826521607
3.726180491461532
-10.25229694883639
0.5573790507164216
10.73357983894839
9.256639517600274
12.23790183716082
9.761254987008648
1.663479450948331
-13.15558444560794
-6.811235983026034
-20.20911070177697
10.41867648863495
5.096972976357682
-8.097775534705473
-5.321703509916552
6.862577471779415
0.1890267709094606
7.229419681082514
11.41220013966123
-6.846435958508313
-9.814196125791836
0.3620046666176424
-8.46213473158973
-4.279354261535973
-3.31824667474997
4.904335220741911
6.058923138398367
12.3493912233002
7.040392917243103
12.18428097980033
-13.19474850970832
-7.035462735048823
4.182780467702693
5.143888059188984
32.09558461820167
36.93814267251575
-41.98233014106265
27.19382573490476
0.194759354372062
10.80967600010277
3.328573904223957
-12.85676093019447
-11.05019546502639
9.183689481480991
8.950852459017991
-1.080452188644358
9.377169804182087
6.15928577169195
-4.289576502320817
-8.474715431452793
-2.96776017291482
-10.44886227136912
-7.4811020964286
10.17620078862983
-21.04990743787613
-2.100181705776066
-22.47564430802989
-7.053526256949723
-3.860004469811098
18.94972573313118
-18.6820559400541
-29.85334181075943
-1.425736870928379
-16.18533483441817
-4.185138921233177
-13.39787471622967
-27.94225617820087
10.03260938468379
-8.983761848974831
-2.923817756232179
-7.873380358370702
8.553127099997843
3.773783621548635
8.55251565011061
-22.02875944901693
-19.18799047692107
-2.69855817366423
-10.74931552870796
-21.58288245197932
-7.630879257730163
1.110381490030162
12.75754547430603
1.436077003194855
-7.998662076892032
0.8518441665205007
6.598978220041632
-6.222740228773028
-1.476940316361075
9.969743268364322
2.981262327673043
11.44668357973826
8.465421203819016
9.748566928803431
6.522982846974385
22.80973020397208
-14.82205147151399
-18.75745940958092
27.63856937605352
2.358127118144942
-0.6339763377501754
-39.06975994821588
-5.98912885384757
-25.28044225771814
-28.2725457144901
30.94486131517731
8.66144446208026
23.06164959679902
-22.28341685960018
-7.883211715429697
-11.17128586992174
-43.07211114217858
-4.901758885298765
28.4276049406958
-31.90082527304038
-41.42788707363994
-9.744316941066966
23.58504687932647
24.46278345578517
42.1770894954339
19.39375340174188
-13.26596519774951
33.32936382799608
15.42211805017278
0.877736579786851
-14.54438146694909
-22.78333610219611
8.741260748640299
-9.158056229623069
-1.713000221585355
4.521289730467764
8.499548847339865
-2.714445340384505
-32.65971860028739
-23.64520401376569
20.49215223301253
9.014514585883852
44.13735623817944
7.445055999774587
-0.2328370210592399
6.443610902070756
4.6371362179885
12.1685939447533
8.025490476264119
-4.94956260152934
11.47694485391992
-10.09976305023536
0.4458769983057289
8.438674948328797
3.45145437763029
-2.39489197632644
7.531457718598319
-8.050757355020364
-4.644833289556765
1.833426460893049
10.54564005997898
-4.987220570816199
3.405924065771859
-7.607772186231794
0.7853724542492393
7.26363221697375
7.747192058657931
-2.300290554310513
-7.608383640161649
8.393144636714004
-0.0006114523812535366
6.478259750757947
0.4835598430138867
6.559359394553167
-10.10963536013892
10.31369694928859
-9.490029931518885
-5.010500067793948
2.167721753742997
-4.254903663619864
-8.140785753056168
-0.3800408732460636
5.489751833752108
-8.498598701310632
9.249919094260489
6.075799559622992
9.744655499239578
-10.04748261092081
-4.24369504349237
11.64868005867501
3.668855949198548
-9.83223437837299
-1.874896056326782
8.866825437877026
2.705224931012776
8.509012494902588
-7.381600196606763
1.577413798092959
7.957338326706498
2.450634178435342
-8.568564598461279
-2.188640062771308
8.553081439984465
10.93795941883511
4.385060733952214
-3.348647509160594
6.379924530759117
5.219917092395553
10.74172149999759
7.760744877611701
2.384877975537078
-0.3578129439997098
-5.65513605873296
2.286515132456103
8.797620958891244
5.989348444867074
-2.538239900363633
-7.500937446194075
-4.93522623757318
-10.31109313954809
-2.07657360319942
3.667332472316277
4.694733727631429
6.773362733548033
-5.375866901745603
9.629959965373237
8.234519537022113
-6.552898689837224
0.1155304277856289
-8.118989110906382
-1.477112423832927
5.743906076188912
3.898104689747141
1.54681061934675
8.215239742088313
-6.186897627823271
-8.165253385622833
-1.409149180383048
6.998922561992654
6.66842912257689
-7.73370824450955
6.641876689309742
-1.216317183484168
-1.978355758520609
6.756104206239942
-7.952695181815767
-5.212091192754948
11.15356216380294
2.167764312867522
5.601529936904012
-8.969909809920418
-3.002066981549058
-2.679441736199206
5.406004764358999
8.072066688319316
5.967842825774764
6.29046808306848
-7.858193875029852
-5.192131957067692
4.928327544831327
5.375217117978878
8.408071743298251
10.75150842594885
6.234289943283884
2.666061919722855
2.740603991677608
-4.517218487096373
10.12045949829153
-7.257822482011822
10.81362113304733
6.155175690047503
-3.279563377548927
3.978259110352761
-7.979824138835481
0.619605428619504
8.599429618176163
3.760167260179707
5.803787565659197
-10.0868251231925
-5.308093088349601
4.778732032344607
7.941651193562129
-1.845801386306577
3.106030262147156
-3.940799332403441
4.134096870094398
11.28616865863989
-1.536256983603933
-10.8550492708549
5.641964939861399
-8.776420264614313
6.511105828920258
8.074896198247378
-4.835620929520281
-8.388913053273061
-6.825122693740583
0.3269490891048666
-0.253319491706029
5.639483070755262
12.32332111604971
1.563790365076247
-2.80827250948525
8.135593567274778
7.152071789204669
-2.501771500499428
-8.145975195545164
-5.644203713467997
11.99637197983607
-4.589176922633336
-11.93447003735292
-8.080094175857672
1.885535624583249
8.703852880249304
12.2324853254351
-1.94360862390586
9.000257454224727
-10.47119697010203
-6.894986231007205
-0.4829626690995658
8.209147645937822
10.94386607576601
-8.527588343831805
-0.7911098117599501
5.892802577557392
11.54478177151558
6.548323026440733
3.576210737698148
-5.409587117495517
-4.962697543825325
-8.985797854606204
-5.552032227344167
6.412023560975188
4.64083109400876
0.4468895726507547
-5.574100637469203
-7.345293106475449
3.118009676694382
11.66440246642122
13.29302980318661
10.19286331878419
-4.65844544477701
5.331406671545081
-1.771192466735482
8.692110311892566
-4.861456647634102
3.85437586193172
9.98985211809917
-9.434739072850659
5.16290120868256
-1.349039267044358
1.21524327959876
-6.175990189623559
12.18521458311633
7.366793238010313
-4.826950917543992
8.715832505180446
3.316326134314215
-6.193208885578122
-7.552969980145267
7.211949329769625
2.793979720024555
-30.13128518920054
-5.216790468812562
37.02777176038516
-25.38308058004383
-6.988915488338247
-11.21399419822511
1.775921855790413
-7.308197665387786
8.531224114431488
1.456639698087439
-6.836772585174884
-0.6181147503181742
6.871886397563895
-4.225078716919314
8.764837351799901
0.4714250878876886
-6.602548582675033
-10.03130465338589
6.676447932702442
-2.808081346990231
4.298978082698543
1.283145751114449
7.223223313104018
-2.377469858723414
9.382740362635882
-1.013754181381857
-9.702606136823666
7.032889611213281
5.940077538488207
12.03087221028757
-13.13836753873749
4.719069684699763
-7.391233474257395
10.96997131203653
-6.264835551847472
8.195720034499489
6.090794694322099
7.107059433555246
8.546392787039608
7.33943284507788
5.65197918326129
11.0316982883509
6.683838060024861
-4.996458756188098
5.660911316928159
11.5362851136518
5.379719113668316
-11.5326956159853
-6.398479568700106
25.98087985061715
6.350900833286574
-9.981891877558111
5.74713405900075
-7.074584404668857
6.873531996441628
-1.659337728878956
-10.98390523870451
3.476650343959086
11.88946520645898
-5.468567474524459
5.668559058334126
-10.10567317335606
-0.6293284489719012
7.808473446136367
9.804244141788846
12.37112429744857
4.923574901393557
9.476344731834649
-2.747660855492072
6.218657842531156
-2.843201262875054
-8.090238407688176
-7.07397367649328
7.490001166110224
-9.061859115717352
-4.509089270249595
3.928712694505228
-2.774251274284399
6.506969548559907
-4.818421349206508
5.147208454777934
-8.532869747856758
-3.875505841495305
5.515337781858175
-9.509535019076949
-3.065536433284917
3.895623194099947
10.95430317721772
5.724675946215968
8.41281487003223
9.281220819004172
-30.79413054264502
-13.17976659492516
36.78909464833777
-11.84743617363534
0.8684059458585909
7.312404528681701
-6.220906143237459
2.508098551848088
10.63339092319886
-0.1003943671581315
9.7197183465198
1.122507169793211
-7.02526781828561
-6.790615465272127
4.657363928897454
-3.561288489135736
9.390843644865548
-8.218652447874476
-3.656001584748874
2.700622585610229
6.443998585108111
-1.359761095323752
-10.73378529897187
0.4033412136717167
9.132345887622641
6.711753391615632
-0.9136725653263035
11.13712652258644
-6.69022108065133
4.552769861761102
-7.671235775590049
-5.247037144553586
8.437801950186703
2.424198640350222
4.562650873932967
-4.804305974548258
4.651853865743512
8.790212379528169
8.729004683894027
-2.420592485957587
9.712309183470675
9.456159837008849
-14.00138923848002
-9.330947978442008
-1.672950375253065
-8.090490946887895
0.347551962800309
7.156095707941001
9.182655436020154
-16.34902867670507
33.35190627251082
2.850716375601679
-13.17636943500988
-20.66205911769579
-7.625425945454388
12.13290166665856
1.589939160751072
10.02798207347468
-10.88121552753247
-4.313030440991289
-8.597211163874638
3.304466793142895
9.21536509965283
11.47873720143666
5.050051808972968
16.0634453271139
-2.349850751422077
11.90167794416531
-8.147774981671212
-0.1011311742570966
4.584708125677866
11.23129482630367
8.211352119147135
4.602906462843827
9.273347705704028
11.01339354790041
-7.399902596795944
4.670441251449263
5.91089829541822
-12.00280909604025
-8.287805629551499
0.541240459116489
15.89689539682097
14.61430183614353
-3.000110582443801
7.679683560267365
1.740045856635633
7.657997611587865
-4.318195299651378
-3.983336969801299
-9.212964201387768
7.317911017816947
7.754194244925173
8.611835901235349
5.917951729518954
3.626644000586068
11.2056467787874
-3.019942714273721
9.426284795810403
10.81922073724712
8.829046086400854
5.287695052928776
-0.2561493480106593
11.97835492687496
-2.104919590413643
8.776978067703759
6.730183881352866
9.965629805525966
10.34694970088661
-10.92127736138115
-1.470867203439348
6.366577953490501
12.91397312553349
-9.292650033721069
2.16233008894573
-5.764017594506352
-1.206959934451536
9.450410151522881
1.628627334078607
10.65737007990966
5.875373802466428
7.837445155747525
1.962071349970525
10.15141295273301
6.568000643179628
-6.156565991728303
-11.22228772106757
-3.0329461149191
9.716434296134107
4.911552743089791
14.59776782553726
6.547395170449733
8.189341604603127
16.13384046544448
-10.75164303736391
9.586445295889645
1.267755575531725
24.41736514788908
3.528632445490132
1.550803738449642
-11.17376288736459
-15.52162308032571
-8.68885198822888
-6.121971875730613
8.046643801006141
0.2346523318782816
2.566880145285062
6.356624181166285
9.033127415921435
4.138358514215461
-3.201376858449181
-5.248171045933719
8.705114150043228
8.871012686257421
12.44622752241016
7.57900278070314
8.438042911206129
8.8351034732434
-8.748021908642684
-5.239643831482104
-1.689341926011562
9.611906061653121
11.61693695215702
6.779754782900125
-19.3026106419119
-4.471690790554823
11.92841502022471
30.04674471030433
9.880454580998896
-9.616395559192689
12.7493804065201
-3.583412308966504
-19.62997902444922
4.748204618077388
-14.74864550283783
4.881333527489096
-12.72456663379124
-7.851039674555791
-5.824479948187992
8.128805244553714
6.222021704583003
-4.894768901727139
12.07238954398435
3.508378076700003
-4.417969610461985
7.058679982768053
-7.926347685183741
12.01939861369458
14.83091985159298
9.686215082818681
2.0265597269038
14.07306137783783
13.95328519379062
-23.05561963110557
-11.32150568587689
17.90763496501302
-6.312233019320756
20.81406095403337
-1.282593562295515
17.44411530515401
-8.217211834934936
1.417029489041554
11.73411394509329
-1.906783538669995
0.1658985353850621
16.74338661190326
-13.6408974829899
29.22914065053841
5.085811386790557
18.72670886882187
-6.35786064251339
-30.50118990229885
11.25650330520011
-24.14332926319103
17.61436394772022
2.906425988763264
18.94669436991187
-16.02708581362079
4.479529892401978
-4.83926240871721
-9.318792304639315
7.178221872501291
2.078629006078653
1.01626473145401
-4.347860219326404
-4.867224737563676
5.812569406567405
1.392935942940338
7.961121034432435
10.67979414249132
9.634241321092498
2.148551628439736
-7.485689687669389
6.568185088845311
-5.22962723129421
11.30124798764161
-20.33453182106933
-18.3295009306655
-4.284823520825687
18.7573531050498
7.719650838986329
32.58740325589984
2.005030890968007
16.04970830012026
1.293924883419421
-4.837182168641422
18.31242740463851
26.04915176994381
-23.79704939018796
-8.183624318122316
14.8585523083897
-7.219561313569736
17.25630599832753
-22.93940773402338
36.74274811480674
16.57748807636938
0.8576416560087695
23.1496095726644
30.6474277054247
16.40010581116779
7.736724366662183
23.04217662602076
-14.75578341638094
-40.07680747484814
-38.17168097261367
44.05634057651972
-14.43202601463437
11.83783214882747
13.83005015114898
29.26731748385346
21.88419580655389
-48.63653082093146
-29.86279003962132
1.905126508552775
24.47586731164783
27.12629397361782
2.650426662009032
19.48644211681193
37.46443582632907
-14.24732189414584
-22.91070333891806
1.957049077083094
15.29696442261592
25.51814572237257
-43.38703929316214
-43.18167167022132
47.51019160100815
-0.236178540618381
-41.5337540564919
18.11832968983965
29.54428631642642
-24.16016797485294
-31.54328965340625
35.3586056967876
-13.56529594399471
18.20262060856324
41.94227557731168
16.04026838205005
34.81400916441859
18.77374078252871
24.86775241701669
42.24456222912491
11.42595662650613
-20.1662901201517
15.43726733288451
25.23351685069556
23.56109664630506
-18.71963649190213
31.00288766073101
43.15086076070027
1.853285235910602
-20.39205669677842
-7.383121678056435
9.796249517631594
59.51877367114309
17.97799370957841
49.72252415383517
-1.672420204571597
6.583669880634807
12.14797310117179
44.0600880455848
32.85352805382265
31.76791655241347
23.73965496336398
-21.01194844481758
-32.21850843528924
28.64845864755552
26.26985816578625
-30.81860560992511
1.647917619450654
32.46652323126222
10.22118129945855
-47.74637014629485
-15.8342552078268
31.13584658375603
31.91211494313551
-19.49685013055361
-22.24534193299345
-11.20655999111684
46.97010179158247
49.6604070915585
2.690305299160956
