12.36336968305438
-5.266701341895058
2.26428833826045
-4.000819932476963
-1.31056202143482
11.57279164455656
-10.12690348726056
0.6919073472740649
50.64704108848617
37.38107973589052
46.39553603227677
-11.87548842797591
-14.37701179137495
13.13977529490871
-2.381068599939236
24.33536099932025
21.01692741468702
25.33630646266675
-30.09539293531253
-7.033886634797363
-11.68910163366743
-1.941304392239236
10.41152892092123
7.664434383775362
10.08852309290552
-10.19749719848224
-8.364225772722655
-1.805193275266075
9.842429019618642
15.65916079587184
3.109272614343377
-6.501906667031705
8.788384365852147
11.23531540740787
-10.55294668641795
-11.11859656188413
-3.036373398111645
-2.307806774047866
7.99833722450586
10.44878152741304
10.28673956231693
-6.870776447498764
2.62673824796546
-4.423845388464399
7.743975349037796
-10.30622160422843
-16.70316182657814
-4.837973221147834
8.599647864123609
3.053288814443556
9.214439297345779
15.39988438552022
7.39788566631677
-3.318433584672406
5.788705093401373
-8.001998743000231
-9.611179292118853
5.679111762252632
5.357511672488261
-10.71631925840242
-6.396940217765816
13.35951041508753
-1.133927567976498
10.73126103674707
11.40276161494012
2.660910179747832
-19.6318307971513
-25.62096142033741
4.319379048049696
11.8651886050409
-24.48703385332404
-32.37019309790669
-7.660001315900112
2.371911884963186
10.39671700527432
-2.542764191483031
8.002086894027725
13.43762108640319
0.671500578650756
7.197895518688539
-7.384802952324465
-7.706403049963426
2.112711776997372
-1.545252568241553
12.14462496777664
7.19540257361077
-0.3216000893635433
9.497514728679887
-0.5656498744318355
-6.239725568846004
8.245139912642964
0.61479143702198
-7.257166342107492
0.887677406535248
-8.330969068726555
3.24834074256451
8.467873918888111
6.489667930974842
6.161150482261467
12.20047063429983
7.036798672277573
6.526394940660705
-8.741851434570609
-1.473974295516764
-5.163671962555281
-5.674075694026756
8.082223166859283
0.9592427449108021
13.24589512789761
-9.275694128729443
7.894337918270917
-8.510772966311453
35.72653273002346
20.90442927541611
16.96924001744803
-22.16752293034326
-44.95075288779528
-24.45868423262197
-3.290911165715864
-1.184414274081346
-8.642468378618084
7.743799465022957
9.321092803268403
-10.23493687202665
6.935095172178601
-8.289520374233181
-1.454230717477308
5.434741108582999
-5.351557210266734
11.03471062600381
14.83169086156851
5.613044384643951
-9.16053289030129
-2.271561065686503
-5.434593648975913
4.98333038687893
-11.01808184425714
-10.22051412556149
0.7649211626349767
1.945416495826337
4.515125870184219
0.7975677173925695
11.78300300770825
-24.30063626864017
-17.77761510431235
44.39802862540607
35.10264761378312
43.76404501707025
-38.80908474365106
5.328205666769971
26.83854538094896
10.65345315162058
22.6534656020722
-29.75101614964593
-5.288342186212787
-7.458054107172038
-1.073802724262223
-8.958408171869504
10.50550708132302
7.267877138000665
-22.29274097545623
-1.500354063580597
-9.218646477618369
-9.848360470699239
-2.986297608604631
5.601990530541143
6.390199842027235
12.35761417204326
-7.884605449150004
4.603735852686926
11.43902550376651
5.404291602758795
-7.750973538940568
-9.850948863689563
12.16593061865659
-25.09820398460531
-2.288754099118604
6.835289654788311
-14.45468471781311
-6.034733900462498
6.888971825337688
3.725939240089958
-10.25186783417432
0.5572880103356201
10.73282845785922
9.256005421415439
12.23706555205567
9.760673138983581
1.663417544686102
-13.15526513889431
-6.811011701006357
-20.20863087418918
10.41792403454314
5.096624375116006
-8.097255593003061
-5.321299657196072
6.862062864236162
0.1890009722246123
7.228862365226707
11.41132277499816
-6.845981468824345
-9.81354342955014
0.3619970219604454
-8.461498167383269
-4.27903774679756
-3.317997052825644
4.903977604881046
6.058500409669177
12.34854321737756
7.039861399702959
12.18336251966367
-13.19387996682465
-7.034982446400026
4.182460418373005
5.143501116792028
32.09546803974875
36.93801077236532
-41.98218840276981
27.19372949289
0.1947582571758698
10.80915584503341
3.328470849034046
-12.85662137452718
-11.04932574544528
9.18301535096322
8.950155010481179
-1.080347663559032
9.376497453962672
6.158897517631422
-4.289349449419815
-8.47442924327949
-2.967561966077123
-10.44824696452389
-7.480684996522672
10.17554044790355
-21.04955057186523
-2.099975323312226
-22.47528105546235
-7.053365736024884
-3.859874633999033
18.94957524954622
-18.68197808632838
-29.85322050151554
-1.425730484335677
-16.185092223561
-4.185079786368221
-13.39761917077023
-27.94180779029981
10.03191319370854
-8.983099598298885
-2.923570537349899
-7.872792932649227
8.55240769350767
3.773488695711297
8.551815035287644
-22.02730082811378
-19.18690099226843
-2.698705140837674
-10.74893089160711
-21.58153110033079
-7.630348477029883
1.110306665105645
12.75658829766447
1.435922934155943
-7.997988028420944
0.8517860670717928
6.598330553471929
-6.222157824774256
-1.476823031713664
9.968978074293315
2.981060138329998
11.44580110127677
8.464740917214439
9.747797241427666
6.523021165783612
22.80944988453718
-14.82210345357847
-18.75729271369714
27.638415162197
2.358101281429819
-0.633983607832579
-39.06982295916879
-5.989130622714802
-25.28031388060219
-28.27239877067553
30.94466554579913
8.661397405001507
23.06150630095791
-22.28326814696548
-7.88315924204579
-11.17124241445394
-43.07195220502837
-4.901738548753524
28.42749001798896
-31.90070979130758
-41.42792424750142
-9.744281282751214
23.58494727867236
24.46267396659005
42.17694665994487
19.39371672020796
-13.26596135108629
33.3292285686369
15.42191531858236
0.8777266910740794
-14.54418862425074
-22.78322994779724
8.740655142983034
-9.15746781894536
-1.712902201183499
4.520981388181986
8.499012757919576
-2.714272396431916
-32.65967807204856
-23.6452217735481
20.49206864555678
9.014456297896359
44.13729041095381
7.444565609909311
-0.2328603391784862
6.443195434725322
4.636831020075321
12.16782071570573
8.024805123093509
-4.949222394732681
11.47597822865836
-10.09908134479354
0.4457697289877489
8.437970100770809
3.451173105539459
-2.394630109267236
7.530989687893102
-8.050225750746804
-4.644563251056551
1.833271425759194
10.54485108462109
-4.986796995352132
3.405662499980864
-7.607130976983091
0.7853285220470043
7.263163210493482
7.746709479658999
-2.300054765006656
-7.607723639035846
8.392459495448698
-0.000592660579328198
6.477834677106222
0.4835462704273478
6.55903250987302
-10.10917942350733
10.31262705904832
-9.489424345788267
-5.010139978253437
2.16735025755724
-4.254609139490713
-8.140181580713781
-0.3800043086178209
5.489320119970508
-8.497989053977985
9.249260564680652
6.075486247104896
9.743929261225416
-10.04676424271787
-4.243379920010641
11.6476223052932
3.668443023187887
-9.831462510657811
-1.874737897706099
8.866168815335888
2.70497702769377
8.508361347048529
-7.381018198505286
1.577293336236119
7.956724617349876
2.450444308998169
-8.56791752656491
-2.188486238772371
8.552420482383029
10.93714952935751
4.384748194106587
-3.348384357271749
6.379431283123155
5.219533172239284
10.74090671852246
7.760177269999763
2.38472904383422
-0.3578074692287423
-5.654689883691952
2.286366472786141
8.796927362299687
5.988856990660897
-2.538060405301046
-7.500345695455739
-4.934875631784213
-10.31032385791896
-2.076398621196854
3.667072115619043
4.694389239416548
6.77288882456198
-5.375448225902073
9.629264871311943
8.233925237408938
-6.552401339975894
0.1155437389645719
-8.118381500056135
-1.476978019709402
5.743470737502506
3.897814926742468
1.546681198693066
8.214626282520237
-6.186451356587581
-8.164657348016979
-1.409033710639519
6.998430456997824
6.667945083665143
-7.733132552722288
6.641403482525061
-1.216195828813794
-1.978205992093301
6.755623638318524
-7.952061537204418
-5.21162474098116
11.15260900485898
2.167583444419231
5.60104367408201
-8.969280837386936
-3.00186650462461
-2.679238040354425
5.405597666358004
8.071495680182311
5.967414330318706
6.290042805954299
-7.857599313516841
-5.191701305383911
4.927943683173451
5.374792950649163
8.4074641685147
10.75073372189764
6.233883581046861
2.665898009829725
2.74043679866366
-4.51685014507521
10.11964498509088
-7.257286946733535
10.81266841824826
6.154655362050094
-3.279255588757945
3.978031363542531
-7.979179309946457
0.6197550777185435
8.598934435765159
3.759940444368988
5.803384321031071
-10.08599522197446
-5.307668876386561
4.778326343230703
7.941056358723675
-1.845655810669853
3.105816709865781
-3.940530227513254
4.133716239153853
11.28525275378249
-1.535991041565075
-10.85426946269861
5.64149929088944
-8.775769877167903
6.510560891891569
8.074246462635511
-4.83523964708834
-8.388287760040749
-6.824602198570804
0.3269343106833565
-0.2532763232507592
5.639279335093348
12.32287759141521
1.563685566711942
-2.808070367329996
8.135011442217975
7.151536515266286
-2.50152336111117
-8.145276801490651
-5.643753457863477
11.99594323608402
-4.588872987640433
-11.93368724278913
-8.079602394057538
1.885408857646151
8.703393181381236
12.2318490404382
-1.943442210282962
8.999639600626345
-10.47035960724094
-6.894468597623416
-0.4829436186369044
8.208588399736099
10.94308180862872
-8.526917394677614
-0.7910512041029528
5.89255567264249
11.54423026209845
6.547987904467786
3.575891008368807
-5.409134556220203
-4.96228528825372
-8.985025563995489
-5.551565331167165
6.411524978132165
4.640420393796964
0.446849267005966
-5.573709661110809
-7.344814247393504
3.117822356464256
11.66374249056417
13.29226616932077
10.19198572249357
-4.658013057859879
5.330912184365172
-1.771104584137333
8.691532015429445
-4.86107353847809
3.854084849152575
9.988925243886657
-9.433910955749967
5.162407611557937
-1.348896074155653
1.215075502794731
-6.175413718953214
12.1843218354528
7.366262309078737
-4.826517640045009
8.715158383418988
3.316188154699187
-6.192912516812705
-7.552600730043868
7.211637468949848
2.793839452055513
-30.13093435940088
-5.216733749267129
37.0274497264587
-25.38277256889236
-6.988413825635464
-11.21328516434435
1.775830210829257
-7.307783407763071
8.530404558643429
1.456460646926951
-6.836330075778752
-0.6179737333117337
6.871314973456712
-4.224871345403011
8.764244043647121
0.4714533392403726
-6.602251499552819
-10.03050267949807
6.676055782999183
-2.807896033254818
4.298675643842527
1.283056348985206
7.222606652636038
-2.37738014745582
9.381683842122902
-1.013654106836039
-9.700585584091742
7.031911661158577
5.939550281367604
12.02982753107743
-13.13703372328225
4.718606170655904
-7.390489226500357
10.96924634074525
-6.264267993376062
8.195125881762936
6.090277271089405
7.106571680773824
8.545920131579804
7.339039115055758
5.651674579340978
11.03121059459856
6.683598270286903
-4.996242368110264
5.660626669077383
11.53578299400829
5.37953602340841
-11.53192820437256
-6.398142571052351
25.98037260131988
6.35076285458301
-9.981184775054988
5.746544491591151
-7.073943900673716
6.872765738966288
-1.659089596567516
-10.98287416607674
3.476519705536736
11.88891292897431
-5.468308254104129
5.668289098038264
-10.10602485201903
-0.6292665734389974
7.807756177704901
9.804005285915885
12.37015478943079
4.923849551570346
9.476758285650522
-2.747094547229819
6.218356349722739
-2.843143819723415
-8.089999246388237
-7.073704844379437
7.489288724052304
-9.061500179176244
-4.508591430745262
3.928431386486953
-2.774120455878368
6.506639937226415
-4.818059530339683
5.146951724728175
-8.531855356912899
-3.874998713267202
5.514565928766094
-9.509100670680166
-3.065394374350291
3.895449312923277
10.95384022711886
5.724441097446473
8.412393230610981
9.280760389411521
-30.79327115634597
-13.1793135283939
36.78886775778624
-11.84727576596046
0.8683671558201443
7.312073449321126
-6.220623826278723
2.507980203701038
10.63303194876038
-0.1002241559541192
9.719342630485853
1.122363656296913
-7.024322289725441
-6.789697039242927
4.656856665024624
-3.560857354197029
9.38956466247982
-8.217714047544296
-3.655315424647654
2.700091816102103
6.443706295674921
-1.3596882139387
-10.73325611289322
0.4033412200321505
9.131945229898221
6.711456844534473
-0.9136893075277519
11.13659734238522
-6.689472866724507
4.552908763833956
-7.670944116588349
-5.246855426389342
8.437022803388066
2.4240886990465
4.562398633189253
-4.804093243445797
4.651665434206773
8.789835471803297
8.728604019326145
-2.420488375809078
9.711909444085649
9.455758674524663
-14.00087415550555
-9.330602563254796
-1.672887428718681
-8.090181223135884
0.3475255368893814
7.155789049852521
9.182244737114049
-16.34814780936903
33.35153705929263
2.850756630298147
-13.17587608875045
-20.66108637074462
-7.62514614114369
12.13239781723968
1.589870576671581
10.02757733959248
-10.88088429719364
-4.312938561376169
-8.596978962013589
3.304323765025224
9.21501671155707
11.47836054898813
5.049892996575013
16.06290495737463
-2.349772180963807
11.90130271486318
-8.146685939963371
-0.1011201579436417
4.584544408387123
11.23088321948299
8.211052445223498
4.602757605066312
9.273029181057536
11.0130119890023
-7.399665212042401
4.670271584121153
5.910692936010062
-12.00242285161186
-8.287468959231889
0.5412075245392287
15.89616028965892
14.61362425423938
-2.999977147767866
7.67936935641978
1.739982821625204
7.657715142523133
-4.318000246000017
-3.983167270474441
-9.212566400689644
7.317571283744202
7.753851728299034
8.611451364212567
5.917732296820857
3.626508043581791
11.20522411037492
-3.019830781005284
9.425913878885687
10.81881083444562
8.828676481609948
5.287491817013118
-0.2561507710478897
11.97782701765391
-2.104820474991632
8.77658542138335
6.729898723836236
9.965011256508053
10.34644018282278
-10.92076277641001
-1.470774730404834
6.366317549142742
12.91342532983167
-9.292239106269273
2.162240630360782
-5.763783252889066
-1.206881009444115
9.449988039908598
1.628523676236909
10.65686904360145
5.875156330384493
7.837092278432631
1.961935944891891
10.15077028709535
6.567728082430591
-6.156246962783197
-11.22164317724222
-3.032808831811024
9.716096602417993
4.911312483069217
14.5973076349479
6.547107779182391
8.188834343971436
16.13295566154164
-10.7511847002042
9.585847883201144
1.267715723219978
24.41621217024896
3.528455859356417
1.55074342933975
-11.17323160725046
-15.52084389802909
-8.686931508333796
-6.120782045722486
8.045565775960391
0.2346252304295271
2.566149493689128
6.355407251042193
9.032736192605732
4.138170037998212
-3.20124159557404
-5.247928294217773
8.704724616270346
8.870610378832657
12.44574467157541
7.578716069170131
8.437706761473294
8.834719200223004
-8.747660189386499
-5.239434319892556
-1.689269275567731
9.611469278728425
11.6164326657247
6.779466104956688
-19.30223420699153
-4.471869920566931
11.9282507399079
30.04636032750104
9.880321490738373
-9.61623905485339
12.74890542993235
-3.583042204108158
-19.62960975348433
4.748161798966861
-14.74839872833865
4.881211030719717
-12.72397504415172
-7.850677738042481
-5.824222052422923
8.12843085499766
6.221738993675433
-4.894566154656858
12.07185197370994
3.50822586911183
-4.417798017617845
7.05839091389246
-7.926023884862524
12.01890042417316
14.83036428665119
9.685995152230293
2.026455686143518
14.07241673047691
13.95265290841539
-23.05513426278831
-11.32136022659038
17.90732739748358
-6.31195397123929
20.81340773367218
-1.282536036960315
17.44357687774754
-8.216790931697801
1.416944153493523
11.73377403608728
-1.906691860081482
0.165885761758241
16.74318029170069
-13.64046589543932
29.22868762373881
5.085647021469677
18.72611291600589
-6.357739835576711
-30.50078043410023
11.25621779236946
-24.14304060175247
17.61395762795242
2.906080335947795
18.94599539124081
-16.02663272190573
4.479284394747329
-4.83899403949591
-9.31827843759927
7.17749028413274
2.078499585338126
1.016294402283855
-4.347612315774482
-4.867028598484793
5.81231790703306
1.392896956987728
7.960842697504354
10.67934650396895
9.633735082461797
2.148524791018098
-7.485210286718993
6.567945738004184
-5.229399129943892
11.30073855425754
-20.3341393998254
-18.32917601292701
-4.284702503294154
18.75678029113093
7.719064769534175
32.58676887011946
2.004963387464064
16.04943689640716
1.293880080472294
-4.836966560165895
18.31152988776626
26.04824078275437
-23.79672051327499
-8.183564062360936
14.85791873269849
-7.219425983263697
17.25571041530767
-22.9391208774893
36.7414644150995
16.57729452977888
0.8575996356280446
23.14849644732995
30.64729892598994
16.4001206608626
7.736710896346524
23.04148279456948
-14.75555681560668
-40.07695083227206
-38.17174303533547
44.05575710456109
-14.43206010863232
11.8376786690368
13.8299885792865
29.2668334481685
21.88354568253833
-48.63614352275994
-29.86249308324312
1.905207802929733
24.47513639833841
27.12536170516292
2.650225306861408
19.48575400012611
37.4637908034175
-14.24717826501739
-22.91058802979814
1.957116069876761
15.29676195765759
25.51784352610231
-43.38688757756905
-43.1815068439572
47.50971826659635
-0.2361750518715196
-41.53359231031557
18.11810958737264
29.54394022234213
-24.15991457282149
-31.54320233969786
35.3586523310947
-13.56516553650524
18.20253535383022
41.94221829075048
16.03991505614761
34.81356549665942
18.7736504406747
24.86770410068941
42.24418347565717
11.42583063488893
-20.1660388280833
15.43684486906291
25.23307113893075
23.5607274572401
-18.71954687255458
31.00279376036817
43.15071253343671
1.853295266532487
-20.39189055471795
-7.383287766385655
9.796226269687478
59.5185669034249
17.97803680335506
49.72234063406191
-1.672343681872219
6.58356595977363
12.14791877420819
44.05978354832794
32.85330474667035
31.76770089019605
23.73968293181186
-21.0115996422972
-32.21807844272927
28.64791564323606
26.26973877987496
-30.81835284770023
1.647914539065364
32.46626738855778
10.22108156814798
-47.74589332289829
-15.83402855441929
31.13522881852776
31.91186477290855
-19.49656053644885
-22.24518582154129
-11.20647880104478
46.96925737294669
49.65951528476127
2.690257911042108
