12.37784234019711
-5.2721511422971
2.267017628414911
-4.001199821055093
-1.310182132856706
11.57933879441793
-10.1342459651805
0.6924017659021361
50.65130114044569
37.38446314072213
46.40051023404502
-11.88232082577777
-14.38803681645971
13.15084492414063
-2.384415537798477
24.3382445233939
21.01682099249329
25.34268933399653
-30.10001604104001
-7.035209025219789
-11.70325882464962
-1.942326970251929
10.4357702125041
7.678786356652773
10.10511373157179
-10.20652738046715
-8.370706293849278
-1.806302371236321
9.85896783945655
15.67496185534297
3.113194567531934
-6.507304693602606
8.796540849703277
11.24652510188232
-10.56573663993363
-11.13195600606726
-3.04012671587813
-2.310749430556052
8.008598234443363
10.46234533516381
10.29856690716364
-6.878421040201379
2.629882743249278
-4.428436753461046
7.752883938548211
-10.31501421080969
-16.71695039710916
-4.842439270847747
8.608048328068223
3.056067176302742
9.223562368083305
15.41562654187547
7.406380958720549
-3.321423530939662
5.79512725953919
-8.009245630137551
-9.620499282336121
5.683346303373083
5.361835750145272
-10.72780450427443
-6.401936177255735
13.37108137982783
-1.135343578028323
10.73916754632277
11.41081813995293
2.663005760177638
-19.6396297120211
-25.62892893949765
4.325868341632893
11.87451112524412
-24.49358536326234
-32.37789836010379
-7.668684166902543
2.375208197389742
10.41167793703559
-2.545682925425546
8.012658533746993
13.45048760164756
0.6716505945102589
7.204651077338759
-7.39312490652118
-7.714635475982318
2.115178943466324
-1.547140287217213
12.1590712882594
7.20395972167445
-0.3215105527730047
9.508303849231897
-0.5662193635553816
-6.245836527040003
8.254987208998017
0.615514047816923
-7.266383994885728
0.888829345982414
-8.34148974451376
3.2525127107645
8.478690871262208
6.497866421627175
6.16749519012017
12.21261764720474
7.043117967552771
6.533000483762922
-8.747812378242559
-1.475202598498361
-5.169499680832433
-5.679617163463325
8.091829297022461
0.9600500285926276
13.26132897545594
-9.283904228894043
7.903377633229216
-8.51832056300656
35.72840262548777
20.90631952274192
16.96742324002675
-22.170174215446
-44.95624703024229
-24.46196223995555
-3.29507709459497
-1.185869341216236
-8.653028444427783
7.753647871772494
9.333027349596174
-10.24395425415974
6.943327602510848
-8.296981392559344
-1.456005761601932
5.441051066267946
-5.357951344264043
11.04872495713872
14.85039510343927
5.620076009722206
-9.171310724710869
-2.274253899107596
-5.441238661566325
4.989543623335909
-11.02511976917949
-10.22702116921004
0.7655836671557407
1.946972857614833
4.518093661717655
0.7980985973440068
11.79070343813869
-24.30654742552585
-17.78454180676647
44.39982101860601
35.10340322585241
43.7659121904609
-38.8109096883983
5.32945200543631
26.84638667819103
10.65671423615206
22.66017807430424
-29.75537381660221
-5.290107366166827
-7.467159108780226
-1.075105744867257
-8.969435647593835
10.51889669841399
7.272609777416567
-22.3026354700533
-1.502276536307632
-9.230319095256734
-9.860851472246432
-2.990006451117974
5.609037087182259
6.398104154471855
12.37298322405132
-7.894329906317829
4.607293427495125
11.44826904775843
5.407534495684599
-7.753396463374526
-9.857036401235534
12.17399402170329
-25.10464602077815
-2.290335811227648
6.840975626971491
-14.46432983231193
-6.040734550566632
6.897056826736653
3.730072060990808
-10.25972307939982
0.5586878141809823
10.74555137372416
9.266743121204232
12.25126609175049
9.770806608526964
1.664575967130821
-13.16093095367438
-6.814977379209204
-20.21733638655751
10.43078228261545
5.102606200024923
-8.106230639027585
-5.328176078057347
6.870845024966677
0.1894244186248234
7.23833402221981
11.42622335438072
-6.853786616171442
-9.824684267998386
0.3621792989121624
-8.472390998013184
-4.284501643298408
-3.322279526861956
4.910111633969599
6.065831100970664
12.36324170783403
7.048909616850633
12.19902109899601
-13.20883683668381
-7.043211045113089
4.187889350036534
5.150111475429931
32.09874518255981
36.94166443923937
-41.98662297163666
27.19645904394083
0.1947358471104623
10.8184108945742
3.33033807166769
-12.85933435899281
-11.06404404033231
9.194613275096065
8.962076535198731
-1.082131329267245
9.388110611603798
6.165625785682741
-4.293344708678586
-8.479553342000813
-2.970897662144042
-10.45897048977093
-7.488072823899866
10.18686356024108
-21.05635645023674
-2.103639934279659
-22.48225484895208
-7.056405434513001
-3.861593688645836
18.95271651762276
-18.68367678787909
-29.856161175315
-1.42589840009426
-16.18967243066022
-4.186208618604581
-13.40235900300945
-27.95028544444599
10.04389235021278
-8.994535264557282
-2.927796848003716
-7.882908417221461
8.564772390469715
3.778559488260774
8.56390684317223
-22.05032240549953
-19.20378628639605
-2.69350761510176
-10.75352088441791
-21.60280568355265
-7.639473163562024
1.111626846265285
12.77309475874794
1.438599646158128
-8.009868533515355
0.8528211602633021
6.609746356122922
-6.232349718763753
-1.478808243228587
9.981912695928363
2.984522985731782
11.46072092986538
8.476197853830604
9.760931854397114
6.522005620880406
22.81431020793234
-14.82208310087068
-18.76097938731802
27.64200145790902
2.359016447237416
-0.6339088271342166
-39.0703690141946
-5.989299226509178
-25.2829850100551
-28.27591028640825
30.94912001401084
8.662508968056517
23.0648070167079
-22.2866110580682
-7.88431299179119
-11.17248438580945
-43.07649373681192
-4.902286142413518
28.43026277701694
-31.90400935262889
-41.42938547501794
-9.74520540176923
23.58734350733573
24.46526645663986
42.18135881874606
19.39528603895249
-13.26683799672208
33.33254892322487
15.42584941265627
0.8779229555079962
-14.54792645070966
-22.7860727957255
8.751100011256296
-9.167734156224205
-1.714604073297469
4.526383254947388
8.508484161979922
-2.71732802636796
-32.66212403716929
-23.64607693964212
20.49428477131117
9.016047096324874
44.14036169485961
7.45313006778064
-0.2325367367869421
6.450406153067888
4.642151847412255
12.18132064881893
8.036469744789006
-4.955111567901401
11.49256923430756
-10.11082471178182
0.4475167242765136
8.450265402197269
3.456099489490952
-2.399019399486389
7.539168786059491
-8.060013269280383
-4.649721744768866
1.835821086617456
10.55834145750579
-4.994165912772431
3.410291525114569
-7.618340380771278
0.7861170642823362
7.271659918711456
7.755260675545013
-2.304131640322904
-7.619205935618105
8.404457438183751
-0.0008655520459620238
6.485542831989394
0.4836007592980247
6.564403946996782
-10.12003210143103
10.33084782668726
-9.502041475747804
-5.017554809613163
2.173418016678645
-4.259524324088279
-8.150706387615603
-0.3806873773986602
5.496469694875814
-8.508565677921977
9.260442117370625
6.080803202795271
9.755994022639941
-10.0593923121129
-4.249041364352321
11.66527023126005
3.675190838122631
-9.844912531678638
-1.877505214375063
8.877466481229282
2.709256260328625
8.519607201372681
-7.391165413312815
1.579379473401092
7.967407326345591
2.453747112085125
-8.579141897077463
-2.191114030408871
8.563857681048303
10.95114869726758
4.390144549988271
-3.352963750833069
6.388027857367135
5.226178151816389
10.75497170662805
7.770019006248821
2.387291010034466
-0.3578592823262721
-5.662894010921293
2.289091203344067
8.80969422413453
5.997853979192228
-2.541290211250428
-7.511032379742471
-4.940915580453772
-10.32364357527859
-2.079372958129824
3.671783655304409
4.700213908404982
6.781351758401875
-5.382727994736565
9.641129490088085
8.244270617502233
-6.561004156026035
0.1152770441034277
-8.128993575963481
-1.479259770011399
5.751156613787471
3.903018246053324
1.54893715460668
8.22521836365059
-6.194171152823028
-8.174995608771438
-1.411049479536732
7.006902729515738
6.676281208875888
-7.743108303086576
6.649733809084043
-1.218315639092816
-1.980824457637984
6.76394613121298
-7.963280029910909
-5.219803693678499
11.16963819101676
2.170767412640144
5.609709585813764
-8.980201155407185
-3.005322081331542
-2.682790568136971
5.412630134333002
8.081425322889398
5.974879068939875
6.297410603712679
-7.868049451308439
-5.199254273765905
4.934793180937436
5.382278023741842
8.417952210710274
10.76421589358083
6.24098731194838
2.668795180293521
2.743476341690297
-4.523228589522232
10.13404744862762
-7.266704938440856
10.82951328615588
6.163864100774613
-3.284604054580284
3.982100895092862
-7.990079447974818
0.6179906256827319
8.608070168341079
3.763972422462269
5.81035094440225
-10.10042166584197
-5.315074300147939
4.785347360841486
7.951985218840226
-1.848138366743844
3.109568103785504
-3.945727458901583
4.140634236589443
11.30198899310821
-1.540697891513704
-10.86928242435341
5.650275125143806
-8.788144574853844
6.520603025099318
8.086361687533392
-4.842417111130114
-8.39986618008458
-6.834107536218086
0.3272472091888404
-0.254206425922429
5.642933464189628
12.3308686644978
1.565758654476097
-2.811840236517686
8.145659764509592
7.161354757592727
-2.505715986292961
-8.157429810008189
-5.651713857838599
12.00362136698533
-4.59443663725868
-11.94811742929135
-8.088740225883118
1.887716141950752
8.711912184694009
12.24362777974733
-1.94644182351819
9.011058178939333
-10.48558601428
-6.903942233989113
-0.4833163408660386
8.218858982813579
10.95749999874858
-8.539144187053015
-0.7921992039196745
5.897139918515324
11.55440089992046
6.554130650068638
3.581643776355559
-5.417227008325936
-4.969742164661818
-8.998870784089119
-5.559928606454402
6.42062589080836
4.647805990716759
0.4474848417568226
-5.580860872097159
-7.353680775653639
3.121314449341472
11.67595057591851
13.30634882233921
10.20773459285586
-4.665649188942681
5.339720619650459
-1.772819899243556
8.702175317125384
-4.868013974247059
3.859377204073
10.00536981215456
-9.448468165732145
5.171146695176982
-1.35143544834184
1.217989899998033
-6.18565858977093
12.20058846503473
7.375955723375452
-4.834223131825655
8.727391170948017
3.318782619389752
-6.198415297179793
-7.559467311035328
7.217482234700408
2.796444326278214
-30.13497022018949
-5.217384763405344
37.03027245589659
-25.38636732723343
-6.997215008669682
-11.22581220734564
1.777518830537645
-7.315224372588309
8.544680424149961
1.459509504566658
-6.844275419190687
-0.6203542602338702
6.881349397018924
-4.228597211425623
8.774733854993242
0.4709489680794118
-6.607638608281205
-10.04420787458102
6.682942907450435
-2.811109096298817
4.303901539145754
1.284734049422251
7.233098790271493
-2.379041384105991
9.400898663544719
-1.015312168230928
-9.734493126310005
7.049472807493724
5.948364696970192
12.04744079220845
-13.16057371551785
4.726865847060744
-7.403648499372318
10.98259858064264
-6.274406501633477
8.205972143615513
6.099076136913854
7.115010642493147
8.554636121116539
7.346329867395288
5.657260961012341
11.04011370289422
6.687935227805452
-5.000270271524487
5.665839649408452
11.54499454931725
5.382852757608624
-11.5433537706276
-6.40248275039833
25.98717409333597
6.352561234343615
-9.991592718676158
5.756925206002644
-7.085170897421557
6.886167231474963
-1.663331049613541
-11.00127235260032
3.47910628615736
11.89949965090676
-5.473234110120329
5.673449586843176
-10.1002435802529
-0.6300182057750517
7.821207803727185
9.809641222608112
12.38815413995203
4.91957458509633
9.470225388230302
-2.756983875867244
6.223921173638198
-2.844290922995701
-8.09452207981321
-7.078587588123529
7.501703691210523
-9.068212116711628
-4.517561287458429
3.933664851234373
-2.776626431234455
6.512875638483795
-4.824632748089688
5.151823626272233
-8.549498322714703
-3.883972662960899
5.528038274744647
-9.517197916032979
-3.068033967727752
3.898699613489344
10.96253046380485
5.72886216698465
8.420393378287715
9.2895020634259
-30.80279273075243
-13.18418574426473
36.79013119419455
-11.84882693722256
0.8691086798107879
7.318272622828968
-6.226050055322441
2.510199384182835
10.64016719000531
-0.1031395952669314
9.726698955259419
1.125002046559242
-7.041100836178413
-6.806135773322671
4.665525701379907
-3.568038872356118
9.41201097679822
-8.233564628559124
-3.66661826952727
2.709014869690211
6.449163947146033
-1.36105201544533
-10.74330680123107
0.4033768587865927
9.139626260071271
6.717153817648254
-0.9134682132063848
11.14668367805047
-6.702996145743924
4.550650860363945
-7.67655849472477
-5.250231156975235
8.451226111941041
2.426327354903404
4.566946378131989
-4.808073234517895
4.655235624190284
8.796896135093611
8.736249419317774
-2.422472424103779
9.719464756031559
9.463308852843847
-14.01082286311172
-9.33727852937613
-1.674119883878626
-8.096114971964431
0.3479984505147821
7.161465390423343
9.189824496770298
-16.36266677071401
33.35494886701213
2.849515686554587
-13.18377908092527
-20.67715123323047
-7.630622009826443
12.1419371754609
1.591163778401128
10.03527720622138
-10.88693702834186
-4.314484462517141
-8.601696884485843
3.307077858076014
9.221785776760255
11.48571920649963
5.053011602429764
16.07342083881121
-2.351425856050618
11.90877471834729
-8.166102870434282
-0.1013178665301949
4.587701632312323
11.23876862566413
8.216798477483849
4.605654947845079
9.279199249041627
11.02040929219525
-7.40443752662522
4.673544317466219
5.914707898065304
-12.01009254261476
-8.29378248626498
0.541802798105098
15.90987921520288
14.62634548328651
-3.002442793072331
7.685325738141133
1.741210070289208
7.663158660798753
-4.321567871645725
-3.986224875044527
-9.219893173153146
7.323311653026023
7.760176662209235
8.618321264893371
5.921948542385482
3.629096858502299
11.21328823893224
-3.021970161511339
9.432976404417863
10.82664773090852
8.835585280324613
5.29133970357156
-0.2561559057606391
11.987583854867
-2.106659964564559
8.783829907664389
6.735166079276232
9.976456377595449
10.35591163791049
-10.93028330534441
-1.472479587224772
6.371157985271031
12.92355214389105
-9.299885076188406
2.163925738044524
-5.768169492024848
-1.208306239045401
9.457803706314563
1.630398240960633
10.66610993405904
5.879154910486382
7.843637570186188
1.964482653806426
10.16181132152459
6.572701351994663
-6.162141776115614
-11.23169023280148
-3.034361559048422
9.720682442677495
4.915030341573033
14.60362713990277
6.55239415557519
8.197328670775409
16.14672057661392
-10.7596264073399
9.594326422820965
1.268571061510426
24.43184850642779
3.531715595440276
1.551761051978527
-11.18308205916947
-15.53526046827018
-8.719181019417636
-6.140668183014324
8.064784991600281
0.2349650237260569
2.578512897741662
6.375633158317524
9.039985814174038
4.141660511829608
-3.203753946053301
-5.252417776197485
8.712055268985955
8.877990588307213
12.45494658899067
7.58419138502242
8.444113425150025
8.84182604669167
-8.754480923001067
-5.243423592611515
-1.690650075013911
9.61888645258332
11.62512006310577
6.784773878755144
-19.30685663338267
-4.46933455073741
11.9302916516009
30.05099389818938
9.882011300606516
-9.618259834576161
12.75504399323408
-3.589109968436313
-19.63461287232526
4.748602909616435
-14.75166818971402
4.882944693572608
-12.734843126079
-7.857464185591955
-5.829105082116411
8.135367957023751
6.227078503274113
-4.898325301892573
12.08174453321089
3.511057328615411
-4.42103790901926
7.063830849183264
-7.932095233793911
12.02819747048558
14.83752208303624
9.688596799028581
2.028359104212917
14.08454268656064
13.96447304109527
-23.05805164362005
-11.32011158832103
17.91454332468154
-6.312568814130128
20.82579624837407
-1.283533734829146
17.45122404745505
-8.224553474148316
1.41792926952381
11.73794005475003
-1.908289451444434
0.1659353180724924
16.7454828290534
-13.64622950468458
29.23465491237762
5.088528282104921
18.73475778490117
-6.359306567919453
-30.50543319059978
11.25930041855388
-24.1461266290426
17.61860698648816
2.911252923162024
18.95396579521901
-16.03329477303668
4.484486719262741
-4.844097840561862
-9.328584565942382
7.190972921474882
2.0811378497483
1.015934491531605
-4.352178458374684
-4.87075519609376
5.817013338043546
1.393671329263943
7.966123904255156
10.68776853097525
9.642482738200124
2.149110567254116
-7.493372161625725
6.572452570094683
-5.233668297464536
11.30953652783409
-20.33846001773176
-18.33222640734714
-4.285351910453082
18.76375737093515
7.728057663752918
32.59640666438627
2.006233610924766
16.05310810716724
1.295009611820084
-4.840346183512214
18.32293126265235
26.06028407137175
-23.8016148634964
-8.185371766595607
14.86373751546576
-7.222067351892641
17.26431106193176
-22.94347026125525
36.75357685048974
16.57954751107951
0.8581446021162239
23.16327744532605
30.64854061364918
16.39962620273489
7.73735281005121
23.04910928154804
-14.75809849516598
-40.07379248565388
-38.16963182741467
44.06456208930886
-14.43098840496174
11.83997239698661
13.83264929376575
29.27272587361006
21.88983933515371
-48.63895812945467
-29.86653937496628
1.904160670000612
24.48637841329961
27.13836506297304
2.651986649749344
19.48926578886398
37.46711828008427
-14.24891441078448
-22.9111878037669
1.957161195921248
15.29884811519969
25.52066613805206
-43.38704479939874
-43.18174146817832
47.51630992889613
-0.2362230956021703
-41.53393889104718
18.12070224602295
29.54776252560719
-24.16227528310938
-31.54516182294601
35.35702741852032
-13.56730933194381
18.20339072111134
41.94203416357447
16.04271287374548
34.8151316303546
18.77241875672387
24.86834900072076
42.24765721915855
11.42706027950255
-20.16898258048835
15.44007658000951
25.23697146881818
23.56350494316374
-18.72000909032644
31.00239872011373
43.15082171894047
1.853105906943413
-20.39347561668614
-7.382886539236417
9.796894888643983
59.5193027010287
17.9778524912425
49.72240781269544
-1.67346652582768
6.585006745046651
12.1484230010825
44.06347974432866
32.85596756506577
31.77070005282543
23.73864343245823
-21.01707752960134
-32.22458970648541
28.65660279848096
26.27096080625794
-30.82059695322939
1.647802587833254
32.46839954452793
10.22181802253174
-47.75253303315075
-15.83747630094383
31.14518633588422
31.91505674085855
-19.50027111725678
-22.24658152416139
-11.20751217807353
46.98266263682789
49.67368032655441
2.691017688198344
