12.3506031472648
-5.262180573287173
2.261886706096315
-4.000409028681869
-1.3109729252299
11.56777218137725
-10.12129516025001
0.6915178437772753
50.64430346143411
37.37885506108082
46.39214440147577
-11.8670121110185
-14.36534341683332
13.12276992857506
-2.377631886762254
24.33338999435063
21.01734354720065
25.33154074195424
-30.09271780302288
-7.033144688706043
-11.6768488590221
-1.940163233157795
10.3915959701638
7.653074946345165
10.07552867450447
-10.19028443649692
-8.359060642015203
-1.804322529958562
9.829888504909977
15.6461373421299
3.106052249078629
-6.49762260468948
8.781724416891938
11.22611997191152
-10.54184168267624
-11.10701728471971
-3.03306184448538
-2.305235024881117
7.989210225589385
10.43681147987099
10.27660714504231
-6.864412928830229
2.624077893848417
-4.420017370218845
7.736370185738001
-10.29917748299302
-16.69209682896703
-4.834313001765582
8.592747517925503
3.051026247628109
9.20692571900392
15.38723941578637
7.391070089562538
-3.316046447189037
5.783564559788448
-7.9961693311258
-9.603674855998165
5.675672170043451
5.354034399316534
-10.70711653827912
-6.392919345033169
13.3502037300511
-1.132722054513779
10.72506177296259
11.39649566212069
2.659280593988094
-19.62590539813163
-25.61501257032526
4.314197194773167
11.85778382732393
-24.48229051609934
-32.36468543074076
-7.652529251569947
2.368886340142791
10.38336836835484
-2.54023695491889
7.992688421415706
13.42706051951285
0.671433889273079
7.192357872083747
-7.377897793083878
-7.69953556484149
2.110593036861871
-1.543636093147838
12.13200862615763
7.187934695006939
-0.3216377703358878
9.488490829403302
-0.5651756022732247
-6.234702647250434
8.236606658606586
0.6141782016211448
-7.248944037316837
0.886536330718982
-8.321673629480717
3.24468997358788
8.458599964626771
6.482608757056987
6.155899471563378
12.19045102676378
7.03168799861782
6.520923983174977
-8.737215068252366
-1.472994055746845
-5.15876302814536
-5.66952704428309
8.073955440260743
0.9585485913101826
13.2327184676022
-9.269062123552242
7.886622609740532
-8.504682054152035
35.72546573908863
20.90330362975206
16.97097555513372
-22.16586171246224
-44.94722797764795
-24.4565351306003
-3.287242381044698
-1.183163122078457
-8.633338238638744
7.73502969068667
9.310470887637077
-10.22761071464198
6.928074018012194
-8.283425517929487
-1.452766331025621
5.429345950075041
-5.346095857355955
11.02227207066168
14.81523261660782
5.607022656024527
-9.151263217103999
-2.269150936790362
-5.428987038234979
4.977828151939814
-11.01265575123696
-10.21543148610118
0.7643800687623831
1.944185196386588
4.512814807577322
0.7972242649086658
11.77703582001216
-24.29675348546974
-17.77237118320647
44.39744311013865
35.10262914589072
43.7633894163857
-38.80834418380672
5.327321177029207
26.83290633416942
10.65110279223184
22.64863675995813
-29.74822864230871
-5.287092067659635
-7.450175116798079
-1.072729591768513
-8.948903184627968
10.49363401072612
7.264221012489476
-22.28518599124777
-1.498728067851967
-9.208209960594743
-9.83740446382356
-2.982948495994658
5.596072428012651
6.383488346592795
12.34505464078922
-7.876173592726087
4.600833347300147
11.43149253260977
5.401784136743615
-7.749228968540723
-9.846282487357389
12.15961668170237
-25.09397774949122
-2.287499152074206
6.830659186577656
-14.4471158343486
-6.029708396100005
6.882112280707307
3.722276178376615
-10.2447755637996
0.5564022960844242
10.72215204607254
9.246936768599953
12.22507337486868
9.751984574095587
1.662397255532366
-13.1510131045789
-6.807958368859404
-20.20210671464636
10.40681518965115
5.091324797291254
-8.089587318138946
-5.315490391999694
6.85445596857797
0.1887631214602214
7.220924519617072
11.3986953260936
-6.839208066062197
-9.80407105468151
0.3616786965443717
-8.451685903603732
-4.273915095841854
-3.313900943365806
4.899398617096307
6.052535902635312
12.33733249208841
7.032161399532595
12.16994636064067
-13.18091211500567
-7.027971188831534
4.177770807540969
5.13778496081669
32.09349688881038
36.93583270037212
-41.97939591010338
27.19210199545311
0.194783809640672
10.80117786002553
3.327013879394754
-12.85478966134108
-11.03701662808368
9.173313713393181
8.940364338968855
-1.078875802481412
9.366436843730039
6.152940925896203
-4.286086046111066
-8.47035562354705
-2.96486298992875
-10.43902697115864
-7.474163980771833
10.16574975010977
-21.04470896273006
-2.097053519125293
-22.47029862897961
-7.051093610065812
-3.858823152514579
18.94765544405082
-18.68098526057642
-29.85143752156504
-1.425589666467582
-16.1818035407355
-4.184269575823667
-13.39414834494251
-27.93572882803554
10.0214155902009
-8.97302573880285
-2.919809477364135
-7.863883408413044
8.541781340642437
3.769020762941067
8.541459475550225
-22.00649169620691
-19.17160281764916
-2.701337821746898
-10.74365525254205
-21.56228276379824
-7.62242845761041
1.109142330281729
12.74204650354648
1.433768294288134
-7.988662662826289
0.8509760807029494
6.58923866811423
-6.214002943951144
-1.475215276448723
9.958140824136226
2.978136607854928
11.43335609956096
8.455219482276043
9.73668562586376
6.524382303178101
22.80647859701102
-14.8221621089955
-18.75449018447985
27.63626123837949
2.357388750398672
-0.6340536936627361
-39.07012193324261
-5.98910717212607
-25.27887248818241
-28.27031493210462
30.9419680291336
8.66076027079743
23.05957311439753
-22.2812077596633
-7.88239491415121
-11.17045226098242
-43.06916534200862
-4.901394893705894
28.42584785510303
-31.89871308103258
-41.42751068511779
-9.743730705595317
23.58351204196821
24.46113657532735
42.17417971974339
19.39281345820545
-13.2654484000571
33.32724274915749
15.41920501881327
0.8776245340368483
-14.54158048410667
-22.78136626319339
8.731570788275171
-9.149035767363189
-1.711101890196002
4.516442749150387
8.491445611024531
-2.711749028299346
-32.65826185841549
-23.64497251760746
20.49069284504982
9.013289340691616
44.13566536096909
7.437933875229507
-0.2329493745479451
6.437286742319798
4.63232026910696
12.15638755157105
8.014482029072861
-4.944073931099924
11.46159081740829
-10.08871644116806
0.4442089327002723
8.427947565127232
3.447108788311272
-2.390679946440239
7.524067280923925
-8.042317430783061
-4.640389260307892
1.831223794481356
10.53292537607354
-4.980838776981755
3.401928170510458
-7.597996951058381
0.7847699972989259
7.256383054414067
7.739839982951599
-2.296810098104128
-7.598318816948686
8.382766947459297
-0.0003218655065130905
6.471613054824299
0.4834569288184298
6.554738114750913
-10.10156235944921
10.29828750572602
-9.480054936206633
-5.004644274129016
2.162454570571574
-4.250763152122755
-8.131851013250914
-0.3794004952877166
5.483546998160364
-8.489634060498449
9.24073539471439
6.071281187401897
9.734310150608152
-10.03665008052358
-4.238870909921999
11.6342110369865
3.663028964897143
-9.820050043884034
-1.872468743096425
8.857060864443485
2.701498647965187
8.499277817859413
-7.372448787211319
1.575441196908227
7.947581301396606
2.447601256069598
-8.558529260734474
-2.186389155312618
8.54314045398168
10.92582058426475
4.380466000930356
-3.344619270821178
6.372140104530661
5.213909990703886
10.72952960848757
7.75245051730182
2.382680129665694
-0.3577830463417189
-5.648434352884464
2.284284029205843
8.787246630282274
5.981952809533551
-2.535545481973629
-7.492036324368615
-4.930303159118167
-10.30007354762396
-2.073986146072888
3.663574002516922
4.689832731600312
6.766467851969915
-5.369770388283262
9.62013589006993
8.226087402362067
-6.545354584714465
0.1157640797351133
-8.110323323346627
-1.475221180346065
5.737560149400685
3.893958178550162
1.544792577235202
8.205911243159864
-6.180292696153656
-8.156283904940766
-1.407301693409815
6.99155084582143
6.661118665829338
-7.725085272323765
6.635102144287996
-1.214360399186696
-1.975991208632687
6.748982211612378
-7.943567078005268
-5.20522472606326
11.13938188301352
2.165194024896893
5.594292357048936
-8.960954204630129
-2.999387909149855
-2.676157618538471
5.399464630688827
8.062994798629289
5.961566295259737
6.284796588848998
-7.849462544761792
-5.185932377986232
4.922828727964957
5.369179360118428
8.398852539441712
10.7391524174927
6.227544637542414
2.663530167486368
2.738342351745127
-4.511607781180465
10.10876110442695
-7.24995013234464
10.79951708326005
6.147483683131403
-3.274947272831509
3.975002860367174
-7.971182078084479
0.621507423242067
8.592689511672909
3.757188396093753
5.797779170248036
-10.07394743388566
-5.301508719159298
4.772438714411825
7.932718382549627
-1.843601971335198
3.102893850407567
-3.936656851913807
4.128450652048265
11.27239578480369
-1.532204715200546
-10.8431165067539
5.634894149859207
-8.766481384958993
6.502962601936376
8.06510750305279
-4.829824532230204
-8.379241221684053
-6.817096322379647
0.3268488097159211
-0.2527708871583693
5.635613942979989
12.31456035806887
1.562144900206759
-2.805293819733757
8.126470335885434
7.143945133116288
-2.498331305200186
-8.135832935153966
-5.637501633894153
11.98771153921225
-4.58420731664366
-11.92200589043856
-8.072267445983785
1.883485913538498
8.696433778755946
12.22222571563826
-1.941020900280455
8.990743256492063
-10.45851919311883
-6.88717280704616
-0.4826772316810602
8.200353085697259
10.93176415575252
-8.517498291818489
-0.79039017022366
5.888384832893628
11.53489688687729
6.542403264647591
3.571346386911828
-5.40284147396153
-4.956490841932895
-8.974187860109167
-5.545089525468565
6.404495575577796
4.634555007121095
0.44635063199544
-5.567858004152585
-7.337798573132519
3.115172313449277
11.65365304146647
13.28064109562728
10.17964453145272
-4.652033400004317
5.323972168986559
-1.769940568687043
8.683030317308734
-4.85567236207288
3.849738444629058
9.976005568866331
-9.422430956312397
5.155470372070301
-1.346801860094094
1.21261683218336
-6.167337059088086
12.17134128605645
7.358608943736558
-4.82053519845067
8.705410804934482
3.314082429225119
-6.18855413148763
-7.547040428296753
7.206830638330035
2.791699372975193
-30.12444424954609
-5.215571025734091
37.02232333861975
-25.37678388530755
-6.981391634769705
-11.20319464198174
1.77465971894719
-7.30213742482599
8.518892958090703
1.453913930797784
-6.830161307935387
-0.615919308739535
6.863291248413875
-4.221803009061269
8.756051353788806
0.4719761181027599
-6.597673132698552
-10.01924014303487
6.670236119102194
-2.805230902687138
4.294365999580771
1.281466148749418
7.214009242188069
-2.375870121788266
9.366513590264153
-1.012289801278252
-9.671533983421648
7.018189634187066
5.932543088760158
12.01569191745873
-13.11821648100924
4.711975689853961
-7.379953891814536
10.95872445561827
-6.256304637688387
8.186527254170276
6.083148833570942
7.099596903206797
8.538480727925428
7.332793435672246
5.64651205229845
11.02203906405478
6.678946417975231
-4.992493623530443
5.656110246991281
11.52622925112768
5.375527013721062
-11.52182473905041
-6.386104313689311
25.96672879058823
6.346616581698129
-9.970549954551931
5.738262588303141
-7.064979025458057
6.861911845138115
-1.655601711888956
-10.96828032785889
3.47455156262366
11.88044606400899
-5.464645251571563
5.664187893354494
-10.1115664121278
-0.6284827395287376
7.797216190055789
9.800549760087874
12.35605671692786
4.928071301852823
9.483083674137934
-2.738521025879772
6.214242000407696
-2.841958710379776
-8.086097318863894
-7.069649251473829
7.479210560742564
-9.056200712164065
-4.501188335469365
3.924510608819235
-2.772197200450865
6.501507312736718
-4.812732344395276
5.143021015891779
-8.517513561486703
-3.86780052870661
5.503635080141515
-9.50263655965062
-3.063286960123239
3.892748208186694
10.9466767334772
5.720840036269008
8.405894503376262
9.273704511620105
-30.77881842795745
-13.17274825472263
36.7811184714402
-11.84379869403655
0.8678100071922892
7.307159605933427
-6.216258169316214
2.50615096540257
10.62763517463765
-0.09784951305398656
9.71367210589494
1.120323094329434
-7.011120377543122
-6.776787765383942
4.649713037239419
-3.554699955417929
9.371435613718754
-8.204412998705321
-3.64557246975916
2.692497369788084
6.439349599298525
-1.358486296818969
-10.72548468960816
0.4033484504843126
9.125757579827125
6.706815582695224
-0.9139630667099751
11.12883314258462
-6.678938248876172
4.555012379187078
-7.666592332075458
-5.244138608108034
8.425698940849635
2.422453726098472
4.558840531557751
-4.801008639973189
4.648782487796701
8.784126996104696
8.722409131834983
-2.418941994727573
9.70592738960587
9.449791126890561
-13.9929859753567
-9.325287421172769
-1.671870534841017
-8.085476640265728
0.347180989675658
7.15145839304544
9.176377698028293
-16.332097884303
33.34209448239858
2.851411014005564
-13.16688750034029
-20.64359163418397
-7.620778646687084
12.12486938334484
1.588806452800508
10.02146408359283
-10.8762543375803
-4.311493749881447
-8.593349009127458
3.302075759167081
9.209585097490088
11.47270069270054
5.04745641585315
16.05477660685768
-2.348323956076615
11.89542476585614
-8.131443470800271
-0.1009640327122856
4.582075914157747
11.22468752174711
8.206536956750663
4.600608408363345
9.268306959547967
11.00732019673257
-7.395780379034979
4.667698552684421
5.907509336037349
-11.99638879450315
-8.282576405925436
0.5407525232122716
15.88465337730054
14.60300833988675
-2.998095592372391
7.674570582615194
1.739013239909589
7.653416888379309
-4.314931450713966
-3.980647928978313
-9.206484626127294
7.312400195572024
7.748505608189959
8.605468601861272
5.914403643975864
3.624461043975732
11.19888445860642
-3.018150566379621
9.420391003768804
10.81281300400754
8.823328928502182
5.284480815180857
-0.2561362632977485
11.96999125063447
-2.103405298762961
8.77076141988374
6.725791408996511
9.955753360260839
10.33873980208229
-10.9126098657546
-1.469693283063814
6.36180875793799
12.90494719432931
-9.285621813122631
2.161038087062583
-5.759829877665919
-1.205687291408704
9.442916581252961
1.626988054069434
10.6486038714424
5.870119005411622
7.831502040859588
1.961383034519734
10.14232736842188
6.557881727376952
-6.150702235921163
-11.20722770245873
-3.026283367613516
9.706437529543939
4.903080300950956
14.5840246593864
6.543138436136141
8.180944334621319
16.11030800381833
-10.74390910738155
9.567169567758933
1.267005401637807
24.3873783437554
3.525791937110328
1.551274784516675
-11.15730917694548
-15.50040181596119
-8.65924418850866
-6.103737239966764
8.030479437015394
0.2343326078176035
2.55550695490679
6.338069842158694
9.026897682884341
4.135344508297307
-3.199229830421614
-5.244199841873369
8.698401721741517
8.864207228267114
12.43854157256887
7.574423415207767
8.432657630367039
8.829196707979234
-8.74189192448582
-5.236155226508518
-1.687963397989976
9.60508472708648
11.60857877243892
6.774759283047866
-19.29370508012952
-4.473496304479941
11.9248599155476
30.0386375935393
9.877424730348274
-9.61276072161305
12.73272089627264
-3.584445640925255
-19.62011221028028
4.74766036602381
-14.74252508194014
4.877587129531484
-12.7085839630248
-7.844988633834886
-5.820069329491369
8.122532233476521
6.217267183500393
-4.891553175041867
12.0634370583594
3.505736698727147
-4.415131266165297
7.053928525657591
-7.92086796462568
12.01091450904732
14.82020877574194
9.68094435850378
2.02491930469351
14.0622558169593
13.94260156318189
-23.0472726168099
-11.31954516305427
17.89794627358123
-6.310173214356714
20.79888040641738
-1.281645037839122
17.43355442848305
-8.210082794259403
1.415255913193544
11.7277274540025
-1.905265049600446
0.1658055060828967
16.73709940308557
-13.63299250350719
29.21749143653596
5.082206963144563
18.71519946654841
-6.355398996625266
-30.49068346940012
11.25067117661042
-24.1352844734541
17.60607017323511
2.900934132830155
18.93501973410148
-16.01829851500936
4.475410668112143
-4.835501125925131
-9.310911794912688
7.167098854880337
2.076635121082297
1.016448067765759
-4.343092644233989
-4.864118156656208
5.808548018368666
1.392422000572485
7.9571825893377
10.67266617478664
9.625338706951313
2.148634571113417
-7.476704134840878
6.564760588190881
-5.225836697178681
11.29304812481358
-20.32639055019182
-18.32289650490531
-4.283666984516244
18.74598346049293
7.698127550411617
32.56299028115005
2.003494045873198
16.042723565541
1.293068406335139
-4.833819488982016
18.28655345375758
26.02102405562797
-23.78638062232345
-8.179762470222173
14.84988797538944
-7.21508672570157
17.24562857362072
-22.9294176285242
36.72447493852222
16.57129389662605
0.8569629936152517
23.12037294233037
30.6424564380942
16.39835622040787
7.734470603250784
23.02965044514075
-14.74965515875781
-40.07385283483202
-38.16798771750636
44.04566597380894
-14.43135838423647
11.83520496814699
13.81700682094123
29.25132397711506
21.87458696327662
-48.62491716528091
-29.85399463036427
1.905865118626447
24.46071529932621
27.10905362084946
2.648338321529048
19.4788463652577
37.45334645780645
-14.24410021759276
-22.90798583498641
1.956876894870351
15.29347583225948
25.51320079691326
-43.38365296217881
-43.17845338229563
47.50092198684976
-0.2360647451991844
-41.53042188328152
18.11377767805219
29.53757604955559
-24.15857249250724
-31.53530950748227
35.35364210577333
-13.56080941493472
18.19905033502593
41.93567967054639
16.03408560145157
34.8050081364491
18.77092253519911
24.86486273085621
42.23789436434626
11.4237983714239
-20.16121286135822
15.43431715636764
25.22782718029166
23.55632390304244
-18.71766817457675
31.0010363996755
43.14758821869824
1.853231078735191
-20.38917145211014
-7.376737014573596
9.793510023730629
59.51221459787867
17.97450009264631
49.71870457448403
-1.671503277437824
6.582037564992883
12.14655181925512
44.05342079286989
32.84860091941189
31.75985974989463
23.73662933439539
-21.0056411340427
-32.21046100721318
28.63897293190599
26.26656335287798
-30.81409599445123
1.648031500144409
32.46212749502681
10.21972496437682
-47.73698673304687
-15.83011776068373
31.12506020149829
31.90686897336032
-19.49018544996285
-22.24240253094046
-11.20481987331428
46.95517796218164
49.64461406579146
2.689436103451935
