21.81086661186185
-11.48851532485124
4.121554411205993
-3.293640613308451
1.965795124829899
18.91050816385253
-22.49337145215321
1.364595747122153
6.311305335523432
4.587522515509079
5.712371532905607
-7.141234651919083
-24.69878528969373
21.44775181536909
-3.33255522992576
21.1494604224413
16.07191739093281
20.84629818960206
-21.51881958822712
-5.156746404360532
13.04848899288152
-13.23952305337836
74.79823828762245
56.96599893460876
73.86059183323781
-31.61663695358965
-27.82092352831417
-7.822504205079028
33.95605518229362
31.27148726762655
7.855608948990093
-7.361529510869942
18.18411092819458
21.816606945937
-20.44376506053877
-21.43578952833803
-5.958066557666973
-4.479209498935337
15.76697032254457
20.94211813164004
21.14330452131072
-13.08737634760584
5.267433489173919
-9.454880321689705
15.83144314449937
-18.37011407352061
-29.05184528723111
-8.67072649597994
15.76138999028294
5.422179483950635
16.8617245722551
24.00406036068182
10.37856893628811
-5.077543031506896
8.786921900668125
-13.62549142455548
-15.21713846001374
10.32850197935837
10.1668021309771
-15.45611199563912
-10.6817312214871
23.79229355724172
-1.368438290225533
19.01268049393598
20.18461575532297
4.749412230949839
-15.89909514235032
-21.05947449893365
4.774380801995989
20.38111878984591
-19.69103619333094
-26.00304459417489
-15.87587103697382
4.064009014469613
19.57776074420278
-5.311861344394038
15.22872776225152
24.43211648443847
1.17193526528452
13.0654461278424
-14.21965593173706
-14.38135578434349
4.135153925790622
-2.941810697382514
24.07503396789652
14.18165607526546
-0.1616998500904722
18.35480985592161
-0.9920244687627887
-11.36667035477143
15.96455556347302
1.10033458326543
-14.12889295050733
1.491374002193511
-16.22301712991556
6.785867142973886
18.3174712010025
14.04661967673362
11.43954508784084
22.26815673868834
12.63350311063493
11.89351086014486
-15.43520352307466
-2.613991135663813
-9.63465362568215
-10.37464588227614
15.47772296914043
1.747470716912063
25.11237659297943
-16.58026492156709
14.90077901559401
-15.24749424325809
23.17867949542801
13.36375949769256
10.34557056087721
-14.61637564203198
-28.19879750513766
-16.1618290911569
-6.371333606593792
-2.378953635894475
-16.58293118232173
15.35370327309647
18.53580645843129
-18.32773563748924
13.15330829710189
-14.82319851628704
-2.783785082293803
10.25300033357913
-10.21159757584114
21.72503687976984
28.46403095623563
10.74963982297137
-17.29730692437953
-4.260521507628314
-10.24295421186985
9.508851351546049
-18.70020826530232
-16.46044019304887
1.332770677975367
3.504537121011513
7.211766557993651
2.239768072017942
20.03297894319324
-19.47812813010742
-13.43674081594721
27.94515728765527
21.02173185116707
27.29972118739995
-11.01797404668821
3.474296952662255
27.22749086380867
10.59296441786085
22.52980892554724
-23.13130505149395
-4.728925523581657
-14.20397754631392
-2.094124179066512
-17.104285509374
20.9147600947218
12.82121238476674
-20.64850737230057
-2.900307963446068
-17.71439113245076
-18.95517960520104
-6.206996492555863
12.55524567584119
14.26618405472079
27.97112934394124
-15.01016133012873
7.615569521497674
19.65498295229985
8.418610784587955
-9.319427245664841
-15.0081249876933
19.96497731051758
-21.7178962026308
-2.658717198589672
12.0394134338024
-22.62369450967568
-11.23637216843199
13.03678541631216
7.054352712874595
-23.60898054960582
-0.5306565597376953
18.39914404808061
16.38174545630516
21.99404090725526
18.29072488147661
2.923531894269912
-17.73803802954637
-11.48533156451391
-24.66588276139363
19.75180556443221
9.799467769570839
-15.36719298716741
-9.952337796516943
12.74818311465015
0.3419032913863666
13.08773695734717
19.95531750298088
-12.73992757801415
-17.6156145036117
1.314186120598121
-16.60316518202046
-9.735584640960528
-6.648477925060357
11.57379489709372
13.82470262597011
28.50872903051287
12.74583366211953
22.7005209149266
-25.16666075669863
-13.08183086560684
6.867580542693767
9.954687255946203
21.28623301674657
24.01649358970554
-14.556821394176
17.65442688747831
0.8819692925232842
23.07832402026483
6.157999633750713
-10.4765267986847
-18.64113138564347
21.30937953973767
21.2329445678445
-2.885420379667383
20.47318054905681
12.08482989714157
-9.71118149169974
-14.40886346022202
-4.875686921804062
-21.79601137951869
-16.92032441691012
18.92980061595557
-21.32013003580849
-5.688697741543468
-21.94510440239838
-6.927844728791089
-3.427746707255328
15.6314322951194
-13.24266669814985
-20.81853811023186
-0.6249743700416225
-16.63452643243529
-4.697681953391938
-13.18055119831798
-27.25873445776208
19.93988004408475
-17.88559460159566
-5.732970921317783
-15.62634881243293
17.68846661805725
7.535733026739684
17.84393184163177
-22.53769374820298
-15.33738394014557
25.50702165138719
3.519765849239394
-19.68641689145568
-14.86422098186983
2.259245790201962
25.42132763047736
3.270787608376027
-29.64104544505184
2.885545477093947
19.11853033512909
-20.36118413972947
-2.017398595050522
15.75571100923669
5.612295454959421
17.77310960756225
12.16081414902961
-26.2880120462598
6.041387310786839
19.05917900322883
-9.814919992209143
-12.83310893568007
20.91103555041398
2.0365393080677
-0.6454360977820526
-24.47086033546509
-5.160379362251106
-18.8744962475959
-21.55647164051174
22.67408159158405
6.277989335526633
16.36207318407886
-16.3960922722626
-6.312008402116974
-7.575871411592165
-27.98013514099371
-3.631806128592335
20.19356374345175
-20.40426372989162
-26.50739965141892
-6.362066703562163
17.46330314841388
18.40237953439349
15.43879068669861
1.856368822995232
-1.723782798915173
23.82536987136787
15.0172596731318
0.9390763924605041
-14.07818327157123
-13.58242186402448
17.12346677292508
-21.09827335486803
-4.163339217208291
11.95951877038736
65.0347624033715
20.73862965717099
-3.580151624241485
-2.455302584743944
12.03696841561577
1.124849038495721
14.49227099982333
16.93493413563092
-0.0764349731225453
41.83690301510128
9.676253664603612
25.28632343377147
15.51375172337582
-9.893377891873156
23.4214375424426
-17.68931220065551
2.851276872755505
18.85714979638849
7.907685811716183
-4.349032967318145
15.6100697526127
-21.98725582112209
-13.79710032586066
3.795713425274982
20.54058911102539
-10.94946399501182
8.19015550431962
-17.35441321760137
1.78520631998471
19.37802011059543
20.32386458188606
-5.323006303496951
-17.1989479884223
19.13961952918933
0.1554652279462159
17.59281376019371
0.9458444655713842
19.99841933314354
-41.5355072007618
64.03042243027272
-38.97051075442097
-21.41325749254286
13.72261089339191
-12.79587471024101
-22.87945946157678
-0.9906279579819303
19.40411305646147
-23.81726447384671
34.75317900606842
19.05257486920129
32.19998776701255
-25.6468708844074
-11.02138976435656
41.77855939043192
13.14741289722475
-21.29922610135247
-4.210030949266974
21.62334833431528
6.060062203918688
20.68554332367686
-16.12407829523332
3.182103186628666
17.08919514985288
5.175147808050305
-19.0022194212076
-5.095127460884516
20.73825181887094
26.81171205942492
10.60533006266195
-7.470615359810887
13.90709196193039
11.53160406078539
25.83337928042973
21.8888315016501
6.073460241900298
-0.9378050107750989
-19.9744339692819
8.455268793344613
37.0882819928348
32.8108196251663
-10.66580403751254
-26.13102338733195
-18.38230403731777
-34.19767529638626
-6.57274325861226
13.52878462693141
17.36150292666074
24.85057641091047
-15.81537126025567
35.74380696392633
27.62493203777747
-16.20638199662545
0.4014279591564653
-27.22350407809267
-4.672852381029412
20.10152788554731
13.94493846501625
3.698025943223489
20.30583589822586
-14.37791947994988
-18.6487710041036
-3.232887337076955
17.30711428253377
16.60780995564408
-18.07594542254376
22.55065169828488
-2.998721617967532
-4.270851523948929
15.41588366658468
-37.67954699977742
-9.664642372070888
43.26279653354524
-1.160944390852848
27.47378557794141
-20.97128371542594
-7.266338423606409
-6.287257315926394
13.27366319584172
20.87332565116273
13.70494529200238
14.68402640293161
-25.54937331747346
-17.94971086251598
18.56889174930973
18.61779084526691
20.54000161956408
27.16058296799146
16.12285798596015
7.599662455669703
28.01490462656301
-11.03772498411241
36.51860261037532
-39.05262960839158
37.13842794944001
46.93444707673651
14.02261402218833
53.07524363090673
-28.63114649677918
2.564996446340026
31.19614294774016
15.34906594935818
14.62548111990453
-22.18414050105592
-11.87594168447364
10.30819881703417
28.4297027642392
-6.156589420072829
11.32179178417371
-15.81517381792428
21.33073925210939
60.87830127090612
-7.007828021435574
-40.41215829101326
28.12804036862507
-32.92308480205378
28.63301320187636
37.14591306865378
-17.1079109824144
-47.62425871347854
-39.11135884868638
0.4362031703464772
-1.764755438367231
10.05426670634252
21.80243323896646
8.512899865397884
-4.27746236583249
45.85950327510395
39.54756201916967
-17.55755063779059
-50.30781153688023
-32.75026090188426
21.36623006419411
-9.775031277623517
-28.00629121151758
-18.95952099846222
3.947228363683577
17.69360740662083
24.59107925094863
-26.74212021660579
23.39484542303215
-70.218743878602
-41.30912139182033
-0.3570699143033443
20.86176988249919
50.13696563999089
-43.47662366234957
-2.53307553665065
11.8190221442435
21.95677566334566
12.48520554880893
28.90962248840439
-15.51411844135126
-15.465219348022
-44.4237409272037
-15.7890109538521
40.95205147739983
37.04428572772566
0.04889909528137318
-14.32349418934217
-18.23125993754538
6.895345605805574
24.26363751983644
27.46863868493607
52.83329667990584
9.796019127837875
39.91620580416588
-3.907765749660169
21.21883979660447
-12.91709087442394
9.046770212779167
30.12018667578672
-32.91183305393916
15.84774272541503
-3.521467551700614
3.090073850448195
-17.79391150265254
29.78499351840864
18.44239353080381
-14.27244395145658
21.96386108498647
6.380750917632762
-12.38346267965538
-15.11279619110143
13.84078831557335
5.531054694099255
-21.22318757747232
-3.307591994120748
22.63885964750794
-17.96918336459598
-25.49575879909738
-44.29613274905434
9.279861303801463
-30.04038264675965
27.98196707159111
4.735237455123298
-27.7431818991681
-2.24451568831092
23.12999851700539
-18.80037395209431
34.77562010137781
2.297200748428963
-30.95075340516269
-24.118364948674
41.91333798979574
-18.37396631445043
29.7629585410267
-38.4488261952102
5.744398635593195
-12.15037945093017
33.23266419288335
-1.671281600456943
-20.31937800565029
25.4738828119525
44.1932248307197
87.10011488743496
-37.11697021215306
12.3310472754104
-20.88398535259581
26.69491966884209
-17.30073361623619
20.23187678545206
42.90689005751089
48.13692485635534
17.3682919161368
15.01828108296488
10.1377535210881
19.72658591995618
11.74816653375705
-9.471570111660228
10.69714109413279
21.20523554509161
9.588832395094144
-22.51045750673961
-10.09741068935712
20.50478485801424
4.724189178163416
-18.4172769425638
16.23298485879635
-23.24672961596283
19.81623659684491
-4.851968555756446
-29.63178089238319
7.900829509804141
26.66252780951344
-13.32920354160939
12.77127143630941
-49.03762822682931
-3.060724555220097
30.17649228906705
38.90344776958725
45.55544916716982
25.39691555754035
45.97690367227352
-17.83223935367344
25.49866621169426
-12.14342693831732
-38.47798895227079
-33.24795415370706
25.37451420621723
-37.6420931496407
-17.06210503092739
16.17511181817147
-6.463042882971582
14.29348288250182
-11.34259999033286
11.5641493708938
-24.66820515364246
-11.91203815200456
16.30257735146336
-18.76421359427253
-6.022133142271534
7.460037395465187
20.77751891906793
10.9354466464471
18.76169829998627
20.75652576389669
-22.87487861225823
-9.542517549100904
20.4252572271608
-8.629676386495728
1.994827463440449
14.73690791537032
-13.89125637321204
5.005324467138482
23.91196541832171
-1.14124000421019
21.87049839473835
3.273334257826099
-23.93637302155689
-22.24015000514257
12.75616700267864
-9.199402388740104
28.2146155050415
-21.95556939215314
-6.576612513970804
7.115705506241418
12.74208045186082
-2.729333510848483
-25.05320542167713
1.04726955766738
19.94385039734505
14.79882555086536
-2.041467024467921
26.10047497940213
-21.09891000191443
20.57998811841239
-43.22915491202713
-26.33456201394786
33.23721684760388
16.89459289797104
15.37895687933911
-9.731583448300757
9.017755754753457
16.95757978769801
18.89658083973557
-5.145024846292618
19.20870542016901
18.74933920285973
-28.80638813232888
-19.85731385581483
-3.429030126168793
-16.28913389401325
0.7754491400235378
14.49146156863807
18.12984615007528
-20.00991329144105
17.79893838361103
1.078476346189498
-15.25987033489014
-25.19705521107462
-16.84029257481647
24.35373026600679
2.998310400178964
20.06289343399849
-17.54591241346924
-5.187141919633803
-18.59716413662193
7.321348734539774
19.83860297361618
17.25303074137073
8.881680545760377
29.88200163000022
-7.758781380930725
25.91851287087142
-27.2097072794955
-0.06454286712023316
12.62897088862982
27.01980581605304
20.59259646115155
9.342593780552841
18.29166805821626
21.00032108448036
-16.64046193957688
8.949074277088734
12.51725423918577
-25.98305573301529
-17.06200756858743
0.8584841229968868
28.6612369304206
26.7370018070103
-5.594957123143463
14.29649144434943
2.708653026361857
16.42828372904931
-8.043307417474249
-7.486987704764834
-17.32905997726805
13.27487497951733
14.32128677071279
15.52528883106807
13.71963070180085
7.963625576892122
25.18668114092819
-6.427209359271951
20.97951207763792
23.85796719601422
17.9204916943335
11.46705044112462
-0.4593662177755921
22.84460104938609
-4.290836831552982
16.76621037214485
13.06356017786403
22.90674936046695
20.64385088670717
-20.78472794727407
-2.966027581415831
11.75458458822985
23.73169035271687
-17.57972677930708
4.113243312608048
-10.68225493340587
-2.350010835874876
17.81870036661915
3.205001167205731
20.16871120375942
10.50809444764981
14.72061217084875
4.21251772099322
17.59853145014343
9.278665169675378
-11.61640314547488
-16.36869212643578
-2.982678377573814
11.83892157056926
7.1212805302772
16.22225073683625
11.9771057640893
13.38601373044738
23.48997266585199
-19.61844704080879
11.51286690713395
2.495146831720314
24.66041397445024
6.897471845019697
4.093180584748267
-16.80188767053612
-24.7803070456629
-18.64809640529569
-11.99609500606276
27.14516441248733
1.696223016821273
6.652001399334872
13.69231802136875
17.22557658972445
7.939824032270662
-6.078390676997189
-9.781040871893877
16.0105037729297
16.28620351092754
27.40672146673877
17.22305556213005
17.06458303392843
17.35439700906684
-16.36101342210192
-9.875248802682318
-3.043531894226002
17.7183307895758
20.87346029903496
12.2383450747588
-15.89174693631758
-2.744199876033791
8.993813107652505
22.52208546445748
7.860494086190936
-6.79077671365762
14.82159990783181
-8.319866282170363
-15.78059569080856
3.254004216300452
-11.3972665483098
4.383329151361351
-20.89506829542642
-14.45663858071286
-10.81825399174663
14.973290656688
11.42187909862987
-9.285752558963141
22.36459418768047
6.485764620646562
-8.309733622980541
13.31748152521248
-14.79549824433061
22.11359387411837
13.14754706415569
9.100970212083004
3.638384583749004
25.87851768347877
25.79154464530145
-20.54552618656263
-9.448609741606347
10.25703405757182
-5.088515654189132
12.61855805826346
-1.924235119090939
17.44022919161586
-14.36474549039051
1.101882465586357
11.09691645252034
-3.551411562194198
0.2756997383831504
15.45701052450881
-14.64832800478391
19.70564379427016
4.716136331759408
19.36446432312724
-1.730954645404536
-16.72046205094034
11.60140639203429
-14.98950743607681
13.33236106315739
2.361523987529361
14.24520227593956
-16.33834671295464
17.55725326615881
-15.84707700300254
-33.40433027019607
35.13586838799778
7.489073486604663
5.230034798569334
-7.97841938991644
-10.18366591719952
9.707782656185906
2.878455140032852
15.2372256898756
19.89144856842104
15.46662796084281
5.52944301276303
-9.937184912132174
12.35877051865037
-9.842072272562021
20.76186268404207
-19.33416891461511
-16.17903939824275
-4.184381304709945
11.96106007197049
2.883070950365713
20.34130954114046
3.15512951358281
15.14978761270825
2.250413850557553
-8.635115223395042
13.53015192225158
19.06211034744596
-20.69754197247505
-6.594166134280927
9.551275251709722
-5.516231198326027
10.6306959825143
-19.49353990150129
23.4245436601686
15.18131078162613
1.204002063619478
22.16526714476559
21.74927171146953
11.73801298514476
5.53195842443846
16.14544138036229
-12.89937376375229
-21.44213630230209
-21.31903117617027
40.45663679447711
-8.394148669042634
5.623929782001692
8.380249473019855
19.45211346545759
13.87326840831159
-29.05493361986851
-18.10611290309296
0.1231051336422544
16.14692718831741
17.70707369830426
1.560146499022442
12.79384768774381
24.39264557392331
-10.01125872426154
-16.21731328661291
1.240925301406429
10.65197761993945
16.22765165673308
-22.78991977513067
-22.40786625935696
31.47855039425961
-0.1218274636787074
-21.74143167734387
13.52827236176179
20.66323634017949
-12.92776291125019
-18.50660797614131
19.81645552632284
-6.907810085644474
11.32140799408373
24.24629052600476
11.88367833858704
22.83249906697101
10.94882072541318
17.4582385900379
25.94645164189865
7.134963976113018
-14.66159137389912
11.0718639923833
16.81716825583138
14.98672635734519
-11.02331824810928
15.97559592726902
22.66809233122644
1.048488095201803
-12.85376014431308
-5.578845059160305
5.745304263502854
32.74421843184214
11.59879789161503
26.99891417503344
-1.83044189836004
4.429835009543505
6.692496403612813
25.3212165303369
18.44791347036742
18.2292180657167
12.92488251952431
-27.95940395418861
-34.83270701304038
29.08328711549905
14.01807845128859
-18.81148767811138
0.6664345846911928
19.47792226402311
5.575674034383814
-31.60037786580155
-12.97165774650361
38.81159758515906
18.62872012716108
-14.65127078222945
-13.90224823735837
-6.873303059410352
51.78325533166323
57.04269106974471
5.259435738135664
