21.8166872710623
-11.49065700224068
4.122310641874465
-3.302520187823941
1.974674699345579
18.90746724672789
-22.49124809727898
1.364376713600447
6.313119144417328
4.588805414517777
5.713927466205777
-7.218461089498195
-24.69590027680287
21.44597171454365
-3.331854257898677
21.15131163426491
16.07253550916369
20.84772861624461
-21.51860828511494
-5.157962291554427
12.45919479891515
-13.28462940788683
74.33503641781346
56.59145227367921
73.39261455767954
-31.65908902689909
-27.85854054741968
-7.83461551692883
34.3035878431326
31.28117180918923
7.856947008363681
-7.360495443606179
18.18848989569742
21.82529269387356
-20.44952406841962
-21.44184895820261
-5.959998916262191
-4.480490228783919
15.77195263112517
20.94909086700741
21.1473345887661
-13.09268191751031
5.267861200786455
-9.455879115315909
15.8345060028255
-18.37153147340588
-29.05403706011441
-8.671738971154525
15.76450299367463
5.422498299231441
16.86531888614163
24.00312933841498
10.37892254651249
-5.078776125128591
8.785686886356812
-13.62420679200629
-15.21744245205825
10.33154288742217
10.16982298034052
-15.45769868526285
-10.68250559030292
23.79402977275655
-1.368367906173385
19.01393017982773
20.18614622142185
4.74990799507344
-15.90108578372599
-21.06159820488822
4.775193108581509
20.38229808856241
-19.69323029132618
-26.00569090790582
-15.87947339053496
4.065310054045105
19.5850896991204
-5.312828569960517
15.23379138978004
24.43624196309016
1.17221604377509
13.06770217429049
-14.22397195007472
-14.3856918584033
4.13657117869477
-2.942871270904292
24.08135461821771
14.18534041437191
-0.1617199074914425
18.36054312772806
-0.9923248914569704
-11.36853978706026
15.96903384210447
1.100815892453773
-14.13355709744661
1.49187298989387
-16.22834026492805
6.788127487095697
18.32504882973605
14.05249747020881
11.44282058735249
22.27170101902203
12.63506065869526
11.89548612931574
-15.43623822580096
-2.614083244233528
-9.636640358645872
-10.37621489265485
15.48185003984435
1.747758171814942
25.11849039647144
-16.58199066434023
14.90421256993054
-15.24914390124338
23.18031135706535
13.3647313812457
10.34766869306596
-14.61765083803427
-28.20175507090106
-16.16598325027481
-6.373251738990088
-2.379692857547877
-16.58752956269404
15.35869980685295
18.54199172856741
-18.32974883560101
13.15645439681159
-14.82483580423847
-2.784145776992862
10.25523529990662
-10.21427782459813
21.73195154640008
28.47313708376301
10.75292382851265
-17.30072987966764
-4.261348802821047
-10.24523688861274
9.511444599721818
-18.70173442885218
-16.46173562213298
1.332846762347659
3.504913031269016
7.212426210717262
2.239998806635688
20.03458119117062
-19.47960019250018
-13.43856756717541
27.9508550971827
21.02695439341242
27.30530541751739
-11.01886741737402
3.473246220994029
27.23055026068307
10.59400761614688
22.5321977370163
-23.13274587326725
-4.729116198943508
-14.20783670425176
-2.094783167610451
-17.10905579988076
20.92168458610976
12.82215498036155
-20.65099377754812
-2.901219096497584
-17.72021325469277
-18.96169248437917
-6.208874520266486
12.56062448178746
14.27224035594399
27.98368040425392
-15.01427263140918
7.616205839490882
19.65689586469799
8.419433964307052
-9.320192279320569
-15.00938334735951
19.96664865141273
-21.71959899865307
-2.65894053372255
12.04069002715184
-22.62558918625981
-11.23746190120721
13.03938107687308
7.055492990994736
-23.61065260675866
-0.5308794326410405
18.40197149383339
16.38410327475852
21.99778904275299
18.29295489230186
2.923871813184321
-17.73962624325564
-11.48620145507493
-24.66807591976014
19.75668148865935
9.801006656599856
-15.36908307895627
-9.955674833174228
12.75281796556355
0.3420447932485468
13.0924264984235
19.96198316258848
-12.74191652831664
-17.61816932489614
1.314681610152985
-16.60923884126239
-9.739682181021466
-6.651127740173662
11.58107160516872
13.82998713991378
28.52137525070685
12.75038170309883
22.70849280121368
-25.17008973539468
-13.08396132004209
6.869556661731214
9.958111100299924
21.28792293618622
24.01833816708432
-14.55920909269092
17.65583648085988
0.8820452995326743
23.0797731888801
6.158176875015432
-10.47836576294834
-18.64730155407197
21.32075378798728
21.25344708965876
-2.886732128330926
20.48111487802449
12.08612841862555
-9.711720729848986
-14.4100732684721
-4.876252795056578
-21.7978491434932
-16.92159632862677
18.9328509304965
-21.32185261256365
-5.689191068629256
-21.94691529433662
-6.928449674962932
-3.427996919101281
15.63266154461949
-13.24357689067105
-20.82008147111913
-0.6250626835334978
-16.63654263796361
-4.698352531144937
-13.1818744648981
-27.26131394021188
19.94478344099488
-17.89109990441013
-5.73509197149945
-15.63110617328773
17.69588456957803
7.538481189989385
17.85152216840313
-22.54857534684079
-15.34503374596298
25.52287610806446
3.52146617216436
-19.69633204036784
-14.8682179514252
2.259993732256093
25.42958109597899
3.371584152937657
-30.02623311086215
2.87136270297461
19.12641249256898
-20.64416562110146
-2.017868220574806
15.76056942737727
5.61368576992093
17.77843764945212
12.16475187772592
-25.74382420680199
6.041032624502544
19.06065846440568
-9.815579972989541
-12.83264266487559
20.90971834983935
2.036043062466131
-0.6455496784749274
-24.47760887645537
-5.160512423917115
-18.8736752902542
-21.55526802448849
22.67310661339042
6.278351023789909
16.36064599366741
-16.3947555975468
-6.312460617201198
-7.576504580388495
-27.98238221985463
-3.632086454984181
20.19501878896483
-20.40587763952585
-26.51365194293248
-6.362501686826787
17.46460354726289
18.4036296774366
15.44125439222325
1.857150159103204
-1.72431371970617
23.82710524360669
15.01846561913074
0.9390261332864712
-14.07943948134556
-13.58410423328689
17.12821168490644
-21.10596241386369
-4.165658763939827
11.98619641842833
65.4471381219998
20.86853928438005
-3.581463879946046
-2.456341817564223
12.03577182136813
1.125122061881235
14.49211363863503
16.94030364785101
-0.06730669962504975
41.97450170135029
9.677417441853777
25.29038510216108
15.51977964225131
-9.896014202817035
23.43097654259155
-17.69437662918757
2.85224331420985
18.86649992158552
7.911196896741181
-4.35129830214151
15.61296765221135
-22.00140994511321
-13.8064915957493
3.800548479479022
20.54661996175152
-10.95530303005591
8.194918353764859
-17.36371995485517
1.78650144781594
19.39354154237567
20.33893361364466
-5.326108557139348
-17.2080823525259
19.15022139835099
0.155637601446919
17.60704007962918
0.9453920685411464
20.023925035243
-42.00732313593019
63.84886413989101
-39.40031942288884
-21.62633351339683
13.65322366074676
-12.81492530406994
-22.90644096997947
-0.9969722915157755
19.49018908286083
-23.8448813492248
34.99169903466588
19.07853296756863
32.30511438729556
-25.66504216964733
-11.02995604634192
42.13820336151002
13.22658141936302
-21.30898903426511
-4.21208750729553
21.63669047156356
6.063163971848298
20.69825009386348
-16.13185080061672
3.183291923330992
17.0969015248724
5.17713823533424
-19.01121048469541
-5.09760088614178
20.75117708972583
26.82902093717423
10.61120964468231
-7.474289139399188
13.91360959992488
11.53692134495809
25.84877797650885
21.90946867659247
6.077843848720066
-0.9384403778473078
-20.17946735762188
8.608867986339243
37.36189361735226
31.36836756851999
-10.37941802614647
-26.37367001432729
-18.50469075483494
-34.33631558202401
-6.592418278805947
13.62579398354201
17.48398057123626
25.05774265795876
-15.83162482833266
35.98867132602126
27.74389730325738
-16.21781129240858
0.4034142005280105
-27.34048310224694
-4.69450461385001
20.21821226238725
14.02400960326688
3.700362212156469
20.32158770444583
-14.38513657282113
-18.65768793257952
-3.234632011402094
17.32080218074977
16.62122549285286
-18.08549878423239
22.64597848965711
-3.000785526029733
-4.272551359443751
15.42305592084326
-38.94637364637494
-9.82030112638785
43.38122920472822
-2.344612007900775
28.92544060204505
-20.9821320625212
-7.270692011519706
-6.290743956894528
13.28474218063965
20.89892175735118
13.71144005113798
14.69138810911172
-25.64676401694663
-18.0325844406857
18.56917720061189
18.71851421637184
20.5554341922204
27.18966571519234
16.15185518068843
7.614179577010295
29.12607251888172
-11.03781053662956
36.60176163988611
-40.16388305326939
38.74574172789665
46.69487591265399
13.29705864781103
53.46094170144998
-28.91162194398005
2.607003713040779
31.51862565934285
15.50150995165409
14.63508612266038
-22.19501477350818
-11.88197379445082
10.3130409799933
28.78833534553973
-6.194202658696025
11.43194867464284
-15.94566982950579
21.35366671624676
60.91304149559392
-7.084716974258118
-40.87581859575887
28.19484020219156
-33.30205650425891
28.75302563337502
37.29933654440062
-17.35638667321434
-47.66888987317099
-39.12257896405566
0.4367958155375293
-1.763636687963672
10.05407824994991
21.80084183895525
8.546310909673464
-5.993526047018384
45.9052531852205
39.55937477971481
-17.47743918732071
-50.1956404791436
-32.71820129317161
21.36404602116105
-9.773228424858594
-27.9757399685282
-18.93535520227428
3.946258134627305
17.68901126475022
24.58505307734198
-28.71497959247647
23.18379963851275
-70.46276518651962
-40.8805129698741
-0.4747668353809582
20.65223596046297
51.89877923131517
-41.7477855943697
-2.531563674190923
11.81771493759284
21.95484810471066
12.48485473321896
29.58225221829989
-16.14358899961774
-15.99425198641741
-45.72584121539839
-14.45578860096469
40.40574613440788
36.43895333439703
0.1493370151199301
-14.23571874847407
-18.20251154706611
6.891284045765528
24.25764947314622
27.46223969036644
50.89474193372258
7.949134185265319
37.99225517611664
-3.966792800027213
21.12700279567459
-12.90248675632248
9.040384766059063
30.04312099034355
-33.39781726427216
15.75482833825837
-3.528508990774224
3.093254716411615
-17.81680164350681
29.74932701880877
18.41436252697785
-14.28829265320387
21.94287152019757
6.37936905180367
-12.3814176861462
-15.10862922207075
13.83845075049294
5.530165718519259
-21.22261306627477
-3.307537212779877
22.63813664091981
-17.96848271242191
-25.70484139167317
-44.57859884051791
9.382067488280423
-30.29199084790122
28.3104463549163
4.794918031117031
-27.98262532208749
-2.28138107755493
23.41591194139125
-18.87375745102943
35.08690887847321
2.309365526694365
-31.05698012425146
-24.1401792191965
42.04180840259168
-18.07398839175887
29.85858573375855
-37.90857608446939
6.066190828855048
-12.1832226710376
33.20770407064899
-1.668225782772756
-20.49117338827319
25.45954484413287
43.97476691328988
86.67724396615057
-37.16510615063496
12.31827817497927
-20.91005635944689
26.6560723033351
-17.29977399364321
20.2046989784591
42.70247705347535
47.932574126442
17.36636542937856
15.01641840510535
10.13713316872798
19.72458417815739
11.74676358977891
-9.469993368892222
10.69570392024401
21.20240554433907
9.587451008044907
-22.5082873380417
-10.09674171548667
20.50318658869715
4.724049099112994
-18.41567344683693
16.25504979039137
-23.51552832325449
19.8653321579404
-4.894534414740413
-29.61805216944855
7.886420803226924
26.61810923866386
-13.31484706043219
12.75081483055997
-49.18821961414214
-3.06871179994796
30.4889860615774
39.32196072641816
46.03288684980804
25.42085660614723
46.1195078144649
-17.74358414443561
25.70124424541303
-12.23316425662808
-38.59644272391974
-33.3663456511073
25.69729301988213
-37.93440850171363
-17.23575729141639
16.3219405725901
-6.451373324550844
14.27386037816157
-11.33496449452189
11.54664884193374
-24.75986657373179
-11.92176948281317
16.30320511019215
-18.76078673538936
-6.021312005717268
7.459081696817078
20.77499588260467
10.93388744027237
18.73168843561655
20.72523370125329
-22.86943568558627
-9.539389453929983
20.43161951985343
-8.627390281202681
1.993545265244595
14.73301999538793
-13.86729440822212
5.003594863810758
23.87964711029638
-1.138815906519073
21.83815278153526
3.271415704219954
-23.92131777739903
-22.19291461822722
12.83809709196931
-9.375352447983817
28.22497459484498
-22.21344954064773
-6.669548752822767
7.170875885280386
12.73947472975802
-2.7272115354166
-25.01846301599173
1.047198876036697
19.91808814758327
14.77541853039622
-2.041494329973001
26.06566189201652
-21.05409871185353
20.69865121007406
-43.16444075099901
-26.36327846735302
33.55769786324434
16.80116228370026
15.54390078882869
-9.72942513196233
9.016130965714774
16.95519944554009
18.87088927153489
-5.14266961723147
19.20466647018379
18.74555609784939
-28.79450393367954
-19.85127225193002
-3.428319344372328
-16.28364245366465
0.7755230924834802
14.48971389149255
18.1278326245394
-20.0112204965971
17.79609470335064
1.077526023655017
-15.26053093203668
-25.19770609898864
-16.81691286009714
24.34733608744226
2.99799504444264
20.05716058932359
-17.54309053155368
-5.186485602391774
-18.56673707747155
7.304046423909407
19.81490790356214
17.20926895034238
8.863080550148476
29.83604326917025
-7.748159226515656
25.87078350153717
-27.19273348172845
-0.06496285487683337
12.62677431882811
27.01544792959582
20.58898003095818
9.324506564808559
18.26773824791169
20.97296271922512
-16.61123978304222
8.943231682426438
12.51086148006532
-25.93574635422858
-17.0596460388788
0.8583871962563985
28.65908333674771
26.73505835452803
-5.594032670947183
14.29527433057716
2.705224471253855
16.42295290789959
-8.04265690056598
-7.486303256878118
-17.3274116993263
13.27376520744219
14.320174753016
15.52405928861202
13.71772843660719
7.962205714177161
25.18334180206987
-6.426467900684871
20.97761174089819
23.85562480930563
17.9180332360134
11.46561336630096
-0.459110372264011
22.84250324699133
-4.29017549814533
16.76471290625389
13.06213403156813
22.88161333564427
20.63879494223945
-20.7812525936213
-2.965502334196989
11.75313835222153
23.72905887175327
-17.57666237393739
4.112686043619274
-10.68062056044106
-2.349947026766515
17.8157502598897
3.204590219218202
20.16569728752372
10.50670162268943
14.71864068735525
4.211939063504466
17.59659653123472
9.277664786540557
-11.61495453407499
-16.36720369714542
-2.982546219516094
11.83824463452724
7.120731491631147
16.22118306404605
11.9759205197081
13.38465746868373
23.48793519335372
-19.61637282811473
11.51201467608463
2.494973532429869
24.65874149038324
6.89604181334959
4.092613901143421
-16.80000539001422
-24.77782597263959
-18.82294760554746
-12.11202148135015
27.12777062696059
1.728403158909624
6.710926124243881
13.84042463910662
17.22382327735023
7.9390684798544
-6.077790339786053
-9.780369216540057
16.0094903987225
16.28504131453845
27.40407965621787
17.22113608695458
17.05916554551474
17.35230953034955
-16.35917763332617
-9.87415606674368
-3.043263443924094
17.71680502062573
20.871691938512
12.23719029597552
-15.89080632539456
-2.74407951451814
8.993310817910167
22.52092020838177
7.859974704942131
-6.790354745086022
14.82079083432157
-8.318931745478258
-15.77913749488549
3.254130355530622
-11.39619907702424
4.382938422300809
-20.89261931084785
-14.45559641563906
-10.81747767773421
14.97238194086021
11.42107473983581
-9.284754798268789
22.36283165337301
6.485021568445188
-8.308285033623021
13.31591418694671
-14.79330660250895
22.11134636088168
13.14672681277898
9.100451575143127
3.638118734915276
25.87667115787412
25.78985961631949
-20.54423443437399
-9.447927616874912
10.25672511027845
-5.088323763702708
12.61777782598244
-1.924024979964726
17.43967776484639
-14.36380900842535
1.101620787610836
11.09630682158872
-3.551307203423753
0.2755509162105502
15.45591066738512
-14.64761402046529
19.70465272472556
4.716088736350542
19.36370275057625
-1.730004725560076
-16.71856868634755
11.60004149351583
-14.98856397576693
13.33004623165635
2.36105270924023
14.24204542893497
-16.33805697116113
17.77398591158762
-16.01711571001033
-33.79110162202619
35.27955717529662
7.573762089111264
5.230097072750719
-7.977820589933122
-10.18294357563279
9.706363428487878
2.878013078896937
15.23461803520548
19.88930700186458
15.46542979852252
5.528254596629201
-9.937175184422665
12.3566049411734
-9.84110844239027
20.76006846443517
-19.33289549930886
-16.17800857839521
-4.184087770811224
11.96035012858135
2.882903425767074
20.34019622786065
3.15488692035718
15.14880772957051
2.250294080493459
-8.634501641974754
13.52926631742023
19.06091200415571
-20.69618666063383
-6.593788468247102
9.55064943637068
-5.515826916442541
10.63006063718309
-19.49230211905299
23.42316029243785
15.18035974810847
1.203884537531465
22.16376795883329
21.74813654821187
11.73739033345749
5.531645687911585
16.14443790132432
-12.8985136494297
-21.43892853799293
-21.31749196531742
40.52222827534417
-8.392828017994283
5.626000088538941
8.379846101390646
19.45132213723694
13.87251085601966
-29.05900980406224
-18.10892388159429
0.1214365763736299
16.14588755754275
17.70610158288549
1.560214019923831
12.79309966057968
24.39129269631291
-10.01074621369043
-16.21649086019483
1.240801939813163
10.65158407486625
16.22718957073354
-22.79040495130096
-22.40869188052396
31.48109564074701
-0.1215985400657703
-21.74202257923774
13.52760939303357
20.66233028632803
-12.92781178951664
-18.50662307530481
19.81672061355328
-6.908430037263321
11.32193044201262
24.24659440154789
11.88099274424596
22.83107867250764
10.95008592682451
17.4572928019498
25.94567385382287
7.134720892064779
-14.66094550131953
11.07147603606785
16.8167785169584
14.98638763286214
-11.0232435270486
15.97598639606239
22.66880642100777
1.0483823708238
-12.85363441039527
-5.578811282754454
5.745302480669302
32.74453240003615
11.59819303856002
26.99922992299056
-1.830390884281564
4.429873793044531
6.692820024825157
25.323396051482
18.44870190437469
18.2303604723053
12.92466395342923
-28.02153404060343
-34.89622818710519
29.10184277975717
14.01882810668829
-18.81095296779847
0.6666693025339476
19.47762227098699
5.575605494470135
-31.60269418463621
-12.97211816160201
38.87406377165019
18.63057602685739
-14.65032944129155
-13.90201678028389
-6.874694146804535
51.84618193325214
57.12337682039106
5.27719488716867
