21.8130939544089
-11.48932687895132
4.121841843585639
-3.297118642643787
1.969273154165422
18.90921018781852
-22.49247332833396
1.36450257928738
6.312011997563254
4.588023204893469
5.712978656742654
-7.170833883782107
-24.69703564448227
21.44709148586692
-3.332204546303832
21.15009746808217
16.0720923984308
20.84676876092387
-21.51862361631127
-5.157195876279458
12.86349373824425
-13.26247661878079
74.61097466874649
56.81403438971627
73.67121747251105
-31.63242928552651
-27.83488452789747
-7.826983892496923
34.08345763877178
31.27517992419067
7.856121297845154
-7.361057134965013
18.18577289674923
21.81992943770204
-20.44596706441447
-21.43810349895208
-5.958807975406097
-4.479698436755037
15.76887853248049
20.94478764323337
21.14483649677668
-13.08940703399987
5.267590037142027
-9.455250486488788
15.83260738970704
-18.37059891333118
-29.05259074455281
-8.671090119013426
15.76254966565926
5.42228353834845
16.86306828605628
24.00359610003231
10.37866308820883
-5.078005069660421
8.786417667093982
-13.62493301196263
-15.21717843293838
10.32965159903251
10.16794943841949
-15.4566681801743
-10.68199183736965
23.79288245158638
-1.368405224709366
19.01309539534726
20.18513510384122
4.74958652115981
-15.89980450197092
-21.06021211426259
4.77467636510948
20.38150062452605
-19.69180687728463
-26.00396463737405
-15.87724646358424
4.064508046518589
19.580572836232
-5.312229081047827
15.23066930602341
24.43363978288202
1.172039711723335
13.06628024181711
-14.2213000392112
-14.38300220289197
4.1356970486843
-2.942217455776991
24.07745155111339
14.18306509931822
-0.1617021618173201
18.35699708650886
-0.9921364357771352
-11.36735953927392
15.96626862976189
1.100518621182406
-14.13067772980352
1.491553885026494
-16.22505446260503
6.786736255047154
18.32034917690183
14.04883187194471
11.44078474759614
22.26946362479568
12.63406538409116
11.89424052815331
-15.43554858167509
-2.614017894788466
-9.635398238602232
-10.37522310006966
15.47929552179555
1.747578154712474
25.11469375848683
-16.58087872644532
14.90207900207478
-15.24808327636684
23.17920274339228
13.36407213430263
10.34633721894631
-14.61678289711732
-28.19975394562503
-16.16334737607377
-6.372067600776648
-2.379236379434285
-16.58468235507274
15.35561890619085
18.53817760654406
-18.32845688033788
13.15450084589003
-14.8237864326782
-2.783916526590868
10.25384717461207
-10.21261475471297
21.72768650723272
28.46749590925339
10.75088756074904
-17.29859905386302
-4.260835352143394
-10.24381707179969
9.509836554352999
-18.70073018129028
-16.4608812873839
1.332795449582951
3.504670447507064
7.211994945707755
2.239848893729988
20.03352563081018
-19.47861559271229
-13.43739607746065
27.94721421276737
21.02364132893504
27.30173555171583
-11.01824128067201
3.473864855117118
27.22855685172895
10.59332669292505
22.53063644838572
-23.13175043978969
-4.728987200612385
-14.20544597522142
-2.094376732642837
-17.10609964572083
20.91741398621827
12.8215306848021
-20.64939102203261
-2.900653671072967
-17.7166083477902
-18.95765935534489
-6.207705815080989
12.55727798828623
14.26838789076424
27.97583412789877
-15.01172291263391
7.615789060701883
19.65565896404716
8.418899134798686
-9.319689545140317
-15.00855643201559
19.96555173195298
-21.71846448656278
-2.658793760046172
12.03986990593457
-22.62434549278387
-11.23675983000607
13.03776370146134
7.054781982263207
-23.60957747665474
-0.5307436163184414
18.40019976454186
16.38262910513754
21.9954781509932
18.29154181241253
2.923656504554597
-17.73858867936271
-11.48563096214729
-24.6666418973334
19.75365362690022
9.800045604659065
-15.36788530777154
-9.953608023686614
12.74995354205333
0.3419569862852963
13.08953678894672
19.95787622999704
-12.74066801868508
-17.61656270383738
1.314380690372475
-16.60543783557646
-9.737098398847374
-6.649456062389588
11.57612453939788
13.82663764725777
28.51319577340656
12.74757979950713
22.7035615689998
-25.16793091234391
-13.08262500206047
6.868339438307236
9.955981772260476
21.2867660886493
24.01708194059452
-14.55764938857502
17.65487435207631
0.881987918014278
23.07883388464871
6.158055676202483
-10.47717447178938
-18.64349554225315
21.31322293997311
21.23909774962898
-2.885969807545445
20.47609370763875
12.08530591525256
-9.711367040014748
-14.40928746766341
-4.875894682242556
-21.79667294763458
-16.92077823275811
18.93094338739597
-21.3207101555385
-5.688866886808581
-21.94571757278898
-6.928053215504152
-3.427827455508938
15.63184326951861
-13.2429580587658
-20.81903491661453
-0.6250074200441261
-16.63523014799171
-4.697920415495996
-13.18101093614768
-27.25962365592694
19.94175450421114
-17.88770113047999
-5.733782137649721
-15.62816858771796
17.69131419268802
7.536784947597972
17.84684292492549
-22.54186541819492
-15.34031567571512
25.51306891997683
3.520414131200049
-19.69021918139445
-14.86575001028524
2.259532543837998
25.42448608000143
3.307564663074963
-29.78858905482422
2.880841747509848
19.12324707697923
-20.4678516585616
-2.017570661988354
15.75752573733619
5.612849049053905
17.77509640190861
12.1622473499698
-26.12597035702488
6.041219512872962
19.05967072581596
-9.815130604612532
-12.8328655254801
20.91042026512235
2.036335230062483
-0.6454786590776246
-24.47334935804255
-5.160407616826823
-18.874085039387
-21.55589891801766
22.6735855055854
6.278094222226885
16.36142774020265
-16.39549129634956
-6.312157761109871
-7.576076857526329
-27.98085503241889
-3.631891736026911
20.19402749909929
-20.40477817521516
-26.50968459448348
-6.362207589568039
17.46371162946307
18.40276324434785
15.43963730658876
1.856666257617464
-1.72398877581458
23.82591923457992
15.01766435689957
0.9390516200550576
-14.07861272953459
-13.58297104923237
17.12528255512103
-21.10050041949839
-4.163429181192206
11.9694286324064
65.15826991932171
20.74074328057575
-3.580655035298137
-2.455699565786728
12.03640657083892
1.124955468704311
14.49210613618204
16.93707123625995
-0.07412519159983966
41.84124370315374
9.676689101109671
25.28785785017379
15.51606478473058
-9.894386450931751
23.42509633280087
-17.69125211082291
2.85164624959024
18.86072981253908
7.909031542179703
-4.349903518468936
15.61116873580064
-21.99265480395134
-13.80067635361234
3.797544757628584
20.54289839053138
-10.9516982787021
8.191978457583412
-17.3579779346151
1.78569883237119
19.38391997524471
20.32959965190793
-5.324196097658937
-17.2024491975906
19.14367676017705
0.1555287359282474
17.59822111848524
0.9456796721096583
20.00790064330054
-41.69360532162091
63.95778358551424
-39.11530265254287
-21.48415329737622
13.69744712330438
-12.80345626228632
-22.89010194247194
-0.9927191556136693
19.43601108292102
-23.82813608121841
34.83942313189477
19.06222097252239
32.239467345539
-25.6537957485288
-11.02467981985265
41.91044153369904
13.17724637251686
-21.30296843102419
-4.210821917818567
21.62840181852042
6.06125175337563
20.69036768137133
-16.12705932295852
3.182558701772399
17.0921465110258
5.175909109901138
-19.0056494866808
-5.0960616803617
20.74316205247597
26.81842075277026
10.60760746281903
-7.472036561735748
13.90958780783429
11.53361292444032
25.83922373349896
21.89738278494246
6.075258701611389
-0.9380341372896773
-20.04398467311267
8.514028802994901
37.1777486466203
32.24464871395703
-10.5702455365532
-26.21426582533876
-18.4267089317916
-34.24883301444084
-6.579934681717291
13.56373893320523
17.40543335562984
24.92504362162254
-15.82212408381927
35.83214228737023
27.6688983327412
-16.21081328983497
0.4021930526991508
-27.26670527953181
-4.679726782423334
20.14367361494019
13.9733924602591
3.698968409404687
20.31197475121115
-14.38067561592724
-18.65219292090439
-3.233636782449669
17.31256149771985
16.61300634241747
-18.07964402465711
22.58697849834526
-2.999413255789682
-4.27151730472938
15.41855613805498
-38.11412502367833
-9.623373958259332
43.12104122265232
-1.570280258532551
27.81326013944887
-20.9754102523899
-7.267964012619813
-6.288852131332793
13.27823426745376
20.88567252166325
13.70744623993471
14.68655812451004
-25.58639175537131
-17.97895350155959
18.56489126645673
18.65311924191698
20.54619828016794
27.17452465391587
16.13285781194573
7.607438254538557
28.49075106429058
-11.04166684406876
36.54384476658129
-39.53241790609204
37.43663409715007
46.75257709737386
13.65642337838481
53.18884128482056
-28.73319516407988
2.578302669077344
31.31149783688228
15.40341204876324
14.62911592833596
-22.18831107790282
-11.87825309929182
10.31005797925105
28.55801347770689
-6.170281154236252
11.36130468862438
-15.85854016722961
21.33303510580606
60.88011104779274
-7.03562408036394
-40.57485923102204
28.14597634373686
-33.05524896029409
28.66371984600216
37.19157527166666
-17.19670879141891
-47.63847818588489
-39.11062276217643
0.4364531800502174
-1.764718901837584
10.05385571626376
21.80128428539126
8.527855424295703
-4.933099930835791
45.87375928404786
39.54707594235744
-17.52620176071608
-50.26033646220924
-32.73413470372456
21.36483110175983
-9.774445229642795
-27.99514593684194
-18.95079922807583
3.94688869580238
17.69195446101697
24.58886496796626
-27.49429213420375
23.31256707940037
-70.3091863840548
-41.35011315903557
-0.4015107344794288
20.77986839132137
50.80685921394652
-42.8148942501938
-2.53269868420568
11.81857461769176
21.9559362105702
12.48499956435446
28.95907322665434
-15.73224825986087
-15.64402028700159
-44.6913214839761
-15.30778108146476
40.9486024244517
37.01538727344042
0.08822797479859047
-14.28748556119051
-18.22070071075126
6.893893562975261
24.26156725631684
27.46639969137681
52.32316835324624
9.315943000751966
39.41140101122036
-3.933215151009237
21.18137912561401
-12.91176734072261
9.044346708521783
30.09545800994035
-33.09615371839514
15.81568241255241
-3.523815492823767
3.091263771876942
-17.80359109081841
29.77223071055562
18.43229855174927
-14.27977559848613
21.95611404704065
6.380216011628609
-12.3826900624653
-15.11125395610546
13.83986530594581
5.530722313970782
-21.22293606381268
-3.307566116586577
22.63855186045319
-17.96889049541218
-25.58174415819494
-44.41752664161717
9.320737394757774
-30.14399431938527
28.10718063833005
4.75848723258318
-27.84137052522011
-2.261619918913386
23.23868151401535
-18.8357824855782
34.90248155144779
2.302623795019727
-31.00291667516499
-24.12506755835404
41.91536889634307
-18.30692142105061
29.74823471109086
-38.28821770692367
5.818146138691857
-12.16713418743039
33.22382059125849
-1.670168607817514
-20.38888215400127
25.46886138739785
44.10636384555114
86.93369409201958
-37.13726019322319
12.32662788840348
-20.89485486220353
26.68096693958212
-17.3012241172589
20.22217537420671
42.82733024719352
48.05515613303792
17.36767369540536
15.01769824613939
10.13736159471816
19.72559150609538
11.74742857012094
-9.47093664344696
10.69654032754731
21.20405878107258
9.588229908533178
-22.50958085286942
-10.0971284919135
20.50415488454204
4.724137304773267
-18.41662062635483
16.24240533024469
-23.34869340522619
19.83603607690077
-4.86849912550309
-29.62785200643398
7.895547485560361
26.64630525248651
-13.32423058743226
12.76383783317783
-49.1057925280352
-3.064453767685917
30.299852982651
39.06664133473068
45.7427241865995
25.41139707264164
46.04133876085771
-17.79694027955021
25.57975060716102
-12.18221208542257
-38.53336635593131
-33.30554047031813
25.50030143384342
-37.76196269222966
-17.13202100082287
16.23228575341034
-6.458791564993168
14.28631965548209
-11.33993216151982
11.55775576162402
-24.70453520344886
-11.91639246863041
16.30362141987818
-18.7629060712555
-6.021808611025386
7.459649292076405
20.77649209667061
10.93481969228938
18.75075776716507
20.74511121894477
-22.87271940736665
-9.54128044104174
20.42773858915289
-8.628771932203012
1.994353451340277
14.73545091171064
-13.88246741935957
5.004707905805233
23.90040088411166
-1.140404448469555
21.85889744626439
3.27266807982122
-23.93107486390062
-22.22383707599677
12.78814273586319
-9.268015681126586
28.22001389018484
-22.05615841770869
-6.613287213870064
7.136581264789609
12.74109746017806
-2.72856389307781
-25.04080533173722
1.047263090150886
19.93443841471613
14.79027677831719
-2.041503438859684
26.08806842191817
-21.08343262818409
20.62994169113664
-43.20833735285154
-26.35115427052943
33.36430675302604
16.85718308227683
15.44287120493401
-9.730743006097542
9.017120768780027
16.95662830251646
18.88717532459549
-5.144161636302112
19.20713722146883
18.747863774826
-28.80197734392522
-19.85502712831029
-3.428747552091775
-16.28708623008783
0.7754643963695299
14.49072059274272
18.12899595665784
-20.01049194464614
17.79776790650349
1.078069071771142
-15.26016675449207
-25.1973532910268
-16.83178021675546
24.35129885750372
2.998181403140251
20.06073202897145
-17.54470760592654
-5.18686134638092
-18.58622936632688
7.315070504512004
19.82996161867289
17.23736375347873
8.874972930934822
29.86540803470874
-7.754959203860416
25.90129987072273
-27.20374294383355
-0.0647129486603448
12.62804428123032
27.01803488872847
20.59112025915877
9.336080659989049
18.28303087683376
20.99043510400005
-16.62993214514941
8.946950216229851
12.51489111438831
-25.96601281549238
-17.0610232094548
0.8584449331270874
28.66032937795368
26.73618179235391
-5.594568212140304
14.29597887635723
2.707404227202641
16.42627957598691
-8.043034082093657
-7.486705756032192
-17.32837816038614
13.27441681102551
14.32082251314951
15.52477894180161
13.71887534822782
7.963075981394661
25.18533034072264
-6.426914633035958
20.9787064467213
23.8569759050167
17.91946814460298
11.46645499404124
-0.4592734469001704
22.84372014093945
-4.290566828264609
16.76557816338084
13.06296473072445
22.89768792236348
20.64197627163832
-20.78331691050067
-2.965815395019227
11.75399691114441
23.73062764372226
-17.57848447273078
4.113022592309243
-10.68157396446874
-2.349975451887275
17.81750151612696
3.204832437124007
20.16747696912464
10.50751845095692
14.71981230726321
4.212293854506985
17.59775668385607
9.278264527569137
-11.61582886891284
-16.36809263229675
-2.982629787054288
11.83863607423099
7.121055218671014
16.22180758012872
11.97663073240362
13.38546283051248
23.48914785833181
-19.61760505183283
11.51251713015837
2.495075238859867
24.6597258551552
6.896910507666586
4.092960242948865
-16.80113310550002
-24.77929603247211
-18.71871354626466
-12.04263069307685
27.13902999528439
1.707237788051284
6.676082853268237
13.7498684797547
17.22485160970703
7.939507533336316
-6.078141977039431
-9.780755410876644
16.01007115418953
16.28571461833201
27.40562110367329
17.22225435779841
17.06255062614455
17.35353155902259
-16.36026076654008
-9.874807207006871
-3.043417957928914
17.71770460892505
20.87273546860234
12.23787308753193
-15.89135836356326
-2.744149644194146
8.993607807309687
22.5216100970184
7.860285711955364
-6.790605989198333
14.82126582898604
-8.319492157631911
-15.78001758852541
3.25404557114514
-11.39684610168328
4.383171493983391
-20.89409338063236
-14.45619985105859
-10.81792448065388
14.97290208791418
11.42153700422652
-9.285344077593599
22.36385659485212
6.485453561007676
-8.309142993537044
13.31684280602865
-14.79459655514604
22.11268029179444
13.14720872247467
9.100752365893882
3.63827536605437
25.87773685874548
25.79082656576904
-20.54500591413055
-9.448332615929207
10.256903564245
-5.088438993363853
12.61824212895382
-1.924147582083295
17.44000737326031
-14.36435050511296
1.101771511154599
11.09667330441321
-3.551365087148082
0.2756434645309253
15.45656691468327
-14.64803838372505
19.70523617623209
4.716116592074067
19.36415496517537
-1.730579306959053
-16.71969884557889
11.60085963875937
-14.98911956310443
13.33143896632496
2.361338554154814
14.24394751536934
-16.33823585175495
17.6311493585971
-15.90808579184367
-33.53923515123927
35.18160042239073
7.51961026836039
5.227825885592438
-7.978162938850081
-10.18336675604406
9.707180337064978
2.878269475606381
15.23611577992879
19.89054708919784
15.46612202020781
5.528935426153637
-9.937186565294523
12.35784627937859
-9.841672404367586
20.76112256695596
-19.33364746996176
-16.17861660488355
-4.184261864648053
11.9607712723977
2.883002332334597
20.34085412303965
3.155030863157688
15.14938560744351
2.250362129906432
-8.634862380313439
13.52978823832464
19.0616189365055
-20.69699197726365
-6.594012058489858
9.551021086276615
-5.516068537144754
10.63043994165951
-19.49303553979627
23.42397999796319
15.18092344621081
1.203956431399106
22.1646506178812
21.74880642119587
11.73775745279519
5.531830698176705
16.14503314004664
-12.89902347865253
-21.44085502105844
-21.31840753869744
40.48229462180146
-8.393623465204678
5.624726138638846
8.380082853815397
19.4517845056996
13.8729589115779
-29.05651052631952
-18.10720542080058
0.1224474883874687
16.14650848489607
17.70668111102869
1.560172617325396
12.79354006453948
24.39208673996003
-10.01104896672631
-16.21697572272259
1.240876065487803
10.65181494770225
16.22745607010818
-22.79008719309528
-22.40817120147766
31.47950792754837
-0.1217380079157404
-21.74164268805768
13.52800229373342
20.66286391110465
-12.92776936662449
-18.50659496725597
19.81654183189109
-6.908048288300376
11.3216046554431
24.24638874883344
11.88260900142006
22.83191411628284
10.94930511249164
17.45785179019896
25.94611797725264
7.134861615484975
-14.66132438157003
11.07170165193706
16.81700010182817
14.98658000660894
-11.02327917915135
15.97573357060113
22.66834920106231
1.048444502976221
-12.85369927268514
-5.578825595950232
5.745298449838582
32.74431119383425
11.59854667984014
26.9990127494952
-1.8304200952146
4.429846924931748
6.692615630204139
25.32203326958325
18.44819653661771
18.22965293247128
12.92478408344156
-27.98373175157894
-34.85756848362511
29.09054648388501
14.0183496040535
-18.81125637164756
0.666528515541547
19.47778488818941
5.575641120390284
-31.60124594175577
-12.97182830832327
38.83605813042446
18.62941763972397
-14.65089168699108
-13.90214377398028
-6.873836732505696
51.80788643874773
57.07427823551046
5.266391796807461
