21.81904099922656
-11.49166979445634
4.122666940792724
-3.304605317903215
1.976759829424906
18.90584283298488
-22.48965364846467
1.364258609761414
6.31353004249865
4.589096483405883
5.714280249873629
-7.233605865854758
-24.69294361591928
21.44438804605518
-3.331390504368718
21.15235750509821
16.07313784351117
20.84866025946504
-21.51921901748899
-5.158423559116081
12.25406028065473
-13.28556308491125
74.22491205992868
56.50314418746352
73.28207237122261
-31.67186081703258
-27.86983163925447
-7.837965576252002
34.39295826956224
31.28477072310645
7.857712546046961
-7.360247264315996
18.19029106267456
21.82824085588888
-20.45174150356153
-21.44416605066758
-5.960729877401045
-4.480979106172946
15.77385025988329
20.95175175469601
21.14920254619484
-13.09447966343887
5.268176766266732
-9.456529867217812
15.83591729449075
-18.37242169141361
-29.05541773651707
-8.672241247874117
15.76579144588795
5.42274573505066
16.86676550036761
24.00359131887641
10.37929878272605
-5.079219661622356
8.785631508440913
-13.62429253624012
-15.21795981043555
10.33257851670022
10.17087489033426
-15.4585184545212
-10.68299604768329
23.79516742666744
-1.368389599293271
19.01478688739512
20.18710665160728
4.750166820500417
-15.90203026261761
-21.06272760600988
4.775522417010477
20.38317648849058
-19.69433800126863
-26.00708381866281
-15.88102578192854
4.065789611472
19.58778011512943
-5.313285239717941
15.23571048126574
24.43803269204315
1.17231976597638
13.0686681694989
-14.22556410252838
-14.38726772941579
4.137092335148629
-2.943247963039037
24.08390772453414
14.18682331747016
-0.1617036264591356
18.36265643677314
-0.9924245489532447
-11.36936452082496
15.97076240000332
1.100974054148341
-14.135265121212
1.491965190291492
-16.2303045570351
6.789041212920313
18.32782904320825
14.05460199296377
11.44401976598004
22.27328836897208
12.63583543748467
11.89634840261709
-15.43693983074194
-2.614181656188746
-9.637452929973792
-10.37693996911339
15.48343617103287
1.747886021562666
25.12088909894455
-16.58292103155629
14.90556985916891
-15.25001709231657
23.18138930222934
13.36535723992554
10.34847924335374
-14.61838877961755
-28.20330862363242
-16.16746105849108
-6.373969435186511
-2.379992257086419
-16.58928867183798
15.36061070030465
18.54431407879614
-18.33080705267008
13.15768383636878
-14.82569443572049
-2.784324576227286
10.25612368298961
-10.21531923773563
21.73458013616435
28.47640248035472
10.75413273277664
-17.3021326544298
-4.261684395492997
-10.2461401221005
9.512397949409547
-18.70264925697112
-16.4625281129203
1.332903938389812
3.505112616879281
7.212795021639698
2.240121144004235
20.03555319534519
-19.48052259451218
-13.43940206019666
27.95305281936639
21.02882827422711
27.30745860659164
-11.01931855486383
3.473096019528745
27.23208114716319
10.59456724707283
22.53342607988112
-23.13379892910313
-4.729302038396008
-14.20929641366717
-2.095039436066694
-17.11085656557204
20.92430633577929
12.8227581736968
-20.6521970818062
-2.901560152890946
-17.72226974708294
-18.96400453124033
-6.209629505230155
12.56263680418619
14.27434088860052
27.98821626668928
-15.01581712847816
7.616585358276156
19.65795521601019
8.419884432711502
-9.320648813380606
-15.01012553865138
19.96764072818737
-21.72064373779402
-2.659070166628538
12.04136985942267
-22.62671089607564
-11.23807078413819
13.04044825907692
7.055992532165387
-23.61176530681896
-0.5309570410328396
18.40319826416338
16.38515742644948
21.99928148129902
18.29406331638578
2.924042819747009
-17.74053324580141
-11.48674912231119
-24.66933075711383
19.75853807166653
9.801689608636714
-15.37002049644744
-9.956848464012658
12.75437502732632
0.342104964839811
13.09397184730793
19.96402746048813
-12.74278764530563
-17.61932640874101
1.314828903131341
-16.61140411825237
-9.741348508838254
-6.652047502882327
11.5839955843493
13.83192289485477
28.52489735393989
12.75186688082069
22.7112234935033
-25.17171010489268
-13.08489260917369
6.870055610869429
9.959356614635992
21.28895511277461
24.01948816783233
-14.56013637063324
17.65668551961697
0.882100704728624
23.08080827675117
6.158392707047744
-10.47912118815635
-18.64919855859876
21.32534409501202
21.2588716164935
-2.88716827089575
20.48397039565265
12.08681749831751
-9.712136863452777
-14.41079194197314
-4.876538762463779
-21.7989543578428
-16.92241558066823
18.93415530821898
-21.32288932362689
-5.689476726122385
-21.94798726048636
-6.928797510138399
-3.428160971918937
15.63341259814821
-13.24419303060244
-20.82108464022238
-0.6250979382091253
-16.63751389520397
-4.698655072901191
-13.18258163471768
-27.26272812146434
19.94681539073381
-17.89324189437109
-5.735874559643444
-15.63295896451877
17.69857521452638
7.539488965312726
17.85426530048044
-22.55239979509123
-15.34770852776955
25.52826084606116
3.522087497017506
-19.6997781505127
-14.86978834765698
2.260282931008966
25.43273086112614
3.403541081725686
-30.12024913550971
2.865773151283404
19.12141016627211
-20.71532255011319
-2.018040838783044
15.76203028894469
5.614124056270693
17.78007112879689
12.16594707115
-25.53962336556598
6.041120534110582
19.06157357071068
-9.816032060128641
-12.83291005968612
20.91001409066613
2.035983498365651
-0.6455942118958508
-24.4799568000542
-5.16069734543853
-18.87403059460711
-21.55560829967289
22.67354127813649
6.278630332144292
16.36079545845474
-16.39491095193257
-6.312745817856363
-7.576891609664929
-27.98374601994898
-3.632269592896508
20.1959867029355
-20.40685441023922
-26.51594030148913
-6.362802648639758
17.46545363981236
18.40449689300172
15.44223707536161
1.857317231176868
-1.724433551548578
23.82825629557077
15.01918975016183
0.9390432554838297
-14.08014649129759
-13.58491984431407
17.13007127998178
-21.10815052463763
-4.167248750626507
11.99928571388897
65.59382976905334
20.9635454533785
-3.581750783572256
-2.456567009182098
12.03584756566609
1.125183774011856
14.49241457460925
16.94090177192775
-0.06647247983118029
42.07169598113315
9.678110402390955
25.29244714972223
15.52199050169247
-9.897084405969657
23.43444977530636
-17.69637405843358
2.852621650305766
18.86979602738399
7.912459270926084
-4.352069628470153
15.6143367412903
-22.00617335588726
-13.80961931464443
3.802029177777787
20.5489957224165
-10.95733676042557
8.196554044514386
-17.36696553068946
1.78692528839111
19.39857379525666
20.34397829208596
-5.327186682647586
-17.21127544174116
19.1538908157491
0.1556900881507615
17.61164849569371
0.9454044948259811
20.0318660665046
-42.13247134088326
63.81296710387302
-39.51381243459613
-21.68376255461965
13.63746643450932
-12.82054623976654
-22.91460015220759
-0.9987554938191048
19.5130213280115
-23.85329741570805
35.05669777610528
19.08646157236156
32.33356756815546
-25.67116497355746
-11.03275117723449
42.23092384687438
13.24710599548391
-21.31248929159099
-4.21284521726529
21.64138835069561
6.064277293930057
20.70269108872011
-16.13458779883184
3.183703380186697
17.09964407226127
5.177901494385576
-19.01442511169148
-5.098484422626206
20.75574914254564
26.83523062301107
10.61336252895605
-7.475637278920024
13.91594069037939
11.53878783249927
25.85423356580519
21.91584465653479
6.07948148171911
-0.9386972621255117
-20.24939201572585
8.630006581662906
37.41474638099814
31.04575840936522
-10.28393168049193
-26.44618719333308
-18.5386271796469
-34.37499035377842
-6.596930870726134
13.6531118534001
17.51682609015798
25.11205480693125
-15.83636317526471
36.05545326975534
27.77805948310005
-16.22186809398461
0.4047031696471087
-27.37335631298137
-4.699066249719734
20.25004272417389
14.05324754416737
3.701263747114913
20.32783501013114
-14.38773606170426
-18.6609631122634
-3.235383651101174
17.32654831259242
16.626571263561
-18.08899980804613
22.67429006453098
-3.001286699886243
-4.273227050218134
15.42557946085394
-39.48749106811492
-10.30040555218026
43.69301202980977
-2.835637681586744
29.91589986505832
-20.98598307730169
-7.2721076964994
-6.293008623412376
13.2898242672425
20.91136596208074
13.7138753809277
14.69297445738696
-25.6755767656862
-18.05403507131926
18.59781831801384
18.7523137931501
20.5619319637898
27.20437458645036
16.16653446282524
7.621541695125095
29.18708551483837
-11.03784012576133
36.65185338793097
-40.22492563836775
40.21630541671091
46.89340863254506
13.36961841428484
53.59454405303232
-28.98381785279814
2.618658906286598
31.60247676085002
15.54367644796616
14.6384137955566
-22.19886509359639
-11.88408875804003
10.3147763366101
28.87939859895897
-6.196795179590205
11.45894295376471
-15.97653432685341
21.3640825283797
60.9340234100052
-7.103368501456605
-40.9922186974231
28.21786048953295
-33.39698997585482
28.7847398016915
37.34061685388791
-17.42045564750427
-47.68885647286915
-39.13297942256487
0.436961459309494
-1.763959995561591
10.05293265228242
21.79851457432082
8.555877050850841
-6.36898796982462
45.92489647732586
39.56994088199213
-17.45933775008059
-50.17550066936307
-32.71616292028079
21.36155311328103
-9.771892032735483
-27.96324461090111
-18.92588456237113
3.945671919855793
17.68652298577996
24.58177981628043
-29.16265890236866
23.13122554354406
-70.49234899161681
-40.2804502602883
-0.4988364006176018
20.60038060911353
52.29388444623218
-41.32969008956816
-2.530844930577555
11.81689264755859
21.95307898152527
12.48400826292605
30.21189873299028
-16.31675098367853
-16.16225551108571
-46.52864971415732
-13.7771121630408
39.78161385959301
35.79999157708585
0.1544954745046431
-14.20973030039941
-18.19135258150019
6.8894867077395
24.25412242131052
27.45841501928948
49.57710373849523
6.677103216334189
36.68209194840537
-3.981622282530727
21.09921700956863
-12.89501178881424
9.03736004835463
30.0049887315713
-33.52379021769844
15.71786908316515
-3.529472735526149
3.093629295784601
-17.81659238459563
29.73415587834055
18.40289909702974
-14.28711964953284
21.93237183499268
6.378627576672891
-12.38007382884169
-15.1065066557937
13.83709771757703
5.529601238491286
-21.2216950987412
-3.307408846811895
22.63711858368022
-17.96765302891156
-25.74774295046168
-44.63028431858346
9.404926583925874
-30.34130020090686
28.3924650337029
4.811369332564421
-28.02969776011861
-2.283405919531468
23.48722926855529
-18.88254137031766
35.15266953291682
2.311602441679252
-31.0709563223409
-24.14603988860671
42.1381684625913
-17.93370864348424
29.94975351497834
-37.70557043666233
6.212331246551401
-12.1884149498277
33.19433616533002
-1.666943771942144
-20.52746224866387
25.45041404323692
43.91790168319092
86.56763545666043
-37.16585869651618
12.31230244222117
-20.91022167991669
26.64052658350778
-17.2948544962559
20.19346390196696
42.64973377404047
47.88346215939824
17.36463571554264
15.01485319124533
10.13618633548561
19.72275418209055
11.74558192272407
-9.46907071606711
10.69474870971831
21.20057682733374
9.586567845800577
-22.50678404196735
-10.09608559905196
20.50202159487459
4.723861163019753
-18.41441755566894
16.2556370157942
-23.58109570058421
19.8710042012135
-4.905235766373663
-29.60715693932471
7.881161459488307
26.60201484455467
-13.30806514112644
12.74324605601926
-49.21463644848283
-3.069925349837034
30.55878714483457
39.41624093714123
46.13963800108622
25.42123750590645
46.14471109882452
-17.72176787268007
25.74629184147781
-12.25220995405022
-38.61628714942659
-33.38255876419255
25.77063518903095
-37.99850179521099
-17.27502820078545
16.35368429581216
-6.447062681238501
14.26673252519026
-11.33125678399303
11.54029969790199
-24.77623996864046
-11.92124583350652
16.2990917994952
-18.7587014030645
-6.020750659199952
7.458470139178552
20.77336362405911
10.93294830973992
18.72085338522247
20.71379520499761
-22.86726598812282
-9.538279019899473
20.43238380009272
-8.626519501868877
1.992941819401533
14.73089256386859
-13.85876878868034
5.002753340985026
23.86652690269563
-1.137902800187473
21.82537607442564
3.270201630937328
-23.91221320255827
-22.17562114189045
12.85499413618695
-9.41695089390986
28.22033763490718
-22.27194503078174
-6.691094175052993
7.1826192953566
12.73795074400515
-2.726432826465309
-25.00442970206857
1.04688149601372
19.90840362523733
14.76685964465469
-2.041150829560797
26.05131119805416
-21.03771834164457
20.72347359422063
-43.14300537890509
-26.36407719545387
33.62871249600998
16.77892818354535
15.5808508566978
-9.728139223345291
9.015193802315379
16.95369896862887
18.86152212919566
-5.141543980683131
19.20234309442859
18.74333302592184
-28.78863269020605
-19.84813720892901
-3.427932749771974
-16.28082868978362
0.7755190804060869
14.48856941238057
18.1264563163584
-20.01073407091003
17.794720793492
1.077238049551634
-15.26007162154116
-25.1968235821215
-16.80801047400251
24.34388707525557
2.997781587516018
20.05412935618399
-17.54158422205966
-5.186089511211747
-18.55517444375261
7.297988060850527
19.80579206063831
17.19285029844204
8.856431405230724
29.8184818042314
-7.743922122092737
25.85316250486735
-27.18241483360386
-0.06505701848334103
12.62563150578957
27.01295461932112
20.58700730823886
9.317865984928234
18.25836146760721
20.96205039919502
-16.6003535321196
8.940495481978139
12.507804000274
-25.91821952184376
-17.05818201180648
0.8583201502221895
28.65727168232484
26.73337810137213
-5.593522819369886
14.29432755529454
2.703688931490239
16.42020445972709
-8.042133229850657
-7.485797942066847
-17.32621325655914
13.27290954188389
14.31926767764098
15.52307770305864
13.71651552840403
7.961375803932229
25.18117471930666
-6.425947312565317
20.9761392159885
23.85391225706225
17.91650216245226
11.46465919145916
-0.4590100683062612
22.84094253991483
-4.289757719215238
16.76357512531606
13.06117951397981
22.8715564810719
20.63610789596916
-20.77922796153339
-2.965191065163543
11.75222722382629
23.727315043704
-17.57493536118798
4.112345871870945
-10.67967852994478
-2.349782526739796
17.81403689676396
3.204292599950816
20.16381942427499
10.50582811667193
14.71741828986189
4.211590172282471
17.59529579810475
9.276963831524847
-11.61400897987402
-16.36610379345623
-2.982398160118955
11.83754863139312
7.120284737176068
16.22021724076623
11.97508782019359
13.38370562669209
23.4863885341009
-19.6149691716394
11.51130071563403
2.494822620803527
24.65728295405017
6.895256831274695
4.092366493654139
-16.79860629567406
-24.77577855057993
-18.86051847675518
-12.13712141220291
27.11735781522833
1.736592060241904
6.72339706458531
13.87371347137844
17.22258519221853
7.938505166513023
-6.077367413475442
-9.779763027232935
16.0085298115443
16.2840334950033
27.4020865394981
17.2197989146717
17.05634776942901
17.35093723407075
-16.35795675540061
-9.87342883826819
-3.043063267065585
17.71564421728681
20.87034074043016
12.23636295568507
-15.88991981718614
-2.743937581314999
8.992846937507405
22.5197907965961
7.859546611669206
-6.789987307696371
14.81994677679197
-8.31833196714105
-15.77816043578217
3.254042071083043
-11.39549183512465
4.382668604022832
-20.89097280404998
-14.45468974296068
-10.8168028347737
14.97149000726817
11.42036820584811
-9.284080026299497
22.36140090735526
6.484527919149444
-8.30749648076986
13.31489348593018
-14.79202440029628
22.10979179247603
13.14598223729526
9.099932505638929
3.637886905738538
25.87505795078583
25.78829283997528
-20.54310052088908
-9.447390867606565
10.25625493532112
-5.088080839089545
12.61710397909549
-1.923893579199863
17.43882256840636
-14.36294412878287
1.101512881456401
11.09570965652838
-3.551121803397241
0.2755036838564059
15.45501967962619
-14.64683145668686
19.70364580110136
4.715884699562319
19.36271615175333
-1.729721667835333
-16.71748274892429
11.59926529099984
-14.9877610922893
13.32898696822344
2.360849038935817
14.24074650457963
-16.33730968257605
17.83004988154087
-16.05880031464875
-33.88885019647073
35.32122899005932
7.595228719170819
5.233728385156043
-7.977172260396181
-10.18228762968546
9.705562746772491
2.877773048850646
15.23326777983409
19.88785037486077
15.46445701214718
5.527705025607321
-9.93675197356016
12.35549471974881
-9.84041531440579
20.75870748415167
-19.33179301362644
-16.17709648839956
-4.183844699581844
11.95971805225324
2.882745463841746
20.33914348037724
3.154696525212874
15.14794831469715
2.250168160575087
-8.633977784261212
13.52848255006849
19.05984195251553
-20.69502598322629
-6.593435797909823
9.550126958157906
-5.515509993226809
10.62950213848645
-19.49121595294933
23.42193314106774
15.17951599305168
1.203810027030462
22.16246033384575
21.74703019989412
11.73678451974738
5.531359404092583
16.14356275334157
-12.89778015417144
-21.43742053565751
-21.31637534609257
40.53688049421688
-8.392218709542037
5.626303064820742
8.379425429812857
19.45039825451899
13.87180618288684
-29.05890330419008
-18.1089270734124
0.1210451923375109
16.14501213476536
17.70518481317093
1.560172674334711
12.79243100674828
24.39004639636665
-10.01024567932558
-16.21567079577216
1.240727218840386
10.65109554978842
16.22647981801349
-22.78971684052546
-22.40810783415088
31.48059997296571
-0.1215428408213317
-21.74139950452559
13.52694386106912
20.6613412273208
-12.92735075706283
-18.50594283249494
19.81607282318863
-6.908327441055765
11.3216448407333
24.24580148643966
11.87989748396933
22.82987371913056
10.94997623409305
17.45639801653582
25.94452743057964
7.134397365283093
-14.66024418335279
11.07097282499482
16.81606513741934
14.98575260109636
-11.02282426619203
15.97550700248851
22.66817400704647
1.048317335087279
-12.85313680213714
-5.578592073053536
5.745092312136075
32.74342357787273
11.5976153918124
26.9983312686143
-1.830312536583556
4.429728667131893
6.692667004491972
25.32303713597938
18.44825044507889
18.22997227652949
12.92415664112847
-28.03579073921066
-34.91057742963137
29.10571703054604
14.0185217744956
-18.81013006981005
0.6667083305254234
19.47683840085252
5.575384267073822
-31.6021428166286
-12.9717726878391
38.88836993463803
18.63037013163069
-14.64953391278668
-13.90145413658574
-6.874786690660647
51.86014262247694
57.14150776978097
5.281365147327464
