21.82077829129441
-11.49238939082232
4.122919514279823
-3.306388580258306
1.978543091779969
18.90476983486271
-22.48864165574459
1.364180686213314
6.313899821860028
4.589357825691183
5.714596912848904
-7.246666065247056
-24.69157769669918
21.44339015288385
-3.331125911569796
21.1529544935704
16.07342566767105
20.84916097879872
-21.51938722383164
-5.158729522799068
12.06693896631109
-13.2719724741691
74.11256277133819
56.41328106779836
73.16767702704189
-31.68228694615199
-27.87908113647184
-7.840852669181659
34.47038249884344
31.28739171095658
7.858255808989877
-7.359938025286755
18.19157174723449
21.83042737747485
-20.45336482520997
-21.44585956181845
-5.961281839402645
-4.481334296878363
15.77527197619535
20.95376314193461
21.15053550831239
-13.09581996586541
5.268381179526724
-9.45696433348196
15.83692552230683
-18.37293597700756
-29.05620768357629
-8.672555356006105
15.76665281029467
5.422877670041152
16.86774574002418
24.00365690530293
10.37947817968331
-5.079528825941733
8.785463070967195
-13.62417872569746
-15.2181938343358
10.33331593830383
10.17163492180319
-15.45900701285702
-10.68327170828345
23.79581364732324
-1.368391553066882
19.01526077340578
20.18765070439086
4.750322131829482
-15.90260399451235
-21.06338257539664
4.77573531180533
20.38365232762704
-19.69499101853756
-26.00789050165827
-15.88215433031252
4.066148025613951
19.58982251220133
-5.313609977427279
15.23715447238283
24.43920816459875
1.172389932393834
13.06930371327258
-14.22671762946864
-14.38839864587112
4.137483521759265
-2.943530574425874
24.08578587456051
14.18791024642689
-0.1616810163233494
18.36420115044149
-0.9924947386036155
-11.36990444962383
15.97203053107107
1.101092929126584
-14.13653422673471
1.492005721190211
-16.23176582443557
6.789762253146782
18.33011236926895
14.05639559097822
11.44486807083477
22.27432348605194
12.63631359212667
11.8969137802242
-15.43732857235222
-2.614230303632721
-9.638009892554216
-10.37740970842402
15.48457772006472
1.747972691658819
25.12258761051963
-16.58347838865406
14.90651930547971
-15.25054389468263
23.18193192526103
13.36567473779068
10.3489986658892
-14.61877528097466
-28.2041502362277
-16.16845320869423
-6.374495358021663
-2.380220482024328
-16.59056365969213
15.36205845557082
18.54607599975868
-18.33145107995361
13.15854661264001
-14.82621684405566
-2.784434344088265
10.25673264042387
-10.21606830291681
21.73655381436477
28.47878965338433
10.75501810765813
-17.30307442384021
-4.261907439802325
-10.24675480026399
9.513065283636227
-18.70317195355389
-16.46297743320394
1.332934493035681
3.505234235847333
7.213008178486357
2.240194520334847
20.03610644658537
-19.4810269128437
-13.43991794625425
27.9544569587805
21.03006555806267
27.30883211850115
-11.01956946192746
3.472907237110493
27.23301405252591
10.59489880229141
22.53416558670115
-23.13431642411957
-4.729388352746268
-14.21034317642127
-2.095231598042154
-17.11215714699365
20.9262964815964
12.8230982681613
-20.65292612497858
-2.901813971658753
-17.72377154528434
-18.96572437000643
-6.210257348477629
12.56438987133723
14.276466861251
27.9923207369155
-15.01692554778255
7.616803478398253
19.6585859768446
8.420152772792097
-9.32090845932569
-15.01055224133291
19.96821166776058
-21.72122143225186
-2.659144049520596
12.04178249991652
-22.62735571865633
-11.23843320491168
13.0411669842751
7.056319623323585
-23.61239816752173
-0.5310153351894149
18.40397993434315
16.38583231923723
22.00024124732129
18.29475282830206
2.924150838580087
-17.74106123189645
-11.48705770734808
-24.67005739913493
19.75982008391297
9.802130779759496
-15.37060198950486
-9.957689305023695
12.75546702273007
0.3421409564385566
13.09502818735041
19.96532017884352
-12.74335476520855
-17.62006759354077
1.314927681048124
-16.61302763345007
-9.742735645588391
-6.652758530984797
11.58743369196905
13.83396568267543
28.53057593267349
12.75288722963016
22.7131563296523
-25.1727327690471
-13.08549572114573
6.870291989287193
9.9602691017779
21.2894891466147
24.02007776596225
-14.56072382461343
17.65712968996696
0.8821279034974361
23.08138284005766
6.158498567380551
-10.47961667940642
-18.65039249870076
21.33016933940531
21.26614161864499
-2.887516948410795
20.48672421155744
12.08723704992455
-9.71236007169801
-14.41120854558889
-4.876712827830986
-21.79959711859396
-16.92288428040225
18.9349952717028
-21.32347367252505
-5.689643783081781
-21.94859265983389
-6.92899616637794
-3.428247491676527
15.63382989005161
-13.24450467606377
-20.8215934500916
-0.625118988307915
-16.63811524678683
-4.698848469857814
-13.18299969144764
-27.26355394172582
19.94830235404391
-17.89484588872764
-5.736467049043239
-15.63434267487655
17.70063723324293
7.540251549076632
17.85637038812881
-22.55535119295464
-15.34977750096758
25.53246745886274
3.522565557651468
-19.70244553292021
-14.87093760377005
2.260503215027311
25.43509743912943
3.433941236816168
-30.22393180962089
2.858095328016352
19.11574960170189
-20.78147622746308
-2.018147615807539
15.76287555119508
5.614408929074283
17.78102316770426
12.16661423761971
-25.33891144048019
6.041108966910418
19.0620773823363
-9.816257185853972
-12.83293326012502
20.90994437613546
2.035902150163848
-0.6456248396661128
-24.48154972184372
-5.160778582325554
-18.87404222778853
-21.55556921371143
22.67355718577092
6.27876656029911
16.36065770109313
-16.39479062970084
-6.312899483446611
-7.577088774161973
-27.98445001902718
-3.632359456455824
20.19647446231612
-20.40736124473123
-26.51745187427331
-6.362948076267948
17.46588583723942
18.40492807296973
15.44285172811067
1.857476772758858
-1.724541990884921
23.82883391857987
15.01959649331837
0.9390422373266084
-14.08055425356567
-13.58537495544911
17.13144082019064
-21.11224870761305
-4.169106462458309
12.00789147870564
65.69586233692405
21.03395716604718
-3.582018764243378
-2.456779671527884
12.03569702787283
1.125239092441644
14.49247669921171
16.94314224306239
-0.06402772208679297
42.1462058767862
9.678580933532457
25.29388984721034
15.52367448535554
-9.897875626983476
23.4371042831006
-17.69785877701432
2.852905664046931
18.87234306048118
7.913429795834647
-4.352668035964965
15.61530890939013
-22.0099019060339
-13.81207592558008
3.803205809679794
20.55076445074869
-10.95891326755351
8.197825982762467
-17.36948104867846
1.787258211761261
19.40253995729586
20.34791690812243
-5.328014076364191
-17.21374789123355
19.1567392579512
0.1557331567197189
17.61528173756848
0.9453769494406414
20.03822846972663
-42.24534997359737
63.7820252695109
-39.61611825646149
-21.73337763564701
13.62540373338709
-12.82524739375639
-22.92135577008057
-1.000313724610701
19.53227373981045
-23.860211358729
35.10663340617761
19.09285152081259
32.35752113395476
-25.67593098327695
-11.03496396635588
42.31123516875453
13.26466961287815
-21.3152236721968
-4.213405357640987
21.64494274624652
6.065120143924726
20.70608715910588
-16.13673250835728
3.184017545950195
17.10181831251943
5.178491165415293
-19.01699989235074
-5.099199128809194
20.75914897246205
26.8397151489594
10.61498102300596
-7.476649773892064
13.91780076480693
11.54035011824269
25.85834810189784
21.9210420436311
6.08056617773566
-0.9388555872931624
-20.30099591844233
8.665267837277218
37.49044513565989
30.7859306658013
-10.15431788907845
-26.49801449694515
-18.5640569057739
-34.40453277098445
-6.601614734772088
13.67591736823347
17.54289022488725
25.15906650615516
-15.84047586633492
36.10694713061199
27.80291803626738
-16.22473412589412
0.40535776087831
-27.39756027492677
-4.704711492931191
20.27753210306041
14.08051352217166
3.701781553294009
20.33187343947802
-14.38984924458719
-18.66356602326378
-3.235635159070577
17.3298095673158
16.63009188671285
-18.09163079708442
22.69284878327278
-3.002063874521544
-4.273716778313123
15.42793086390703
-39.96203212161507
-10.9999928161944
44.34472240535626
-3.263398841370093
31.51591562312717
-20.98955949685248
-7.273705618455669
-6.292949252075259
13.29173910801381
20.90902056585934
13.7158538785128
14.69661024828561
-25.69491265907117
-18.07763120171464
18.62100208131947
18.78522501437271
20.56544472650619
27.20196981890089
16.17699793946477
7.617281458122203
28.96203930433207
-11.02497188158141
36.69863328163981
-39.98701118369009
42.51590843880122
47.35883271944522
13.70095967199895
53.68797085607742
-29.0465655569202
2.629231717135407
31.67579727534648
15.57435966625915
14.64096701605117
-22.20185265293856
-11.88573381371533
10.31611884037742
28.96626375728266
-6.197018580479263
11.48314913816167
-16.01162530799619
21.37301087148519
60.94375329103872
-7.126737984987832
-41.11091621696071
28.23204338552579
-33.49473993088259
28.82517730073399
37.38463617814189
-17.48311462142465
-47.6930973217084
-39.13363844617707
0.4371039736279813
-1.763551397867096
10.05261370393374
21.79755576132057
8.559458876068025
-6.704514468055185
45.92954592386409
39.57074241991933
-17.44491163146824
-50.15662153612313
-32.71170990535447
21.36045178641108
-9.770918340353035
-27.95402696971268
-18.91867184327831
3.945239915063053
17.68467611329015
24.57938328460731
-29.54708263454066
23.08697775615108
-70.48733118882373
-39.38712947514911
-0.5210306837307853
20.55671510669805
52.63406039100568
-40.94024855459739
-2.530262645605181
11.81616510154556
21.95189560807703
12.48347350174979
31.10020171534275
-16.50791953664183
-16.3436966061181
-47.6081212494797
-12.82880678052516
38.86609879134715
34.87268395637323
0.1642229324289365
-14.18969379906322
-18.18310863264138
6.88805198978385
24.25148812104557
27.45559445443127
47.70149073527367
4.842924281137216
34.81071147944578
-3.993414835003509
21.07774579027219
-12.89077925455895
9.035355126275636
29.96778719781539
-33.65787304689225
15.68180836349736
-3.531753118630435
3.094249811954519
-17.81773195362551
29.72288896910679
18.39438125760529
-14.28597883545158
21.92613437866506
6.378103892895671
-12.37912273938467
-15.10494358397435
13.83615865869361
5.529199783417603
-21.22114649246397
-3.307332649326604
22.63652026054935
-17.96713835802476
-25.76842341382843
-44.66190517379461
9.442455580695416
-30.39191105693842
28.45853949192265
4.818967936685419
-28.07674454201629
-2.290514813387313
23.5452379267324
-18.89348176217152
35.21087899306133
2.315166515821931
-31.09293531326708
-24.15365856828235
42.21023360050896
-17.80641160644063
30.01078005384212
-37.50552567805043
6.347246963280456
-12.1994535488905
33.18431643247347
-1.665928076606015
-20.56021404379255
25.44367595149779
43.85277264131815
86.43964950168831
-37.16963604043424
12.30779836165364
-20.91198176512335
26.62863915811609
-17.29166009559195
20.18490068710995
42.58687686090379
47.8171916612278
17.36343613321093
15.01373614513623
10.13573050797242
19.72174188931961
11.74494205799774
-9.46842210385274
10.69414204381918
21.19940072560951
9.586011381037906
-22.50580758954897
-10.09569062204459
20.50123802684894
4.723733787420239
-18.41362584163577
16.25765427449832
-23.63957155467486
19.87797594579934
-4.913301566425489
-29.59945845811168
7.877102325194718
26.58956827038251
-13.30308239920032
12.7374626439728
-49.24014003162811
-3.071252118517532
30.62151978118411
39.50065210547186
46.23536193375913
25.42243363788161
46.16888791321188
-17.69928170368074
25.7862297295284
-12.27109724676601
-38.63841662949701
-33.40810182927074
25.83575274107098
-38.05732697598624
-17.31087269954679
16.38189920161062
-6.44373847072348
14.26122488888408
-11.32850771417619
11.5354040439303
-24.7912775132802
-11.92094201154502
16.29637606031265
-18.75722662992443
-6.020369639199045
7.458054764197605
20.77227214770656
10.93230984972198
18.71246594532395
20.70496335820002
-22.86568344870913
-9.537449755560839
20.43328188748031
-8.625873243815452
1.992497412518287
14.72935440395818
-13.85210562657755
5.002106671148872
23.85663816244898
-1.137262290991772
21.81568100547116
3.269378966730494
-23.90535112265495
-22.16175158777567
12.87033550279022
-9.453853540150778
28.21731807381973
-22.32418904361773
-6.710346891665598
7.192828779197865
12.73685699091269
-2.725820844121009
-24.99390045263456
1.046644591388611
19.90085688871119
14.76013327663967
-2.040957158335817
26.0405450439814
-21.02448929655142
20.74645427624997
-43.12171534179748
-26.36731938282237
33.69277190071759
16.75439595910323
15.61384215289244
-9.727247733336336
9.01454108738416
16.95267948872826
18.85421229728094
-5.140723612219785
19.20072026159258
18.74178882105744
-28.78439508109524
-19.84593904524753
-3.42767560098497
-16.27880895309847
0.7755320647003852
14.48782929789994
18.12557088817598
-20.01051521529151
17.79374184743038
1.077027204256823
-15.25983964158437
-25.19634754373272
-16.80109043481294
24.34144387405598
2.997619530516064
20.05196054657612
-17.5405891478354
-5.185832328441462
-18.54630203909705
7.293123837402211
19.79870996453183
17.18009087173474
8.851219980658538
29.80491763623494
-7.740640480975287
25.83942587685552
-27.17473008949259
-0.06512606145111841
12.62482676450049
27.0112503368871
20.58564286614907
9.312691468853485
18.25114750614382
20.95369765576307
-16.59186046507977
8.938456036569116
12.5055861276787
-25.90455193737889
-17.05722779318274
0.8582771060954194
28.65613436323667
26.73232712794404
-5.593186648905578
14.29372898041348
2.702550149489433
16.41826344502739
-8.041797479768725
-7.485474314341949
-17.32543661254892
13.27235752451901
14.31869161081541
15.52244921591751
13.71571329588059
7.96081610265017
25.17975443942186
-6.425607471739776
20.97520755555912
23.85282234114387
17.91550489931378
11.46404114385727
-0.4589314402236828
22.83993978942015
-4.289483327723305
16.76284609507124
13.060555492641
22.86391175727354
20.63414336910564
-20.77785325628731
-2.964989101534985
11.7516250637481
23.72616512376576
-17.57374692061838
4.112119103188041
-10.67903974869631
-2.349699990473801
17.81286415508579
3.204106335335112
20.16256414624859
10.50525868124124
14.71661416609968
4.211355484167433
17.59444388872388
9.276508662054335
-11.61338934339025
-16.3653877448529
-2.982299334815405
11.83712509555456
7.120001371432904
16.21961541289307
11.97454006045247
13.38308840535503
23.48538911880847
-19.61404602023559
11.51084905947508
2.494728384598543
24.65636400424106
6.894707172105487
4.092181753065182
-16.79771623661126
-24.7745160645747
-18.89428596720838
-12.15957613848319
27.10960402814827
1.743599534313194
6.734709828746641
13.90317567180363
17.22177753368958
7.938138401688974
-6.077093693078718
-9.77938429823163
16.00793509924166
16.28339539870151
27.40081503509435
17.21893833626991
17.05434101692957
17.35003882144463
-16.35714964964367
-9.872949678712228
-3.042932262816992
17.71489957659225
20.86947182141753
12.23582472706587
-15.88936549144744
-2.743850548478068
8.992552734518938
22.51907634076516
7.859270630067807
-6.789751445789001
14.8194244199175
-8.317935227040252
-15.77750424218372
3.254008135330471
-11.39501393105062
4.382490313581854
-20.88989800015933
-14.45412109333307
-10.81637949940138
14.97093990127956
11.41992892656306
-9.283639132441774
22.36048909050989
6.484199973080067
-8.306958876989711
13.31421738446508
-14.79115885039228
22.10877440460806
13.14551494398531
9.099614042929149
3.63774159194495
25.87405002151293
25.78731939879192
-20.54236697643055
-9.447037697154851
10.25596293330548
-5.087925358520092
12.61666064573655
-1.923807233968468
17.43830208308268
-14.36240538414713
1.101435226236847
11.09532928180171
-3.551010976333401
0.2754602998599541
15.45444161668678
-14.64634025601297
19.70300062914692
4.715769066812196
19.36210931981719
-1.729483098760096
-16.71671464673428
11.59875058772392
-14.98723155595037
13.32823369314842
2.360697708978589
14.23981021790715
-16.33686685392301
17.88274062192552
-16.1014376103778
-33.98417823245909
35.35878136977393
7.616176283673009
5.230314800134407
-7.976799831903397
-10.18187670239491
9.705038928032053
2.877614791047187
15.23237162459432
19.88691562939223
15.46384061179832
5.52733269135595
-9.936507911295388
12.35475682564058
-9.839962298095811
20.75783183913522
-19.33109110998873
-16.17651886388499
-4.183688994759176
11.95931376318215
2.882646696023753
20.33847876745893
3.154572246552497
15.14740211552351
2.250091690864095
-8.633647093934137
13.52798852648562
19.05916556042246
-20.69427965852884
-6.593211624642825
9.549791136684258
-5.515298346437441
10.62913794109959
-19.49052204952768
23.42115055806264
15.17898131440553
1.203757606439672
22.16163562000213
21.74633333009866
11.73640328383312
5.53117703598295
16.14300275908495
-12.89731042445016
-21.43636141947905
-21.31565412512491
40.54968526545499
-8.391787185599886
5.626628198025458
8.379165005605179
19.4498323817741
13.87135942137639
-29.05915513286105
-18.1091407187558
0.120707296337146
16.14443628985109
17.70458600076609
1.560149707994686
12.79201262014198
24.3892766492891
-10.00993004565153
-16.21515629415137
1.240675775499543
10.65079578030203
16.22605561011941
-22.78938753784847
-22.40785597387154
31.48054850783693
-0.1214981104777269
-21.74111271053685
13.52652360773046
20.66072582453196
-12.92710749622276
-18.50558045976265
19.81574366798732
-6.908316429210458
11.32153159742567
24.24539854349876
11.87911252194187
22.82912693922824
10.9500144165319
17.45583207155841
25.94385290993303
7.134202216055657
-14.65980570958917
11.07066737651494
16.81564615531778
14.98537983652743
-11.02259298951637
15.975279396678
22.66788943263935
1.04827482667791
-12.85285930824585
-5.578472961720344
5.744978778457036
32.74285116239032
11.59726403080154
26.99787238617428
-1.830266319115049
4.429654878394713
6.692610035941525
25.32302014250933
18.44807026456889
18.22984802283665
12.92386694279909
-28.04810719004093
-34.92305706760924
29.10920371981907
14.01841538373904
-18.80965069708803
0.6667432639382378
19.47639396142603
5.575259828875938
-31.60204662031822
-12.97163651565905
38.90074272220036
18.63041010666232
-14.64902207111903
-13.90113413453803
-6.874949877754498
51.87237923785925
57.15731090987899
5.284931672037801
