21.8148061948011
-11.4899697331543
4.122068029236607
-3.29960833400974
1.971762845531353
18.90812925456098
-22.49158190179192
1.364424339917136
6.312519284069939
4.588381922333711
5.713413570337098
-7.192743095914481
-24.69552831511528
21.4462247935479
-3.331926302935085
21.15074365977686
16.07236307494912
20.84729766136081
-21.51873073638294
-5.157576599994962
12.68035616501079
-13.27681321057148
74.48870224017129
56.71472110780832
73.5473324112603
-31.64459066151206
-27.8456566578108
-7.830488046410007
34.18464608610937
31.27804741908327
7.856513384678722
-7.360843989772325
18.18708212881641
21.82248388862363
-20.44766839370868
-21.43989741722506
-5.959374882210557
-4.480076618769083
15.77033649028819
20.9468256409615
21.14604197955829
-13.0909652956564
5.267727088834777
-9.455563530459814
15.8335233401326
-18.37109738891775
-29.05336790353178
-8.671421134583259
15.76350952177681
5.422402903024646
16.86417095018432
24.00347410423448
10.37882448664532
-5.078380584844968
8.786116729673671
-13.62464961771203
-15.21735737456091
10.3305687442477
10.16885067339646
-15.45720508979539
-10.68227051958582
23.7935002919472
-1.368392957760756
19.01355380686696
20.18567981962867
4.749753743224336
-15.90046419771595
-21.06094293369505
4.774934588514474
20.38194676821872
-19.69254996591266
-26.00487426149689
-15.87831489403133
4.064888618804105
19.58270787735105
-5.312518618027188
15.23214893204534
24.43493065459338
1.172126015508293
13.0669846054034
-14.22257940668673
-14.38429747976794
4.136112991667704
-2.942529432657486
24.07931649803345
14.18415240728596
-0.1617180716900035
18.35869239712664
-0.9922290249557696
-11.36794604742296
15.96759177721062
1.10066142882542
-14.13204272654038
1.491706154750409
-16.22661476571004
6.787392828295506
18.32254412464637
14.05053383818905
11.44176804730285
22.27057560434969
12.63457025830987
11.8948585882959
-15.43592607560927
-2.614057906922382
-9.636005344131689
-10.37571701926055
15.48052253310502
1.747665953696295
25.11652787527633
-16.58145278196221
14.90311249487732
-15.24862816310063
23.17983728686398
13.36444683115933
10.34700781336429
-14.61726193177235
-28.20083538037844
-16.16464665723283
-6.372632769701605
-2.379453604371542
-16.58604814765291
15.35707860159029
18.53998195179691
-18.32911873496114
13.15544653978636
-14.82432373164369
-2.784033304626176
10.25452195407841
-10.21341537858785
21.72971137169143
28.47018211961449
10.75186119848572
-17.29964114814417
-4.261085889184889
-10.24450881047414
9.510608338831945
-18.70126676262583
-16.46134001698496
1.332824618249195
3.504795003192144
7.212223213616269
2.2399267455073
20.03409138082753
-19.47915362657478
-13.43799472692653
27.94904258188165
21.02528329146348
27.30352910956307
-11.01857964190345
3.473597655155932
27.22958272274738
10.59368310301268
22.53144478829649
-23.13233137999089
-4.729069875863054
-14.20659454264461
-2.094572039143377
-17.10751912734518
20.91943555629544
12.82186816700689
-20.65021793977143
-2.900924585409927
-17.71832092048662
-18.95957378117827
-6.208250333047123
12.55882768485486
14.27013854085848
27.97944942803582
-15.01294708756579
7.616010500928158
19.65630092552772
8.419176624340452
-9.319957915139787
-15.00899662052497
19.96613501767603
-21.71908037192466
-2.658872102599922
12.04029042689202
-22.62500712121705
-11.23712430197193
13.03855525883199
7.055132337750355
-23.61014801588624
-0.5308069139381598
18.40107571497238
16.38335500187249
21.99659806317398
18.29225663984582
2.923764951162805
-17.73913453899802
-11.48593626806913
-24.66739899116329
19.75511714985902
9.800520418425227
-15.36849168856227
-9.954596732727138
12.75132344976471
0.3420036408310524
13.09093040060122
19.95988088955651
-12.74128369781353
-17.61736040429519
1.314522235766333
-16.60725042293151
-9.738299938114681
-6.650256991290649
11.57832932592425
13.82813188645169
28.51661864852569
12.74892675711234
22.70592018539063
-25.1690121068665
-13.08328733637327
6.868950486354599
9.956993430777812
21.28740968365782
24.01778734575117
-14.55843723552016
17.6554071510854
0.882019100020293
23.07934112186318
6.158129839050516
-10.47776977182416
-18.64535865596194
21.31662926579873
21.24600193603848
-2.886321122583495
20.47838887570865
12.08572477468133
-9.711563265397064
-14.40970121984879
-4.876076704210538
-21.79728803366666
-16.92121130272726
18.93188263428875
-21.32132500789482
-5.689038705620962
-21.94636112611665
-6.928264450124755
-3.42792196494919
15.63228630301496
-13.24331241554986
-20.81963059225681
-0.6250361205397864
-16.63589961087455
-4.698137944451364
-13.18146272371106
-27.26051466985606
19.94320350800515
-17.88931611286757
-5.734400536539543
-15.62956462540775
17.6934684214429
7.537586145191165
17.84904647254316
-22.54501472237398
-15.34252644504239
25.51763335659665
3.520906782838935
-19.69308537023633
-14.86693035012258
2.259751488562344
25.42690225982397
3.335875530605251
-29.89589851590853
2.876843726190423
19.12501397850955
-20.54711603522754
-2.017720715184653
15.75903753555004
5.613243063913933
17.77675825281948
12.16351518651789
-25.95716937558217
6.041158897986978
19.06020826870495
-9.815390451985897
-12.83282947446243
20.91019790752111
2.036209537770106
-0.6455134707054975
-24.47544492706026
-5.160478739694915
-18.87398837341195
-21.5557113731295
22.67347843641726
6.278245817655703
16.3611541365292
-16.39523262942968
-6.312324296421386
-7.576318176505573
-27.98170876373527
-3.632002532120244
20.19459447371645
-20.40539058743127
-26.51165447011883
-6.362380195509588
17.46421679710335
18.40326150835096
15.44045633554003
1.856882886567266
-1.724137347948431
23.82659700538432
15.01809667567208
0.9390447154704876
-14.07905195418588
-13.58357344919045
17.12668183978729
-21.1044811072806
-4.166191780340854
11.97796230957494
65.29242006925949
20.79746695692486
-3.581020236045819
-2.455988573588698
12.03618872418206
1.125031661791029
14.49217729739442
16.9382893248812
-0.07062733103486964
41.90194806729752
9.677049065034209
25.28908684919367
15.51781925455794
-9.895164089807878
23.42786896000866
-17.69273816556419
2.851929362601004
18.86343323250806
7.910049700615234
-4.350558935657025
15.6120377732753
-21.99672658618683
-13.80337335171201
3.798934003700838
20.54466755286623
-10.95338353879329
8.193353240409426
-17.3606688891651
1.786067915280782
19.38837529666074
20.33393769534421
-5.32509357006122
-17.20509083386855
19.14673679878322
0.1555780542988659
17.60230736134739
0.945562394971173
20.01516861785063
-41.83798212529943
63.90773073167368
-39.24655090301667
-21.55034537822731
13.67701500212739
-12.8089596903864
-22.89786552043759
-0.9946118201442777
19.46054608902426
-23.836089800555
34.91017939925341
19.06960622399658
32.26950577975767
-25.65903126432203
-11.02713011121186
42.01513413449684
13.19989955532395
-21.30579528650911
-4.211418666256717
21.63227688242499
6.062151451731634
20.69405260388076
-16.12930613831423
3.182903351716604
17.09437661811067
5.176489149961374
-19.00825000336178
-5.096776739926468
20.74691880548888
26.82348154612431
10.60931761808265
-7.473098704120815
13.91147326488415
11.53515129881306
25.84369554606732
21.90325369839816
6.07656274193156
-0.9382242786878132
-20.12931106776909
8.529156103567955
37.23933193191426
31.86235719225128
-10.48599999475942
-26.31085067936673
-18.46317916485839
-34.28987012064255
-6.584983540997775
13.59390217404921
17.44161205444144
24.98544671301724
-15.82669095694197
35.90479121924923
27.70488657967254
-16.21416392794061
0.4028241582207822
-27.30206242095437
-4.684451042643348
20.17888571507471
13.99734610104064
3.699647172815577
20.31663525828651
-14.38276915022002
-18.65477943679475
-3.234157694832262
17.31685266575611
16.61698808605998
-18.08241632232826
22.61761137955869
-2.999782594845169
-4.272010286296088
15.42062174159304
-38.48217854437131
-9.644150197555167
43.09415266276162
-1.911292231068799
28.15542471178355
-20.97853021200252
-7.269219322163681
-6.290043455054777
13.28179103837654
20.89573611909137
13.70931088999044
14.68848676041557
-25.61739397565109
-18.0034488953585
18.56743742079279
18.68179714292796
20.55101036061917
27.18577957507841
16.14415408825048
7.613945081029882
28.83802834569847
-11.04162548893906
36.57088631472713
-39.87965383238206
37.79957490879072
46.66657797242173
13.43480392483973
53.31445775757746
-28.8152345815813
2.591431222282214
31.40666580694204
15.44963331004618
14.63190115262971
-22.19145759137244
-11.87999726303135
10.3114603291173
28.65846717292671
-6.181539613598723
11.39154453918392
-15.89953055193341
21.34646581578724
60.89824107042378
-7.057049825277645
-40.71028785292992
28.17031055798548
-33.16645318959983
28.71017583071625
37.24599636635966
-17.26692263607044
-47.6508948414122
-39.11507430770378
0.4367009471754704
-1.764518785035085
10.05353865603903
21.80030296529817
8.535820534282271
-5.376974737841818
45.88637605638348
39.55177525500582
-17.50278521921681
-50.23071572954557
-32.72793051215348
21.36360201515156
-9.773658383287398
-27.98595859212749
-18.94351890930106
3.946510764085249
17.69024509190574
24.58661990722835
-28.01353532602205
23.24981546693748
-70.36189251239018
-41.2956580172791
-0.4373865407293153
20.71758566676433
51.2633507932943
-42.34835718670344
-2.532229796306419
11.81805744070547
21.95497819359147
12.48464949293737
29.06623449675508
-15.93921040238633
-15.82485068283287
-45.00544489661146
-14.93872794924875
40.85827147645417
36.90848051049137
0.114359721483598
-14.26250924779348
-18.21230021232051
6.892462958079322
24.25925041466705
27.46390347592878
51.8472084580903
8.867003064149818
38.93948198134118
-3.949790965969396
21.15497220731493
-12.90772647545514
9.042439682604938
30.07247891667262
-33.23177404699882
15.78913844654261
-3.526277748344844
3.092103500139898
-17.80961821910041
29.76136877973285
18.42388840506327
-14.28334047123771
21.95016615586549
6.37970341968021
-12.38186699622082
-15.10974195216253
13.83897386011327
5.530367188875977
-21.22254883942731
-3.307516246692601
22.63809473323527
-17.96849205714005
-25.63847490461106
-44.49495311521832
9.348782479187534
-30.21309627510378
28.19812086884876
4.77416110773323
-27.90662124333631
-2.27075168294919
23.31818146618212
-18.85647821277664
34.98725738230505
2.306475032634101
-31.02986983194481
-24.13232305981412
41.97257539993435
-18.20176580819363
29.79918378512593
-38.12068456203492
5.930557253022363
-12.17339161699878
33.21607535073336
-1.669247453910145
-20.43492309526563
25.46429578976876
44.05124181500663
86.82414562249348
-37.14989197264742
12.3226722715141
-20.90172171875793
26.66926528051222
-17.30046683794374
20.21394924175874
42.77290380816097
48.00094959422905
17.36678745862116
15.01687928687655
10.13692075462004
19.72459200504528
11.74676431015147
-9.470328697963248
10.69594969161748
21.20291700884231
9.587671248253256
-22.50869217537353
-10.09680077111484
20.50345036901557
4.724051717877744
-18.41592202716508
16.24817025310445
-23.42395976058366
19.84942513564588
-4.879939403867446
-29.62313911025456
7.891276969997415
26.63308752674965
-13.31983564408636
12.75775653436437
-49.14603588828376
-3.066434500390887
30.38551179237106
39.18215138279205
45.87404630515741
25.41751447560451
46.07960138829076
-17.77398113278229
25.63586956125364
-12.20550634473641
-38.56439065059767
-33.33634486472534
25.58893315005593
-37.84137590564832
-17.17928899033333
16.2726573056699
-6.455316038397457
14.28042425161179
-11.3374803773726
11.55254929541242
-24.72936454056117
-11.91871272896744
16.30330346718157
-18.76157041319062
-6.021475846037076
7.45927043836195
20.77548489564296
10.93421829331821
18.74181055696376
20.7357402885118
-22.87094053390019
-9.540300753262292
20.42927428886269
-8.628037684742276
1.993929731130466
14.73402429857678
-13.87533099246715
5.00407614490616
23.89071042549623
-1.139675861028664
21.84926198800149
3.272067397936699
-23.92630449134302
-22.20945212121686
12.81065181264121
-9.31627584507876
28.22201619790015
-22.1269276584277
-6.638393145887571
7.152239939847341
12.74009456716507
-2.72787495540458
-25.0303862856897
1.047205893929302
19.92661303075546
14.78322124393864
-2.041448438599177
26.0775921796296
-21.06977626060971
20.66208691506667
-43.1914956089347
-26.35888430590071
33.45194629500197
16.83261130303448
15.48853451359253
-9.729948153951693
9.016507453617701
16.95569413871756
18.87940713683689
-5.143391786785113
19.2056447103049
18.74645560762097
-28.79801234012449
-19.85294965376231
-3.42849781617512
-16.2852034115553
0.7754800172235451
14.49003135051021
18.12818366109495
-20.01058075633859
17.79677932895883
1.077796986382925
-15.26014373132674
-25.19719514685871
-16.82466968218523
24.34903649695828
2.99803741834489
20.05872084620223
-17.54370491251387
-5.186614390520362
-18.57719459007409
7.309898170843316
19.82270709942024
17.22425187796721
8.869443456913606
29.85151959998902
-7.751779560964214
25.88709276092688
-27.1983718893905
-0.06482864575935265
12.62726772202208
27.01642261184035
20.58981148497551
9.330698368655517
18.27576105630489
20.98207614329106
-16.62122302640156
8.945062687005825
12.51280892888962
-25.9519214035805
-17.06012297887066
0.8584061862632097
28.65935600116282
26.73529014606536
-5.594235469752369
14.29545305176919
2.706315086978258
16.4244518376196
-8.042745344636234
-7.48641471105563
-17.32768131341879
13.27393417553423
14.32032623115898
15.52423520086875
13.71813675032347
7.962543765766148
25.18402425570432
-6.426611129677689
20.97789589862545
23.85600623957902
17.91852916662874
11.46588750660131
-0.4591891027902564
22.84282702483678
-4.290315650623956
16.76493355011787
13.06238799146787
22.89002967199018
20.64010914264084
-20.78198262950565
-2.965612417544022
11.75342744816896
23.7295637792147
-17.57732956564757
4.112805890205183
-10.68095474920036
-2.349908174306958
17.81637021252408
3.204653063295297
20.16627838782951
10.50696731519189
14.71903986673765
4.212072550040185
17.59696912685178
9.277847852870513
-11.61524575761042
-16.36745325451762
-2.982556664572614
11.83829587743622
7.1208105177181
16.22130246515072
11.97613633103298
13.38489657787834
23.48826377831665
-19.61675788922705
11.51212745068908
2.494994959855206
24.65894319403811
6.896374816058486
4.092770161651862
-16.80032340934875
-24.77815109673633
-18.76567564142081
-12.07378071797331
27.13354324374147
1.716852370085313
6.691894923512304
13.79063308678703
17.2241226520608
7.939186684897495
-6.077893474000821
-9.780439034240109
16.00958028446267
16.2851781022053
27.40450704794559
17.22148048868088
17.06068342831828
17.35270364240276
-16.35951860345777
-9.87436464066726
-3.043304142345062
17.71704474424069
20.87196782562143
12.23738821149121
-15.89089709166747
-2.744081352930649
8.993361962572241
22.52101957603308
7.860043760471509
-6.790405133635971
14.82085251550073
-8.319121275068003
-15.77939865830348
3.254056784540693
-11.39639208623819
4.383006577962513
-20.8930935974317
-14.45571962668158
-10.81756731035852
14.97245201176763
11.42116432970596
-9.28493596817909
22.36307157548787
6.485153964443793
-8.308606672839524
13.31621445858871
-14.79376063781071
22.11175284983182
13.14681574128846
9.100491951082503
3.638152312599252
25.87688395935943
25.79001931956854
-20.54439276636738
-9.448028957740098
10.25669407113564
-5.088323680718546
12.61787414854143
-1.924065852161634
17.4396281966186
-14.36390295232936
1.101687449649921
11.09636381386189
-3.551287685033611
0.2755978181337282
15.4560690808532
-14.64765149257348
19.70472302563121
4.71604257277173
19.36369405673999
-1.730301935904129
-16.71898235149102
11.60033782782263
-14.98868043569462
13.33063978063797
2.361180068735729
14.24290288215598
-16.33794073858695
17.69620552760541
-15.9570324999739
-33.65323802820725
35.22736038180892
7.543834660952967
5.228045785832691
-7.977827697161174
-10.18302656768415
9.706661957521641
2.878110355123634
15.23520091377637
19.8896885220564
15.46559040525017
5.528538942593126
-9.93705143909458
12.35709053822524
-9.841266602343998
20.76034888658795
-19.33305109789071
-16.17812801220201
-4.184126685371018
11.96043085469005
2.88291929344659
20.34030128263997
3.154923084396263
15.14892441416283
2.25030102455394
-8.634579613463103
13.52936862264766
19.0610473052611
-20.69635984107201
-6.593827471411661
9.550730075221162
-5.515888586981547
10.63013728799672
-19.49245086385026
23.42331498483621
15.18047125918111
1.203908972083035
22.16394823544374
21.7482328899322
11.7374433166735
5.531678683152666
16.14455754256975
-12.89862339037306
-21.43975181442261
-21.31776614173925
40.50049537096335
-8.393175878400573
5.62525458686158
8.379870430634369
19.45133654241554
13.87258490953442
-29.05731197766693
-18.10778394553135
0.1219856776376181
16.14602588006882
17.70619782003796
1.560171932721727
12.7931777037351
24.39142282419726
-10.01078957186534
-16.21655420657087
1.240827780316242
10.6515808187714
16.22714181144305
-22.78998878540352
-22.4081727442993
31.47993684355687
-0.1216779944024983
-21.74158429664448
13.52765761681199
20.66237038781713
-12.92763813416502
-18.50638977266304
19.81640127820939
-6.90814464923094
11.32162500239415
24.24621528209171
11.88172284641813
22.83125088626225
10.9495280379041
17.45738198885411
25.94561098009946
7.134712769421221
-14.66097581270066
11.07146611191159
16.81669997948519
14.98631403309379
-11.02313525225866
15.97567029357968
22.66831080407061
1.048404487076145
-12.85352119739572
-5.578751634575394
5.745233867443409
32.74403940845167
11.59824512414804
26.9988055456442
-1.830385946474337
4.429814010518378
6.692640510296966
25.32241126727812
18.44824448222138
18.2297696423333
12.92459027151814
-28.00107400020812
-34.87524078448969
29.09564097321564
14.01843046544702
-18.81089821879029
0.666588449374099
19.47748666900549
5.575560990940826
-31.60161484311472
-12.9718440910104
38.85349970295049
18.62977075725948
-14.65044888244322
-13.90192568313429
-6.874166784668988
51.82534379396086
57.0967149734628
5.271371179539785
