21.81361049385701
-11.48951194215385
4.121906528897908
-3.297987214302691
1.970141725824289
18.90891702668848
-22.49226553385894
1.364481687068678
6.312195945282954
4.588152774962035
5.713136007450124
-7.178802972403445
-24.69676870813331
21.44688199243109
-3.33212684232784
21.15027656387782
16.07215236145244
20.84690660261879
-21.51861721549195
-5.15731768070553
12.79560415401183
-13.26107698428422
74.56472266816785
56.77702484907026
73.62518775473502
-31.63642967320336
-27.83843332617045
-7.828203139600267
34.11827826438957
31.27608003601253
7.856230516673956
-7.360980723367154
18.18617356582943
21.82075165464532
-20.44649006991729
-21.43865577399827
-5.958983292019763
-4.479814169071045
15.76932257268033
20.94541363012845
21.14518456194372
-13.08990647633448
5.267620771591276
-9.455328381367343
15.83287287880508
-18.37073467310023
-29.05279866643449
-8.671186403067829
15.76283748529102
5.422311895145054
16.86340130497477
24.00350344763384
10.37869399841641
-5.078124202437225
8.786292207470952
-13.62480944935089
-15.21721124016293
10.3299430492775
10.16823711775834
-15.45681822176511
-10.68206399907251
23.79304656818622
-1.368398767804097
19.01321349048446
20.18528012009932
4.749634606921891
-15.89999971886128
-21.06042078802254
4.774754243603875
20.38161226245206
-19.6920220087325
-26.00422428348471
-15.87756379407849
4.064626250738939
19.58123816699781
-5.312311658727078
15.23112545429301
24.43402388657658
1.17206663267608
13.06649078742278
-14.22169974520889
-14.38340567950412
4.135827518464067
-2.942316270077984
24.07801755602703
14.1833958514468
-0.1617059325961947
18.35752726234163
-0.9921657053900494
-11.3675330973712
15.96667590300741
1.100563820341196
-14.1310949000583
1.491594076857993
-16.22553340865768
6.786940015176487
18.32101956021634
14.04933954157837
11.44108940980677
22.26979153820549
12.63420962717764
11.89442415292511
-15.43564551224471
-2.614025824323417
-9.635581908993213
-10.37536738863084
15.47967248017267
1.747604443657155
25.11525438723775
-16.58103816637439
14.90239308491754
-15.24823544912108
23.17937552654264
13.36417564140084
10.3465502489458
-14.61692132101573
-28.20008506499277
-16.16377261281914
-6.372238065813373
-2.379304124340426
-16.58509936590213
15.35606779786744
18.53873079209335
-18.32864260925432
13.15478863981518
-14.82393673032455
-2.783949198383549
10.25405003985495
-10.21286130058211
21.72830586399277
28.46831431537882
10.75118682906157
-17.29890774097989
-4.260908502315877
-10.24402586093989
9.510069977615828
-18.70087543657349
-16.46100441207843
1.332802716717052
3.504705878786706
7.212058466988328
2.239871024333554
20.03367815323291
-19.47876269313937
-13.43757585868087
27.94779336432834
21.02416938883393
27.30230434180587
-11.01836593808133
3.473757339064931
27.22887239364584
10.59343210613091
22.53088324619111
-23.13189249502501
-4.729001028077148
-14.20579524106814
-2.0944385084868
-17.10653384017015
20.91803491663442
12.82161968597764
-20.64963432466037
-2.900738599722857
-17.7171274856282
-18.95824433819057
-6.207858177055432
12.55774546610519
14.26881931284854
27.97688971769982
-15.01209533117244
7.615848756011494
19.65583628532336
8.418977510946897
-9.31976222671212
-15.0086772410142
19.96571028807937
-21.71863371749658
-2.658815708068211
12.03998753179775
-22.62452599698677
-11.23685877514347
13.03799923845131
7.054881880198248
-23.60970584659794
-0.530764941431463
18.40044800756285
16.38283378024804
21.99579358193689
18.29174065547815
2.923686482241338
-17.73873973711549
-11.48570952560205
-24.66685243634124
19.75409583923549
9.800179090160219
-15.3680541731385
-9.953916750467764
12.75038616287028
0.3419720252747407
13.08996897798175
19.95843980283357
-12.74084589334793
-17.61678939565102
1.31442356592707
-16.60599506868682
-9.737524248092585
-6.649689098361629
11.57735968571124
13.82698839535656
28.51363791075482
12.74799694972565
22.70430291647214
-25.16823326320008
-13.08281791593521
6.86847082215832
9.956305969420841
21.28694935923961
24.01727645441143
-14.55792249205521
17.65503015504556
0.881992169667231
23.07894092794723
6.158062297741778
-10.47737797964099
-18.64401623937599
21.31488393554281
21.24173333295705
-2.886076408702909
20.47667749170082
12.08541535196197
-9.711406838424026
-14.40939600868486
-4.875943499615779
-21.79682218317859
-16.92087865298572
18.93121295512686
-21.32088175290933
-5.68891501434076
-21.94590177201017
-6.928112696907616
-3.427851268643331
15.63196673934071
-13.24305114820616
-20.81919091823572
-0.6250200217287756
-16.63544027738263
-4.697989158857834
-13.18114291158073
-27.25988428076789
19.94219003929532
-17.88819522556462
-5.733973487779572
-15.62859519057977
17.69198950491035
7.537032571807466
17.8475334905403
-22.5428609197434
-15.34101511895046
25.5145226340119
3.52056751467295
-19.69112780866466
-14.86611208438297
2.259600036070089
25.42522779924047
3.316878661700496
-29.82914515392698
2.880324682444945
19.12462533296416
-20.4992227427613
-2.01761422972493
15.75793983314241
5.612959804683005
17.77555406527747
12.16259425788279
-26.05668113829591
6.041186832329847
19.05981800875589
-9.815199880928812
-12.83282527860634
20.91029893746461
2.036286829614113
-0.6454890206741976
-24.47403602563561
-5.160421073411101
-18.87401211194551
-21.55578795233452
22.67350181464789
6.278134952456405
16.3612995349469
-16.3953668743734
-6.312202275708893
-7.576139769749314
-27.98109696334749
-3.631919203680678
20.19417089885141
-20.40495719387859
-26.51032286124851
-6.362246300343937
17.4638437870932
18.40289147178841
15.43991466172195
1.856750917315052
-1.724043154534129
23.82609010201853
15.01778907474008
0.9390476895355244
-14.07874137834537
-13.58316374465284
17.12571212148722
-21.10100035854087
-4.164722129185551
11.97276061648544
65.20381734339712
20.7609162827438
-3.58079407359825
-2.455810824565465
12.03631245337379
1.12498324827477
14.49212327751906
16.9362782273048
-0.07315060384805638
41.86191664436865
9.676782739839167
25.28820123576065
15.51661191162215
-9.894621703690243
23.42596299500087
-17.69170396495873
2.851733123058231
18.8615826389
7.909351077855645
-4.350112701693472
15.61141848348674
-21.9939551335571
-13.80154035052746
3.797996347032456
20.54343711624827
-10.95223156888463
8.192414789817743
-17.35882910520491
1.785817282297111
19.38535400951599
20.33098250275978
-5.32448054917346
-17.20328511499369
19.14464638109224
0.1555439891493028
17.59953670434793
0.9456284889833365
20.01023019396498
-41.74336269468307
63.9447402265027
-39.16065752846874
-21.50709761480343
13.69225077366545
-12.80523803190651
-22.89257326889727
-0.9933111233950164
19.44439899489361
-23.83069404272434
34.86321782932603
19.06460170623836
32.24963702713717
-25.6554630508794
-11.02545601178111
41.94648140626234
13.18503532042086
-21.30385859148484
-4.211014815916127
21.62966575746954
6.061537946911261
20.69154498523137
-16.1277675366512
3.182662995676736
17.09284377340216
5.176091056645047
-19.00646629568416
-5.09628552090152
20.74439504906471
26.82007207524602
10.60816137965224
-7.472386747623745
13.9101807762747
11.53407954758249
25.84068057062425
21.89926214359365
6.07567702749111
-0.9381207723797744
-20.06761629164603
8.522965874867991
37.20613569826915
32.06274949763277
-10.53453031934418
-26.24164672413555
-18.4388428941061
-34.2624280095266
-6.582135557443137
13.5743399693275
17.41768605852422
24.94556053719523
-15.82358511658629
35.8565289525793
27.68029245210464
-16.21191069548284
0.4026318794723366
-27.27766057212653
-4.684454980121951
20.15647552679183
13.98244509185383
3.699219572892671
20.31376214713318
-14.38132855517963
-18.65300857387161
-3.233864323455934
17.31441855203847
16.61454257484386
-18.08054812738617
22.59320559324519
-2.999343597398803
-4.271680018433421
15.4191442500265
-38.24063264638597
-9.621312087221972
43.08523685834163
-1.688986472709661
27.91042755538799
-20.97639860177362
-7.268328194277713
-6.289749091479158
13.27995468113745
20.89033091683575
13.70807040765599
14.68664951375263
-25.59254919188415
-17.98217295659217
18.56947321994706
18.66690007121363
20.54828287550416
27.18008000923912
16.13748274401378
7.610376236022488
28.61932055803933
-11.04259726732831
36.55164617510796
-39.66191782310447
37.53173964205541
46.71516271807
13.56913890136022
53.23105672481262
-28.76144608856889
2.582705166213662
31.34415125828232
15.41881883423151
14.63000703870925
-22.18930548504681
-11.87880456513298
10.31050092060128
28.59058216810998
-6.174030434496492
11.37122056807787
-15.87498698840714
21.34004521831893
60.89054137999201
-7.043330731214541
-40.62222307581367
28.15601766049653
-33.09434859240081
28.6831698257756
37.21503220535989
-17.21936160236542
-47.64585938781187
-39.11399701017633
0.4364991517377048
-1.764506822612232
10.05385715387334
21.80114102428073
8.531862378218127
-5.143386198811157
45.88135256520223
39.55049616204336
-17.51796573574582
-50.25248945283656
-32.73452371918044
21.36464186917436
-9.774227630597856
-27.9923844309205
-18.94851161712442
3.946781476705317
17.69147369589143
24.58823271129303
-27.73093625537322
23.29380250736539
-70.32821607169687
-41.35853598864325
-0.4137662513600865
20.76124610920456
51.02473876307842
-42.5972798166638
-2.532556394289809
11.81836397609025
21.95565434224978
12.48489591290737
28.9696800846918
-15.80454325168306
-15.70711640301072
-44.77422333383894
-15.1748093012182
40.94476973718178
37.00810911484092
0.0974268506084329
-14.28149618295426
-18.21815680384979
6.893516175980319
24.26092383113881
27.46570132721276
52.1829184144034
9.183423076539523
39.27217619049146
-3.936660622341883
21.17501236038069
-12.91074222261187
9.043872813559691
30.08875311342715
-33.14602381611963
15.80774666990837
-3.524779254088754
3.091520824253406
-17.80578569822085
29.76897405597435
18.42983577741824
-14.28100644462032
21.95461503397103
6.380066190433338
-12.38246267195633
-15.11082248870742
13.83962150920233
5.530628743786766
-21.22286823915581
-3.307559902682197
22.63847396865163
-17.96880645710737
-25.60009227235672
-44.44290106352884
9.329922409664807
-30.16409498448856
28.14546712144602
4.765919696556615
-27.86022290707188
-2.260636525051725
23.27211938229396
-18.84280879333282
34.9300146805206
2.303872078275492
-31.01010585310852
-24.12780974284395
41.93506724981054
-18.26332823184753
29.76777019437818
-38.21927539610974
5.864481512389578
-12.16729705761477
33.22165905563035
-1.669909244887379
-20.40601817195886
25.46767749987375
44.0837569084397
86.88626473972396
-37.14160717406225
12.3255244650744
-20.89730652198573
26.67745323262989
-17.30119746716617
20.21973840183717
42.80250783199152
48.03109842712668
17.36740765721171
15.01745230479506
10.13729036796244
19.72537257515958
11.74728387136562
-9.470758426600792
10.69638216323098
21.20375164559331
9.588082204587158
-22.50934988812418
-10.09705327151484
20.50397145184683
4.724121352948246
-18.41644571704006
16.24430065129803
-23.37954742436479
19.84040970783452
-4.873347740344832
-29.62672193302095
7.894213936518449
26.64219513992398
-13.32289609827994
12.76192255048169
-49.11926487804543
-3.065143112177688
30.33050826678733
39.10787809492683
45.78975809303572
25.41316312396926
46.0541217663375
-17.78769781958244
25.59958638287875
-12.18987048750421
-38.5425685264383
-33.31397793152197
25.53275590826381
-37.78945687003327
-17.1484982246709
16.24715315796165
-6.457714830419577
14.28451462885882
-11.3391382812659
11.5561548118759
-24.71375744922538
-11.91757702877512
16.30382583566501
-18.76252885959583
-6.021724020591773
7.459555316587282
20.77624063263888
10.93466543781724
18.74798120363488
20.74222945775946
-22.87216243444575
-9.54096619784295
20.42838095686086
-8.628535323717566
1.994248253692799
14.73505309289027
-13.88027258950395
5.004512542843566
23.89737951153152
-1.140149971599749
21.85584967353322
3.272493467819117
-23.92985726152441
-22.2194228097898
12.79618042149597
-9.285602750995411
28.22140286614238
-22.08178317320639
-6.622533347115452
7.142130030085151
12.74080483897418
-2.72835981619757
-25.03752948229022
1.047289167711486
19.93207429947776
14.78812502099418
-2.041529839042787
26.08481865002494
-21.07927283876498
20.64095864509989
-43.20086094417249
-26.35269803896135
33.39565138149732
16.84816290518181
15.45924982717122
-9.730540550269829
9.016956220732476
16.95638945766663
18.88478513178967
-5.143949278409449
19.20674398249932
18.74749677098669
-28.80086446268438
-19.85445461239927
-3.428682894544905
-16.28656323622209
0.7754738014460311
14.49055129526089
18.12879973723305
-20.01058511354621
17.79744738190409
1.077979953086955
-15.26020848506664
-25.19738206787488
-16.82965485963955
24.35069326068875
2.998150604068806
20.06018764100785
-17.5444353371805
-5.186796954328928
-18.58335620564158
7.313504235849107
19.8278054625249
17.23331146947216
8.873243442142266
29.86113954052229
-7.753981555756265
25.89686044141834
-27.20235072945495
-0.06476398473792762
12.62782807105042
27.01760555456383
20.59076461460606
9.334399405207353
18.28080925674228
20.98789609860251
-16.62722500761519
8.946409850910046
12.51430122693291
-25.96162442253895
-17.06079907344076
0.858435114356616
28.66010994007747
26.73598516838116
-5.594481269303954
14.29585744910091
2.707086841881155
16.42577171771475
-8.042966147679106
-7.4866325611506
-17.32820775596781
13.27429283954686
14.32070241758086
15.52464317612417
13.71868487536024
7.962936546794205
25.18500267505432
-6.426840943196457
20.97851971997868
23.85674721848828
17.9192341896352
11.46631780112697
-0.4592472117173724
22.84350673942448
-4.290505619460463
16.76542763202706
13.06282031486002
22.89529309235639
20.64145123407029
-20.78294625159506
-2.965761020297084
11.75384240770911
23.73034473264083
-17.5781687528508
4.112964482723118
-10.68140973620201
-2.349955355017406
17.81718523191455
3.204777498127373
20.16714058800339
10.50736947998048
14.71960342907969
4.212233947402225
17.59754739966366
9.278154933656351
-11.61566943760524
-16.36792788927978
-2.982614422086267
11.83856026294118
7.120995902199496
16.22168860600599
11.97650232481374
13.38531345339119
23.48892379839642
-19.61738025026705
11.5124214775256
2.495057383613152
24.65953676873712
6.896759016125357
4.092904186476656
-16.80092013973086
-24.77900883504356
-18.73610892714697
-12.05422892780189
27.1375867448279
1.710434451816535
6.681879999420077
13.76466337828051
17.22467484307525
7.939433236602947
-6.078079106808991
-9.780686425299091
16.00996684754674
16.28558945867767
27.40536068560263
17.22206612682536
17.06203703730381
17.35332593445064
-16.36007432653441
-9.874692878332226
-3.043389006530366
17.71753639403293
20.8725381000256
12.23774475912588
-15.89125024739906
-2.744134961461539
8.99355009539763
22.52147262189428
7.860226061622945
-6.790557531489358
14.8211746547453
-8.31939246726235
-15.77985010710103
3.254061784622009
-11.39672178190538
4.383128331903602
-20.89382435638737
-14.45609296284974
-10.81784451464965
14.97280876167072
11.42145708741669
-9.285241607623039
22.36366856489804
6.485381449738959
-8.308992766991571
13.3166853174419
-14.79437421730611
22.11243763485928
13.14711528885013
9.100692707968795
3.638248444067985
25.87755005355666
25.79065327360544
-20.54484593691163
-9.448250427907229
10.25685170423605
-5.088407533153371
12.61813710087829
-1.924124768382026
17.43993137993528
-14.36425249429081
1.101742908232207
11.09659551487587
-3.551351677544328
0.2756226115202277
15.45643839812334
-14.64794718511133
19.70510212844422
4.716108982306503
19.36405615749713
-1.730474335512384
-16.71946743899093
11.600721881771
-14.98899312643859
13.33119623660286
2.361285386744536
14.24362714842344
-16.33818846203816
17.65355991688178
-15.92533242755014
-33.57889234517106
35.19934839009001
7.52787448104199
5.228590594889007
-7.978088706457701
-10.18329456833695
9.707044154356565
2.878227514726563
15.23586593952757
19.89033871904759
15.46599540623016
5.528821769522605
-9.937173609757961
12.35763840143026
-9.841575194819454
20.7609254006305
-19.33349975059506
-16.17849803958214
-4.184227291713679
11.96068780070611
2.882982648015682
20.34072414894368
3.155001709311152
15.14927246084166
2.250350335738698
-8.634793340174072
13.52968604714815
19.06148068699845
-20.69683008191342
-6.593967186463778
9.550947913276543
-5.516014304854572
10.6303571728042
-19.49288931500877
23.42381794168655
15.18081578280203
1.203940761160133
22.16447938659661
21.74867407372943
11.73768505810847
5.531794640035389
16.14491509524921
-12.89892212609605
-21.44051815412477
-21.31824187843676
40.48872516381579
-8.3934868076895
5.624930434551835
8.380036351240706
19.45169181102275
13.87287002831113
-29.05691628522792
-18.10748433967498
0.1222762813409771
16.14637148340186
17.7065446234626
1.560173131796764
12.79346077665141
24.39194689145289
-10.01098901404448
-16.21687943342807
1.240862065070884
10.65176654165457
16.22739849884255
-22.79012851598064
-22.40824211172576
31.47976344443326
-0.1217175292384932
-21.74169410290952
13.52792253028675
20.66275555255081
-12.92777060043907
-18.50659238934951
19.8165590381483
-6.908106271209836
11.32165438223718
24.24640947164949
11.88234179937401
22.8317737537011
10.94943195210631
17.45774150048003
25.94603387153232
7.134833020483108
-14.66124655699849
11.07165545986192
16.81695130891994
14.9865364357527
-11.02326764136627
15.97576614925957
22.66841100164509
1.048434411141553
-12.85368251299824
-5.578821784493399
5.745295848978436
32.74432963417031
11.59848611896545
26.99903379039059
-1.830414873193116
4.429850441019225
6.692644852150464
25.32224513310653
18.44826769061493
18.22976064286458
12.92475508007982
-27.98981728807816
-34.86379472970061
29.09235826514794
14.0184172424426
-18.81120086031338
0.6665480107976814
19.47774887205592
5.57563195527153
-31.60148097956764
-12.97188070418562
38.84216590900127
18.62960028127774
-14.65078357981987
-13.90211692257837
-6.873977442056804
51.81404661318691
57.08217555326996
5.268128940125422
