21.81206343929765
-11.48895761078435
4.121711423607518
-3.295437622176036
1.967592133697656
18.90985406387837
-22.49289369535808
1.364548474492909
6.311677110560237
4.587786156744596
5.712691092122539
-7.156745668490805
-24.69799577131104
21.44737383151551
-3.332375832251487
21.14981937403221
16.07203007180686
20.84656811599301
-21.51875660195795
-5.156987198633799
12.95645781086642
-13.25333332575821
74.70759101244926
56.89250717965271
73.77032078100711
-31.62484859742904
-27.82817254319786
-7.824829231761031
34.02270119149163
31.27345199552472
7.85588954070176
-7.361283324658271
18.18500297693494
21.81836233750035
-20.44494667343526
-21.43703142540102
-5.95846434502495
-4.479471080523192
15.76799210277924
20.9435463061752
21.14414005911317
-13.08844902593186
5.267523854403314
-9.455089658024507
15.83207807863815
-18.37039567675161
-29.05227647256486
-8.670929117245667
15.762011600897
5.422242185434614
16.86244437451734
24.00385508418051
10.37862949768823
-5.07778930222911
8.786682218679982
-13.6252255866424
-15.2171728655006
10.32911343637391
10.16741227393539
-15.45641882490771
-10.68188080275082
23.79263786202697
-1.368424307011862
19.01292304204523
20.18491308759994
4.749509395737505
-15.89948368203059
-21.0598857240285
4.774538047147066
20.38134735411575
-19.69146140324062
-26.00355531481761
-15.87661620908986
4.064275116751711
19.57925822405982
-5.312061951351732
15.22976462382744
24.43294071633569
1.171990049108052
13.06589677845306
-14.22052909056527
-14.3822302566331
4.135443808461132
-2.942028068507392
24.07633512582187
14.18241418179744
-0.1617011638878147
18.35597289753328
-0.9920847530713423
-11.36704393607541
15.96547559490156
1.10043277465213
-14.12984950461241
1.491468558484284
-16.22411025771577
6.786331523239503
18.31899524623302
14.04778727426109
11.4402021888003
22.26886590302901
12.63381032474073
11.89390672717546
-15.43540369071444
-2.614009120340619
-9.635055576055638
-10.37495917942891
15.47856707873224
1.747528116097634
25.11362265290989
-16.5806050444304
14.90147749705515
-15.24781944231267
23.17899369116135
13.36394657710261
10.34598538795231
-14.61661160222622
-28.19934368748896
-16.16263829719371
-6.371725831650807
-2.379104998555818
-16.58387098561199
15.35473061542726
18.53707603028641
-18.32813315962576
13.15394937943305
-14.82352270463745
-2.783857554994644
10.25345427627048
-10.21214515423077
21.72645644725324
28.46588992637722
10.75031110916733
-17.298001059304
-4.260689227346704
-10.24341843653084
9.509379612211193
-18.70050323289792
-16.4606907200665
1.332785601700681
3.504610454817265
7.211894266142667
2.239812512626387
20.03328883452518
-19.47840797939585
-13.43709881195541
27.94626676465152
21.02275603459956
27.3008083963698
-11.01813398198903
3.474080290231006
27.22807836609993
10.59316572607567
22.53026687532978
-23.1315720392824
-4.728965047128275
-14.20476598678646
-2.094260752855907
-17.10526108932374
20.91618102915784
12.82139456801791
-20.64899307671769
-2.900495103019857
-17.71557881644753
-18.95651031464312
-6.207377837664088
12.55631871711239
14.2673394990746
27.97362090781017
-15.01100033615246
7.615693436720103
19.65535858340317
8.418770865089996
-9.319576037349698
-15.0083681348313
19.96530117165253
-21.71822049232936
-2.658760399488311
12.03966514947163
-22.62406157182063
-11.23658771905264
13.03731183161129
7.054582623053114
-23.60931575051982
-0.5307012742059971
18.3997081513527
16.38221000474745
21.99477676187083
18.29117034226209
2.92359939255356
-17.73834690180027
-11.48550184342612
-24.66630905512669
19.75279804961995
9.799779095575449
-15.36757094964503
-9.953018955591913
12.74913247887298
0.3419361576022851
13.08870843995148
19.95669968826517
-12.74032328538468
-17.61612410165501
1.314285338728368
-16.60434745186475
-9.736356207994817
-6.648968288842807
11.57525303478442
13.82574905167465
28.51146582591959
12.74677227886176
22.702151437967
-25.16735004515666
-13.08225943964853
6.867991245475164
9.955379162053127
21.28654224019147
24.01683908846337
-14.55727945724898
17.65468674280451
0.881975528130802
23.07861450357662
6.158035058608825
-10.47687756929383
-18.64241435247194
21.3116092444856
21.23589186450549
-2.885703343266906
20.47471733852575
12.08509061100128
-9.711289719208832
-14.40910123717238
-4.875800812932046
-21.796380321758
-16.92057947222999
18.930409432871
-21.320458749608
-5.688792097212049
-21.94545192109889
-6.927962150574023
-3.427793438049403
15.63166665321653
-13.24284054578645
-20.81883200988421
-0.6249931746036878
-16.63491262790252
-4.697811504366896
-13.18080721289333
-27.25923193021344
19.94089131923828
-17.88672358083065
-5.733403211898181
-15.62732415429794
17.68998028439319
7.536293803797427
17.84547831197574
-22.5399034034547
-15.33893531542319
25.51021842626987
3.520111666915228
-19.68842888816249
-14.86504282193405
2.259399427590852
25.42301738665761
3.288719289871239
-29.7159993270511
2.882899434526823
19.12107441585272
-20.41469006956465
-2.017498149524345
15.75671101214005
5.612566760714844
17.77420916458348
12.16164240065005
-26.20979113662454
6.04130916457974
19.05946009208623
-9.815047109072836
-12.83300830428983
20.91075466778565
2.036437202609881
-0.6454583660656826
-24.47218647485155
-5.160402047082444
-18.87431746995012
-21.55621302694072
22.67386332104889
6.278052361142486
16.36176940351503
-16.39581097445603
-6.312093912720091
-7.575991463694154
-27.98055818045881
-3.631855496777915
20.19383883816464
-20.40456671716847
-26.50862368457103
-6.362152346846958
17.46354197007397
18.40260699796024
15.43925498537919
1.856522899587795
-1.723890934902386
23.82569433433332
15.01748977009582
0.9390650336921029
-14.07842472822563
-13.58273208608157
17.12444225045257
-21.09923620178044
-4.163023406375333
11.96632223482573
65.10335030202501
20.74235981817741
-3.580413836581725
-2.455508881389026
12.03670539175139
1.124904954291121
14.49221427265178
16.9362127933673
-0.07571738122307893
41.84159602302906
9.676498643427466
25.28716770753906
15.51498310165866
-9.893920943212153
23.42338349904759
-17.69035201568978
2.851474529642744
18.85904698863133
7.908400390790391
-4.349493587089662
15.61066904925187
-21.99010677637159
-13.79898582178962
3.79667605423068
20.54182657908562
-10.95064660715177
8.191120962705703
-17.356302715219
1.785464889001871
19.38112680045725
20.32690369901898
-5.3236411163801
-17.20080468245302
19.14176759664199
0.1554980316035366
17.59566188414395
0.9457768934431897
20.00334332031044
-41.61926432267668
63.9932214767232
-39.04709285523203
-21.45106493889075
13.70942547864022
-12.8000819423458
-22.88529769015795
-0.991623856811062
19.42049482876411
-23.8232206924207
34.79901576763484
19.05756642834296
32.22057677143113
-25.6505448143914
-11.02313875091317
41.84753042598757
13.16301034254637
-21.30120593549968
-4.210451226375499
21.62602540215591
6.060696338521164
20.68810240150703
-16.12565173493109
3.182345416217503
17.0907547069188
5.175554202450431
-19.00402912018977
-5.09561983240663
20.74085679246573
26.81534047612623
10.60655389153978
-7.471365393971301
13.90840928934296
11.5326637256621
25.83647662553991
21.8936738314171
6.074483684991758
-0.9379230007875832
-20.02363205534659
8.472433095929874
37.12198874225265
32.46797859361718
-10.64983565678449
-26.18545786146907
-18.40594041581041
-34.22513056155434
-6.575816358499818
13.54826684422182
17.38469920855576
24.88969542403369
-15.81919014692213
35.79063962431449
27.64931420306526
-16.20878658445991
0.4015883118814125
-27.24772589066488
-4.674866517787028
20.12408320273256
13.96225739414253
3.698520563253116
20.30889545884168
-14.37939872299803
-18.65060669492448
-3.233304505343688
17.31014091454622
16.61037489621443
-18.07791928559818
22.5728593741073
-2.998754546582775
-4.271207971699504
15.41730218916063
-37.8979001351104
-9.634825518226709
43.18093454536172
-1.367906871330108
27.60671295092459
-20.97358612336159
-7.267304712008078
-6.287869354184901
13.27614070775362
20.88326769069741
13.70628141152694
14.68571677261955
-25.57161392191905
-17.9644869393565
18.56550632730913
18.63712391115767
20.54344541986649
27.17113704579366
16.12934563955653
7.607126983282327
28.26307461574805
-11.04179140832724
36.52999326522322
-39.30486602180008
37.24153846858631
46.83688066100433
13.8321620429774
53.13702806511289
-28.68452008666635
2.572171467443925
31.25669155826958
15.3785209386417
14.62740606323206
-22.18634807518341
-11.87716356552434
10.30918451020787
28.49606515288224
-6.161825808138726
11.34142858001292
-15.83618297192429
21.32953962252555
60.88141909467598
-7.02161722473128
-40.49581576901584
28.13887319656239
-32.99081954881521
28.64955564870405
37.16572259307553
-17.15463657521175
-47.63179006496692
-39.11562312256561
0.4362563498227927
-1.764604859473646
10.05409434881212
21.80187629686403
8.516166942997492
-4.654010146803838
45.8671852054899
39.55187947252215
-17.54125010283619
-50.28379599808233
-32.74254589775063
21.3656199430505
-9.774765511433232
-28.00054819102736
-18.954956423343
3.947049391615991
17.69276403783821
24.58993910663176
-27.1632598537776
23.35793549722741
-70.28107410350886
-41.33947246723125
-0.3756439601876975
20.82495515301993
50.52119535135253
-43.11781425007901
-2.532980340329737
11.81869920784871
21.95623939566547
12.48501193229709
28.94160163790659
-15.60723978412867
-15.53562220289411
-44.54884141948993
-15.57422159269211
40.96382850693302
37.04400206311296
0.07161758318005094
-14.30595624083467
-18.22578268319432
6.894642870728354
24.26262117045841
27.46752954997615
52.61822365413985
9.595342192952566
39.7041107938076
-3.919826443812272
21.2005991130154
-12.91411285902282
9.045591767424602
30.10876860032057
-33.00471861742577
15.83235512463629
-3.522482231316103
3.090671473629469
-17.7988957075943
29.77841179207741
18.43722239044674
-14.27641347677606
21.95970462423745
6.380470921956015
-12.38307684873537
-15.11200415387793
13.84030548886641
5.530885559061502
-21.22304909706252
-3.307575322322799
22.63869400611022
-17.96901524610634
-25.54149349336166
-44.36099048671047
9.301309255973903
-30.0962289906044
28.04416326148349
4.746573757731598
-27.79624706060143
-2.255264436923426
23.18377656067564
-18.81949699549579
34.84280274782284
2.299981930849265
-30.97856915297477
-24.12159520894353
41.91731340583311
-18.33802199222489
29.75824125267167
-38.37143353719964
5.783573218097965
-12.15907215533138
33.22819503728969
-1.670711055232772
-20.35517314528252
25.47135753752753
44.15500675522384
87.02365410753731
-37.12774216358819
12.32877776917674
-20.88956718072565
26.6877403193408
-17.3011060186167
20.22688643064902
42.86864735307278
48.09626324578427
17.36797830181427
15.0179922701702
10.1375401897274
19.72604965536242
11.7477819491131
-9.471227460547349
10.69681950995092
21.20460415619805
9.588509462340035
-22.50999925408939
-10.09726598011055
20.50440925225312
4.724146920000961
-18.41693566478349
16.23817498209438
-23.29758950323879
19.82663614590393
-4.860386701987674
-29.62988378854808
7.898108661232081
26.65414689155595
-13.32667081970656
12.76742723820037
-49.07416766654617
-3.062743977785993
30.24016257184955
38.98759481213781
45.65204916763332
25.40504123293463
46.01142368934376
-17.8150838333842
25.54098262452403
-12.16385551020445
-38.50616697640515
-33.2785510839487
25.43904099850712
-37.70483813436626
-17.09845567438532
16.2044508795892
-6.460853888291958
14.28974371511742
-11.34118940435116
11.56081640978396
-24.68702284893474
-11.91435111857268
16.30321296962706
-18.76354776776708
-6.021965654893761
7.459834564555817
20.77697840862187
10.93511738091787
18.75603823058121
20.75059760185655
-22.87375131746541
-9.541876127033616
20.42652292277982
-8.62920393591669
1.994559370821148
14.73614148373225
-13.88671965338566
5.00500610781032
23.90602786869769
-1.140792193266137
21.86455205281608
3.272980419669472
-23.93372381032808
-22.23179447508108
12.77267173140486
-9.234590119611903
28.21756408982606
-22.00726185174321
-6.595375255977581
7.126561810142515
12.74158211277854
-2.728927304563182
-25.04682006111446
1.047277998142714
19.93900375870369
14.79443222416485
-2.041475816832102
26.09409805930049
-21.09100228262958
20.60638245969603
-43.22012506705317
-26.34231146620861
33.30290655262816
16.87781360076869
15.41188659689051
-9.731135376054333
9.017421329570221
16.95708303490554
18.89172576060456
-5.144571534398264
19.20787507174126
18.74855670550372
-28.80403068393045
-19.85609051277697
-3.428880944872746
-16.28804280857942
0.7754571035580119
14.49107667721741
18.12940048342024
-20.01014772654782
17.79832334215655
1.078277779136913
-15.25998068587262
-25.19714689638053
-16.83590804052931
24.35244660578135
2.998251873312324
20.06175178502181
-17.54530558646247
-5.186999169832967
-18.591571632946
7.318172036656401
19.83415991254299
17.24499989232066
8.878267064726682
29.87347537583872
-7.756837499762043
25.90974366940186
-27.20670423010971
-0.06463563738777776
12.62847548351836
27.01885015020254
20.59180166506638
9.339274714719998
18.28721488706437
20.99520831134516
-16.63510457607066
8.947940171748943
12.51598787605675
-25.97437930237241
-17.06149561551887
0.8584620038482805
28.66075300877541
26.73656486103028
-5.594760186522871
14.29622245066715
2.70799342434687
16.42720956749555
-8.043160283943664
-7.486836549597665
-17.32869757723048
13.27462301321221
14.32103507789897
15.525009522493
13.71921614243218
7.963326185452689
25.18595156588251
-6.427048489040864
20.97908022085806
23.857442166928
17.91995762174134
11.46673542521543
-0.459318366596201
22.84413762538286
-4.290694820400879
16.76588062975913
13.06324855848433
22.9020058133647
20.64288971447456
-20.78397847261513
-2.9659175402579
11.75426937622415
23.73111666444894
-17.57907009031116
4.113126129728041
-10.6818950200785
-2.349986034304952
17.81806093305864
3.204908381602181
20.16804696854915
10.50778464331962
14.72018691763184
4.212402272315856
17.59812064872346
9.278450939578651
-11.61609468979686
-16.36836347223771
-2.982645078085018
11.83876789439559
7.121158710413794
16.22200865127535
11.97684728794221
13.38571837763587
23.48952219087626
-19.61799053527652
11.51267490771759
2.495108810461634
24.66003547679776
6.897175069498477
4.093063607746845
-16.80148196785745
-24.77974966410061
-18.68446209014102
-12.02000773316632
27.14206859283362
1.701929335520413
6.664454357065588
13.72193706724465
17.22519899596466
7.939661704802462
-6.078256995238024
-9.780889067419654
16.01027456330992
16.28593836654341
27.40612873668227
17.22262537871768
17.06349991192369
17.35394337873266
-16.36061365233045
-9.875012437526063
-3.043469804123176
17.71798975834886
20.8730634942652
12.23808691257501
-15.89152942405264
-2.744168861281416
8.99369675430118
22.52181595428465
7.860376023510137
-6.790679468735103
14.82141293629607
-8.319669710663078
-15.78026234207617
3.254033854030321
-11.3970216065373
4.383240743514817
-20.89454561164714
-14.45640297736007
-10.8180791641636
14.97308447012071
11.42169987552668
-9.285537292524014
22.36419536139553
6.485601216158839
-8.309419931339987
13.3171438455855
-14.7950211481497
22.11309934707628
13.14736056624838
9.100849945825269
3.638323808425755
25.8781028566748
25.79116363132328
-20.54521870160662
-9.448451738245074
10.25695451363228
-5.088464954548724
12.6183797199377
-1.924188143839217
17.44008335433505
-14.36453056201415
1.101824849066415
11.09676697022911
-3.551384598382112
0.2756638036203347
15.45675374011063
-14.64815155975927
19.70540624746697
4.716119961480167
19.36427150926157
-1.730759340259273
-16.72004557516201
11.601115827087
-14.98928626232414
13.33187519043186
2.361425194486823
14.24454742658993
-16.33825849359685
17.59602792018395
-15.87817062378675
-33.47419854488371
35.16049041941237
7.504996217839307
5.22761589244835
-7.97826770953308
-10.18350336930797
9.707479273115085
2.878361965488199
15.23666843234057
19.89098263800098
15.46635541546977
5.529189140470404
-9.937166242753708
12.35830643887845
-9.841861027668392
20.76145956264109
-19.33387718497137
-16.17880344292076
-4.184314566708152
11.96089731217286
2.883032634410691
20.34105284038608
3.155073739708647
15.14956262071951
2.250386508351252
-8.634976580873015
13.5299500880842
19.06183607640067
-20.69722872104888
-6.594078149997059
9.551133737375491
-5.516138795534356
10.63054938621675
-19.49325426676519
23.42422910757229
15.18108993227821
1.203974447591815
22.16492666814011
21.74900730109363
11.73786561695498
5.531885987947744
16.14521188221211
-12.89917611371942
-21.44147622387174
-21.31870810460375
40.46992036146978
-8.393878212556857
5.624342507313665
8.380155531714708
19.45192628381473
13.87309537006935
-29.05572686426536
-18.10666406022922
0.1227681260140005
16.14668818851472
17.70684466181081
1.560156463442678
12.7936797304903
24.3923415621812
-10.01114168227572
-16.21712131279034
1.240898890563952
10.65188376691763
16.22753806228386
-22.79000269203948
-22.40801617094041
31.47907164202734
-0.1217849038091964
-21.74153616423555
13.52811920446018
20.66302544553117
-12.92775848915381
-18.506589410008
19.81649242144213
-6.907927574402769
11.3215046504877
24.24633456480631
11.88312227714412
22.83218509162191
10.94906281181634
17.45802020535737
25.94626932867356
7.134906238981813
-14.6614399268575
11.07177075210084
16.81706887502195
14.98663917372297
-11.02329260182743
15.97566018703616
22.66821780600038
1.048466525488671
-12.85372230115157
-5.578830915663987
5.745298122920642
32.74425090540564
11.59866183660304
26.99895278856387
-1.830429701235472
4.429842152261485
6.69255761866472
25.32164929495162
18.44806288091413
18.2294322122898
12.92482990318273
-27.97199144164665
-34.8455778546684
29.08705642183461
14.01822072009719
-18.81136310075772
0.666480009096321
19.47784311096118
5.57565429315943
-31.60085655289033
-12.97176488326765
38.82425322444284
18.62909167667639
-14.65105547640648
-13.90218882472863
-6.873586413529409
51.79601810771081
57.05904786353292
5.263029755871472
