21.82155928466094
-11.49270054383168
4.123033856533937
-3.307177680471134
1.979332191992794
18.90314712887491
-22.486887043617
1.364063507135832
6.314077208843481
4.589483188420233
5.714749171364976
-7.248396854609371
-24.68669801666185
21.44138161717486
-3.330488176575392
21.15325623319285
16.07357430185858
20.84941777409205
-21.51949828719978
-5.158885472452789
12.00330025394097
-13.26295987776099
74.05473509731156
56.36741408604502
73.10921549262275
-31.68660452462095
-27.88288559123238
-7.842024448956792
34.50303643472351
31.28861987494379
7.858497770209878
-7.359801785421403
18.1921708226044
21.83146928207198
-20.45408863829429
-21.44661885961384
-5.961525915284244
-4.481493988604804
15.77590485700574
20.95465861348432
21.15112020937881
-13.09644905406297
5.268469407070628
-9.457150592872077
15.83736675454153
-18.37318928694755
-29.05659477794101
-8.672706076925243
15.7670717529831
5.422944811911674
16.86821946929799
24.00369877161354
10.37956702202741
-5.079681931380157
8.785399215929704
-13.62413174965821
-15.21829955568391
10.33367305244722
10.17200234981908
-15.45924895921136
-10.68340549228797
23.79613409916837
-1.368392695159604
19.01549600517512
20.18792312972206
4.750400175614688
-15.90289448911909
-21.06371678978041
4.775843472726967
20.3838887011743
-19.69532409163308
-26.00830324659509
-15.8826508036049
4.066309966621383
19.59073956073877
-5.31375344791481
15.23780190103026
24.43977782821448
1.172427125783032
13.06961257098808
-14.22725935134697
-14.38893005357573
4.137659114584272
-2.943655394531516
24.08661988211787
14.18839253781769
-0.1616707023193507
18.36491846520197
-0.9925302233866433
-11.37016525553222
15.97259465248959
1.101147715579906
-14.13710382849494
1.492037305976867
-16.23241932564242
6.790072232455972
18.33110599598476
14.05716959502303
11.44527465832977
22.27482047178288
12.6365504754601
11.89718544467235
-15.43752295397389
-2.614254193344828
-9.638269995020959
-10.37763502962811
15.48509294192147
1.748012487052499
25.12336293482495
-16.58375372736224
14.90695530960358
-15.25080466786418
23.18223313951429
13.3658506841581
10.34926903289028
-14.61899188089017
-28.2046263914585
-16.16896238754351
-6.37473112558259
-2.380320425955068
-16.59113874731525
15.36269964459873
18.54685563697082
-18.33176621409899
13.15894282139763
-14.82647206129716
-2.784487642929651
10.25701641668282
-10.21640762305781
21.73743077100173
28.47987287701617
10.75541624536989
-17.30351703754595
-4.262012978502129
-10.2470408491942
9.513375573458044
-18.70343520798012
-16.46320383587887
1.33294905852065
3.505294152760675
7.213115506383232
2.240231372101404
20.03638426650216
-19.48128752415611
-13.44017915659416
27.95519039858764
21.03071313074902
27.30955207059601
-11.01972367423886
3.472823517837386
27.23347912988248
10.59506442756084
22.53453578135784
-23.1346044606522
-4.729435106114684
-14.21081832003483
-2.095315497536281
-17.11274472302346
20.92717606269881
12.82326876021573
-20.65329466334557
-2.901926404123751
-17.72445663123034
-18.96649730379849
-6.210523538833091
12.56513229061253
14.27736486101312
27.99405831658732
-15.01742922424933
7.616912433515168
19.6588968504772
8.420285841431546
-9.321039290652131
-15.01076669248924
19.96849798750503
-21.7215188952316
-2.659181135884994
12.04198441832615
-22.62767912482127
-11.23861100991441
13.04150405932823
7.056476188055928
-23.61271218167725
-0.531044156651343
18.40436774852872
16.38617437580223
22.00073917109365
18.29508719802956
2.924203101333064
-17.74132513189602
-11.4872127588799
-24.67042257358387
19.76041642259516
9.80234143754565
-15.37088409646682
-9.958074985864901
12.75597376611088
0.3421522496844546
13.09551476686954
19.9659519911649
-12.74363224880037
-17.62043003876294
1.31498187068652
-16.61377529287568
-9.743338072146269
-6.653089052887043
11.58882724403471
13.83479935090301
28.53253892002337
12.75336251608105
22.71404875374521
-25.17322553378262
-13.08578449821193
6.870437222140425
9.960686239323934
21.28978580458422
24.02040524432264
-14.56104671915268
17.65737404308841
0.8821429503462254
23.08166803117734
6.158552295842669
-10.47986240373047
-18.65097012122024
21.33216531804027
21.27001145856516
-2.887676255048676
20.48788840167835
12.08744103731433
-9.712472504700614
-14.41141585975014
-4.876797789689839
-21.79991353942299
-16.92311574148587
18.93541190693614
-21.32377227611606
-5.68972740302001
-21.94890206754351
-6.929097440979586
-3.428292884702647
15.63404487368715
-13.24467533723676
-20.8218750465516
-0.6251297922562173
-16.63841469957299
-4.698943351787078
-13.18320981424124
-27.26397088930933
19.94896076872485
-17.89555982353788
-5.736731491334034
-15.63495883327968
17.7015615055855
7.540592777628327
17.85731390331956
-22.55666999759697
-15.35070243358521
25.53433025064784
3.52277564569404
-19.70364008700911
-14.8714469387467
2.260600991443896
25.43615260243439
3.451078642043342
-30.32278505890259
2.853020836004544
19.11329248349534
-20.82349205386601
-2.018193373249586
15.76329386691315
5.614564796072384
17.78148724068585
12.16692244378094
-25.26626013170192
6.041108368138172
19.06233775898074
-9.816382454011299
-12.83296410734893
20.90993701200048
2.035864537367662
-0.6456383275074619
-24.4823668809031
-5.160822301808553
-18.87407247621191
-21.55557533780593
22.67359197096127
6.27883893974687
16.36061281479733
-16.39475303461202
-6.312979155221536
-7.577199709492299
-27.98484256524018
-3.63241176133752
20.19674525463844
-20.40764285557056
-26.5182314201461
-6.363031201433145
17.46612581030595
18.40516935579473
15.44318966949874
1.857555158866201
-1.724594016237465
23.82915701581751
15.01980462644997
0.9390435467458624
-14.08076107774171
-13.5856345107143
17.13204793162157
-21.14124585718111
-4.197534176727708
11.99174513830079
65.6498852690526
20.98926576098272
-3.582149175583169
-2.456883188229588
12.03566400416424
1.125265987130546
14.49254719222911
16.9437116783567
-0.06215386080830012
42.13051162129423
9.678782933253231
25.29451734049093
15.52442959324181
-9.898227343122933
23.43829299757747
-17.69852542812672
2.853029913767266
18.87347808078439
7.91386340280289
-4.352937656603119
15.61573440380177
-22.01155460879468
-13.81316308304728
3.803718933388202
20.55155534964318
-10.95961468037332
8.198391527588464
-17.37060194258166
1.787404273552742
19.40428629823828
20.3496619910265
-5.328378123290197
-17.21484954250003
19.15800621405525
0.1557523993915959
17.61688201827647
0.9453756917020845
20.04086114419455
-42.29173678551913
63.76716799596628
-39.65839203554498
-21.75534270175032
13.61799109619838
-12.82720057433343
-22.92411680827597
-1.000957170804749
19.54027114403595
-23.86310085347809
35.13111191976195
19.09548545294327
32.36747171876237
-25.67804011309072
-11.03590028057174
42.34506088424935
13.27198626557731
-21.31644719898479
-4.213662070816168
21.64662297324335
6.065499098862211
20.70763892954074
-16.13769344433117
3.184155994167082
17.10278512614585
5.178753756204776
-19.01814792785515
-5.099518798913019
20.76076624261416
26.84202899485457
10.61578036035469
-7.47711416206126
13.91862913018385
11.54103376560523
25.86028504215047
21.9231596356397
6.081262753471259
-0.9389840438563376
-20.32204976635807
8.673655084615332
37.51095194753728
30.63328713427295
-10.05655501175852
-26.51307322211875
-18.57699553823006
-34.41889241971329
-6.60205795944789
13.68706143183145
17.55507355220584
25.17840193094692
-15.84189688260333
36.13206909038684
27.81683446032393
-16.22624863444597
0.4060617790325677
-27.41077268083356
-4.701574051196268
20.28911939133769
14.09809593319763
3.702075017448875
20.33438543035217
-14.39081950596971
-18.66475590735191
-3.235829882783648
17.33229937066056
16.63231041342437
-18.09289452261029
22.70919863091832
-3.002086062056681
-4.273936401007815
15.42892602429282
-40.27862894633307
-11.50142122769009
44.80716161696107
-3.551418248630184
32.68769852859089
-20.99110604228991
-7.274412583974268
-6.293366478402539
13.2937166695699
20.91566307892686
13.71669345842704
14.69773956740097
-25.71128469425566
-18.0893382853963
18.63787241508802
18.79966998366704
20.56812925357546
27.20902955830008
16.18927931332496
7.62194640962869
28.77720771755814
-11.01975024712478
36.72721069909387
-39.79695796246366
44.18911975576427
47.63504586769773
13.86118216575015
53.65814012860643
-29.07307461953888
2.633344749973605
31.70641937057303
15.59084077562744
14.6421398315988
-22.20319254376347
-11.88647141800696
10.31672112695953
28.99570485253312
-6.19102345773394
11.49134049935854
-16.02187918078439
21.37628257555391
60.95326554668408
-7.13094399095419
-41.14957192126296
28.24238980828855
-33.52624353770423
28.8372968652708
37.39816175500159
-17.50436435547518
-47.70055385744086
-39.13968896957908
0.4372940018039043
-1.764492364324757
10.05041609945313
21.79350384401765
8.560864888393663
-6.877664811463315
45.93606149314106
39.5769829714956
-17.43830116206861
-50.14917689976715
-32.71087573825309
21.35620984115019
-9.769764660887105
-27.94989998294822
-18.91561294174524
3.944758149364106
17.68271988468161
24.57663344988029
-29.74299209646795
23.07073420691392
-70.43283424190875
-38.69257014740843
-0.5279492147550251
20.54015780982555
52.81372630369309
-40.68984214575234
-2.530576393243056
11.8149084635373
21.94893409090677
12.48157324829618
31.74026409617152
-16.61831577467118
-16.45651820861489
-48.35857986834107
-12.1194630866695
38.16462093258532
34.16533849238598
0.1617975679582738
-14.18085288650834
-18.18013532531716
6.887254136495603
24.24878068432038
27.45248454636366
46.284801577434
3.445926112423339
33.39313569909234
-3.999282440231947
21.06810702442681
-12.89166587707593
9.034287041052286
29.94720958617912
-33.7738637013973
15.66221384006017
-3.534617875177221
3.094655258998368
-17.81961362197987
29.71855175455631
18.39133503835898
-14.28499574725582
21.9259529159619
6.37737114947281
-12.3779207728773
-15.10320312764617
13.83477220393796
5.528672170711576
-21.21985846441338
-3.30714678430821
22.63510395645056
-17.96602378772376
-25.74244465063411
-44.66061951099198
9.499293003578151
-30.41919804607369
28.49905249688256
4.822539607246467
-28.1018422079452
-2.292807217964523
23.58080407458004
-18.91817486256776
35.24173765275374
2.317355839032576
-31.09811397678734
-24.15768771484483
42.19266548374286
-17.77188771615488
30.01272637396092
-37.43318257543547
6.385800000133497
-12.17993911200989
33.18087350996182
-1.665593265130068
-20.58028704169588
25.44150000113269
43.81898257556112
86.37217537083737
-37.17454052964813
12.30619697925884
-20.9142688805249
26.62389649652764
-17.29126644149865
20.18154864187754
42.55319279579164
47.78461409106546
17.36152654976307
15.01214963933972
10.13402562877255
19.71893780932917
11.74308774513915
-9.467360840164112
10.69297155444141
21.19722900904147
9.584912180487958
-22.50405697903002
-10.0948139785978
20.49992318146291
4.723535759154436
-18.41207490390649
16.26027164830709
-23.67651288906978
19.88327408910838
-4.91824842354223
-29.59746342163259
7.87535166235504
26.58385191778643
-13.30128324356997
12.73487555223266
-49.25263474742196
-3.071944177561077
30.6567827884573
39.54812765759208
46.28949012259022
25.42276189793262
46.18069056992481
-17.68732101137162
25.80903499088439
-12.27860960812291
-38.64689111119486
-33.41546981600622
25.87361129349931
-38.08764459870353
-17.3297159257941
16.39901104145266
-6.44234785437702
14.25843672719955
-11.32721671886838
11.53315437205317
-24.80152251370697
-11.92177209712987
16.29618017951488
-18.75529192003996
-6.019821681507721
7.4574010529257
20.77046215090039
10.93130881876668
18.70850025555783
20.70078458018043
-22.86373505851664
-9.536550743718317
20.43279033489512
-8.625121695446246
1.992284324272452
14.72775456357358
-13.84897636573273
5.00149061085292
23.8526297703729
-1.136919954457222
21.81172179983901
3.269070981942579
-23.90318426413057
-22.1562140864698
12.87975041763317
-9.474600252736803
28.21795227863446
-22.35435067104276
-6.721643337581288
7.198658148789288
12.73547023874222
-2.725282354308898
-24.98954972402813
1.046609072582005
19.89707604878217
14.75693737874139
-2.040907971924477
26.03615879656181
-21.01929413169544
20.75792867272732
-43.11008290949871
-26.36828150317011
33.72872696687843
16.74180140647326
15.63270733438811
-9.726263953279425
9.013639277639093
16.95113050013907
18.8504669761519
-5.140138670212224
19.19874623415724
18.73990323129224
-28.78104484838722
-19.84382345996875
-3.427378868505778
-16.27697135643711
0.7754999908313817
14.48660472270212
18.12408155700437
-20.00940980229331
17.79231084787494
1.076830897641364
-15.25895636261436
-25.19482166797532
-16.79784535052779
24.33888490466154
2.997302509592346
20.04977385501659
-17.53908362109506
-5.185411865682255
-18.5426508182975
7.291074368393271
19.7951478593633
17.17483401472999
8.848978074879629
29.79862228458504
-7.739373508828759
25.83372518709168
-27.17225524617971
-0.06516197998109906
12.62378826985528
27.0089487632462
20.58386975763565
9.310535577138912
18.2477569670196
20.94964420988833
-16.58835158649813
8.937221389149661
12.50407349154968
-25.89888716642657
-17.05576997773045
0.8582136141220086
28.6539828593083
26.73032168943838
-5.592696171610626
14.29263283691328
2.70188724272325
16.41644459232245
-8.041172869600627
-7.484879513070414
-17.32403284545061
13.2713381667603
14.31760078363389
15.52126865984567
13.71455735002708
7.960081488548087
25.17763115579887
-6.425079006378443
20.97357923225596
23.85095055010876
17.91398359169957
11.46307380597086
-0.4588430024996111
22.83811648302157
-4.289111049936808
16.76150819729816
13.05947051295289
22.8603710900839
20.63187530008576
-20.77559823859647
-2.964642759126332
11.75060666925804
23.72419415342032
-17.57189437431029
4.111747729680973
-10.67798080857365
-2.349376912801357
17.81095547977415
3.203703863981806
20.16033239322458
10.50425745424262
14.71524942917396
4.210991974345469
17.59294592777947
9.275684996793862
-11.61231682760432
-16.36408688857189
-2.982132930645057
11.83621682386521
7.11945955691565
16.21839468152397
11.97358748465483
13.38195395419803
23.4835464475506
-19.61244642332515
11.5099589637197
2.494541452256526
24.65453059065385
6.893913565993881
4.091982079204811
-16.7960197324873
-24.77186979385429
-18.91469377658202
-12.17333131122777
27.10709326630484
1.746970177026433
6.741362465370074
13.92030148729708
17.22035119809441
7.937491222915438
-6.076608284381828
-9.77864597159628
16.0067392556622
16.28216537015042
27.39865824489995
17.21754966684666
17.05247134634649
17.34858156406946
-16.35575342659128
-9.872124927278428
-3.042692325365326
17.71352535508479
20.86786056412112
12.2348629489722
-15.88823090471286
-2.743659279211656
8.991966201512351
22.51762548519192
7.858748480179565
-6.789295776732872
14.81834974613135
-8.317260931263748
-15.77638742449388
3.253834677404899
-11.39420957182092
4.382177854676417
-20.88800182011556
-14.45303658227065
-10.81555974458162
14.96982548585691
11.41907149128211
-9.282859975545907
22.35877365319054
6.483628501525408
-8.306100034954445
13.3130610988854
-14.78972853677586
22.10698787522972
13.14457162631884
9.098935125795609
3.637476835926595
25.87210807499448
25.78538522863575
-20.54093283861692
-9.446368420562225
10.25529687971785
-5.087594661138255
12.61580191253255
-1.923661168754073
17.43712522058281
-14.36135002351062
1.101337951680222
11.09456442023101
-3.550753996016649
0.2754261148896721
15.45333817671644
-14.64531841466811
19.70166529921579
4.715467979048663
19.36078639143174
-1.729282644337703
-16.71547995310284
11.59790166511983
-14.98619731517492
13.32718431479845
2.360505030035462
14.23861337350273
-16.33578726668478
17.90304933468552
-16.11557859600575
-34.0186279307862
35.37333379859582
7.623328381149902
5.231421295090068
-7.975850064553812
-10.18110858099779
9.704220428300662
2.877371322190721
15.23104308885003
19.88532900853709
15.46268797636534
5.526822656435405
-9.935865312645484
12.35367176036976
-9.839153332257013
20.75621768014053
-19.32970152048901
-16.17536631056541
-4.183383620164248
11.95851237167677
2.882441457708735
20.33712352947712
3.154335210597246
15.14631790044453
2.249930492582651
-8.63299761476364
13.52699152426244
19.05780776890415
-20.69281569313468
-6.592760405739186
9.549135589076137
-5.514903635540585
10.62842844519752
-19.48914781349034
23.41958685641817
15.17791205954965
1.203667877415676
22.15998913864066
21.74490739545202
11.73562548151696
5.530816246882488
16.14189599280837
-12.896387407527
-21.43480120924522
-21.31428091237233
40.5543314212816
-8.391169165440038
5.626509569936097
8.378611158953605
19.44858869997511
13.87045126735025
-29.05791203158456
-18.10841363667105
0.120520298472344
16.14333208269357
17.70339657092058
1.56006448586575
12.79115841391945
24.38767123893659
-10.00928191342165
-16.21409114863676
1.240590921414726
10.65013374250234
16.22506072976976
-22.78814571796133
-22.40668501996257
31.47902713445785
-0.1214748102228515
-21.73994708614403
13.5256592849228
20.65941565468292
-12.92636326755238
-18.50450070299982
19.81464164040793
-6.907987876779544
11.32094606772248
24.24405781993585
11.87810835389945
22.82760675141014
10.94949839690823
17.45468207195136
25.94225074080105
7.133756369122535
-14.65887700413061
11.06997754139536
16.81462524626609
14.98446981025498
-11.02195125687863
15.97440594696581
22.66667091199943
1.048198631318994
-12.85210669298283
-5.578137433899509
5.744647704497037
32.74100490641217
11.59651282640948
26.99635720384677
-1.830155436366916
4.429416181926426
6.692264965036189
25.32179828807158
18.44709491934807
18.22893394141201
12.92311174957285
-28.05311848309432
-34.9278218514981
29.11002336910543
14.01767873548045
-18.80849437425618
0.6667379342779296
19.47523230887689
5.574926986427891
-31.60050194627702
-12.9709686247667
38.90566335500154
18.62953332310624
-14.6480442530692
-13.90030532403896
-6.874703368563817
51.8766319797681
57.16314185221615
5.286509872463539
