21.82029812215157
-11.49219142415422
4.122850472708087
-3.305843173686982
1.977997685208646
18.90486104458083
-22.48865197830673
1.364187159044426
6.313785881238506
4.589276752798478
5.714498676050113
-7.242213772542879
-24.69125063202685
21.44333603623629
-3.331108655540064
21.15278852157853
16.07335069631135
20.84902566064401
-21.51934672319097
-5.158637772104491
12.13334293854486
-13.2829459806525
74.15558442194758
56.44724096775879
73.21117183330801
-31.6789847978081
-27.87612947237404
-7.839886221519549
34.4450538014711
31.28663670567934
7.858097478265208
-7.360042398006878
18.19119876896316
21.82979084061274
-20.45291209731034
-21.44538635082089
-5.961129406500533
-4.481234771651454
15.77488214962248
20.95320839528477
21.15017096735394
-13.0954379391211
5.268326443068871
-9.456845865066796
15.83664925695363
-18.37278896698345
-29.05598478678552
-8.672465305167895
15.76641342562124
5.422841699635907
16.8674723019261
24.00365477480766
10.37943294535185
-5.07943782530741
8.785514898472389
-13.62422182953726
-15.21813987633531
10.33310129076122
10.17140883743052
-15.45887077878164
-10.68319582177871
23.79563066687228
-1.368391693121052
19.01512778713944
20.18749792159654
4.75027813220702
-15.90244072803726
-21.06319810002387
4.775674965125098
20.38351948161108
-19.69480640260918
-26.00766343281542
-15.88184452595534
4.066048572552744
19.58925341038498
-5.313521700789975
15.23675308691124
24.43887872908203
1.172370135973464
13.06912523645339
-14.22638968644648
-14.38808213986673
4.137374702226167
-2.943451536236225
24.08526779733949
14.1876097625088
-0.1616924532353518
18.36376438785065
-0.9924742554608716
-11.36975349092118
15.97167732836056
1.101058875784206
-14.13618687048172
1.491991730331132
-16.23136599262314
6.789560776358306
18.32946239077276
14.0558793314999
11.4446306030848
22.27403432991909
12.63618115496135
11.89675509974942
-15.43721978913318
-2.614216782633547
-9.637853173543517
-10.37727923281503
15.48425694200483
1.747947617749947
25.12211011346032
-16.58332342004691
14.90625113806921
-15.25039793643334
23.18178352676689
13.36558710924131
10.34884920219999
-14.61867155360673
-28.20391957301451
-16.1681679350719
-6.37434984628627
-2.380156299977121
-16.59020881838223
15.36166170789554
18.54559134871862
-18.33127103741044
13.15830351912127
-14.8260706463326
-2.784403797438919
10.25656059109364
-10.21585897329319
21.73601155492409
28.47812947199807
10.75477174889762
-17.30280895899561
-4.261844570878467
-10.24658163913396
9.512880762953312
-18.70302554198489
-16.46285159348705
1.33292548270378
3.50520039102128
7.212948018870629
2.240173948473205
20.03595102468097
-19.48088812633997
-13.43977083986917
27.95405801470249
21.02971416512873
27.30844244643924
-11.01950312424594
3.472968786658921
27.23275257601206
10.59480517403145
22.53395843933728
-23.13418288501606
-4.729363109172623
-14.2100525172077
-2.095179122453125
-17.1117954436429
20.92574764853436
12.82300300585113
-20.65271885889659
-2.901742927491206
-17.72335772264245
-18.96524870931427
-6.210085862628636
12.56388760270728
14.275854620681
27.99114168434971
-15.01661632006378
7.616742464847953
19.6584093121485
8.420077421364081
-9.320835697485132
-15.01043265226502
19.9680519831203
-21.72106207394834
-2.659123131645179
12.04166684883686
-22.62717511610565
-11.23833189163765
13.04096438832493
7.056227319635883
-23.61221941745967
-0.5309978893236711
18.40376050189908
16.38564236097958
21.99996976080235
18.29455921134499
2.924120216592445
-17.74091311860688
-11.48697109336172
-24.66985307066404
19.75946240214358
9.802006457910073
-15.37043899454328
-9.957455945137843
12.75516284792169
0.3421309992634012
13.09473213811224
19.96495499966735
-12.74319509427451
-17.61985876826654
1.314899628503065
-16.61255555406181
-9.742332696178892
-6.652537893962552
11.58630714531196
13.83340259327105
28.52894876947576
12.75260113745639
22.71261879503855
-25.17244545224392
-13.08532609289408
6.870222859317462
9.960017659397764
21.28934494596116
24.01991628783658
-14.56055646488453
17.65700735562534
0.8821246339808486
23.08122153684246
6.158468708338282
-10.47947868975908
-18.6500553721716
21.32863984333164
21.26346814550876
-2.887419586548539
20.48594048513638
12.08711936154724
-9.71229716399033
-14.41109130969187
-4.87666367334836
-21.79941652223678
-16.92275283721037
18.93475839365114
-21.32331100784663
-5.689596955786929
-21.94842242669563
-6.928939951101699
-3.428224888592414
15.63371405267877
-13.24442130287221
-20.82145965204187
-0.6251114199542273
-16.63794739809723
-4.698794141188149
-13.18288197704012
-27.26332155106355
19.947893096388
-17.89440312418872
-5.736302250435675
-15.63396028299985
17.7000608844049
7.540040041685383
17.85578188438337
-22.55452225175433
-15.34919481321315
25.53125573971689
3.522428993229118
-19.70169512783539
-14.87061845439477
2.260442842359139
25.43444316723474
3.423528822078384
-30.18730156472597
2.861013752896624
19.11711631083956
-20.76477059985811
-2.018118141732423
15.76263578663009
5.614327400943465
17.78075392917545
12.16642652711091
-25.41628891919733
6.041117286632574
19.06193894189008
-9.816196415740002
-12.83293432533759
20.90997951698408
2.035927906208524
-0.6456155675695978
-24.48108922823027
-5.160757373611108
-18.87405161274073
-21.55559508222159
22.67356598313805
6.278728281146649
16.36070895115348
-16.39483770673863
-6.312857030573426
-7.57703834927682
-27.9842586631535
-3.632337590122924
20.19634823273815
-20.40722031376968
-26.5170171369479
-6.362908932529842
17.46577688442604
18.40481977765129
15.44268109886516
1.857433079337085
-1.72450912247162
23.82868582264804
15.01948247544162
0.9390428950329652
-14.08043957769354
-13.58524801963508
17.13106129812375
-21.11018284073467
-4.167541212129617
12.00739853674398
65.67157950219982
21.01445390214013
-3.581942202483169
-2.45672027295766
12.03575163833811
1.125221929220014
14.49247191109163
16.94264162651544
-0.065171699145157
42.12463674599808
9.678453205909989
25.29349511240992
15.52320483637835
-9.897658033697446
23.43636313575255
-17.69744764944322
2.852827128450753
18.87162380852693
7.913158297228384
-4.352500319153827
15.61504190168124
-22.00882675192233
-13.81136307886332
3.802855325433673
20.55027478878958
-10.95846551452668
8.19746367565919
-17.36876918583496
1.787160015690973
19.40137843152491
20.34678753537424
-5.327778367685539
-17.21304818316565
19.15592919878219
0.1557210019221996
17.61421840689715
0.9454091022764883
20.03624325361361
-42.20962572390242
63.79315503446286
-39.58392329616412
-21.7186015888041
13.62903880454539
-12.8239245637768
-22.91941828898296
-0.9997482546447684
19.52583353102958
-23.8582425378667
35.09096626345102
19.09083415191099
32.34975809519114
-25.67456590186026
-11.03431797544583
42.28494002382016
13.25892394300223
-21.31445504152271
-4.213249561447987
21.64395503088222
6.064882858774276
20.70513078351147
-16.13612879780674
3.183929642565081
17.10120547802986
5.178326245307073
-19.01627408484342
-5.098998252400774
20.75820633726083
26.83860899841337
10.61457920595492
-7.47637246804794
13.91727583372279
11.53990161656248
25.85720459029026
21.91967003249491
6.080402662395498
-0.9388242475225175
-20.29490750832221
8.642650652226813
37.44962405330133
30.81361277194443
-10.21271528081133
-26.50206088381257
-18.5559876814733
-34.39525505088811
-6.600815984704798
13.66684854506824
17.5347268364976
25.14342911640136
-15.83926737054177
36.0907145179217
27.7944390662361
-16.22402979239578
0.4055283354386817
-27.38891073033231
-4.702454319976182
20.26766452982573
14.06051115194536
3.701676881152254
20.33123500839011
-14.38927479382165
-18.66285785345881
-3.235603773188068
17.32930003579938
16.6295581277715
-18.09095167418429
22.68645641163094
-3.001934974946441
-4.273583059280494
15.42725407997787
-39.79077403502372
-10.73776348761616
44.10882349460537
-3.115825753329181
30.93393759368982
-20.98858724258306
-7.273300176187722
-6.29304107159164
13.2916036328723
20.9118933750006
13.71528706651417
14.69554617449655
-25.68839138785185
-18.06810164620719
18.60684663828122
18.76296547118934
20.56490380910011
27.20493444755579
16.17493974717711
7.62028974240806
29.05301054631659
-11.02999470252122
36.67494828309177
-40.08300524661185
41.67170108078336
47.19200610413835
13.58117571632002
53.66418096331761
-29.02601608197202
2.62570242773783
31.65171851114434
15.56513273230751
14.64024792557588
-22.20101165729148
-11.88526981435652
10.31574184405872
28.9375581621143
-6.207153377468783
11.47658057157118
-15.99912978608465
21.37125900152649
60.94581758978592
-7.116902176533856
-41.06880966511515
28.23073821841065
-33.46010738040579
28.80697340342732
37.37038878626991
-17.4609775928487
-47.70102758565754
-39.13761220469625
0.436946383813886
-1.763995479783755
10.05227501066951
21.79708836313561
8.563415381500981
-6.636011279552
45.93703210589518
39.57455858862546
-17.44903685950004
-50.16411622991681
-32.71507937120681
21.36014197790433
-9.771008837781036
-27.95622734687252
-18.92044202287074
3.945283163908817
17.68493100140035
24.57967930309938
-29.47192640463591
23.10111697958064
-70.4982544567912
-39.71906963688525
-0.5133235248967962
20.57070880904687
52.57304338453218
-41.02632805247139
-2.530408166684363
11.81627049018885
21.95184694088015
12.48338799124169
30.77918482157217
-16.44546443162492
-16.28934560125057
-47.22464925069021
-13.17488589920963
39.20574611191532
35.21617803931967
0.156118832281565
-14.19565044119259
-18.18521851238921
6.88838189116613
24.25184547508356
27.45593983996519
48.39106393690254
5.520305023850208
35.49928581553831
-3.989568072623386
21.08403233378525
-12.89177812009327
9.035785323838034
29.9789807911929
-33.61083038726193
15.69358748737498
-3.531331577449476
3.093881107246405
-17.81672488194034
29.7253015107001
18.39623186187866
-14.28539330494943
21.92756344175974
6.378151406362503
-12.37923098457353
-15.10515697218467
13.83622589228413
5.529239164857395
-21.22106047088366
-3.307314902929844
22.63643449611583
-17.9670707262105
-25.76762292719396
-44.6571256029747
9.422530963402961
-30.3713649287811
28.44457331341863
4.818788960910902
-28.0576252118905
-2.284167160797765
23.53293501777405
-18.88950267798322
35.19015388913195
2.313739717787749
-31.08336758374737
-24.15088773328109
42.18980844677646
-17.85509231490245
29.99594354543541
-37.58271544625757
6.2957954198144
-12.19386490356199
33.18627937291773
-1.666149464384767
-20.55039636754934
25.44487940155215
43.87851086605611
86.49411781445264
-37.16670854829185
12.30875180507179
-20.91060598872797
26.63142040441386
-17.29192928473316
20.18686076634535
42.61560694894158
47.85103586128007
17.36346358587344
15.01379615569533
10.13557645215586
19.72157239178692
11.74481335309963
-9.468458947146489
10.69412471588479
21.19938496277379
9.585995939171827
-22.50580394914142
-10.09565757130208
20.50119878010216
4.723718020104109
-18.41359785933253
16.25610255875351
-23.6257843519478
19.87477926451459
-4.911638296877019
-29.60068109066543
7.878108961013239
26.59264252717661
-13.3041305656312
12.73886166843026
-49.2325942883261
-3.070840233260982
30.60284208400476
39.47561377365648
46.20697467447315
25.42242128543089
46.16175405518971
-17.70834345435208
25.77345805198948
-12.26570233925946
-38.63253621394691
-33.39710730171407
25.81710217952095
-38.03916039093813
-17.29982761994988
16.37385469891371
-6.444559637779887
14.26258152298378
-11.32906965149839
11.53665553501693
-24.78641756244633
-11.92073134900775
16.29655052640384
-18.75738238855162
-6.020401566068743
7.458074484283356
20.77230311734411
10.93234244240798
18.71453356630555
20.707141159349
-22.8658836641985
-9.53758962937272
20.43276885818389
-8.625962411971074
1.992607592680858
14.72958841584432
-13.85378085890724
5.002211371677526
23.85890074687139
-1.137407642977087
21.81791648356785
3.269525938147425
-23.90660462968997
-22.1651107053927
12.865686214493
-9.443247481297846
28.21728187735645
-22.30893369647006
-6.70480110659423
7.189578817099775
12.73698082265603
-2.725925987137018
-24.9963083890397
1.046683845898148
19.90267607606761
14.76178753456684
-2.0409842646412
26.04299223490019
-21.02770306223585
20.73933277079405
-43.13076474004343
-26.36683387477459
33.6736823183791
16.76393086538667
15.60413259082475
-9.727377044674039
9.014601823537426
16.95274400824813
18.85599223013195
-5.140888541634576
19.20092117952701
18.7419788685255
-28.78518177901002
-19.84630562296241
-3.42771384725433
-16.27915079042226
0.7755258366403284
14.48786122586461
18.12560023700561
-20.01028843676557
17.79379338445614
1.077082640715963
-15.25969189814886
-25.19613380288872
-16.80277179903021
24.341809721375
2.997621621673062
20.05229824706258
-17.54067388461648
-5.185845366123434
-18.5483905457489
7.294362432089954
19.80039341988096
17.18324443113534
8.852506874704062
29.80814613051956
-7.741399971365168
25.8427529781673
-27.17613056794488
-0.06510170206916632
12.62490169938447
27.01140555782406
20.58578225762392
9.313947825354576
18.25282398283252
20.95563925600447
-16.5939068499241
8.938876156762882
12.50603098832103
-25.90785467913328
-17.05729539622142
0.858279677134158
28.6560975217774
26.73228915574519
-5.593220137088345
14.29372125832491
2.702815273051894
16.41859177641391
-8.041786340675149
-7.485464981346317
-17.32542565648988
13.27233476428963
14.31866472549038
15.52241998259326
13.71577650365152
7.960880559386805
25.17985176180699
-6.425623301347652
20.97521243433707
23.85283913643119
17.9155750735087
11.46407525854433
-0.4589423107236946
22.83992983328399
-4.289511474525658
16.76283919079967
13.06056292283555
22.8657251856853
20.63439613874683
-20.77791190473685
-2.964995676811384
11.7516303452735
23.72616219636744
-17.57381753754679
4.11212404332943
-10.67906923520113
-2.349667432590355
17.8129162282773
3.204094366837848
20.16258366158154
10.50526024622047
14.71662602291831
4.211365775941288
17.5944430439243
9.276502747941938
-11.61338902227592
-16.36536523993464
-2.982287965854654
11.83708764904147
7.119988489067214
16.21957308586105
11.97453185149273
13.38307726880315
23.48535373181101
-19.6140381527408
11.51082188162137
2.494722874690732
24.65630107291071
6.894748302483077
4.092206095628227
-16.79768565691288
-24.77444469190797
-18.88424690318994
-12.15288600188411
27.11102886598284
1.741493923773676
6.731360901330773
13.89437992464278
17.22178149997907
7.938142185011587
-6.077090641258594
-9.77936691185406
16.00789794495591
16.28336042603969
27.40083574443377
17.21897120185755
17.05467662622618
17.35007439837957
-16.35715622531709
-9.872949679866183
-3.042927588897166
17.71487215724268
20.86943773458506
12.2358113486808
-15.88931790127327
-2.743838712007163
8.992527380340647
22.51900761528375
7.859251789753104
-6.789733299765917
14.81937560315125
-8.317940296410757
-15.7774807631081
3.253989745674086
-11.3949953332541
4.382485432580314
-20.88989176430765
-14.45409926615461
-10.81636025119037
14.97090460884445
11.41991021038621
-9.283639315454936
22.36045106607244
6.48420654755969
-8.306986729131491
13.31422863404522
-14.79119327703019
22.10876102728393
13.14547919040564
9.09958459843841
3.637739012837687
25.87400947826672
25.78726485809207
-20.54230505938581
-9.44701490000082
10.25591110263746
-5.087904700903599
12.61662367285095
-1.923808364578208
17.43821859686081
-14.36237626490625
1.101444045521754
11.09529016212901
-3.550994400184257
0.2754624814830545
15.45440035697092
-14.64628455985294
19.70292600116954
4.715742408228984
19.36202696462334
-1.72952717099598
-16.71671074773191
11.5987668563406
-14.98718358568848
13.32829403482589
2.360712566341313
14.23992126684967
-16.33677454797678
17.86532170860836
-16.08658578027093
-33.95190748907295
35.34764039414705
7.60870228230657
5.2354289121452
-7.976759039404545
-10.18186454653691
9.705076850191935
2.877626708257463
15.2324552427154
19.88694139552378
15.46382031199182
5.527378386636335
-9.93644191504772
12.3548285255435
-9.839960675039906
20.757799745888
-19.33104108741249
-16.17647550854785
-4.183678828808492
11.95928143137728
2.882637933161073
20.3384190268886
3.154565579173234
15.14736225900653
2.250085217749487
-8.633626385466625
13.52795181362319
19.05911344215013
-20.69422395720484
-6.593191654220109
9.549768609607904
-5.515286086765803
10.62910858386056
-19.49046869591213
23.42108887772743
15.17893787297671
1.203755258523796
22.1615781986521
21.74626656071961
11.73636609321083
5.531161630451737
16.14296026143928
-12.89727704112609
-21.43644631426949
-21.31563493806228
40.5455488048747
-8.391826412053767
5.626472346912193
8.379137596948874
19.44976218029209
13.87132026811118
-29.05873127192107
-18.10885962569931
0.120811378429335
16.14439467316395
17.70452836980257
1.56013369336988
12.79198029734503
24.38921406058629
-10.00990046683203
-16.21510493028381
1.240676161617448
10.65075444320216
16.22598666613964
-22.78923396007578
-22.40768373201353
31.48023719865595
-0.121515220960056
-21.74095787467829
13.52648023657761
20.66065490850004
-12.92702960492881
-18.50547152045109
19.81561315505635
-6.908237755678915
11.32143326135451
24.24524179470084
11.87920871513043
22.82908036489739
10.94987164891759
17.45578109381355
25.94374939911196
7.134174671109148
-14.65975582428136
11.07062458367188
16.81556965909514
14.98531050643451
-11.02253313365461
15.97516455171454
22.66771874501238
1.048276084679323
-12.85279228615838
-5.57844191353345
5.744945075094838
32.74264275799612
11.59723376505904
26.9976976853351
-1.830259152965919
4.429628642829868
6.69255419326404
25.32275902707347
18.44792740465828
18.22967101279174
12.92380852967744
-28.04424483614866
-34.91907645815903
29.10802342883965
14.01829875908547
-18.80957473160802
0.6667258580285864
19.4763005900719
5.575232221932512
-31.60175242187334
-12.9715475902116
38.89687981592206
18.6302048339187
-14.64898508422367
-13.90106837037537
-6.874831622212889
51.86842740613353
57.15226826500894
5.283840858895085
