21.82046621791868
-11.49226120687982
4.122875141166753
-3.306035172185998
1.978189683707661
18.90477328086671
-22.48858608675044
1.36418104376
6.31382747447496
4.589306575600753
5.714534666239167
-7.243457966900913
-24.69104987832607
21.44325498436915
-3.33108031393824
21.15286582552849
16.07339112323925
20.8490926126498
-21.51938570827302
-5.158676798845033
12.10217956577198
-13.27376426198051
74.13302331026402
56.42953389098746
73.188279670152
-31.680434374705
-27.87743676797296
-7.840253779485423
34.45422154668285
31.28692709303113
7.858161063770753
-7.360007064083365
18.19134835686144
21.83003653553894
-20.45306551314252
-21.44554850963534
-5.961181022050169
-4.481268074878181
15.77501635370492
20.95340279182234
21.15029747006544
-13.0955787384824
5.268345855572083
-9.456890557492397
15.83674530313908
-18.37285896408655
-29.05609039923739
-8.672504162783063
15.76651192092223
5.422860614904665
16.86758324204511
24.00367926945252
10.37945820925069
-5.079474702330231
8.785511141536649
-13.624221060282
-15.21816812791592
10.33318729315252
10.17149851909414
-15.45893291938941
-10.68323143703514
23.79571957925176
-1.368392664647576
19.01519357054114
20.18757304385131
4.750298669687698
-15.9025148745117
-21.06328434765095
4.775701490162528
20.38358623647013
-19.69489167888648
-26.00776941155949
-15.88195161611307
4.066082134711983
19.58945244507075
-5.313552157679825
15.23689345576105
24.43901608199999
1.172379474788602
13.06919923365063
-14.22651192192019
-14.38820069600197
4.137412678388928
-2.943478067478249
24.08544642591423
14.18771235430839
-0.1616887739341541
18.36392459949966
-0.9924829984589331
-11.3698168466437
15.97179744097934
1.101071320573223
-14.13630434316569
1.491994673519317
-16.23150378544824
6.789634992128611
18.32970938224945
14.05607728838181
11.44472262795518
22.27415360108704
12.63624042990949
11.8968197581583
-15.43727437392391
-2.614223686985026
-9.637913169778544
-10.37733384555679
15.48436748525711
1.747956728499829
25.12228065294365
-16.58339435261719
14.9063468047065
-15.25046411576285
23.18185703489537
13.36562996449555
10.34891050399138
-14.61871877562197
-28.20401606612588
-16.16827651051808
-6.37439989814231
-2.380181180821374
-16.59033374305812
15.36179747564891
18.54575815634479
-18.33135108074018
13.15839007501472
-14.82613521687118
-2.784416363614759
10.25662167464998
-10.21593384613036
21.73619737454407
28.47835376088159
10.75485530178399
-17.30290425177519
-4.261866213946606
-10.2466421313307
9.512942742885974
-18.70309762249297
-16.46291377161116
1.332930235935398
3.505215863814531
7.212977172148072
2.240183850860555
20.03602785842191
-19.48095687070934
-13.43983637051274
27.95421329766812
21.02984499215435
27.30859359827516
-11.01953150862082
3.472947077637983
27.23287290791741
10.59484893679067
22.53405490106321
-23.13425210227975
-4.729377898362149
-14.21015256102202
-2.095199442604679
-17.11192095977622
20.92593933699589
12.82305068632221
-20.65281354284622
-2.901768399820922
-17.72349845864529
-18.9654110182612
-6.210155003953602
12.56408261640478
14.2761114655524
27.99161053000374
-15.01672151603042
7.616771897909082
19.65849074959779
8.420112591544099
-9.320871279147813
-15.01049089736633
19.96812963407197
-21.72114072068326
-2.659133158819821
12.0417188532017
-22.6272627942443
-11.23837815890901
13.04103803804674
7.05626212020925
-23.61230296960168
-0.5310054503996486
18.40384838745238
16.38571891869961
22.0000577447796
18.29464027918809
2.924133113360162
-17.74098387045697
-11.48701297211297
-24.66995077071403
19.75958487425764
9.802055521923066
-15.37050716561589
-9.957529353226871
12.75525601553138
0.3421328322871033
13.09481096323684
19.96503945483062
-12.74326027101459
-17.61994467422136
1.314909169004597
-16.61274646269405
-9.742517974758094
-6.652639219090443
11.58713743881877
13.83362725434221
28.5298261972525
12.75267812959633
22.7127853707089
-25.17256268732675
-13.08539310270808
6.870228489367309
9.960107242907078
21.28941046524965
24.01999249121172
-14.56061789482886
17.65706218993973
0.8821256293089407
23.08129752756262
6.158484296558752
-10.47953967083834
-18.6501302867974
21.32965541542016
21.26504270599508
-2.887462301347726
20.48626647133348
12.08716958675466
-9.712328069641369
-14.4111460851837
-4.876684402613312
-21.7994976531912
-16.92281323936422
18.93485384018941
-21.32339011815261
-5.689619619249368
-21.94850506876186
-6.928966899335064
-3.4282370613231
15.63377049951853
-13.24446412853448
-20.82152803104067
-0.62511495167705
-16.63802396739694
-4.698818011198257
-13.18293779831172
-27.26343280188197
19.94803374878869
-17.89455797289627
-5.736359607195427
-15.63409367652283
17.70026596284443
7.540112892760971
17.8559925837387
-22.55481683085119
-15.3494033271392
25.5317129483878
3.522481600667623
-19.70196230794486
-14.87072612222705
2.260464297545816
25.43467086700538
3.426981357446166
-30.19699693889838
2.859179567578008
19.11644542640996
-20.76811904759661
-2.018129469526464
15.76266798642077
5.614338827154699
17.78079745672094
12.16645862848422
-25.37594382775247
6.0411205004145
19.06200756145673
-9.816227068673888
-12.83294653166851
20.90998782248929
2.035920791554772
-0.6456196987276587
-24.48126622021228
-5.160769474699144
-18.87406703284743
-21.55560751897015
22.67358664386604
6.278748605965586
16.36070890949271
-16.39483804246501
-6.312877733025629
-7.577063902622856
-27.98434874040761
-3.632348275104411
20.1964130799725
-20.40728483766823
-26.51718701419036
-6.362930301574386
17.46583104782316
18.40487420565092
15.44274352413758
1.857446233520969
-1.724520893147091
23.82876135487127
15.01953816927966
0.9390431595609505
-14.08049500710548
-13.58529729072019
17.13119042115098
-21.11086421384365
-4.168175450965473
12.00824909473955
65.68261998123336
21.0201746721259
-3.581967127316135
-2.456739030656281
12.03573955598351
1.125228096365516
14.49247858644099
16.94268876078761
-0.06461271074882656
42.13103888909379
9.67849949407492
25.2936358513848
15.52337030898316
-9.89773407046663
23.43662557091745
-17.69759107675166
2.852854527255082
18.87188492981305
7.913255259871457
-4.352558985154207
15.61513635267834
-22.00923135293901
-13.81163302130405
3.802997606731667
20.55044561447644
-10.95862967305651
8.197598334132355
-17.36903103511499
1.787196982985169
19.40182762211287
20.34720953920455
-5.327860566452384
-17.21330441157632
19.15622801544638
0.1557266227992687
17.61463063053309
0.9453819155847464
20.03718299113289
-42.22226677406662
63.78957612796812
-39.59538411689818
-21.72396260166406
13.62787687181407
-12.82404490688278
-22.91973072969742
-0.9999127125994887
19.5289236835986
-23.85858284701174
35.09715328384611
19.09180107610536
32.35296859086726
-25.67507010445384
-11.03453794149454
42.29447532696252
13.26116751448889
-21.31473930134575
-4.213308815158684
21.64435494639456
6.064970669331424
20.70550283059141
-16.13635286515822
3.183960682445051
17.10143048414518
5.178386437773236
-19.01654779752865
-5.09907799885261
20.75858576005048
26.83905642023124
10.61474133532691
-7.476473405042477
13.91746979995099
11.54007439225918
25.85766375953102
21.91981801525625
6.080470661422066
-0.9388521159551975
-20.30121624290626
8.64697915073245
37.45718666735529
30.81796462527235
-10.19757325968728
-26.50641341137245
-18.55924231474892
-34.39858966789839
-6.600275619318847
13.67052664229808
17.53782368157099
25.1493611033522
-15.83934735427553
36.09706599627071
27.79831404863311
-16.22431508484284
0.4054032977318384
-27.39291075043715
-4.700584746998902
20.27080226167038
14.06560509081563
3.701703725951733
20.33142210793271
-14.38951101539298
-18.66314310963252
-3.235615197409965
17.32976969195935
16.62971838251291
-18.09121474055256
22.69232600471391
-3.001652418330334
-4.273632093880492
15.42752791193206
-39.84498558018857
-10.82357704711869
44.18701829056666
-3.163585355247186
31.12855952101044
-20.98906197506493
-7.273562907884941
-6.292863037370579
13.29182198156065
20.91283807108586
13.71549906729781
14.69619894120063
-25.69397842431955
-18.07296233527986
18.60843789245371
18.76618983708306
20.56538488948449
27.20570110942097
16.17642454400757
7.621016089803887
29.02140853197974
-11.0292765675569
36.68140022633774
-40.05068509731158
41.9521365676073
47.24766408401324
13.62368578665638
53.67437088435462
-29.03330781358886
2.626882657167974
31.66019047214068
15.56822960013566
14.6405321621097
-22.20132353518109
-11.88544384398962
10.31587969232596
28.94819539520322
-6.205197170443903
11.47883446129285
-16.00297957270337
21.37155866193478
60.94545127320502
-7.120495547462649
-41.08387793697571
28.23134392756981
-33.47234051038732
28.81020751897512
37.37453823329756
-17.46936093621528
-47.7012437289081
-39.13691301646534
0.4369795950558865
-1.764103044083962
10.05219696085528
21.79694916218286
8.564330712981407
-6.639222040278572
45.93714068484604
39.57389261163618
-17.44759191144124
-50.16169925615337
-32.71410734547028
21.3599695657575
-9.771058464224215
-27.95617282449055
-18.92019433997373
3.94528218014312
17.68486120919761
24.57957337954363
-29.47700608894607
23.099356634949
-70.49254397330657
-39.60853241593091
-0.5175305766696088
20.56907396596814
52.57636272421011
-41.01553788467596
-2.530282665131991
11.81630000467805
21.95182725011266
12.48340718540592
30.88401155904255
-16.46659209203232
-16.30884014993523
-47.35060364856868
-13.058458767851
39.09100183918884
35.10400564107712
0.1577519440035938
-14.19811816684457
-18.18511436355843
6.888486374209348
24.2518372719317
27.45591967420713
48.1624644073021
5.295527516900438
35.27097911742839
-3.986996198140117
21.08660454247994
-12.89148528860345
9.035978484354839
29.97545160003346
-33.62397829680132
15.68946406757684
-3.531580266384718
3.094235712623082
-17.81756779951572
29.72499162581327
18.39588350197192
-14.28598753358884
21.92746377078745
6.378111749239229
-12.37917766921539
-15.10507297111955
13.8361564125756
5.529218226131119
-21.22104011520334
-3.307313508914391
22.63640698380235
-17.96704821503478
-25.77002090061819
-44.66244531202343
9.428877889837768
-30.38263737850784
28.44356002597425
4.816261411044931
-28.06789641860411
-2.290185387218424
23.53234142580775
-18.89242441360873
35.19889878899186
2.314740960801809
-31.09276449128751
-24.15250500856757
42.19565160147679
-17.83181883862587
29.9953115282231
-37.54240245618644
6.320686171378511
-12.2003400754756
33.18586550452694
-1.666094869883384
-20.55363040992116
25.44465838823759
43.86308862755019
86.46204393261938
-37.16906937213523
12.30857986744046
-20.91180351168077
26.63075591415165
-17.2920790378015
20.18641814732838
42.59895530561025
47.82713036779219
17.36335089967596
15.01368984831141
10.13552724689085
19.72147712784429
11.74475220195314
-9.468420062220929
10.69407346892843
21.19928735056875
9.585949880547071
-22.50572876306416
-10.09562632693348
20.50114769273219
4.723711658592116
-18.41353568358385
16.25726585964331
-23.62729861436852
19.87699033529003
-4.911218601399914
-29.60065890610441
7.877838279627157
26.59185605631358
-13.30394514640537
12.73852898590525
-49.23558805462233
-3.070939956043238
30.60922396227784
39.48406714799069
46.21657583011324
25.42256040666583
46.16464809869543
-17.70348941943196
25.77771103228338
-12.26837646697605
-38.63568051434831
-33.40750545226925
25.82252681397608
-38.04608749894953
-17.30399980573293
16.37616411413586
-6.444337766536741
14.26226369560831
-11.3291081265175
11.53636839334548
-24.7882089377449
-11.92074332831533
16.2967137610798
-18.75728941608025
-6.020377408371231
7.458044661711475
20.77221641922605
10.93228943723564
18.71401777682648
20.70660146073289
-22.86574696061637
-9.537515229557251
20.43290720706877
-8.625904512173157
1.992583683545527
14.72949569194708
-13.85332707057167
5.002175247716184
23.85838763520826
-1.137413500873179
21.81741809038596
3.269538300169335
-23.90632018386356
-22.16412429717081
12.86746561048421
-9.446362700530745
28.21745709134605
-22.31382831169329
-6.706476444461132
7.190746297208429
12.73691200788716
-2.725895301431962
-24.99580113527357
1.046672997904177
19.90217531578077
14.76133324471433
-2.040969546167127
26.04247413313863
-21.02671079609929
20.74208769302407
-43.12604982634932
-26.36730404746093
33.68016391940007
16.75874577900984
15.60735186817804
-9.727320444745121
9.014550526330474
16.95266684539091
18.85550231783762
-5.140842071205337
19.20080515124348
18.7418709713977
-28.7849397358694
-19.84616624958723
-3.42769768448214
-16.27902578876741
0.7755273085013744
14.48780266169212
18.12553536997068
-20.0103125176901
17.79370507527399
1.077058569457805
-15.25970179061071
-25.19613789111041
-16.80230279070902
24.34164722267287
2.997600298343677
20.05215339391622
-17.54059223622414
-5.185825373420581
-18.54787979055494
7.293989141958829
19.79990308823925
17.18244374954361
8.852151039725156
29.80728465805251
-7.741207116288926
25.841868932852
-27.17585848414027
-0.06510522608089182
12.62484090850914
27.01128171077227
20.58568070922282
9.313615994456324
18.25238948217317
20.95513361851549
-16.5933581597248
8.938773486999608
12.50591394681716
-25.90697415789157
-17.05722210681211
0.8582782396539893
28.65602740332652
26.73222500326075
-5.593192682403884
14.29368259935903
2.702744136218838
16.41846856583172
-8.041764058961302
-7.485441681746369
-17.32536866394951
13.2722988403092
14.31862639620895
15.5223786401795
13.71572442992111
7.960839801809645
25.17975385343693
-6.425601002645556
20.97515282007231
23.85276712962782
17.91550034657781
11.46402942387901
-0.4589341795560943
22.83985756585201
-4.28949382898055
16.76278674555135
13.06051422944689
22.86547651903192
20.63429119895858
-20.77780983552136
-2.964977360635039
11.75158354625511
23.72607297958476
-17.57372743094637
4.112103851063933
-10.67901525996843
-2.349661053772158
17.81283247523167
3.204082404229261
20.16249352970895
10.50521388101389
14.71656090771764
4.211347025970308
17.59437537373473
9.276466009440384
-11.61333746874664
-16.36531041173672
-2.982282058092439
11.83705595001191
7.119967610904454
16.21952923876924
11.97448943374115
13.38302834857697
23.48527802534933
-19.6139691282078
11.51078859284641
2.494715957309887
24.65623729989053
6.894712171131572
4.092193085064397
-16.79761037611868
-24.77433529843529
-18.8875355400619
-12.15502685746827
27.1107532581664
1.742195886154188
6.732508682617343
13.89722274261529
17.22172092354162
7.938116319376819
-6.077070819059267
-9.779343337827259
16.00785826936476
16.28331963726607
27.40075383113075
17.2189140510861
17.05455309642079
17.35000805946765
-16.35709190626498
-9.872910987338473
-3.042920145405826
17.7148203771693
20.86937773695984
12.23577409923421
-15.8892810495386
-2.743832344437818
8.992510806954686
22.51896995753385
7.859235249251882
-6.789719417141922
14.81933799681507
-8.317909364702405
-15.77743603712497
3.253991901130828
-11.39496275506524
4.382473284688199
-20.88980347249712
-14.45406471404138
-10.81633200199865
14.97086960841215
11.41988204753667
-9.283604604635944
22.36039045508381
6.484180921049333
-8.306938188152387
13.31417175848907
-14.79111910953491
22.10868508534243
13.14544870619674
9.099561629447468
3.637732709965457
25.87394676326549
25.78720160848701
-20.54226371638863
-9.446990467299246
10.25589489941481
-5.087894194705778
12.616593207471
-1.923802398657528
17.43819737425193
-14.36234480537547
1.101437002227245
11.09527325175655
-3.550987562563041
0.2754613683008726
15.45436952027294
-14.64626081197846
19.70288536530008
4.715738967267603
19.36199977594633
-1.729500127178054
-16.71664650965598
11.59873159668267
-14.98714639108628
13.32823173105924
2.360698304331968
14.23984246249834
-16.33676036881734
17.87142151643406
-16.09196087338849
-33.96338239000281
35.35183947425535
7.611537424184815
5.228175061989947
-7.976724926560558
-10.18183978386776
9.705035499137537
2.877614315471783
15.23238119360158
19.88687528186027
15.46378180911384
5.527345688816899
-9.936436110398366
12.35476686957065
-9.839926982096827
20.75774052231546
-19.33099525485019
-16.17643789362334
-4.183668296085087
11.95925748425342
2.882631263356015
20.33838030659983
3.154557361584869
15.14732695912937
2.250079799323105
-8.633603637295087
13.52791770612275
19.0590691574461
-20.69417772595088
-6.593178317725632
9.549747466164703
-5.515269578917156
10.62908481679812
-19.490425477893
23.42104280109218
15.17890814949259
1.203752245362081
22.1615213429872
21.74622737227722
11.73634315224604
5.531151453290915
16.14292578155328
-12.8972471596477
-21.43635966179408
-21.31558724607954
40.54695845447809
-8.39179028496411
5.626516271795965
8.379122823745485
19.44973317776669
13.87129533492137
-29.05881172093725
-18.10891626741799
0.1207724178523638
16.14435439817406
17.70448739838745
1.560132997067474
12.79195798766674
24.38917262845479
-10.00988421937656
-16.2150759190092
1.240673122423161
10.65074074659421
16.22596852955772
-22.78923395073851
-22.40769084253458
31.48027499375208
-0.1215101870361232
-21.74096067263202
13.52645915216071
20.66062496447629
-12.92702426196557
-18.50546210808203
19.81561023270022
-6.908247465807423
11.32144123188773
24.24523820006258
11.87914417222134
22.82903962915744
10.94989545612019
17.45574904334296
25.94372049277978
7.134165811526083
-14.65973470708242
11.07061035435597
16.81555268756541
14.9852954090452
-11.02252652049449
15.97516564176201
22.66772376937763
1.048273277418099
-12.85278379889168
-5.578437844187302
5.744942332874899
32.74263449273641
11.59721464254824
26.99769216222737
-1.83025727883235
4.429627970441233
6.69255812758675
25.32279334583014
18.44793452995319
18.22968869360937
12.92379696464517
-28.04558336738908
-34.92044218287273
29.10842698007698
14.01830655687752
-18.80955468471982
0.6667301705642686
19.47628485570686
5.575227781980936
-31.60178518295609
-12.97154996677613
38.8982355248361
18.63023521834745
-14.648954661295
-13.90105707587446
-6.874858815680391
51.86978549161208
57.15401034748613
5.28422485589314
