21.80988568820538
-11.488153564182
4.121427443571914
-3.292145515899954
1.964300027421312
18.91111095318223
-22.49383489307887
1.364638985287983
6.310998076547016
4.587304546665707
5.712106762219515
-7.128472503142048
-24.69967536499393
21.44818631549746
-3.332716246731994
21.14915930364453
16.07181881701102
20.84606903427169
-21.51888531046413
-5.15654874296743
13.11228157331439
-13.23019559483511
74.86370329641984
57.02030403526323
73.92750319699087
-31.60958212701694
-27.8146611319798
-7.820544324926112
33.90076803198935
31.26988254490736
7.855403086721222
-7.361684091819083
18.18340057112071
21.81516611121346
-20.44277458077214
-21.4347488855485
-5.957738014657386
-4.478989487641081
15.76612429128368
20.94094327378084
21.14262031624986
-13.08648198264764
5.267361977773697
-9.454716433694049
15.83092329865981
-18.36988928782385
-29.05149248084531
-8.670559303940552
15.76087241085676
5.422130477324257
16.86112453275028
24.00422467043735
10.3785128753457
-5.077340486627741
8.787137491732517
-13.62571179526307
-15.21708717870492
10.32799748456423
10.16630796767353
-15.45585339217751
-10.68160320149172
23.7920197648604
-1.36845136537675
19.01248180375442
20.18437290079246
4.749333279843085
-15.89877144383317
-21.05913217081902
4.774250220889683
20.38093317533271
-19.69068078874166
-26.00261777746925
-15.87525834369081
4.063786698072297
19.57652707554288
-5.311696982450335
15.22787494972521
24.43143171295835
1.171891101220008
13.06507186925086
-14.2189311005674
-14.3806206221754
4.134912882300728
-2.94162656841194
24.07395791401867
14.18102671983083
-0.1616895188145583
18.35384398116873
-0.9919743056225935
-11.36635984186833
15.96378509490161
1.100252123402784
-14.12809337375701
1.491286994598236
-16.22210725268976
6.785494541320667
18.31625266638561
14.04569902026418
11.43899405481278
22.26756629393689
12.63325014988851
11.8931807654165
-15.43503961952649
-2.613976941417263
-9.634316141562433
-10.37438553238315
15.47701086945398
1.747421616204741
25.11132700920198
-16.57998577557357
14.90018767340261
-15.24722708804022
23.17844108528212
13.36361708069301
10.34523851768712
-14.61619516342557
-28.19838573117451
-16.16116721101182
-6.371006144554118
-2.378828893590355
-16.58214547889089
15.3528561610349
18.53475902221147
-18.32740739071584
13.15276605557179
-14.82293119778662
-2.783726008976486
10.25261209101242
-10.21113933432079
21.72386230558961
28.46247383101032
10.74907958244706
-17.29671519010336
-4.260377089082522
-10.24256056114422
9.508403491801822
-18.69996307309938
-16.46023098076233
1.3327586872687
3.504476192722247
7.21165908455838
2.239732092076404
20.03272176027456
-19.4778970939532
-13.43644564001558
27.94425443317954
21.02090011316286
27.29883780948766
-11.01787541753092
3.474474712394787
27.22700414999073
10.59279922266611
22.52942980937667
-23.13109828776852
-4.728896460374164
-14.20331658531642
-2.094013878513172
-17.10347054954736
20.91358791626425
12.82106267522696
-20.64810472271883
-2.900153964537143
-17.71339424770753
-18.95407033974823
-6.206690745619149
12.5544120269384
14.26534923150117
27.96925693652352
-15.0094566709683
7.615465577463215
19.65467076289097
8.418478930909531
-9.31930330111293
-15.00792218934392
19.9647071696842
-21.71762918669904
-2.658680597309317
12.039205188603
-22.62338776746989
-11.23619183268556
13.03633810050495
7.054154629394194
-23.60869452035104
-0.5306205070849696
18.39865128285449
16.38133414654662
21.99336893616209
18.29034646226093
2.92347476807366
-17.73778223126068
-11.48518947330267
-24.66553035453362
19.75096405407668
9.799201185655768
-15.36687169416792
-9.951762870165769
12.74737959622579
0.3418791668263655
13.08691377381831
19.95412817732193
-12.73958687101914
-17.61517652726215
1.314095280363913
-16.60218912699625
-9.734974728173853
-6.648081255142261
11.57348806841205
13.82395872571109
28.50766570214747
12.74503460285815
22.69914247036386
-25.16607287980399
-13.08146603367554
6.867214400479906
9.9541078708029
21.28599125893734
24.01622760716496
-14.55647160719498
17.6542252300098
0.8819593003121657
23.07807404625312
6.157967063392643
-10.47623784927001
-18.64003290048781
21.30846279825033
21.23269320309121
-2.885196880451185
20.47203997889473
12.08460685263835
-9.711089869607182
-14.40866424301742
-4.875589652073214
-21.79569671220326
-16.92010701584683
18.92927179875866
-21.31985962449995
-5.688618887567936
-21.94481904107788
-6.927748119965635
-3.427707849833682
15.63124073781431
-13.24253184715263
-20.81831212902113
-0.6249594203098056
-16.63420491266254
-4.697574357012223
-13.18034088287211
-27.25832627910945
19.9390450337804
-17.88466473500608
-5.732613228575505
-15.62554442133742
17.68722631195859
7.535268024035668
17.84266272218816
-22.53587544036096
-15.33610971365788
25.50440389092567
3.519486479845736
-19.68476180623234
-14.86353297314258
2.259120314692249
25.41993276127666
3.256636590179758
-29.58031316574817
2.888953278874579
19.11812184427112
-20.31637165985838
-2.017317139877244
15.75483602356636
5.612034793970303
17.77215316701295
12.16011836917623
-26.34247716814938
6.041451450140022
19.05894858852997
-9.814823998616069
-12.83320256876341
20.91128001266129
2.036625998232394
-0.6454166210059648
-24.46977972129069
-5.160360733135442
-18.87465402007158
-21.55669662534335
22.67427356369759
6.277937695553676
16.36233656772679
-16.39633588571757
-6.311936990107787
-7.575780281307361
-27.97981224550277
-3.631766028196311
20.19335271228481
-20.4040319647568
-26.50640572805096
-6.36200237861143
17.46311634011009
18.40220183443353
15.43843090750643
1.856240339102684
-1.723693506975311
23.82511873974956
15.01707092059845
0.9390855013622518
-14.07798540937419
-13.58219056875042
17.12265328862672
-21.09645349798387
-4.162275860032253
11.95662908942108
64.98543308713728
20.73645370902542
-3.579933848607145
-2.455131609062755
12.03721852194557
1.124802238459787
14.49235013043254
16.93417763593026
-0.07576959637722813
41.83290721006406
9.676058653546557
25.28563969721384
15.5127403705283
-9.892931193474968
23.41983954385901
-17.68845824463311
2.85111365150684
18.85559620109449
7.907099165358503
-4.348652109952593
15.60958102571077
-21.9849174316724
-13.79554826180571
3.79492099503664
20.53957193694608
-10.94849704692608
8.189369179697559
-17.35287413370745
1.784992134387834
19.37546143404543
20.32140581546689
-5.322496750389019
-17.19743771752538
19.13786625902223
0.1554364148910235
17.59046926667309
0.9459443752053481
19.99411681781779
-41.46982283586912
64.06856063775058
-38.9103427291271
-21.383795603088
13.735818072398
-12.79296719955827
-22.87524060949952
-0.9896838209810996
19.38949319698779
-23.81295995940913
34.71437533617507
19.04817244436866
32.18246039684683
-25.64390256490682
-11.01999276052953
41.72131236024326
13.13428795185483
-21.29760992061261
-4.209687504385285
21.62117387603146
6.059544723518516
20.68345452776804
-16.12279094121494
3.181902862417134
17.08792241397218
5.17481898136966
-19.00075367595248
-5.094734127284603
20.73612724916656
26.8089585464064
10.60441300091349
-7.469995547400972
13.90601955031446
11.53075812789467
25.83086137713106
21.8855567865612
6.072831298598679
-0.9377193483985243
-19.94812521412593
8.428123559037958
37.04138219361539
32.99687124151679
-10.72457326928772
-26.09612546160669
-18.36219568977547
-34.17492117705677
-6.568907084315794
13.51402628828792
17.34186346731521
24.81832672130319
-15.81272548847583
35.70405915703824
27.60601409273828
-16.20454554534631
0.401028066245903
-27.20498602595628
-4.668751507414693
20.08293337260126
13.9349331226283
3.697605010928371
20.30317862171879
-14.37680353805384
-18.64735718400232
-3.232512275454511
17.30459852567729
16.60557361144523
-18.07440854837195
22.53623451975666
-2.998580098307107
-4.270553645762141
15.41484490808781
-37.51320438130413
-9.697477617463971
43.29603321892595
-1.006979173837079
27.34714517951533
-20.96973770971163
-7.265830002105929
-6.286030738297732
13.27128079883468
20.8682065592281
13.70390770779642
14.68370697483702
-25.53481461927828
-17.93788885923361
18.5683363511477
18.60368462925845
20.53711080106583
27.15423729842067
16.11890494782526
7.596925760750547
27.81572676269008
-11.03533235266895
36.50622520892438
-38.85105911306803
37.04462279640095
47.01469463932006
14.17774488225867
53.02880399564624
-28.58702441224668
2.559480106741119
31.14650452399063
15.32488213892208
14.62390980431343
-22.18233566678023
-11.87494096676465
10.30739470038745
28.37624877478238
-6.148000249508973
11.3043004332046
-15.79542935376431
21.3282496805015
60.88548194998061
-6.995671436874741
-40.34384095812862
28.12394224303678
-32.86737769944137
28.61325863696764
37.1236790328813
-17.07194834393204
-47.63172052324822
-39.12130012933239
0.4359321403814445
-1.7647815176278
10.05440662940037
21.80289126821505
8.510420394529536
-4.044510950259056
45.86693900560975
39.55723226985305
-17.57120286186782
-50.33274256535208
-32.76153970651885
21.3669591230479
-9.775432600343791
-28.01147143837292
-18.96343103415178
3.947411413300339
17.69447974096615
24.59223106761869
-26.47760365547054
23.43384629909169
-70.19904816558227
-41.30293623505452
-0.3347623269310003
20.90050875503612
49.91144995491976
-43.72144451046958
-2.533337540169472
11.8191881465378
21.95713215030088
12.48525762798191
28.89611193214512
-15.40690046598708
-15.37155219051583
-44.30301239557473
-15.94888803765312
40.96817390800089
37.07120875114343
0.03534827742890111
-14.33907368634494
-18.23603884172275
6.896197393958936
24.26482384138074
27.46991234199097
53.02009678711898
9.970071843466107
40.10071472318665
-3.896965156838355
21.23527108176425
-12.9193820626108
9.048040403931338
30.13064287917355
-32.83694975644581
15.86148525275929
-3.520580964994839
3.089476354431616
-17.789738591978
29.79069165915473
18.44684149683691
-14.26915762749342
21.96742246432
6.381018228999359
-12.38388364103879
-15.1135838363905
13.84125964512098
5.531235815873391
-21.22336823098092
-3.307613458628865
22.63906706648142
-17.96937774016449
-25.45978922343879
-44.24897938095823
9.263941504361947
-29.99756651874908
27.93148914638622
4.726164208022196
-27.7027352175836
-2.238398485611923
23.08572695905788
-18.78919015964874
34.72373072627277
2.294831301995473
-30.93512519620344
-24.11789008469692
41.90867680800569
-18.39542412124026
29.76274177573504
-38.50259553724287
5.722465964818195
-12.14593503442437
33.23693403340524
-1.671802462115706
-20.29130657274317
25.47638457833618
44.225061501969
87.15769879268345
-37.10838351280553
12.33309184639943
-20.87921494589895
26.70121530559548
-17.30080504721273
20.23627516448147
42.93263729154034
48.15816589784561
17.3686264495457
15.01859516562518
10.13794400581128
19.72706888440073
11.74848464000715
-9.47187451939665
10.69745064178263
21.20584302561926
9.589124874419674
-22.51092566045066
-10.09757398322037
20.50515920407998
4.724235879388885
-18.41763877737856
16.22916856615171
-23.2053249378658
19.80757846651718
-4.845762188491515
-29.6338968943338
7.903183317846593
26.66977609444517
-13.33149705847163
12.77457756687371
-49.00917677573133
-3.059399540935289
30.12660089099159
38.83732383973834
45.47959233547157
25.39021595489317
45.94977723552786
-17.84339926187603
25.46433673280134
-12.12906904779023
-38.45548510431004
-33.22995649830663
25.32412544556477
-37.59340578021349
-17.03384449525841
16.15215594187306
-6.46494014068018
14.2966924768915
-11.34385016505212
11.56699228140196
-24.65334065604812
-11.91044780672941
16.30239983647291
-18.76490186694707
-6.022301150805433
7.460241413546412
20.77806086715344
10.93577052490929
18.76659277689183
20.76163261597506
-22.87588056730277
-9.54307105853402
20.42426835269796
-8.630099651531449
1.995039838600206
14.73764055458063
-13.89519852756123
5.005652238428728
23.91719928458636
-1.141563660502364
21.87571276066858
3.273615946189666
-23.93904660724278
-22.24750772502367
12.74289285035771
-9.171969504386418
28.21284764473253
-21.91486235548511
-6.56187091084459
7.106903582345352
12.7426007159639
-2.72970019473902
-25.05876294422985
1.047311682602667
19.94816244788833
14.80274333304757
-2.041486524747802
26.10607462690206
-21.10594406564168
20.55956128464085
-43.23361521764776
-26.3264160565029
33.1860004355129
16.90719916100979
15.35299144582412
-9.731988316168303
9.018078103928781
16.95807167459944
18.90085076535552
-5.145419114615227
19.20947721665078
18.7500664198417
-28.80842213689819
-19.85839313461085
-3.429154250116575
-16.29009846851476
0.775438356364326
14.49182997632864
18.13027015722945
-20.00978566741482
17.79953892838633
1.078641827934514
-15.2598265286152
-25.1970624332943
-16.84422985723785
24.35489633073127
2.998394103069775
20.06393092790581
-17.54647196435361
-5.187276765879703
-18.60209681411436
7.324300289531278
19.84262395886173
17.2602053034738
8.884748255911552
29.88958566216657
-7.760549455068949
25.92639710328111
-27.21266255354518
-0.06447551312395129
12.62938035869315
27.02063618041466
20.59327499595876
9.34557487205981
18.29560387546204
21.00483740650167
-16.64529772494374
8.950029002844781
12.51832366938953
-25.99087261096662
-17.06248295165985
0.8585012711499862
28.66173882055549
26.73745984366853
-5.59513811595502
14.29676655057995
2.709233531163668
16.42923888374211
-8.043465106077532
-7.487142125213457
-17.32943246730171
13.27513387143552
14.32155405318984
15.52557984276935
13.72000535155124
7.963894642020991
25.18735018030225
-6.427361189211368
20.97993128607689
23.85847387482622
17.92098422586896
11.46734483094019
-0.4594107973644561
22.84507322800531
-4.290965402290239
16.76655013125707
13.06386639822304
22.91084244570341
20.64481965374672
-20.78542962418105
-2.966135753905006
11.75489304550653
23.73226486845276
-17.58034112063637
4.113360903666602
-10.6825897922992
-2.350031286658206
17.81929387108619
3.20508850273422
20.16932515907584
10.50839238021233
14.72102880065858
4.212636418067523
17.59895197792534
9.278887154200119
-11.61671814629568
-16.36903291785214
-2.982717336657049
11.83909261339654
7.121407917012825
16.22250834198162
11.9773718224533
13.38631556121194
23.49044084475956
-19.61890396560554
11.51306902816328
2.495187709917277
24.66081661617996
6.897751327333832
4.093286905406401
-16.80231833018606
-24.78090256262602
-18.61950411073888
-11.97723561321313
27.14818704053353
1.691538882736216
6.642268497636874
13.6687744943733
17.22596092858641
7.939993569880169
-6.078523096621235
-9.781206830030735
16.01076769800685
16.28649606221768
27.40729250763455
17.22345553621503
17.06553682485783
17.35483179999977
-16.36141401917477
-9.875487157513049
-3.043594561185597
17.7186814348652
20.87386660881542
12.2386045233758
-15.89198005870906
-2.744232478322928
8.993937314024233
22.52238284019507
7.86061855020666
-6.790879616279863
14.82180990633143
-8.320064825579644
-15.78092333658591
3.253990494529822
-11.39750763377535
4.383415712406028
-20.89560527912268
-14.45688548163193
-10.81844529275958
14.97352923893573
11.42207308590566
-9.285967360337505
22.36501915871174
6.485926862783245
-8.310023830730401
13.31781945529132
-14.79595069426067
22.11409167731968
13.14774758458433
9.101100430955732
3.638440183286054
25.87895857196119
25.79197452841981
-20.54582959603338
-9.448766987791725
10.25715168638835
-5.088574816103527
12.61877061540841
-1.924278972225987
17.4404022690391
-14.36497227463643
1.101933863662595
11.09706261638148
-3.551456157453731
0.2757283645950425
15.45725477130702
-14.64851876301318
19.7059186688605
4.716162506378657
19.36468125478713
-1.731141014470763
-16.72089711510834
11.60166846640334
-14.98975613375733
13.33280950876884
2.361618914746787
14.24578097019325
-16.33846839114192
17.52654713068199
-15.82162239007098
-33.3481695218882
35.11961367769884
7.476463256337621
5.225528606020271
-7.978584248469255
-10.18383698504155
9.708067687930672
2.878542612255906
15.23773787151813
19.89190466755976
15.46690614355894
5.52967016086614
-9.937235943685993
12.35919522540965
-9.842290342166192
20.76227599635
-19.33447458174662
-16.17928940023932
-4.184451149202236
11.96123396839832
2.883112861784909
20.3415874693632
3.155185178347804
15.15002343563414
2.250445970287934
-8.635262084505642
13.53036682491804
19.0624022606702
-20.69786266649096
-6.594259394555682
9.551425733031698
-5.516336272582889
10.63086022924909
-19.49383686552523
23.42488317137721
15.18152640197482
1.204025793063939
22.16562890848983
21.74955850188286
11.73816979387678
5.532035434676238
16.14568512157228
-12.89957746715482
-21.44274061555274
-21.31935922434863
40.44566264652673
-8.394392764030764
5.623602861008743
8.380353505102747
19.45232809041758
13.8734574381819
-29.05436801097323
-18.105720927948
0.1233813993464437
16.14719650989876
17.70734541614644
1.560148894365205
12.7940229530067
24.39295810843448
-10.01138870577726
-16.21752306673671
1.240951537975129
10.65209042574658
16.22779654381782
-22.78991519981869
-22.40780426861403
31.47822313730205
-0.121862108669511
-21.7414062663519
13.52844553152447
20.66347912720534
-12.92780181043938
-18.5066724709462
19.81648756590134
-6.907737310867788
11.32136506301143
24.24633155020698
11.88416210986815
22.83280920546654
10.94864709237125
17.45847460674326
25.94668052540455
7.135033593198019
-14.66176428524873
11.07197458521478
16.81730164347862
14.9868450078741
-11.02337328357735
15.97558903580628
22.66805311258032
1.048508930658878
-12.85382991664523
-5.578870654329136
5.745327058364291
32.74428937016301
11.59893516129614
26.99896231900138
-1.830456635426562
4.429843994964197
6.692464076392072
25.32093173914468
18.44783963060727
18.22910235870172
12.9249664737567
-27.9489676787908
-34.82205978612639
29.08016417083245
14.01799562529817
-18.81164694557353
0.6663980051771133
19.47804495206492
5.575706115493631
-31.60008525450375
-12.97161759980687
38.80106870661707
18.62846766322889
-14.6514981473959
-13.90233884494511
-6.873092107936227
51.77268630642462
57.0291318496847
5.256445543318301
