21.81316818740869
-11.48935001058427
4.121848042987746
-3.297386304873363
1.969540816394993
18.90907935120172
-22.49237545820889
1.364493223575324
6.312066898130551
4.588062283076864
5.713025956119633
-7.172856313969866
-24.69678735386987
21.4469496870192
-3.332171148005318
21.1501703998801
16.07212531771141
20.84683100269091
-21.51865262228427
-5.157237887682464
12.84369564946803
-13.2626803542469
74.59893404865917
56.80461356944536
73.65988328813188
-31.63304952406613
-27.83544007055866
-7.82728882153024
34.09272401500111
31.27542338546062
7.856121924425743
-7.361083342949923
18.18587349607404
21.82017540683171
-20.44607944805056
-21.43822844604544
-5.958844050334275
-4.479722649985296
15.76896742733016
20.94489498398312
21.14487728872696
-13.08954989582121
5.267585793656685
-9.455247978629069
15.8326403193653
-18.37065418071607
-29.05267823982329
-8.671126032604654
15.76264130355893
5.422295847080424
16.8631742190056
24.00359534708402
10.37868462673138
-5.07804508217861
8.786390079582135
-13.62491072049005
-15.21720526750194
10.32975157177479
10.16803930605805
-15.45672973079114
-10.68202406513058
23.79295002771363
-1.368404692151333
19.0131475097076
20.18519700422806
4.749605468502646
-15.89987934692302
-21.06029590931906
4.774705687541522
20.38155220623532
-19.69189120513717
-26.00406889054095
-15.87729149895189
4.064531987583252
19.58068354720271
-5.312236943829608
15.23074113146591
24.43376733437548
1.172049497698693
13.06634980511521
-14.22140936585584
-14.38312163455164
4.135726340069603
-2.942243263161751
24.0775498190585
14.18312496257018
-0.1617122668823562
18.35713570455561
-0.9921489992555581
-11.36741752747184
15.96635680018557
1.100532916193153
-14.13078155834192
1.491593859591674
-16.2251690831092
6.786750375667958
18.32043039178752
14.04890338012368
11.44087837184048
22.2695688269208
12.63411710258437
11.89430030551221
-15.43559153474147
-2.61402289033046
-9.635451722254714
-10.37526852481251
15.47938439394387
1.747584324145261
25.11483611428243
-16.58093916167025
14.90216145661373
-15.24813999044245
23.17928493026518
13.36411926829284
10.34641479263755
-14.61683598454522
-28.19987077549744
-16.16349102159646
-6.372109720189321
-2.379244508308598
-16.58478437570693
15.35570175652555
18.53828742685064
-18.32852348500858
13.15457713100444
-14.82384031914915
-2.783928259363567
10.25390412250204
-10.21267465595774
21.72781147699432
28.46772970836183
10.7509667648098
-17.29869096735763
-4.260858585003061
-10.24387757488093
9.50990901922745
-18.70079037921549
-16.46093348628692
1.33279917071988
3.504683165709718
7.212020907214462
2.239856892756705
20.03358954987397
-19.47867838222733
-13.43746390820276
27.94742682395467
21.02382502003299
27.3019434463424
-11.01826466043018
3.473843624081577
27.22866076993871
10.59336367654176
22.53071885370985
-23.13183014502568
-4.72899933147257
-14.20553986695803
-2.094387524622623
-17.10621287465765
20.91753193538722
12.82156864236932
-20.64948481432004
-2.900673008287564
-17.7167629428455
-18.95782068957373
-6.207732217842464
12.55730952190513
14.26848500977258
27.97593633980706
-15.01182534957062
7.615814036305486
19.65572609338336
8.418927001150974
-9.319719296777903
-15.00860575212628
19.96561664910494
-21.71853527507508
-2.658803138559888
12.03991205963572
-22.62441978846612
-11.23679909299285
13.03783238211015
7.054813392663918
-23.6096344192358
-0.5307490297111987
18.40028771321484
16.38269884786454
21.99558629802015
18.29161248579795
2.923666727729342
-17.73864629736255
-11.48566395610134
-24.66672279704473
19.7537865948353
9.80008886590822
-15.36794575797859
-9.953697730356447
12.75008847350419
0.3419603767865837
13.08967691296856
19.95810476184428
-12.74072801534986
-17.6166408540373
1.314395902005393
-16.60559720656918
-9.737169361995319
-6.64952752890813
11.57580174591273
13.82668970251273
28.51343886375868
12.74771653308027
22.70378620708225
-25.16803462379649
-13.08268838929419
6.868427846147729
9.956069676741357
21.28684289937898
24.01716634800733
-14.55772885349169
17.65493508316909
0.8819935580985712
23.07888541337118
6.158063328508138
-10.47723375428354
-18.64370886241909
21.3129711096393
21.23963489213253
-2.885964202547108
20.47621722940957
12.08534623938869
-9.711388744677439
-14.40933068475571
-4.875912835845347
-21.79673497656277
-16.92082210870909
18.9310367493391
-21.32078044826974
-5.688886455313728
-21.94578846692717
-6.928076497260789
-3.427838141300054
15.63189399373968
-13.2430037975168
-20.81910970617522
-0.6250080214006556
-16.63529708279154
-4.697941928153611
-13.18105884186844
-27.25971819198074
19.94182348075585
-17.88778459209555
-5.733815399400984
-15.62824025414622
17.69141684399522
7.53683303998768
17.84694963649667
-22.54202651875401
-15.34042623490158
25.51327521340545
3.520429173665742
-19.6903686265771
-14.86582388570151
2.259544339028116
25.42461763398994
3.310549435768406
-29.80199153815705
2.880661148423284
19.12369632428672
-20.47939635534517
-2.017588867881429
15.75774466245206
5.612887453291766
17.77533353286465
12.16244607674067
-26.10637600371479
6.041214471721963
19.05973213582312
-9.815165657575552
-12.83287013865429
20.91040721432748
2.03632260718128
-0.6454833756765602
-24.47358320025927
-5.160416566844409
-18.87408461140274
-21.55589058393672
22.67359242536184
6.278118425767176
16.3614147347695
-16.3954740123396
-6.312177686404853
-7.576105908348848
-27.9809552538163
-3.631907815673759
20.19410168724737
-20.40484934577724
-26.50990581370354
-6.362231265866236
17.46377822126398
18.40283081862327
15.43972241158975
1.856687620184196
-1.724004598523433
23.82600950238478
15.01771196928804
0.9390526024292195
-14.07865935968598
-13.58303479166201
17.12536822573847
-21.1010176948778
-4.163380572730018
11.96951933470701
65.17104138185103
20.74895680246376
-3.580692220538126
-2.455728530173014
12.03637975516202
1.124963689572944
14.49210828489855
16.93763712010023
-0.07333621876448367
41.84997450042252
9.676690192867001
25.28788827246206
15.5161515547419
-9.894424855616833
23.42523224581305
-17.69132014442057
2.851657904720236
18.86085541408561
7.909080685292344
-4.349942404218667
15.61119806658365
-21.99284605462337
-13.80080675665134
3.797609453507021
20.54297807868513
-10.95177473698316
8.19203930507763
-17.358094753747
1.785719318436332
19.38413555962699
20.32977772860104
-5.324232851672751
-17.20256195652109
19.14381406549558
0.155532796140092
17.59841621726389
0.9456421645096436
20.00815125677472
-41.70827213197663
63.95669735087363
-39.12884641345788
-21.49117519861535
13.69699607863721
-12.80382242567545
-22.89057521230981
-0.9928780200762117
19.43789082041107
-23.8286137278351
34.84458100534605
19.06250909357386
32.24171324641983
-25.65401057923091
-11.02479130309322
41.92001283891369
13.17920415235281
-21.30308902969521
-4.210841465493734
21.6285420140631
6.061284224705046
20.69050350013259
-16.12716147570731
3.182585671753891
17.09224756202568
5.175927555816031
-19.00575237439567
-5.096090487060746
20.74329298901967
26.81857413757569
10.60766679655062
-7.472072355206961
13.90966188884306
11.53368001869212
25.83938347674071
21.89769719031999
6.075281149870902
-0.9380385140713937
-20.0481222690157
8.517811093611998
37.196155643182
32.20967295052032
-10.55791033731056
-26.22148886883484
-18.42912212902097
-34.25153816878815
-6.58069122770674
13.5659050290328
17.40833689631317
24.92997337455315
-15.82241604093593
35.83745902528298
27.67084694110016
-16.21090734091043
0.4026279343506441
-27.26821900624063
-4.682645141694368
20.14659625675827
13.97322965448613
3.698998545768808
20.31253382030617
-14.38074060677176
-18.65226761846598
-3.233640801728281
17.3129735839833
16.61353527514605
-18.07973915186231
22.58557386578422
-2.999560238622998
-4.271527011443161
15.41862681634116
-38.14636526170766
-9.615964834330864
43.11459165554749
-1.602878495145645
27.85259664672843
-20.97554023170576
-7.268088899032955
-6.28879107555519
13.27852548658777
20.88575514339951
13.70745133283605
14.6867491596051
-25.58513410564472
-17.97790444923335
18.56558232019691
18.65587479541602
20.54661438571345
27.17454621987587
16.13289990578284
7.607229657139345
28.53040042624955
-11.04164631619299
36.54348676799633
-39.57204674017648
37.46856148050225
46.74201627953943
13.62947530452644
53.20152204504792
-28.74080868940682
2.579425718518102
31.32023441158143
15.40669018472743
14.62921927578266
-22.1884457019554
-11.87832910419409
10.31011659841577
28.565933364226
-6.173366601828333
11.36406834572836
-15.86578143055848
21.3390657298169
60.88587402836416
-7.038067487088998
-40.58928293600908
28.15010379352962
-33.06764645303186
28.67834455194605
37.2048471590072
-17.2018650208331
-47.63671502486751
-39.1102124197602
0.4365958790273402
-1.764643695357335
10.0538460706617
21.8012120919252
8.526502605693146
-4.986482690834864
45.87207132951134
39.54680829891788
-17.52393103991592
-50.25970127223579
-32.73577023450815
21.36461620938131
-9.774336085197929
-27.9943536005861
-18.95007055472899
3.946835650494202
17.69174590380028
24.58859034674233
-27.55074091466247
23.30781310440566
-70.31832420183594
-41.35472504981212
-0.4066525500036225
20.77520491017228
50.85855401940976
-42.76758328751546
-2.532608190360763
11.81848976561379
21.95579153327595
12.48492659524213
28.96359915365986
-15.75387100236154
-15.66357852974132
-44.71747015348327
-15.26199500708135
40.94807249970502
37.01612882826819
0.09029247455855412
-14.2880738489448
-18.22001751893269
6.893783609597581
24.26128014646827
27.46608198971721
52.27812383369157
9.2734547995644
39.36722968985166
-3.931943671435727
21.18185745998997
-12.91089414253761
9.044283045615202
30.09377488976023
-33.11254097442027
15.81314688716542
-3.523735069334009
3.091314917354091
-17.80436307253753
29.77108728790454
18.4314421141495
-14.28062800369402
21.95517718595003
6.380148934443468
-12.38259045075202
-15.11107355941946
13.83975752890301
5.530681134739232
-21.22288347869262
-3.307559780261703
22.63848040233672
-17.96883895787608
-25.5848321765016
-44.42208458225976
9.322595181308237
-30.14691966858035
28.12056519169388
4.760507688247628
-27.84506797137018
-2.259403339238915
23.25085521083631
-18.83725240791557
34.90742735630612
2.301851698066059
-31.00238202103644
-24.12559909586058
41.92331072077782
-18.2921838972681
29.75818111199419
-38.26882208038507
5.833415199982346
-12.16512961096309
33.222796249604
-1.670100885277027
-20.39438008752396
25.46819563322923
44.10223728030446
86.92256364309959
-37.13871316681669
12.32622146197396
-20.89567798940081
26.67977237145556
-17.3011881149661
20.22133455421926
42.82032636351475
48.05036501016012
17.36749653893126
15.01753478318781
10.13730176949069
19.72546543575748
11.74736602224625
-9.470864935273299
10.69646342162949
21.20391189411862
9.588163663493939
-22.50946627374566
-10.09708636564067
20.50406778976246
4.724124130023641
-18.41653110272357
16.24303517663983
-23.36005750292435
19.83752505278765
-4.869709982047292
-29.62740957771433
7.895113092002008
26.6449729696151
-13.32375403346598
12.76318608461872
-49.10871248772894
-3.064620566378101
30.30902702683825
39.07892538740696
45.75680632965455
25.41129043298326
46.04409192184747
-17.79432047972313
25.58566463298685
-12.18393117054335
-38.53427236565524
-33.30423371923729
25.51025855099095
-37.76959580317757
-17.13679431118251
16.23685328586048
-6.458437816856827
14.28574413692516
-11.33964517646738
11.55726102803556
-24.70723503588026
-11.91668695755066
16.30365554513925
-18.76273938237063
-6.021773606454116
7.459608592236711
20.77637791917581
10.93474963041898
18.7498598778491
20.74418195225502
-22.87252163202877
-9.541171174504203
20.42785173259578
-8.628692897726429
1.99432207396881
14.73528785004175
-13.88178688505055
5.004624112191879
23.89933370664941
-1.140319585218109
21.85781057894017
3.272586725018088
-23.93043787848932
-22.222488033034
12.79054807937464
-9.273405265823891
28.22034250437406
-22.06395334591624
-6.616174043224323
7.138174058690367
12.74096577587121
-2.728483108107775
-25.03965329102439
1.047286828326795
19.93369782497524
14.78959743014904
-2.04152312873141
26.08694011937919
-21.08216844844785
20.63280149172726
-43.20561091335423
-26.35034119513458
33.37364759585772
16.85526971817924
15.44777930378271
-9.730663738051437
9.017047112216858
16.95652323609182
18.88641099667662
-5.144100394736284
19.20697537502684
18.74771085022766
-28.80164783968194
-19.8548516931854
-3.428731531281232
-16.28691891116054
0.7754677385831714
14.49065138935836
18.12891176919944
-20.01050013701098
17.79766995161131
1.078034790320767
-15.26016076183264
-25.19733093868199
-16.83112055846634
24.35107576951027
2.998146454707686
20.06053310379395
-17.54458612507208
-5.186830801671271
-18.58522385381911
7.314538083151747
19.82926701196318
17.23602396721524
8.8743854710037
29.86399228178835
-7.754600616374493
25.89976193686803
-27.20302460361903
-0.06472808515552141
12.62796831457341
27.017901430704
20.59101204682437
9.335503910517483
18.28230005824991
20.98960681100968
-16.62898609753847
8.946796147114501
12.51472892904789
-25.964490018216
-17.06094167403299
0.8584412444282464
28.66020999094174
26.73607227973138
-5.594534508444988
14.29591532870742
2.707306752791431
16.42612016170054
-8.043000624904105
-7.486669020038497
-17.32829730877499
13.27435747104834
14.32076142102769
15.52471224662704
13.71881340837792
7.963043735647945
25.18522056926091
-6.426889387276663
20.97861840236254
23.85686867922985
17.91938292042662
11.46640716239488
-0.4592645250405328
22.8436199036737
-4.290542665463031
16.76550828103936
13.0629013638031
22.89690620372104
20.64175469572504
-20.78315387535571
-2.965787280403773
11.75392542371551
23.7304907625442
-17.57835202940892
4.112993192880602
-10.68150758517405
-2.349961758358499
17.81736659558865
3.204801845309743
20.16732835504571
10.50744846997751
14.71971270521094
4.212264233465246
17.59765319636704
9.278208437853221
-11.61574822706674
-16.36800845511709
-2.982619476614288
11.83859108242154
7.121023872836398
16.22174280992312
11.97656533867155
13.38538896405496
23.4890323351816
-19.61749757006196
11.51246700065286
2.495065156291265
24.65962643804644
6.89684444366132
4.092935187139512
-16.80102143065343
-24.77912083532079
-18.7242792023262
-12.04639825878487
27.13829651857461
1.70794984558285
6.677880943620119
13.75434810300511
17.22477280547697
7.939476123495786
-6.078111622094093
-9.78071854055443
16.01000899497092
16.28565042399588
27.40550781310249
17.22217683211225
17.06238664941524
17.35344402932905
-16.36017567758113
-9.874751298971452
-3.043406346644685
17.71762014425957
20.87263764535468
12.23781143114631
-15.89129953630088
-2.744140104427442
8.993577164017374
22.52153510800652
7.860255924273723
-6.790580586551471
14.82121052735009
-8.319444759831432
-15.7799436683269
3.254044523509152
-11.39679195952009
4.383151715816286
-20.89395664936702
-14.45614099656021
-10.81788061030911
14.97284692870979
11.42149003485706
-9.28529668318212
22.36376204554958
6.485424380103098
-8.309076395730044
13.31676932836013
-14.79450077642663
22.11256272741768
13.14715943492031
9.100718941439593
3.638260381967125
25.87763103482589
25.79072753624546
-20.5449311344588
-9.448296655488619
10.25688193275057
-5.0884267584408
12.61820529145372
-1.924137707755364
17.4399579450919
-14.3642946656893
1.101762357793401
11.09663448507852
-3.551356897261416
0.2756414294136688
15.45650437007099
-14.64799137466408
19.70517858437101
4.716104298226588
19.36409566248076
-1.730560930450588
-16.71963517193246
11.60078950685896
-14.98907426550278
13.33135045752462
2.361323348348764
14.24382877374451
-16.33819557715633
17.63767121820788
-15.9135442305101
-33.55121544949841
35.18817127893563
7.521636480608672
5.230038646395195
-7.978099416322427
-10.18333099097405
9.707118850691698
2.878250293845565
15.23600566116323
19.89044983783521
15.46605702735206
5.528886794084288
-9.937170205058626
12.35775534285229
-9.841628288746678
20.76102649099567
-19.33357303121795
-16.17855552483769
-4.184244551006415
11.96072928162875
2.882991209805879
20.34078300234111
3.155017504526264
15.14932848228977
2.250354774718487
-8.634826213460936
13.52973507059303
19.06154673396538
-20.69691412594464
-6.59398958042701
9.55098425980716
-5.516051195171997
10.63040640267682
-19.49296329166807
23.42389497737837
15.18086293675851
1.203950828306769
22.1645612833066
21.74873265428304
11.73771726972338
5.531811663425742
16.1449738355839
-12.89897370864951
-21.44074162977269
-21.31833372896894
40.48421864517959
-8.39357776155771
5.624775894358943
8.380053723834013
19.45172172372041
13.87291071746549
-29.05654463519028
-18.10723376741956
0.1224079067166174
16.14645760383456
17.70663203882448
1.560174426347924
12.79348858279538
24.39199077435802
-10.01101538291507
-16.21692099057004
1.240870799490499
10.65178264631808
16.22741031469781
-22.79005595757057
-22.40815075034792
31.47952373816299
-0.1217307678112342
-21.74161606636156
13.5279579479425
20.66279802596268
-12.92774131336895
-18.50655232603906
19.81650878918041
-6.908050131001248
11.32159157704427
24.24634756397822
11.88250546483774
22.83181634177901
10.94931087461588
17.45779179204682
25.94604018280693
7.134840076165943
-14.66127918030675
11.07166799994746
16.81695402166282
14.98653951719359
-11.023252752679
15.97571132927341
22.66832520534409
1.048439889187729
-12.85366725550849
-5.57881100806922
5.745286021654597
32.74425009794843
11.59850219590448
26.99896408170186
-1.830414504473887
4.429838782643824
6.692613875820328
25.32205515216772
18.44819244625448
18.22964169698311
12.9247559771726
-27.98558004626614
-34.85944275127527
29.09108777537707
14.01835365612399
-18.81120011633361
0.6665346860653339
19.47773480338238
5.575627666394248
-31.60125451214552
-12.97181324163143
38.83792745883484
18.6294412766852
-14.65083649692724
-13.90210714305153
-6.873862705461
51.80974070046626
57.07666782168894
5.266927121266679
