21.81309882540139
-11.48932895050118
4.121842695088038
-3.297122641859669
1.969277153381305
18.90920640749541
-22.49246777441375
1.364502272717308
6.312012917417044
4.58802385280206
5.712979441621158
-7.17114454943628
-24.69708910929791
21.44708467561124
-3.332201059028127
21.1500995794908
16.07209366736842
20.84677004721254
-21.51862289776451
-5.157197126505391
12.86318346977864
-13.26243234194978
74.61068018051499
56.8138017765972
73.67089910609994
-31.63241960426747
-27.83487236772374
-7.826951233848805
34.08339691489707
31.27518532823371
7.856125978246329
-7.361054702495569
18.18577653056285
21.8199330611974
-20.44597201579525
-21.43810778776285
-5.958810216049006
-4.479700223794563
15.76888175179695
20.94479131715474
21.14484028018448
-13.08940880422742
5.267590978748357
-9.45525226703648
15.8326099996364
-18.37060005005785
-29.05259291201391
-8.671090539669526
15.76254785498803
5.42228207085357
16.8630661206288
24.00359501174457
10.37866329383344
-5.078005912131432
8.786414330874546
-13.62493171805026
-15.21718068087009
10.32965055244492
10.16795040156439
-15.45666922826349
-10.6819928681022
23.79288212081832
-1.368405320407019
19.01309704645647
20.185136886737
4.749587016332812
-15.89980625521667
-21.06021429222356
4.774676382459709
20.38150237133151
-19.69180895955155
-26.00396717388861
-15.87724930538468
4.064509163560952
19.58057740584304
-5.312230254533693
15.23067278077795
24.43363839286694
1.17203984350913
13.06627964166216
-14.22130188519193
-14.38300203913887
4.135697914532813
-2.942217989955616
24.07745637580664
14.18306815749796
-0.1617001520842456
18.35699979833836
-0.9921357732074335
-11.36735874941382
15.96627179410342
1.100518266425565
-14.13068036048119
1.491553209365672
-16.22505683848283
6.786737899775492
18.32035618471495
14.04883975321434
11.44078404966396
22.2694627655658
12.63406476993558
11.89423979621312
-15.43554986939821
-2.614017836789247
-9.635397993528242
-10.37522297277962
15.47929756996314
1.747578806583735
25.11469556158036
-16.58087837081986
14.90207991912082
-15.24808260421265
23.17920366767856
13.3640725086145
10.34633821291318
-14.61678356953773
-28.19975554659348
-16.16334977224279
-6.37206904395659
-2.379235973739014
-16.58468468429963
15.35562292296982
18.53818228764568
-18.32845717658387
13.15450111106493
-14.82378654814114
-2.78391565927006
10.25384742977416
-10.21261564076028
21.72769196719184
28.46749996093818
10.75088991221718
-17.29859908996911
-4.260836000408619
-10.24381684877903
9.509838253427326
-18.70073209326082
-16.46088311189517
1.332795766111484
3.504670628290163
7.211995828484022
2.239848981189327
20.03352785930928
-19.47861656425143
-13.43739744310244
27.94721817012372
21.02364571680624
27.30173948902945
-11.01824093514048
3.473865226811382
27.22855872514234
10.59332665623575
22.53063780642331
-23.13174979974328
-4.728987060895291
-14.20544871014324
-2.094376477843173
-17.10610239065509
20.91741826162443
12.82153203052509
-20.64939327045125
-2.90065368108563
-17.71661004800696
-18.95766170795528
-6.207705830489478
12.55728654521676
14.26840715690263
27.97586215693367
-15.01172591236753
7.615789979511117
19.65566086564066
8.418899700554553
-9.319690649192612
-15.00855808260162
19.96555373724805
-21.71846554556081
-2.658794324145624
12.03987088871836
-22.62434806217864
-11.23676116584374
13.03776308930242
7.054782241389768
-23.60958011917327
-0.5307437186155111
18.40020227919607
16.38263174991994
21.99548148947797
18.29154340737673
2.923656806989573
-17.73859034917102
-11.48563229435807
-24.66664397395165
19.75365510295357
9.800046220423173
-15.36788660030071
-9.953608883975615
12.74995587925498
0.3419562419762249
13.08953821925948
19.95787720805586
-12.74066963420517
-17.61656480574756
1.31438120541006
-16.60543167342574
-9.7370926889503
-6.649448877371956
11.57622349662635
13.82666411382234
28.51340657485098
12.74758197412975
22.70356476648987
-25.16793282063713
-13.0826258732725
6.868338986053526
9.95598279512749
21.286768634612
24.01708543340795
-14.55764976844973
17.65487715644551
0.8819891530661422
23.07883642486311
6.158056546433244
-10.47717551166444
-18.64349600527365
21.31331618730456
21.23913791401111
-2.885968740636845
20.47611298918564
12.0853069523325
-9.711368159291071
-14.40928910230862
-4.87589516863367
-21.7966751039928
-16.92077990273469
18.9309460043454
-21.32071140568107
-5.688867433342797
-21.94571873895939
-6.928053622314774
-3.427827246799434
15.6318439731269
-13.24295840003188
-20.81903499370261
-0.6250073360711883
-16.63523205809753
-4.697920930868336
-13.18101168055459
-27.25962487424547
19.94175846305565
-17.88770452573272
-5.733783693129751
-15.62817190971125
17.69131800567848
7.536787013306513
17.84684637916335
-22.54187186858278
-15.34032040247771
25.51307548826269
3.520414645375126
-19.69022500302063
-14.86575352938367
2.259532617097488
25.42449154096245
3.307595436310563
-29.78881090017575
2.880874984396111
19.12328472296596
-20.46804337873771
-2.017570531859367
15.75752726726455
5.612849742755335
17.77509780170718
12.16224805606775
-26.12561581172826
6.041219118771461
19.05967122071467
-9.815131154588162
-12.8328654557994
20.91041960581685
2.036335034538218
-0.6454786791209274
-24.47335294370454
-5.160408041540723
-18.87408457560469
-21.5558982787572
22.67358399105871
6.27809377166949
16.36142577142991
-16.39549023237655
-6.312158215357218
-7.576076593348525
-27.98085607915085
-3.631891477620566
20.19402766015946
-20.40477948612474
-26.50968798461946
-6.362208278011938
17.4637108436776
18.402762744017
15.43963892151534
1.856666943996153
-1.723989047764703
23.82591913723389
15.01766511625946
0.9390519055081632
-14.07861320344345
-13.58297197778019
17.12528614747911
-21.10039605688216
-4.163212974359964
11.96939789881904
65.1582847966155
20.74081884277385
-3.580655993626408
-2.455700387150236
12.03640577563795
1.124955605669301
14.49210616234469
16.93718308047594
-0.07417827454919837
41.84121490273564
9.676690568549516
25.28786224065826
15.51606823730086
-9.894388217445131
23.42510170127065
-17.69125613031299
2.851646878348186
18.86073505347515
7.909033458080898
-4.349904613328799
15.61117165884908
-21.99266085805772
-13.80067993751773
3.797547236543281
20.54290303877072
-10.95170160373466
8.191980927782287
-17.35798299657941
1.785699565629552
19.38392677131407
20.32961117895833
-5.324200253019514
-17.20245461830844
19.14368255540156
0.1555283771748657
17.59822718130323
0.9456844030920485
20.00792114177259
-41.6935197532681
63.95762861025293
-39.11528241032185
-21.48464102424517
13.6968500573692
-12.80349283707001
-22.89016003332722
-0.9926466503183055
19.43601708991951
-23.82818356021565
34.84032098489476
19.06223674001171
32.23950992732122
-25.65381143093971
-11.02469072406641
41.91034815117548
13.17727318680985
-21.30296982634619
-4.210821152495231
21.62839769802866
6.061253466545166
20.69037417273757
-16.12706026367527
3.182559366095189
17.0921486716712
5.175909564506269
-19.00565244070538
-5.096063138063719
20.74315570895923
26.81841595931823
10.60761102559121
-7.472034152675874
13.90958930415674
11.5336182875249
25.83921884768423
21.89751338109314
6.07526025167606
-0.9380235254316839
-20.04311417162594
8.513460301897013
37.17785016676319
32.2450913938695
-10.5692680926475
-26.21204124630485
-18.42710539429497
-34.24935852303022
-6.580180093637581
13.56329387762694
17.40586224083108
24.92474417765763
-15.82225312990526
35.83296763507484
27.66917842941031
-16.21080493361078
0.402259685104532
-27.26691874379555
-4.680642412738763
20.14347397128221
13.97454689414833
3.698961661036415
20.31202627902413
-14.38068351800791
-18.6521999495287
-3.233624338969706
17.31262103114862
16.61306461859869
-18.07964517836945
22.58627633229359
-2.999405250173913
-4.271516431272972
15.4185756101593
-38.1131046865036
-9.622283698201867
43.12210154377183
-1.569604061271587
27.81485679394826
-20.97548503095584
-7.268030028289205
-6.288742575018934
13.27821534173326
20.88575584920362
13.70745500283124
14.68674245938987
-25.58568158370388
-17.97814107663133
18.56535955147118
18.65518930612165
20.54624537011681
27.17449842514241
16.13261087152611
7.607540507799412
28.49082098717334
-11.04188755571494
36.5435006266675
-39.53270854062099
37.437140491592
46.75258469231311
13.65617835473697
53.18888689570169
-28.73307496726255
2.578237342945549
31.31131231393211
15.40430389476478
14.62912070653289
-22.18831373178872
-11.87825436464887
10.31005936778011
28.55657447512226
-6.168927076689053
11.36145030023777
-15.85729935840985
21.33235462684717
60.88266941437745
-7.033655666223861
-40.57130547883803
28.14783541880989
-33.0524235372762
28.66438986724292
37.18965398388802
-17.19512417722087
-47.63915813120141
-39.11389401651232
0.4364207712579267
-1.764595235656868
10.05388775043106
21.80130882868836
8.525264115276306
-4.932758771066219
45.8745628955451
39.55031478790104
-17.52594455987755
-50.26077855288311
-32.73483399523631
21.3648880538502
-9.774415858068091
-27.99501182772782
-18.95068891518545
3.946879902612813
17.69192113928149
24.58882426280062
-27.49487041104699
23.31245125428482
-70.30922989690484
-41.35012719208916
-0.4015453730193167
20.77975259867075
50.8073216656742
-42.81435948620059
-2.532698651740756
11.81848298567841
21.95583391435215
12.48491761779577
28.9591027064508
-15.73260290392292
-15.64277315187339
-44.69170560783462
-15.30724474808489
40.94858181896542
37.01535568072389
0.08982975398882603
-14.28736983642069
-18.22059597321173
6.893928133634377
24.26151286451287
27.46633699806666
52.32260042714985
9.315444201249274
39.41103675372645
-3.933226138239514
21.18129797150329
-12.91156367212015
9.044322912298068
30.09559255194915
-33.09640633698226
15.81568928530352
-3.523593840796634
3.091254573795538
-17.80349710804899
29.77214827507769
18.43229273895025
-14.27990326774384
21.95588658221448
6.380206837558586
-12.38266218905386
-15.11122872222191
13.83985450769819
5.530715635878237
-21.2229362742609
-3.307566142063809
22.6385512078934
-17.9688903445737
-25.58179638917752
-44.41746595671287
9.320767519933206
-30.14402582222806
28.10745644870773
4.75853808589844
-27.84133287060639
-2.261554137359941
23.23887972168546
-18.83566956969134
34.90256390760582
2.302692952476262
-31.00311617538501
-24.12510665582759
41.91539317887434
-18.30674571052697
29.7479465775153
-38.28786386772501
5.818360946689061
-12.16744660353725
33.2237767686515
-1.670163828655304
-20.38892713715796
25.46883151691466
44.10622481434969
86.93333144877735
-37.13716142147289
12.3266116805836
-20.89475168135273
26.68089370218563
-17.30121760585297
20.22212939398929
42.82710663515266
48.05469228893874
17.36758473294222
15.01761626711586
10.13735093051328
19.72557565680294
11.74742107925057
-9.470916293787726
10.69653656411126
21.20405173439087
9.588224723446691
-22.50957931302356
-10.09712819602032
20.50415604691462
4.724138056753747
-18.41661990638067
16.24240973934518
-23.34891836228859
19.8359438165564
-4.868576728210672
-29.62782928720821
7.895517713162821
26.64622244076648
-13.32421473052083
12.7638186588557
-49.1057705677403
-3.064451192781347
30.29994962396152
39.06676947276314
45.7428700237511
25.41136346617906
46.04131937546721
-17.79687840443762
25.57977873410076
-12.18225023932433
-38.53339478154963
-33.3058091279947
25.50043385996011
-37.76202897307117
-17.13207306059322
16.23232776004489
-6.458764307814131
14.28627981160924
-11.33985553884089
11.55771327822322
-24.70452054581208
-11.9164010591158
16.30361455756406
-18.76286902377424
-6.021804394908177
7.459647667899079
20.77648801894106
10.93481608100226
18.75070472784254
20.74504411789293
-22.8727178297978
-9.541279086355678
20.42774359493968
-8.628771401224789
1.99433938961101
14.73540401861757
-13.88240378196172
5.00466289603534
23.90039365342718
-1.140393538202128
21.85887961232235
3.272658794363297
-23.93105159412362
-22.22380764745182
12.78811948774102
-9.268106100608721
28.22001561835623
-22.05622558906864
-6.613305189389167
7.136601511238529
12.74106462881412
-2.728566532605737
-25.04078719078533
1.047246199869033
19.93431287726662
14.79016908275266
-2.041514042117405
26.0880333906844
-21.08341410990619
20.62995591220784
-43.20824187127618
-26.35114454224603
33.36440081943126
16.85709732898496
15.44292040077479
-9.730741122774507
9.017114824035113
16.95662047511239
18.88706667742781
-5.144143794417245
19.20712879263668
18.74785594675821
-28.80190513884434
-19.85499211762944
-3.42874172504056
-16.2870588130141
0.7754634187996678
14.49071766563017
18.12899117933107
-20.01049216908233
17.79776848747067
1.078069307365588
-15.26016631335235
-25.19735271504503
-16.83168312444876
24.35127258678693
2.998186663821246
20.06070889500839
-17.54470413217426
-5.186860545962953
-18.58622081784296
7.315023460894131
19.82986978704736
17.23727173160021
8.874952738996088
29.86531275531159
-7.75494525173661
25.90124427862114
-27.20371038859863
-0.06471504307082789
12.62804102371168
27.01801973910245
20.59110833192205
9.336061306367613
18.28297432881239
20.99036001654162
-16.62989800108393
8.946913021829873
12.5148463263808
-25.96595931780253
-17.06101543059284
0.8584439578264181
28.66032795905573
26.7361809971339
-5.59456541857184
14.29597790780046
2.707385687765504
16.4262503923577
-8.043036197203367
-7.486706318074073
-17.3283782559857
13.27441800368779
14.32082604379609
15.52478122774317
13.71886470403613
7.963067311675522
25.18531471123918
-6.426911410645609
20.97870095296541
23.85697004452719
17.9194593904395
11.46645000874896
-0.4592728461355646
22.84371886800202
-4.2905636915111
16.76557486197738
13.06296406772027
22.89756881628373
20.64194435966229
-20.78329802663558
-2.96581364080923
11.75399534959398
23.73062536662321
-17.57847389037206
4.11302158273396
-10.68157076554048
-2.34996846844758
17.81748438647174
3.20482413561778
20.16745285602954
10.50751516771213
14.71980899150267
4.212293821991702
17.59775536236097
9.278263630161307
-11.61582700731866
-16.36809164545293
-2.982630089194706
11.83863622815928
7.121055335328503
16.2218080127295
11.97663001685526
13.38546154153251
23.48914698814341
-19.61760378430874
11.51251697551701
2.495075511440028
24.65972603128727
6.89690312423645
4.092959423072372
-16.80113116638823
-24.77928573494065
-18.71876330858354
-12.04266275627699
27.13899534563899
1.707243946818937
6.67610055238696
13.74990670172265
17.22484770753852
7.939505650677475
-6.078144005505137
-9.780754800943715
16.01007446147106
16.28571823562304
27.4056123875202
17.22224739803453
17.06252223150072
17.35352775926536
-16.36025967206831
-9.874806200883741
-3.043419317009661
17.71770500454879
20.87273583696187
12.23787309870989
-15.89135887153538
-2.744149821391205
8.993608031797098
22.52161022165784
7.86028601291232
-6.790606181230862
14.82126628506404
-8.319491733544229
-15.78001799891496
3.254045932431048
-11.39684623339488
4.383171772659351
-20.89409062163485
-14.45619937584398
-10.8179258556547
14.97290341026185
11.42153765952264
-9.285342058083602
22.36386224060854
6.485453472659324
-8.309138873382032
13.31684035247623
-14.79459234664256
22.11267929684994
13.14720905324883
9.100752681835912
3.638273515839944
25.8777370388262
25.79082926311791
-20.54500319213188
-9.448331465506824
10.25690334075441
-5.088438498892121
12.61824208068653
-1.924146958406294
17.4400064488425
-14.36435005477085
1.101770792292633
11.09667173283535
-3.551365754198846
0.2756437745404283
15.4565646871584
-14.64803747920039
19.70523480232024
4.716115948497674
19.36415341707756
-1.730580382650877
-16.71969919094852
11.6008583401907
-14.98911883277522
13.33143874344217
2.361338729381133
14.24394646876715
-16.33823564620226
17.63064138950615
-15.90700842289092
-33.53764981319529
35.18149108332409
7.518881939194249
5.227585653534151
-7.978154580427031
-10.18336499965204
9.707178331330274
2.878269108867709
15.23611273984278
19.89054332707234
15.46612085100266
5.52893439180722
-9.937186430444134
12.3578436060385
-9.841671937925213
20.76112432166028
-19.33364748045241
-16.17861664264016
-4.184261706445545
11.96077114712472
2.883002163614552
20.3408540562562
3.155030835892742
15.14938577613588
2.250363223185853
-8.634862737495162
13.52978778469416
19.06161880554258
-20.69698940864633
-6.594011659168206
9.551021202120936
-5.516068506059559
10.63043940465036
-19.49303421588606
23.42398054811757
15.18092090867709
1.20395518669349
22.16465052143259
21.74880681077037
11.73775785447947
5.531831020845135
16.14503285657037
-12.89902255406492
-21.44085051854334
-21.31840515554709
40.48232554556964
-8.393621641937143
5.624728156649589
8.38008291230414
19.45178459857302
13.872959345888
-29.05651500112664
-18.10720905454251
0.1224453690210081
16.14650791680013
17.70668056829298
1.560172642688141
12.79354115170085
24.39208638454343
-10.01104895461699
-16.21697578962881
1.240876100518484
10.65181477575933
16.22745590547471
-22.79008734549958
-22.40817158882848
31.47950971750889
-0.1217380651229914
-21.74164278494979
13.52800219388437
20.66286372705322
-12.9277685963306
-18.50659385552397
19.81654206753027
-6.908048619147256
11.32160583896191
24.24638937246375
11.88260777957998
22.83191373550532
10.94930595355489
17.45785189213582
25.94611735017002
7.134861531283081
-14.66132420525353
11.07170168632186
16.81700005702607
14.98657980694476
-11.02327870903778
15.97573358524674
22.66834929625484
1.048444558489016
-12.85369895743435
-5.578825254513339
5.745298370651553
32.74431065918076
11.59854523726099
26.99901229402735
-1.830420250076825
4.429847312920701
6.692615710751153
25.32203576735228
18.44819711934762
18.22965444684015
12.9247835235559
-27.98375874229691
-34.85759738938243
29.09055601485017
14.01834979879667
-18.81125582876399
0.6665288059996161
19.47778463576365
5.575641127700189
-31.60124778892172
-12.97182773826549
38.83608722373359
18.62942005694588
-14.65089217998457
-13.90214351424284
-6.873838647544932
51.80791496199907
57.07431475719358
5.266399795239227
