21.81121828255428
-11.48864451389612
4.121602406289949
-3.294186408373676
1.966340919895186
18.9103039616776
-22.49321302619552
1.364580932088084
6.311403283846692
4.587591922487311
5.712455055860612
-7.146081797700009
-24.69855499780428
21.44761474284757
-3.332499440793086
21.14958573668191
16.07196469520401
20.8463988959844
-21.51881879724882
-5.156822798205875
13.0243005666426
-13.24915746480537
74.76759541966672
56.94161067138455
73.83067603022651
-31.61853568251735
-27.82257933036839
-7.82309891380684
33.97340069442426
31.27209445863405
7.855697989680032
-7.36145573721109
18.18439091451814
21.81715093370103
-20.44412286882591
-21.43616636621151
-5.958182226357367
-4.479290097403085
15.76726594863703
20.94252389513399
21.14355173638147
-13.08770355203882
5.267462466389666
-9.45494352493316
15.83163041824995
-18.37021321793203
-29.05199710936405
-8.670794237519388
15.76159035452404
5.422204002097335
16.86195568846106
24.00402058571384
10.37859700750899
-5.077621041477887
8.786866858673051
-13.62542357836312
-15.21715372704087
10.32869292498802
10.16699363982723
-15.45621807596957
-10.68178389895539
23.79241721982106
-1.368435572459766
19.012767292545
20.18472069110468
4.749445437271306
-15.89922478569027
-21.05961725886266
4.774434203996714
20.38120287050031
-19.69118167150892
-26.00322169439606
-15.87608927469091
4.064088260561286
19.57819190197713
-5.311921286708279
15.22902720624429
24.43238459022429
1.171953402353328
13.06559334529211
-14.21992738597244
-14.38162667517862
4.135238652583414
-2.941874990041803
24.07541617875656
14.18188072296042
-0.1616992867915753
18.35516603698386
-0.9920434983920007
-11.36679124311282
15.96483277332856
1.100365335151385
-14.12917794151826
1.491418337460442
-16.22334271029922
6.785987358921595
18.31787048099066
14.04691832226494
11.43975168595475
22.26838767794988
12.63360680955279
11.89363994059926
-15.4352752525803
-2.613998460208331
-9.634780866067686
-10.3747477410358
15.47798413828936
1.747489733059155
25.1127650025034
-16.58038121003642
14.90100058072359
-15.24760526680255
23.17881208189704
13.36383935408007
10.3457155042241
-14.61648223325449
-28.1990590037757
-16.1621198751362
-6.371452461889459
-2.378994880539609
-16.58321688194056
15.35399571252184
18.53617042078879
-18.32787094213214
13.15351084610118
-14.82330922419867
-2.783810141150476
10.25314808996492
-10.21176442021148
21.7254481745197
28.4646028895584
10.74984184068739
-17.29753637986536
-4.260578147927826
-10.24310519992568
9.509021001403006
-18.70031106084176
-16.46052788069851
1.332775942875078
3.504561717748726
7.211810213408618
2.23978317991693
20.03308700363573
-19.47822957315748
-13.43686001009985
27.94555741918318
21.02210707750435
27.30011650638689
-11.01805943791535
3.474234111525019
27.22768397082315
10.59303452197699
22.52996098393968
-23.13141515690492
-4.728945351514358
-14.20422200124042
-2.094164768467695
-17.10458475686495
20.91516530170014
12.82127678981484
-20.64867022194664
-2.90036275603965
-17.71476104807293
-18.95558188865651
-6.207091947097119
12.555499986116
14.26641533100162
27.97170057595906
-15.01041998817727
7.615612550438853
19.65511163036583
8.418665404863146
-9.319479332373204
-15.00820953123585
19.9650895949985
-21.71801275352
-2.658732486493868
12.03949908286331
-22.62382208209439
-11.2364462262286
13.03695823152655
7.054431180278959
-23.60911044584921
-0.5306713419977936
18.39933457200091
16.38190769636562
21.99430661830067
18.29087740667351
2.923555222097812
-17.73814473655015
-11.48539302764233
-24.66603163080476
19.75212620230325
9.799572537613811
-15.36732218452908
-9.952553666312388
12.74848994353085
0.3419117738613752
13.08804883799309
19.9557530956094
-12.74006070985284
-17.61578696694432
1.31421896297304
-16.60353473054821
-9.735830477466447
-6.648628173338676
11.57418701714254
13.82487910852144
28.50901722987636
12.74613706039723
22.70104361352506
-25.16689472209597
-13.08197248005795
6.867704254706975
9.954906556209236
21.28637480097717
24.01665214932706
-14.55701113051709
17.65454851986921
0.8819718723895595
23.07843913330229
6.158017981976625
-10.47663145377687
-18.6415341357988
21.31001749629935
21.23430689216573
-2.885499927350657
20.473507279881
12.08492224791983
-9.711225234885674
-14.40894825110426
-4.875726253435375
-21.79614747374563
-16.92042118077588
18.93000592188701
-21.32024809685321
-5.68873019844267
-21.94522894833673
-6.927886891290122
-3.427762366132544
15.63151789925475
-13.24273508726529
-20.81865374266814
-0.624980854832957
-16.63464943575336
-4.6977230015511
-13.18063860452658
-27.25890634382233
19.94017752812144
-17.88591894053922
-5.733095214818363
-15.62663066906576
17.68889560671262
7.535895049809027
17.84436851696383
-22.53831825453123
-15.33782101952076
25.50788559394974
3.519856996267694
-19.68698568556254
-14.86446743984616
2.259288272518408
25.42181399245634
3.276411676974983
-29.66213605704846
2.885075994623473
19.11951496232382
-20.37524224593899
-2.017426878802934
15.7560342116105
5.612398925818232
17.77346109358102
12.16106216429662
-26.27345803144787
6.041369559839065
19.05928026623117
-9.81497272245376
-12.8330965787877
20.91097819762264
2.036512062987536
-0.6454409104006276
-24.47132330811784
-5.160392478664161
-18.87446613974125
-21.55641910057249
22.67403602858456
6.278009428200013
16.36199599924873
-16.39602661609009
-6.312040024120975
-7.575918654938999
-27.98032158856172
-3.631826280452222
20.19367289098275
-20.40440293408678
-26.50783537875716
-6.36210363074848
17.46339552123609
18.40246981166804
15.43898300290599
1.856406231807902
-1.723811340919944
23.82549917077899
15.01734205658512
0.9390742967091066
-14.07826775105419
-13.58257677140987
17.12375571324031
-21.09912912948928
-4.164298912505994
11.96222827146872
65.04978064628868
20.73251533268845
-3.580217574986621
-2.455354420202267
12.03693913022055
1.124863153812779
14.49229354990083
16.93483021495176
-0.07571060536707337
41.83164446524272
9.676326959486289
25.28657391175962
15.51410363527212
-9.893535455021821
23.42199082450457
-17.68961587626399
2.851332584476624
18.85767802257752
7.907887182108824
-4.349164681549545
15.61024693622986
-21.98802861606557
-13.79760959850259
3.795956352148469
20.54094849718962
-10.9497908504977
8.1904190263391
-17.35493267718212
1.785277236734854
19.37884322564162
20.32467973968215
-5.323183107227558
-17.19945976145343
19.1402099057671
0.1554729145171011
17.59356595942709
0.945836508502658
19.99948042615757
-41.55986739583551
64.0167577960184
-38.99297420504809
-21.42459136694155
13.71757878793525
-12.79717232184814
-22.88121014454596
-0.9909441560672204
19.40775945087903
-23.81904212443704
34.76397193071728
19.05364391923771
32.20493177304063
-25.64786284592442
-11.02186980336613
41.79649961119242
13.15128785322987
-21.29977281777621
-4.210147073619845
21.62406026693465
6.060235246464381
20.68622828866974
-16.12451487421061
3.182174709580254
17.08962574193198
5.175257945481882
-19.00270721999792
-5.095256190552433
20.73895114622589
26.81262993780828
10.60562960881325
-7.470824094603989
13.90745103103844
11.5318831247992
25.83420733745056
21.89026598653856
6.073678792924156
-0.9378319784021687
-19.99321253754089
8.45665603292194
37.08717526877908
32.67064132108263
-10.66741467456825
-26.15635883597601
-18.38774465559908
-34.20433184853217
-6.573666786576264
13.53309848620862
17.36717143111119
24.86095143176702
-15.81658719411751
35.75491608665823
27.63066506196153
-16.20700032886083
0.4014593945412721
-27.22920566689479
-4.67358189951086
20.10676527279072
13.94361897187869
3.698171364515868
20.30663108714652
-14.37828233961385
-18.64923449824544
-3.233033909488939
17.30799514987387
16.60845972326755
-18.07645370349308
22.5556237686079
-2.998635939551665
-4.270952158420103
15.41620058832112
-37.72814919733423
-9.64324335041456
43.24770506486136
-1.214874216914749
27.51868965729524
-20.97178904155835
-7.266503793996123
-6.287650925254202
13.27452526521449
20.87736832013801
13.70528524774223
14.68413811973948
-25.55425970938302
-17.9514166548284
18.56185832848746
18.61720087061287
20.54102905932318
27.16501924629727
16.12652718233647
7.602843055269136
28.08490584577855
-11.03849206604461
36.51327498186789
-39.12339790954194
37.16193300713976
46.90270219800756
13.96415446286855
53.08755237273991
-28.64521176142993
2.566893190786676
31.2121049566982
15.35621247959544
14.62599304238187
-22.18475012252675
-11.87627665374492
10.30847346926296
28.44986857207343
-6.163146300455916
11.32785294575499
-15.81983154457515
21.32861328496717
60.87752411385922
-7.011351856089858
-40.43562718031423
28.13081830280331
-32.94184717494473
28.63051923824182
37.14844482816413
-17.12201562866539
-47.63071496492454
-39.11278937698293
0.4361214521457582
-1.764749689710682
10.05415027041718
21.80217701774623
8.517925588544433
-4.416533945861731
45.8659652752077
39.5489108292646
-17.55247320012021
-50.29917900808254
-32.74670581066938
21.36605556130598
-9.774936497951499
-28.00444112426407
-18.95802703295014
3.947170109740254
17.69333130408669
24.59070598444126
-26.89726784837219
23.38523137140169
-70.23532384334416
-41.31703125695353
-0.3617448612313008
20.85220872445784
50.28249922012518
-43.33805599532364
-2.533022643062908
11.81889995967042
21.95656941595132
12.4851105051156
28.91829258801525
-15.54428669911417
-15.48894415961245
-44.46257928457947
-15.72901540581642
40.95528639560708
37.0445654561941
0.05534254145183354
-14.31878369200328
-18.22950462994848
6.895169892034149
24.26330075975412
27.4682678027338
52.77358086034061
9.740769191407132
39.85715062898921
-3.910720939400826
21.21395358549286
-12.9164302300374
9.046414091042733
30.11638143704286
-32.93854773453236
15.84310328400864
-3.521978300865786
3.090245406917372
-17.7952564544844
29.78300100390396
18.44086601551993
-14.2732781541212
21.9628443188655
6.380656267772434
-12.38333037954275
-15.11253765112464
13.84062827270396
5.530998221508383
-21.22312340767067
-3.307581821864532
22.63878515456945
-17.96911365367044
-25.51178632627239
-44.31726531645685
9.286893809591104
-30.05890376364552
28.00009461141874
4.739776371207022
-27.76130850149113
-2.249159036503189
23.1452987502001
-18.80547899232472
34.798680134345
2.297595262994498
-30.95365737875688
-24.11980682068124
41.90735507218439
-18.36760554954491
29.75917669005712
-38.43452019566658
5.752201272508888
-12.1481783842911
33.23130092327157
-1.671123343155342
-20.33030461076158
25.47312932860879
44.18672146809478
87.07983349583651
-37.11994083012572
12.33037694468958
-20.88550186089888
26.69275559787161
-17.30082311565877
20.23037837816716
42.89311202852647
48.12678224048309
17.36813086981935
15.0181331456953
10.13766945824415
19.72639119882407
11.74802674844049
-9.471458907975995
10.69703045983522
21.20501846419228
9.58872173695052
-22.51029545306295
-10.09735724495715
20.5046450022061
4.724167111263227
-18.41715623192205
16.23443896846376
-23.26031823970428
19.81911771539635
-4.854795862392097
-29.63120006109041
7.900001433239282
26.65990474904574
-13.3283842589926
12.77004048061652
-49.04848333294982
-3.06142793337167
30.19586562271073
38.92913019809033
45.58488496948209
25.39898704514214
45.98705540021808
-17.82598474892006
25.51214946582773
-12.14901641700434
-38.48492285355329
-33.25125264186957
25.39445778760638
-37.66116588246381
-17.07309752353138
16.18419603721977
-6.462377219291612
14.29226942244286
-11.34213499110977
11.56306215069021
-24.67391357883017
-11.91286497777737
16.30281580281621
-18.7639866443271
-6.02207583010145
7.459972002492592
20.77733734895891
10.93533618272335
18.7599033160775
20.754646640165
-22.87451369643482
-9.54231124762398
20.42560948997046
-8.629525026560195
1.994743323622288
14.73665413780969
-13.8898642684439
5.005218159219761
23.91005570876448
-1.141076923794509
21.86853101753055
3.273204295747446
-23.93562222275354
-22.23771719242181
12.76104860209416
-9.210261751080859
28.21568078218309
-21.97131035390701
-6.582291007085664
7.119040515687625
12.74191081409918
-2.729207270989847
-25.05113263170579
1.047292109306388
19.94237453630862
14.79748725173307
-2.04152469213839
26.09842474106546
-21.09664026955885
20.58806835863637
-43.22497179485168
-26.33590643654744
33.2572935593011
16.88906535820579
15.38901934796844
-9.731435978678025
9.017642898753614
16.95741201183873
18.8950824270558
-5.144887284402532
19.20843016773693
18.74907887725938
-28.80568855713805
-19.85696306566453
-3.428982455071391
-16.28879951028244
0.7754509162247224
14.49133165624419
18.1296941933061
-20.00994941905099
17.79875332304678
1.078419689267181
-15.25987804747149
-25.19704515810705
-16.83901194336951
24.3533174517138
2.998276632415082
20.06252705864138
-17.54572302643039
-5.187095739056275
-18.59532672151989
7.320399526881237
19.83728857442964
17.25050189488381
8.880592475927209
29.87932234758026
-7.758171594662668
25.91572624813794
-27.2088265186134
-0.0645738468847134
12.62882045269677
27.01951522804427
20.59235757863239
9.34153599464071
18.29026148727618
20.99872987189131
-16.6387640830822
8.9487254920545
12.51688904767613
-25.98030009021502
-17.06183746610012
0.8584766421436818
28.66106817128459
26.73684901227148
-5.594894314886864
14.29640036560272
2.708468384703346
16.42798061005315
-8.043257172786497
-7.486935127169195
-17.32893629330112
13.27478772986164
14.3211983354609
15.52519060845797
13.71951222451456
7.963537130165458
25.18645536964383
-6.427157653641772
20.97936875144575
23.85779395512452
17.92031411087983
11.4669431470565
-0.4593512909113723
22.84444098566783
-4.290790392646279
16.76609694003675
13.06345288369705
22.90519714103703
20.64353587414817
-20.78448122078458
-2.965989583780047
11.75447662310047
23.73149093955393
-17.57951417496203
4.113202048233376
-10.68213949307458
-2.34999772681432
17.81849163774749
3.204967045079251
20.16848936580309
10.50798800116321
14.72046620806751
4.212478204761771
17.59839133398788
9.278592320603474
-11.61629672285843
-16.36857569519237
-2.982662546848026
11.83886188750401
7.121235409223885
16.22215942393687
11.97701431609049
13.3859131305025
23.48981111327938
-19.61828889197693
11.51279680238276
2.495132037810424
24.66027397860014
6.897374681050396
4.093139241070057
-16.80174974436533
-24.78011418399832
-18.65918126770523
-12.00342649471488
27.14425267184065
1.697905030698395
6.655754773088971
13.7013315239201
17.22544823069342
7.939769112453803
-6.078344045344246
-9.78098810238764
16.01042364858925
16.28611146270152
27.40652643399727
17.22291823763087
17.06425042636698
17.35424327605281
-16.36087739373628
-9.875165908767373
-3.043512043036606
17.71821081355689
20.87331989240232
12.23825502576626
-15.89166391378851
-2.744186744385279
8.993768353832396
22.52198213552832
7.860450296172655
-6.790739883471045
14.82152439528622
-8.319799015031183
-15.78047790155845
3.254009757318736
-11.39718038816126
4.383297521992175
-20.89488902434028
-14.45655608881265
-10.81819354438331
14.97321821018762
11.42181627675778
-9.285679119704445
22.36445550775877
6.485711486234338
-8.309630052710679
13.31736534804881
-14.79534153963263
22.1134209313008
13.147477173156
9.10092402006787
3.638362539346867
25.87837236960144
25.79141175148973
-20.54540696937534
-9.448551206393205
10.2570058841041
-5.088493053774653
12.61849717472539
-1.924219154818479
17.44016321439274
-14.36466780987644
1.101865434119834
11.09685577033601
-3.551401937460896
0.2756878144980296
15.45691390801287
-14.64825769819178
19.70555708573951
4.716124696019615
19.36438238122936
-1.730901312360169
-16.72033364688301
11.60130111152677
-14.98943236412232
13.3322024488109
2.36149127786458
14.24498871850171
-16.33829776762147
17.56838284225498
-15.85589248158396
-33.42427532483691
35.14217015688504
7.493780003012707
5.233670211685173
-7.978364453970027
-10.18360820858071
9.707686477602417
2.878425224659814
15.23705256629554
19.89129468138238
15.46653324871834
5.529366068421798
-9.937167145466098
12.35862731141467
-9.842001166183744
20.76172285681226
-19.33406031166711
-16.17895122614356
-4.184357048774004
11.96099887643203
2.883056448096195
20.34121115562457
3.155109082869064
15.14970326559152
2.250402877622371
-8.635064865774227
13.53007707784298
19.06200767314718
-20.69742501852428
-6.594132342352365
9.551223591916809
-5.516198936684006
10.6306423148438
-19.49343273518902
23.42442673839463
15.18122608910207
1.203992276180865
22.16514194275542
21.74916883187142
11.73795509965015
5.531930594665156
16.14535592878203
-12.89930038949517
-21.44192309947113
-21.31891566889567
40.46064435396243
-8.394060406185696
5.624049701808216
8.380212282937284
19.45203661466877
13.87320314633651
-29.05513452254851
-18.10625353318811
0.1230074378551719
16.14684125878956
17.70699021479616
1.560148945377457
12.79378443335221
24.39252744294245
-10.01121373021848
-16.21723823680701
1.240916468006492
10.6519391455272
16.22760110477003
-22.78992161271103
-22.40788996658223
31.47867685636008
-0.1218142539134095
-21.74144120166353
13.52821378650784
20.66315287183263
-12.92774649170341
-18.50657996758877
19.81644670061386
-6.90783695380283
11.32142405892191
24.24627934566426
11.88349748926401
22.83237848988066
10.94888099773933
17.45815470682739
25.94636697669509
7.134939083085147
-14.66153183512417
11.07182433169374
16.81712057686558
14.98668463877738
-11.02329838247785
15.97559856590144
22.66810737796722
1.048480408543923
-12.8537343183765
-5.578833470317691
5.745296245209947
32.74419318674953
11.59874301486779
26.99889694804806
-1.830435937980967
4.429832654620959
6.69250881173478
25.32132400606457
18.44794277209348
18.22926099913901
12.92485527472614
-27.96321341981918
-34.83659465270331
29.08443252034352
14.01811010823289
-18.81142790555548
0.6664487675103056
19.47787667425211
5.575661956894271
-31.60049111789248
-12.97167593075889
38.81544268124516
18.62881519475244
-14.65119016256189
-13.90221472483781
-6.873381233427346
51.78711861200453
57.04764594021811
5.260527328266317
