21.82687084511555
-11.49520033296689
4.123931240972216
-3.308300359415056
1.980454870936783
18.90061140786783
-22.48440144134946
1.363883462558975
6.314295218022746
4.589638240385188
5.714935836583631
-7.242938554315139
-24.67423303483364
21.43834366707335
-3.328963092415715
21.1549702778157
16.07476464923226
20.8510405557248
-21.5208994959479
-5.159413087717085
12.03963043049333
-13.26667933734453
74.01332504100547
56.33143633912047
73.06455474639726
-31.69966414604612
-27.89420708558636
-7.844718952860879
34.55365476804457
31.29486727060621
7.860510927561855
-7.35901512146464
18.19546695099079
21.83587261016352
-20.45880566816928
-21.45150658320254
-5.963336458745546
-4.482437061422496
15.78037556052873
20.96075244660471
21.15580801862737
-13.09940032074016
5.269407797873855
-9.458994660442981
15.84087706963418
-18.37476602636664
-29.05905029057724
-8.673537910801555
15.7692328299919
5.423448437740221
16.87069285276428
24.00527275844443
10.38035453545929
-5.080205628634453
8.785746709374649
-13.624918223049
-15.21952604906986
10.33495602347235
10.17329624191284
-15.46056016786165
-10.68428426490603
23.79821446446526
-1.368482001858436
19.01703037783018
20.18958723057985
4.750813383268845
-15.90427711904844
-21.06548120910823
4.776275906723353
20.38551238007924
-19.69699920540914
-26.01045364347759
-15.886400221722
4.067321178583549
19.59625062470869
-5.314930944431855
15.24187623014808
24.44277073911116
1.172556853739618
13.07118808676727
-14.23004653343363
-14.39170631416388
4.138761588497172
-2.944461897202488
24.09248298672722
14.19174819968862
-0.1616597810630308
18.368808121283
-0.992700917202998
-11.37158265066123
15.97636860963337
1.101460021848947
-14.14083836229564
1.491024757633954
-16.23694930023105
6.793068865170242
18.34135765769905
14.06760392017654
11.44724441609851
22.27751296131623
12.63780092354325
11.89863123266863
-15.43877384728543
-2.614444995714586
-9.639712036569851
-10.37888173105297
15.48817012196772
1.748250176001729
25.12788215639401
-16.58528238388136
14.90932427047576
-15.25224591851086
23.18401390340798
13.36687307473372
10.35025252398669
-14.62014749132759
-28.20694132843127
-16.17062187380531
-6.376108736460188
-2.381287368856502
-16.59466661871978
15.36760328055898
18.55261986068853
-18.33353255962907
13.16107409335944
-14.82788783748125
-2.784728942350111
10.25836889338088
-10.21855788369699
21.74371201790789
28.48563009238932
10.75765603460167
-17.30541530680226
-4.262317471775066
-10.24808510975477
9.514635784681861
-18.7050040659413
-16.46457259582166
1.333036464333747
3.505644722120089
7.213711679066455
2.24043147014159
20.03804053028449
-19.48285349859374
-13.44137882127329
27.95783861586584
21.03286020725554
27.3121459575021
-11.02041275002227
3.472894695832017
27.23584965627137
10.59596058479291
22.53647327931348
-23.13639919616478
-4.729798784435941
-14.21337924842566
-2.096110938391637
-17.11608444656044
20.93390722926045
12.82432885136409
-20.65509050089356
-2.902705199339343
-17.72797405740863
-18.97099430792199
-6.214326010501026
12.57657916413384
14.30105800824431
28.0282028329222
-15.01997350683277
7.617565369163747
19.66072426305393
8.421060128455609
-9.321839659048491
-15.01205167355209
19.97021731702977
-21.723284967568
-2.659399722837231
12.0431588951032
-22.62961704137827
-11.23966413548067
13.04309783537918
7.057330196689925
-23.6150575534965
-0.5310349911181949
18.40643361053404
16.38795818351563
22.00332314921293
18.29699433221887
2.924522818624896
-17.74289978736446
-11.48823911425685
-24.67259116014746
19.76272089427971
9.803513207016637
-15.37247151334628
-9.959207688000115
12.75666829848711
0.3420090044682533
13.09618228283703
19.96747557628517
-12.74521066291422
-17.62251387701343
1.314954727786051
-16.61396188515641
-9.742668595181041
-6.652259172447074
11.69311584010758
13.86312485026054
28.6730431239825
12.75417327751832
22.71587598807242
-25.17598472011504
-13.08721966743552
6.87129329136583
9.961702712076848
21.29144372105619
24.02228364049033
-14.5621856497745
17.65874828941907
0.8822368023476171
23.08402256628546
6.159175186565641
-10.48071388316116
-18.65252084900772
21.43578443716448
21.37097301114135
-2.886785396988473
20.51538402058262
12.08876505402444
-9.713385550957716
-14.41276193224272
-4.87730321415241
-21.80215060301284
-16.92484738362663
18.93746860281776
-21.32552994872779
-5.690212015840959
-21.95071196403851
-6.929691372291793
-3.428567310386664
15.63531793345341
-13.24570813661111
-20.82352178264639
-0.6251820158964889
-16.6398890697267
-4.699376379121444
-13.18435204525172
-27.26627206495641
19.95372139934787
-17.90042693797241
-5.738390649616902
-15.63912543422415
17.70687986965072
7.542762569253769
17.86276578242865
-22.56380171507466
-15.35555976072949
25.54287323396474
3.523900343065194
-19.70993415126022
-14.87490858963784
2.261301504947442
25.44318950841332
3.509185134495072
-29.35651954596006
2.856877736914755
19.12973886283866
-20.84234173942322
-2.018475427286951
15.76573545252761
5.615364966179906
17.78421088008314
12.16884591332413
-25.3063097678378
6.041474678260353
19.06388524440642
-9.817140827716486
-12.83376138010542
20.91116653387066
2.03593047606099
-0.645692658063614
-24.48494392015697
-5.16120409078755
-18.87523605904977
-21.55685919078567
22.67494084703045
6.279285750202423
16.36148640826662
-16.39565509904017
-6.313454438233261
-7.577813646274482
-27.98702056615343
-3.632695431526782
20.19833976682299
-20.40920691963985
-26.5208743975365
-6.363535351165029
17.46749984441337
18.40660041250237
15.444422452122
1.857628615003331
-1.724656975017768
23.83103519823929
15.02102059166643
0.9391005688623224
-14.08192002150306
-13.58679383717826
17.13621009606998
-26.49922922880205
-9.519301940441805
8.490958719793511
61.2313666550349
15.07489089011551
-3.582285590329396
-2.456987991360628
12.03631945474676
1.125297598818286
14.49330744597735
16.97992728625725
-0.06481142736596532
41.57412012205419
9.680740147133511
25.29987172551554
15.52892944575776
-9.900734785822943
23.44527051970233
-17.70293960414304
2.853867565805768
18.8794601047908
7.916341072950159
-4.354374392521841
15.6191315761607
-22.0189728933408
-13.81784296266247
3.805457060459398
20.55680717493464
-10.9631190334982
8.20112993185286
-17.37631872964147
1.787930241100693
19.41123026958632
20.35697482641865
-5.33002901921534
-17.22043281481768
19.1642489692465
0.1558859141839671
17.62330002429631
0.9457445561733702
20.04948813390683
-42.35474047934255
63.73436458275059
-39.71539618539737
-21.78291109872458
13.60381288145912
-12.83172689060411
-22.93159335475793
-1.003174073389702
19.55649760928983
-23.87118351605608
35.17212385619557
19.10374357807618
32.38822450029404
-25.68700384438471
-11.0394566269415
42.39837372124597
13.28448092200792
-21.32357681721397
-4.214634260234757
21.65434444938706
6.067207074117129
20.71475428957677
-16.14319993285578
3.185016581970608
17.1089425549761
5.180376885873955
-19.02636727807722
-5.102441308120404
20.76653739908866
26.8491479090265
10.62132346126306
-7.478078483385378
13.92392597116448
11.54828879454204
25.86897870782763
21.92841927954684
6.082610511158163
-0.9395901599657864
-20.37989026564506
8.666514596822104
37.50250772971312
30.24802015669682
-9.627944529353552
-26.56611376982551
-18.6023286377552
-34.44813740545813
-6.599573641697468
13.70487075618959
17.57296929169399
25.20875392706947
-15.84580876881701
36.17529792940034
27.84856376382407
-16.22782444771696
0.3955124281315194
-27.45305133524113
-4.674921230846917
20.30444439795034
14.11822089139953
3.697218028427719
20.32055490371913
-14.40218391725086
-18.67593765524357
-3.224313987892589
17.30859515176816
16.62333687580178
-18.0994019448542
22.7781301056806
-3.011959754324066
-4.273753737602703
15.45162366709093
-41.37653980506968
-11.76759506255402
45.50494967389683
-4.605748269631306
34.92518277706355
-21.01778374531278
-7.290638917880103
-6.2078654768405
13.24227022190397
20.93319248215692
13.72714482753751
14.80991827199285
-25.79008986129075
-18.09916760154732
18.67162393666169
18.79314212152425
20.53290913980785
27.14105795997423
18.01026065852572
7.690922260517887
29.60894474143609
-9.130797303604318
36.77079153682394
-38.73974204282697
46.6927778391059
46.86637057131056
14.00066588986434
52.74040793308986
-29.11389279985216
2.63934429394477
31.75323709452923
15.61562624682058
14.64754721645147
-22.21040700741976
-11.89040379433005
10.32000321436213
29.04640486402211
-6.186223506149303
11.50388317112729
-16.03309443976658
21.37246837659519
60.94467636108656
-7.141304841349519
-41.21140077658221
28.24541913986312
-33.57561613637827
28.83599313523656
37.40556281502886
-17.54252169519112
-47.70387808890744
-39.13430841097357
0.4378995737722188
-1.768611528323323
10.0443533974677
21.78316951769648
8.56956967845894
-7.254487571218575
45.93526656061216
39.57220798485613
-17.4312944805347
-50.1305517012908
-32.69925722110381
21.3452699431712
-9.768665836880928
-27.95557700005696
-18.9197210989458
3.944285543726126
17.68069046597568
24.57339380436096
-30.10846896716113
23.08128516345404
-69.98443365262915
-36.93342312661508
-0.5243060401116248
20.54844277088175
53.18975413092267
-39.87596468577571
-2.532842388730511
11.81296492557127
21.94298049481426
12.47736021721478
33.05101052768953
-17.05968742108053
-16.93816923873123
-50.11069794627292
-10.57976689513716
36.40911708643967
32.40745732842634
0.12151818424675
-14.18525140976541
-18.18691116639555
6.887497399658432
24.24639167688478
27.44935630366133
42.98722422194653
0.1735927326898535
30.08560168407041
-4.001659758050115
21.0727488108436
-12.90162253661486
9.035855900971884
29.91200895089533
-32.86570468090119
15.62055372694693
-3.540440020940029
3.096515882440411
-17.83189524558147
29.72643083052056
18.39703841206423
-14.29145522508995
21.93747843542489
6.376249936962603
-12.37640304314368
-15.10110971854506
13.83270899503882
5.527998539922723
-21.21805979516313
-3.306907725824262
22.63307945095558
-17.96448339762593
-26.83140377107942
-46.15647576784767
8.51417780508406
-30.48073368676779
28.56406736462905
4.864847888514704
-28.16228153389391
-2.3090809142651
23.6362720031755
-19.32507199898468
35.34558157471059
2.318452153784014
-31.14402397199436
-24.25775840936717
41.63893155106674
-17.93605693921505
29.81997958250736
-37.47515568111741
6.321701471602461
-11.81895197079345
33.1915412869735
-1.666121291787211
-20.62230451858399
25.45034764030902
43.79685715271902
86.33123408416138
-37.20127225513946
12.31012141381897
-20.92841112757323
26.62991494905814
-17.29958687370562
20.1865312652286
42.53437693193175
47.75603652267868
17.35889427914911
15.01020260377318
10.13001557059188
19.71286721994984
11.7388161207526
-9.465620275192958
10.690939258729
21.19356175230192
9.582851649633147
-22.50147141280056
-10.09332510349939
20.49834706674172
4.723492228138721
-18.40959449882302
16.27286112674515
-23.69921947554252
19.90168538239527
-4.927795362699608
-29.60970828841246
7.876409851142847
26.58653145522079
-13.30575240367654
12.73687930626959
-49.29541932557612
-3.074935844097414
30.72694395178112
39.64148106318823
46.39678729220177
25.43474557544773
46.22048348148989
-17.68188870193907
25.85320062053863
-12.3006198462906
-38.68413571665094
-33.46247612597115
25.94535291840018
-38.15382046653151
-17.36808255984421
16.43379723693996
-6.443383683570158
14.2593208972269
-11.32939242112222
11.53461422142896
-24.82948074615261
-11.92807850477684
16.30395588626119
-18.75265297786149
-6.01908838003477
7.456459056623761
20.76778422199641
10.92983879822014
18.71012160419059
20.70270457941716
-22.86083822932285
-9.535184846203355
20.43227099057792
-8.624019917775888
1.992582974887256
14.72614757356053
-13.8496521491461
5.000823650331611
23.85859006026151
-1.137099447814953
21.81688105220596
3.270294178573749
-23.91137143362224
-22.15861060347095
12.90140224243322
-9.511555682149883
28.23203439306728
-22.41295792525022
-6.743114585570097
7.210523239586992
12.73356459806912
-2.724706674953853
-24.99568950728067
1.046942203411617
19.89741800252978
14.75748303435334
-2.041709009492574
26.04263171063472
-21.0215111552182
20.78573790651571
-43.11663427752315
-26.38351587046803
33.80187979651733
16.73311840722328
15.66984334058758
-9.725323923832901
9.012385226410123
16.94892717820161
18.85047579906061
-5.139934968380919
19.19642305390005
18.73770915066926
-28.77936686048635
-19.84218452096421
-3.427014441203433
-16.27556499025961
0.7754113123445192
14.48478518010816
18.12189366301438
-20.00808951526639
17.79018412476114
1.076428392442632
-15.25785445630612
-25.19285673386239
-16.79919204374264
24.33635802264218
2.996743877142788
20.04772017775231
-17.53672794490727
-5.184767218596228
-18.54658687409693
7.292134051100582
19.79593592018619
17.17953017178946
8.850371443326255
29.80198220774584
-7.741193646664139
25.83872092566203
-27.18166561230169
-0.06519668027208519
12.6224520359566
27.00598383865636
20.58160024065251
9.312352511990865
18.24953485300328
20.95161076459714
-16.5915650918445
8.937182340267336
12.50380186970874
-25.90391760568926
-17.05366531405658
0.8581343082580367
28.65083180701885
26.72738853553745
-5.591961454761234
14.29101732596393
2.702075911426061
16.41517008075531
-8.04025191709413
-7.483995388402599
-17.32194081246018
13.26984590995331
14.31599548885128
15.51953849435888
13.71309416987872
7.959148205130154
25.17479802937923
-6.424383598438236
20.97129170678872
23.8482849035068
17.91179962189279
11.46170385953283
-0.4587139027884937
22.83540685984822
-4.288637845250853
16.75951694621272
13.05784450189023
22.86400664170696
20.62910826021616
-20.77191140754361
-2.964043553519269
11.74906996165207
23.7213246052843
-17.56894677858196
4.111204709130609
-10.67624343975441
-2.348691677723834
17.80786785428615
3.202964628699521
20.1565595326017
10.5026224934894
14.71311351592172
4.210491021995849
17.59069188425738
9.274422485254755
-11.61071010205044
-16.36221407357066
-2.982013208225079
11.83480413425561
7.118657809442138
16.21653684472442
11.97225464420674
13.38020086297678
23.48087188442064
-19.61011989563701
11.50861724061701
2.494262791343509
24.65178890491851
6.892703339190246
4.091876916531786
-16.79325566243291
-24.76730675956922
-18.95618322680492
-12.20087699755135
27.11646893213488
1.752760829419544
6.755306229261381
13.95363782606442
17.21823084715799
7.93654195230766
-6.075889912191995
-9.777562359592935
16.00495964422147
16.28035749519643
27.39567530931062
17.21564982398428
17.05097630160695
17.34648234846274
-16.35365882864009
-9.870921140640588
-3.04233366011146
17.71150763896485
20.86549032523987
12.23346154661725
-15.88655055956237
-2.743378896175379
8.991145612225324
22.51560268662714
7.858027013802654
-6.788671522086879
14.8168173370595
-8.316269399148293
-15.77485483997584
3.253576398001457
-11.39312213275337
4.381732708590779
-20.88513258445196
-14.45145963929889
-10.8143511533891
14.9681708535663
11.41779458648612
-9.281688895111172
22.35624740594481
6.482737690303029
-8.3047104568645
13.31132516621836
-14.78744814742558
22.10438268644929
13.14317166392193
9.097879036068035
3.63710848446709
25.86925422697725
25.78252200527549
-20.53890468785334
-9.445409423941378
10.2543684198901
-5.08713928507962
12.61458535238654
-1.923443270662607
17.43547129480053
-14.35981448187345
1.1011884407679
11.09349526558967
-3.550376268272502
0.2753978513786593
15.45176540266966
-14.64387153305665
19.69977784312235
4.71504303479775
19.35891456660056
-1.729020933059655
-16.71375573420165
11.59663244660667
-14.98473480531788
13.32565338311958
2.360216930677162
14.236818318298
-16.33428285282044
17.93248508724938
-16.13761084844054
-34.07009593569805
35.38672398069828
7.635784637789691
5.221659590571589
-7.97405109924973
-10.18002548737815
9.702953293645933
2.87699319945219
15.22895393286419
19.88297878065263
15.46100292347383
5.526000636662338
-9.935002282183921
12.35196072942859
-9.837945423917001
20.75384129871621
-19.32765939434112
-16.17367670773634
-4.182930693942007
11.95737599011056
2.882136491568774
20.33519228433269
3.153982687599
15.14472870027067
2.249692583947796
-8.632028778283029
13.5254973357095
19.05581320010091
-20.69069692568554
-6.592117801677079
9.548188884763157
-5.514329377910453
10.62743103260941
-19.48715391741026
23.41735119769053
15.17636754921932
1.203543006521031
22.15752611365282
21.74289926238187
11.73452450913213
5.530315866909701
16.14030668476861
-12.89503611580906
-21.43250176067317
-21.31229402063391
40.56093809827869
-8.390252723959714
5.62632911808812
8.377816295125715
19.44682589486252
13.8691623129501
-29.0562909091378
-18.10750412943917
0.120207741091735
16.14176041196403
17.70172463577178
1.559964222243863
12.78992016709523
24.38535239916169
-10.00837475287985
-16.21258339558453
1.24047239555846
10.64921180147721
16.22366927766482
-22.7864010328303
-22.40505903194507
31.47688306435339
-0.1214364034805892
-21.73831531219967
13.52445707530133
20.65758655337351
-12.92532554799137
-18.50298913227066
19.81310890006846
-6.907556899288838
11.32015497748498
24.24219627763332
11.87660139437174
22.82538817583498
10.94878678107715
17.45305579303203
25.93998717680103
7.133129477588952
-14.6575756722657
11.06900960015044
16.81319659943506
14.98319688399546
-11.0210585106867
15.97318893879744
22.66496463217357
1.048085720325513
-12.85105822643885
-5.577663583118733
5.744186998871129
32.73843444689913
11.59543223308521
26.99424744951837
-1.82999971583971
4.429087379271968
6.6917756934106
25.32002849555692
18.44566922264728
18.22771187469575
12.9220412984113
-28.06024970763971
-34.9346089803047
29.11127901892546
14.01658184213872
-18.80685770088699
0.6667437199992103
19.47360142114767
5.574457475493385
-31.5983194688495
-12.97006666768116
38.91270682855712
18.62825280218349
-14.64669853332226
-13.89914394667667
-6.874359272787467
51.88277349623804
57.17152872657779
5.28875523035159
