21.81421460502242
-11.48974513266834
4.121988144977014
-3.298800866713087
1.970955378234667
18.90856398404634
-22.49197869795893
1.364455846365278
6.31235341610736
4.588264046605833
5.713270581313266
-7.185647530108267
-24.69620724463276
21.44658506664534
-3.332040144214556
21.15053279552741
16.07227430564081
20.84712476689982
-21.51870424167062
-5.157453449677083
12.73971449003328
-13.2700265871548
74.52632508146587
56.74546368300211
73.58574430259718
-31.64049098351473
-27.8420192028031
-7.829276195524028
34.15037223796402
31.27708502522506
7.856374957485598
-7.360915918083458
18.1866403350989
21.82163523519279
-20.44708691582018
-21.43928480118782
-5.959180241806228
-4.47994801294871
15.76983445655112
20.94612488420097
21.14561869121215
-13.09044469589482
5.267675790491068
-9.455449790032437
15.83320207025671
-18.37092775212752
-29.05310377136688
-8.671309020882632
15.7631858181006
5.422360596789976
16.86379854320367
24.00350309833392
10.37876795901645
-5.078258489901117
8.786212222649128
-13.62473513944561
-15.21729087568487
10.33026537772927
10.16855320848764
-15.4570264685193
-10.68217602459248
23.79328834889055
-1.36839705601243
19.01339768977421
20.18549573010243
4.74969858428505
-15.90024807128681
-21.06070473401613
4.774850463528333
20.38179474966253
-19.69230766725351
-26.00457821672758
-15.87794290423701
4.064759005938313
19.58197937680391
-5.312416598057786
15.23164215247965
24.43449483720881
1.172098043231344
13.06674744673339
-14.22214928130844
-14.38386145305181
4.135971219878195
-2.942423506863698
24.07867312319331
14.18377840520925
-0.1617121701989732
18.35812049990733
-0.9921978867421598
-11.36774738870067
15.96713890508783
1.10061272564017
-14.13157814389594
1.491655741849772
-16.22608166194162
6.787163084134145
18.32177764690076
14.04992788372348
11.44143794647419
22.27019889719437
12.63439988751795
11.89464940179221
-15.43579714495384
-2.614043364304225
-9.635799007705341
-10.3755494986804
15.48010455752367
1.747637144262837
25.1159035632847
-16.58125761435706
14.90276111566702
-15.248443249567
23.17964995779588
13.36433691477494
10.3468023476276
-14.61713135635944
-28.20055138576157
-16.16425818393914
-6.372438204169334
-2.379378437927936
-16.58558064944694
15.35657649307449
18.53936279136824
-18.32889475788282
13.15512396998439
-14.82414119939924
-2.783992539678892
10.25429233732933
-10.21314244584289
21.72901469759978
28.46926696799469
10.75152956346868
-17.29928563815911
-4.26100076081117
-10.24427231356517
9.510345766069999
-18.70108624869651
-16.46118529658776
1.332814364215554
3.504753558349451
7.212146833785575
2.239900951961268
20.0339006128595
-19.47897872731472
-13.43779982152983
27.9485014673242
21.02480150486416
27.30300053737239
-11.01850019324801
3.473692503945276
27.22924549046939
10.59356466322321
22.53117870598128
-23.13215979602817
-4.729039583286412
-14.20620221095348
-2.094503517976453
-17.10703384267539
20.9187412294598
12.82175377883843
-20.64994665442591
-2.900831632387216
-17.71773740386052
-18.9589212023363
-6.208064214490819
12.55827214327432
14.26950387622709
27.97813978188084
-15.01253032412518
7.615935872533786
19.65608452973114
8.419083243851162
-9.319867221649522
-15.00884900166338
19.96593885229452
-21.71887967920864
-2.658846020874293
12.04014865958604
-22.6247848740592
-11.23700128665585
13.03828487717814
7.055013324713044
-23.60995087306317
-0.5307888068547264
18.40078070432192
16.38311972768986
21.99624492249647
18.29201461149887
2.923727901680467
-17.73895046498796
-11.485832414857
-24.6671445472548
19.75461808025121
9.800359286743154
-15.36828670970882
-9.954258794850746
12.75085698952958
0.3419853231838568
13.09044133205091
19.95912692678045
-12.7410789504292
-17.61709313594054
1.314476387099967
-16.60663987442048
-9.737954283888669
-6.649980089602449
11.57751540266974
13.827588004941
28.51518657154425
12.74845600604825
22.70511578739618
-25.16864599634212
-13.0830642711347
6.868685592082689
9.956659783934446
21.28723072832385
24.0175880154962
-14.55822495024458
17.65525885038717
0.8820117684043995
23.07916208754931
6.158101086343764
-10.47757973140944
-18.6446505420004
21.31546968830785
21.24314939874883
-2.886210580446714
20.47756809251785
12.08558172964877
-9.711493511381411
-14.40956031726607
-4.876014183033166
-21.79707523422259
-16.92106102254593
18.93156951693016
-21.32112348221542
-5.688981780151571
-21.94614898167852
-6.928194080088214
-3.427891954111668
15.63214170282042
-13.24320499179231
-20.81945430030689
-0.6250255019352776
-16.63568081775306
-4.698066795186438
-13.18131213312649
-27.2602182953638
19.9427019050008
-17.88876001269011
-5.734189567897291
-15.62908428405142
17.69273490577656
7.537312882710304
17.8482971294045
-22.54394884163759
-15.34177938303022
25.51609752255816
3.520739641890999
-19.69211658581038
-14.86652618117478
2.25967572973262
25.42607289721698
3.326086676067829
-29.86318310907408
2.878083511760732
19.12454549855317
-20.52428230684146
-2.017660978878709
15.7584399638734
5.613125197608944
17.77610094499876
12.16297574484096
-26.00974107718795
6.041178903891139
19.06003365768834
-9.815313039056299
-12.83284761115441
20.91027807384994
2.036251561695334
-0.6455009282217276
-24.4748089637322
-5.160456666710866
-18.87402651603148
-21.55577899662272
22.67352134624313
6.2781990320287
16.36125079214431
-16.39532232563573
-6.312270550370721
-7.576249308273973
-27.98146827200132
-3.631971877454062
20.19442880054273
-20.40521896396814
-26.51106053106945
-6.362329166019626
17.46407149782239
18.40312021727207
15.44023671864853
1.856816688848296
-1.724089354719143
23.82640067751397
15.01795490124926
0.9390487239797484
-14.07890617083411
-13.58342003003196
17.1262019119758
-21.10243887821344
-4.164767705013797
11.97599220617664
65.24627338563273
20.779211979357
-3.580906045206482
-2.455899495004982
12.03629320294031
1.125006549489669
14.49219269754713
16.93767117114507
-0.07232029082751046
41.88165086065849
9.676918536434401
25.28865183739126
15.5172203665543
-9.894894717069109
23.42692447584172
-17.69222646004504
2.851832267044897
18.8625190298713
7.909704104109833
-4.350337213997622
15.61173328930122
-21.99535789398637
-13.8024677216131
3.798471780711221
20.54405875354738
-10.95281493312946
8.192890178732444
-17.35976030365625
1.78594483521821
19.38688436534635
20.33248635564819
-5.324790197587835
-17.20419807564047
19.14570513284012
0.1555622269861457
17.60093950868345
0.9456019863168807
20.01274301419899
-41.79075479490951
63.92685135179813
-39.20386195233691
-21.52899541024918
13.68463157346735
-12.80705084264741
-22.89518583401616
-0.9939172438339532
19.45238001883513
-23.83335643282236
34.88517068773931
19.06714102906863
32.25943086182462
-25.65727655216735
-11.02630559117842
41.9796484356123
13.19228983229855
-21.30483479094502
-4.211219825183604
21.63098931519736
6.061847757853259
20.69281871797212
-16.12854436584128
3.182786299774281
17.0936149636073
5.176290426892562
-19.00736130069302
-5.096532639810756
20.74567649722769
26.82183357240226
10.60875524575146
-7.472746734971407
13.91082866235259
11.53461456526882
25.84220913769343
21.90126858828037
6.076157076477497
-0.9381705973678243
-20.09870418899453
8.526777999857444
37.22609553672224
31.92719403394685
-10.51313143830148
-26.28329826523395
-18.45013385910905
-34.27524537022974
-6.583151246019668
13.58183108558256
17.42895407236988
24.96449955026727
-15.82511151228243
35.87908793142812
27.69209412423452
-16.21307832654485
0.4028258521245008
-27.28926827160846
-4.681458163790735
20.16498233162672
13.98038825294486
3.699447407254845
20.31535158522169
-14.38205457428234
-18.65390433754548
-3.234036700137787
17.31593815631443
16.615904178563
-18.08150198084039
22.60781010906189
-2.999413431216708
-4.271849762994492
15.41986763702844
-38.34715852472715
-9.619863624617086
43.06563755075274
-1.792758938169471
28.01966306077604
-20.97743472036262
-7.268798812055752
-6.289836158874457
13.28117604433287
20.89536658824432
13.70863590846269
14.68759856495118
-25.60722354152233
-17.99303299802521
18.56136659138831
18.66184641597654
20.54997485647256
27.18520274804703
16.14075990952916
7.614190544231039
28.72729489898894
-11.04444284062495
36.55439958798584
-39.77173773735461
37.63952668484183
46.6878132258637
13.49854343964658
53.270281177353
-28.78735860588093
2.586892842572003
31.374251451741
15.4327906687123
14.63097096055394
-22.1903921250996
-11.8794078773208
10.31098424851083
28.62548219044472
-6.184594078243443
11.38266846489773
-15.88755967992331
21.34508269692317
60.89569549231817
-7.049591560519
-40.66591889205829
28.16403542627214
-33.1303734094128
28.69931753923699
37.23264237548295
-17.24281372787746
-47.64725850740962
-39.11393367310551
0.4366791225313249
-1.764444901270848
10.05376236146448
21.80084622928755
8.533324834882308
-5.298901500952215
45.88281360614322
39.5506127957648
-17.51055971454046
-50.2422197783301
-32.7316600657462
21.36416710358733
-9.77410668342759
-27.98981535768463
-18.94643484206535
3.946692269841651
17.69102222560925
24.58761686360101
-27.90553784361048
23.27617726221474
-70.34586331521088
-41.35811346976777
-0.4239015797855623
20.74375734612957
51.18171510616246
-42.44032547193817
-2.532419912216337
11.81820726235342
21.95535909220179
12.48479146438516
28.98774984708423
-15.87064664715524
-15.77016682515495
-44.85839649170657
-15.04597448824438
40.93421188988379
36.99289914921374
0.1004798239333963
-14.27439593853123
-18.21570867776071
6.893262985758444
24.2604063681203
27.46512890976644
52.03887363580537
9.048286541543691
39.13006337617247
-3.941312740673821
21.1676589257338
-12.90881025833592
9.043380515390401
30.08177683410703
-33.18926978563044
15.79845882112683
-3.525056518238572
3.091905716331884
-17.80837453183822
29.76569434299055
18.42713425082952
-14.28331801408483
21.95219077152877
6.379905961421126
-12.38223557904923
-15.11039455585837
13.83934118207604
5.530530035801895
-21.22273938516807
-3.307544431025456
22.63831422046752
-17.96868540594768
-25.61806974739727
-44.46706140915538
9.338900800735457
-30.18739825621883
28.17193810923759
4.769572290944975
-27.88335661269718
-2.265323327651475
23.29563162007625
-18.84899166392318
34.95697054663553
2.304041644384423
-31.01863900093279
-24.12935998038364
41.95397115308393
-18.2359613301564
29.78432382042589
-38.17271682196186
5.893398651624762
-12.16964733484442
33.21933129152884
-1.669612466780055
-20.42068890565301
25.466337435834
44.06611547353149
86.85577089043498
-37.14674223604096
12.32431614754273
-20.90028024768469
26.67378862757278
-17.30113159140741
20.21717876241471
42.78965541759406
48.02028515148753
17.36714338440513
15.0172113742169
10.13715183161667
19.72505570638242
11.74708386874819
-9.470567625100513
10.69618997722642
21.20338059068905
9.587903872375824
-22.50906054217652
-10.09694457279941
20.50376931460397
4.724093970751584
-18.41621815688394
16.24646198757454
-23.40236581776433
19.84561064557393
-4.876306490358132
-29.62544773973874
7.892862614626225
26.63808106523966
-13.32160995944949
12.76007547657763
-49.132589051416
-3.06570854970429
30.35827855386385
39.14538724057006
45.83235697918873
25.41544984310433
46.0668805021453
-17.78086139891568
25.61803328590826
-12.19727975573415
-38.55331037914566
-33.32268064545942
25.56095494864913
-37.81531304129671
-17.16388237944566
16.26010472757554
-6.45660986479353
14.2827259934492
-11.33856009486743
11.5545670163952
-24.72191713697901
-11.91821549797293
16.30383778125807
-18.76214153771843
-6.021624947097938
7.459435218528771
20.77591296241754
10.93446886658509
18.74521845083381
20.73933585673461
-22.87158549109544
-9.540642085399174
20.42885138356096
-8.628300567244191
1.994117405476159
14.73463399634002
-13.87800558873384
5.004332996620941
23.89447854447813
-1.139963311738736
21.85292553427637
3.272357866792506
-23.92838333542233
-22.21472183152106
12.80370164005269
-9.300850221766568
28.22205328095775
-22.1045518625306
-6.630473437407768
7.147294763309366
12.74051659061144
-2.728158976263876
-25.0344418553787
1.04724358185257
19.92958216664326
14.78586989182089
-2.041553011276391
26.08168543724813
-21.0747585202802
20.65143066159576
-43.19631124260423
-26.35603062344493
33.42398710595341
16.84028061914493
15.47407842618904
-9.730300999971321
9.016763800100389
16.95609381299319
18.88233858480769
-5.143712274769568
19.2062847771211
18.74706480008988
-28.79967630270649
-19.85383755490783
-3.428605203746803
-16.28599548447704
0.7754782302857626
14.49032917663343
18.12853757814638
-20.01062743666862
17.79716888849367
1.077888414792223
-15.26020898780852
-25.19734433515848
-16.82742290272238
24.34999705171502
2.99809655555414
20.05957026949114
-17.54410813539717
-5.186716898490125
-18.58056766745245
7.311838638790485
19.82551945713007
17.22923323414881
8.871494160124021
29.85681315469959
-7.752993855694473
25.8924063062117
-27.20074120232596
-0.06479129975787104
12.62757992055106
27.01710273687137
20.59035549994287
9.332709568556496
18.27854831762378
20.98531899479461
-16.62448802493578
8.945838748433019
12.51368081862459
-25.95719760260932
-17.06051082192577
0.8584235566756409
28.65979239970439
26.73569272704185
-5.594374461357139
14.29568520817699
2.706770677177246
16.42523235110782
-8.04287407751424
-7.486537539242086
-17.32798163509162
13.27414219395208
14.32054452134542
15.52447228748013
13.71846167353538
7.962775582416421
25.18459803001562
-6.426747239953216
20.97826005335013
23.85643454204028
17.91893438026692
11.46613635780642
-0.4592199771865252
22.84321615512909
-4.290426782047823
16.76521759205856
13.06263256418899
22.89312711047244
20.64092459324955
-20.78251960061917
-2.965694014475624
11.75365772819371
23.7300003090118
-17.57779705633988
4.112891653590895
-10.68120241716257
-2.349932012769662
17.81682558673289
3.204722543689595
20.16675760053734
10.50719061125608
14.71935174371831
4.212161130861429
17.59729271160552
9.278019108320706
-11.61547671512448
-16.36772332822517
-2.982591733452749
11.83844686686998
7.120916019018996
16.22152617287361
11.97634258075298
13.38513158184218
23.48863935374115
-19.617108655704
11.51229677666101
2.495031195688536
24.65928916702596
6.896594638721578
4.092842399705764
-16.80065338148592
-24.77862521112878
-18.75107643894337
-12.06410669916601
27.13594990267871
1.713661503921533
6.686969739847219
13.777768201783
17.22443756848639
7.939330012626369
-6.077998562416965
-9.780583591743339
16.00980690238821
16.28542003676193
27.40500731433145
17.22182244625359
17.0614737143501
17.3530593464578
-16.3598308301165
-9.874547910979931
-3.043353082335946
17.71732665078943
20.87229561282854
12.23759194373841
-15.89110648421716
-2.744114098793683
8.993475142580156
22.52129473025123
7.860153749850656
-6.790496319015192
14.8210385719369
-8.319273604455299
-15.77967535153388
3.254053981633101
-11.39659606228399
4.383079295550477
-20.89349580948794
-14.45593636683673
-10.81772795934184
14.97266253823849
11.42133279994395
-9.285107556942954
22.36341859852515
6.485282920731888
-8.308811147863334
13.31647774523756
-14.79409406914659
22.11213985225628
13.14699238815472
9.100610157759466
3.638208403567933
25.87726916991097
25.79039049494445
-20.54466278246201
-9.448159989917238
10.2568043425706
-5.088378941199606
12.61804236652171
-1.924099669538386
17.43981660267304
-14.36410719465147
1.101719168678543
11.09650279809626
-3.551329741424868
0.2756131347639255
15.45628383604919
-14.64783253270809
19.70496432901717
4.716083757329867
19.36391628077822
-1.730399951508125
-16.71928048324281
11.60054343607876
-14.98888055326154
13.33094340569633
2.36123801467031
14.24328495918639
-16.3380974249743
17.67486654510303
-15.94146078631629
-33.61632733210259
35.21362698525385
7.535545480271465
5.230629733652759
-7.97797184009879
-10.18318487706459
9.706874796454565
2.87817450387864
15.23556578007703
19.89005967012269
15.46582636681796
5.528690968972317
-9.937135372597879
12.3573912543065
-9.841444095841037
20.7606797331599
-19.33331497038505
-16.17834600368361
-4.184185804303652
11.9605850111018
2.882956729162448
20.34055431366955
3.154968965205359
15.14912916788233
2.250330092718607
-8.63470366839389
13.52955430500593
19.06130273235314
-20.69663792537184
-6.593911073004497
9.55085974934526
-5.515967233170967
10.63027344973252
-19.49271015130257
23.4236153949029
15.1806706976162
1.203927768629149
22.16425797270364
21.74849829088166
11.7375892425836
5.531748427710231
16.14477081807372
-12.89879907604178
-21.44015981968157
-21.31802687756801
40.49461427695619
-8.393339599908035
5.62509253802031
8.379969305410766
19.45155058122928
13.87275564546796
-29.05715195515938
-18.10765392798913
0.1221329474154568
16.1462406883187
17.70642129782907
1.560180601757156
12.79334195250062
24.39172562259939
-10.01090904681359
-16.21674986293424
1.240847719205503
10.65169532528393
16.2272991480598
-22.7900794584919
-22.40822947440702
31.4798421765393
-0.1216929550131117
-21.74165947331266
13.52781959124061
20.66260436911439
-12.92772291869797
-18.50651786036571
19.81650555367776
-6.908134187113795
11.32165271872464
24.2463400138909
11.88204697985106
22.83154501526001
10.94949803332933
17.45759758411374
25.94585865167794
7.134784776191833
-14.6611409773347
11.07158127592379
16.81685430368903
14.98645143082827
-11.02321721909423
15.97573822658314
22.66838651746054
1.048419983373621
-12.85362009056086
-5.578794937499132
5.745273027660214
32.744228468207
11.59838367402249
26.99895544546274
-1.830402872915314
4.429834467288036
6.692648290663035
25.32233362600245
18.44826661211181
18.22978689590447
12.92468728641315
-27.99545472627942
-34.86952173934812
29.09398486876236
14.01843213812139
-18.81107388417139
0.6665700029440899
19.47764388800821
5.575603820952687
-31.60153513707622
-12.97184980696056
38.84783354321637
18.6296853356393
-14.6506500563915
-13.90204007248555
-6.874067013479459
51.81968335017697
57.08943959508321
5.269756244946316
