21.81423445983769
-11.4897496245066
4.121990761181889
-3.298837358145037
1.970991869666618
18.90854164042755
-22.49195075889957
1.364454298236086
6.312361308632387
4.588269643920911
5.71327735492498
-7.185851221055228
-24.69618642193021
21.44657383083053
-3.332035174999869
21.15053079357094
16.07226953082258
20.84712081782058
-21.51869669615466
-5.157455018585225
12.73822732089859
-13.26970872373963
74.52469419903392
56.74425346471528
73.58401468999313
-31.64066077453263
-27.84216886632117
-7.829318241623374
34.15177857210464
31.27711249143537
7.856374777698811
-7.360911205882186
18.18665016340606
21.82166235492098
-20.44710400783695
-21.43930320950569
-5.959187513838984
-4.479950816604199
15.76984976246911
20.94614993855495
21.14563003829184
-13.09046233378109
5.267675455524963
-9.455450136514553
15.8332110126257
-18.37092930635982
-29.05310504713265
-8.671311391926935
15.76319225811176
5.422360595586337
16.86380711712122
24.00349284940429
10.37876573351818
-5.078261262762997
8.786206865707822
-13.62472711601401
-15.21728598369655
10.33027538582295
10.16856278495459
-15.45702701582513
-10.68217574610897
23.79328990192062
-1.368397046808128
19.01339660371677
20.18549506781174
4.749699143327137
-15.90024890567075
-21.06070356153268
4.7748512892599
20.38179365438809
-19.69230650400682
-26.00457583655606
-15.87795458627354
4.064762975532691
19.58200614046033
-5.312419002835286
15.23165999697965
24.43450364826462
1.172098466991111
13.06675217402503
-14.22216133440192
-14.38387393775992
4.135976469663103
-2.942427416442772
24.07869402462652
14.1837899259703
-0.1617126018204218
18.35813780278802
-0.9921992030461446
-11.36775147246519
15.96715319345155
1.100614859541245
-14.13158742962019
1.491649255834961
-16.22609392844589
6.787176912977052
18.32180399967694
14.04994448608774
11.44144652159906
22.27020596819807
12.63440193152456
11.89465370532902
-15.43579592362411
-2.614043204719191
-9.635804034705233
-10.37555226614412
15.48011569380648
1.74763695471828
25.11591972656669
-16.58125921888397
14.90276923154778
-15.24844513399408
23.17964776310326
13.36433586785687
10.34680602222648
-14.61712863506216
-28.20054720182542
-16.16426635090865
-6.372442975887863
-2.379383183866659
-16.5855934685619
15.35659429930255
18.53938115999964
-18.32889617286694
13.15513227541082
-14.82414247331925
-2.78399388117708
10.25429743226693
-10.2131504932425
21.72903727554832
28.46928011324374
10.75153692823121
-17.29929301270025
-4.261001698920317
-10.24427792160575
9.510348501853709
-18.70108498996375
-16.46118399176414
1.332814084313686
3.504753699413954
7.212146356891417
2.239900998052749
20.0338990742251
-19.47897696839055
-13.43780169184373
27.9485102629269
21.02480953320688
27.30300872824523
-11.01849889775473
3.47368585090283
27.22924663127899
10.5935642209545
22.53117936814132
-23.13215386004858
-4.729038460358339
-14.20621028412655
-2.094506498758387
-17.10704512633399
20.91876434402829
12.82175271709958
-20.64994804785092
-2.900834842874712
-17.71774318434807
-18.95893161180093
-6.208066128155679
12.55829523165409
14.26946273199257
27.97815847060522
-15.01253862699907
7.615935363362174
19.65608395298603
8.419083410571091
-9.31986687344232
-15.00884828843609
19.96593768854172
-21.71887796637194
-2.658845962221566
12.04014859200825
-22.62478365165592
-11.2370005431912
13.03829131361203
7.055015091211876
-23.60994864774808
-0.5307878708852429
18.4007840954668
16.38311919963962
21.9962328162054
18.29201563453277
2.923728030409743
-17.73895028350204
-11.48583226037654
-24.66714436461926
19.75462642407269
9.800360753157396
-15.36828760401295
-9.954265672255788
12.75086548532709
0.3419854039119763
13.09044927367522
19.95914253750527
-12.74108110972445
-17.61709577820291
1.314476199981244
-16.60664893980832
-9.737955680173359
-6.649981642701095
11.57736424475622
13.82754722127318
28.51490758371494
12.74846386695161
22.70513116059352
-25.16864835705999
-13.0830665111673
6.868693261185257
9.956667296224555
21.28722729060469
24.01758512449575
-14.5582279737435
17.65525688855669
0.8820105656378472
23.07916079814018
6.158100663414044
-10.47758173744566
-18.64466633983733
21.31531992667949
21.24259404510276
-2.886212609335767
20.47752886194832
12.08558185032276
-9.711493007037875
-14.40956029150991
-4.876014666009501
-21.79707485057068
-16.92106015600299
18.93157197208884
-21.32112213612609
-5.688981415135853
-21.94614812365505
-6.928194078944741
-3.427891281003848
15.63214072174612
-13.24320317092048
-20.81945094617735
-0.6250259899942674
-16.63568240085957
-4.698067273804905
-13.18131210496643
-27.26021783457796
19.94271755664704
-17.888779485837
-5.734196384501716
-15.62910048132581
17.69276387911322
7.537321267576343
17.84832527391455
-22.54398956623642
-15.34180817763948
25.51616268357666
3.520746709654772
-19.69215429963988
-14.86653833563788
2.259679005605495
25.42610075522761
3.326247023747805
-29.86517848099525
2.879331677438583
19.12520581565472
-20.52546315349209
-2.017664898066628
15.75845373281468
5.613113619359659
17.77611863312075
12.16300501121942
-26.00793604463809
6.041175274663433
19.06003200350554
-9.815311891292714
-12.83284174186188
20.91026496827895
2.036247954636001
-0.645501532956799
-24.47482441237651
-5.160454659831644
-18.87401701751021
-21.55576649580249
22.67351101487947
6.278199194560409
16.36124167771979
-16.3953118317068
-6.312269333443236
-7.576247775018015
-27.98146450378314
-3.631970401566726
20.19442495834654
-20.40521672900417
-26.51107237263869
-6.36232823684667
17.46406710895331
18.40311540420686
15.44023853938089
1.856819972220931
-1.724091649973406
23.82639535943181
15.01795404437022
0.9390482997699329
-14.07890573818358
-13.58341856739106
17.12621734231329
-21.10219651494415
-4.164653171659713
11.97583419906957
65.24817193493074
20.77929214005896
-3.580911623828528
-2.455903897376744
12.03628085203101
1.125007725741992
14.49218474901056
16.93754334122969
-0.07272588284548774
41.88148865809133
9.676920717377909
25.28866112630916
15.5172431606307
-9.894904097740174
23.4269602657765
-17.69224369865543
2.851835277780621
18.86255489222992
7.909717099983451
-4.35034613318425
15.61174039730998
-21.99541598720145
-13.80250657094223
3.798491908211052
20.54407900281523
-10.95283779959363
8.19290942259946
-17.35979739218886
1.785949856937954
19.38694836381321
20.3325496121303
-5.324806334472946
-17.20423599300822
19.14574724310905
0.1555613981524275
17.60099848549349
0.9456012443442732
20.01285063159676
-41.79177493847868
63.92648364654973
-39.20476405686517
-21.52932984915556
13.68447909505349
-12.80720766957173
-22.89539800942405
-0.9938856146017199
19.452694765777
-23.83356043015178
34.88633640892431
19.06724938843593
32.25990243569102
-25.65735594553391
-11.0263527615853
41.98109681584572
13.19265304679857
-21.30487285435149
-4.211229043821109
21.63102658523135
6.061860983009721
20.69286416608422
-16.12857268080876
3.182786862178931
17.09364380837683
5.176300175330571
-19.00739462980399
-5.096537686557205
20.74571793915613
26.82181566850399
10.6087484885658
-7.472767540151994
13.91085694471615
11.53462708920031
25.84225562636818
21.90151239292078
6.076097730650488
-0.9381624192897622
-20.09938086284377
8.526550475568625
37.22650277990191
31.92898351474454
-10.51066016637491
-26.28272405530087
-18.45074418422262
-34.27615884581073
-6.582932281462251
13.5826694898543
17.42947783920893
24.96540281284943
-15.82541466274966
35.88022202338075
27.69322656437307
-16.21306717983246
0.4030008550222161
-27.29022570884948
-4.681723845514364
20.16560177134118
13.98225857644191
3.69946940490684
20.31553743905955
-14.38204662462608
-18.65390613830254
-3.23404290055112
17.3157642056419
16.61606803474854
-18.08151602883564
22.60850186457944
-2.999773235727339
-4.27185951340738
15.41986323737261
-38.35603507268224
-9.622505086327068
43.06448566766441
-1.798371652693792
28.02228010316478
-20.97740726807605
-7.26871152680991
-6.290046910749883
13.28109557932019
20.89350367077335
13.70869574142178
14.68736036078941
-25.60827510155066
-17.99586701051219
18.56179641233178
18.66398242119735
20.54980710621382
27.18355058245166
16.14048736906782
7.612408091772541
28.7335299852342
-11.0430632154911
36.55766342141645
-39.77659319846618
37.64478518894071
46.68717004075769
13.49574453493973
53.27233773375789
-28.78844377160726
2.587010881612923
31.37545465649891
15.43364164295585
14.63100318351161
-22.19043366522003
-11.87942965780148
10.31100400815257
28.62593134000501
-6.183343194460998
11.38273332320828
-15.88769222632315
21.34533788551107
60.89591030233553
-7.049567997795176
-40.66681522545041
28.16424094948109
-33.13089024706152
28.69995230670538
37.23303011047079
-17.24319801912706
-47.64695765299435
-39.11387985117049
0.4366925658958556
-1.764485712471311
10.05376304980581
21.8008438191466
8.533077802401875
-5.297519263334297
45.88247194052757
39.55057241719424
-17.51033520089096
-50.24200455149555
-32.73166935255526
21.36415125009066
-9.774031794849144
-27.98956710830277
-18.94619235304802
3.946677801082975
17.69097795970915
24.58756782577777
-27.90453783652654
23.2754533660653
-70.34418151699829
-41.35557408639089
-0.4262043613910729
20.74308531995999
51.17999120292899
-42.43964368080942
-2.53236804223656
11.81824876189581
21.95540153691556
12.48483075997913
28.98860743224868
-15.8742498934265
-15.77206388714858
-44.86285732314241
-15.04220556276744
40.9293697249015
36.98997733617549
0.1021860082108865
-14.2761429296706
-18.21553531695626
6.893146750055223
24.26028443282641
27.46500975528816
52.03218289729031
9.042384852338664
39.12323275861657
-3.939392388729915
21.16928968116986
-12.90895013737688
9.043374755026198
30.08084790575629
-33.19142550523144
15.79895879054827
-3.525292897643532
3.091873832404148
-17.80718201347128
29.76549131192019
18.4270319901016
-14.28188911631279
21.95232489020567
6.379910065439004
-12.38224001510459
-15.11036886850648
13.83933326952009
5.530521154088976
-21.22271820514187
-3.307541360713998
22.63829284256639
-17.96866565993469
-25.62001390706343
-44.4688797977516
9.339715326006168
-30.18681085721633
28.17771320550608
4.772918374884669
-27.88148407177932
-2.263078006701757
23.29995126484765
-18.84886589285345
34.95972923157256
2.30532678629995
-31.02004983798636
-24.12880665562681
41.95421454253495
-18.2339057553866
29.78303060175395
-38.17094105579055
5.894900901637911
-12.17118394296755
33.2191958673063
-1.669561873965568
-20.42112558919593
25.466259838515
44.06584195737353
86.85372341441482
-37.14492998517042
12.32425602071826
-20.89905584539015
26.67361748043038
-17.30081112745471
20.21705596886397
42.78788145773112
48.01693635804599
17.36713768481402
15.01719879983187
10.13715277678653
19.72505036673228
11.74708077026445
-9.470570774221438
10.69618736962205
21.20336723233659
9.587897587565536
-22.50904229256677
-10.09693583087757
20.50373869355508
4.724087152031573
-18.41620175815723
16.2458741389984
-23.40479483009296
19.84411885865616
-4.877761941855403
-29.62506714896193
7.892799947899894
26.63781724702517
-13.321470980163
12.75998163522756
-49.13344402537611
-3.065885524441105
30.35969036845804
39.14730920210349
45.83450213906197
25.41545725915539
46.067558501367
-17.7804407347691
25.6184060659403
-12.19829475490632
-38.55443152453686
-33.32537662442871
25.56302927247095
-37.8167008205011
-17.16459957548748
16.26097632085526
-6.456561511202255
14.28253968261104
-11.33845932452483
11.55441082896371
-24.72188080155856
-11.91824624576738
16.30359616976973
-18.76215007779352
-6.021620607446294
7.459423201957387
20.77588833470127
10.93445552214098
18.74501729934526
20.73910119230565
-22.87153835550781
-9.540620689009229
20.42886306601873
-8.628281030864798
1.994083892536064
14.73461336312886
-13.87783561186987
5.004328151667262
23.89430144079936
-1.139943872602597
21.85275180133461
3.272327108963685
-23.92829125662326
-22.21435385216792
12.80363455683783
-9.302052952308651
28.22184241726493
-22.10568750985765
-6.630875739457748
7.147432439833605
12.74052947033909
-2.728128852856988
-25.03424531256392
1.047207304029188
19.92937106700299
14.7856889281925
-2.041549640540709
26.0814526166097
-21.0744099800598
20.65210124475864
-43.1958979945071
-26.35613676966422
33.42557589527792
16.83976122482915
15.4748117714655
-9.730285211715124
9.016756885746153
16.95607612889975
18.88216376299052
-5.143682138758625
19.20626034329413
18.74704209748093
-28.7995302380777
-19.85375262354365
-3.428594850935876
-16.2859328143341
0.7754774215479177
14.49031176176417
18.12851555736881
-20.01060800531471
17.79712451767174
1.077885073765081
-15.26019531578219
-25.19731945700218
-16.8272385683593
24.34994248187907
2.998112600152656
20.0595228352046
-17.54408733991442
-5.186711451687744
-18.58042469234133
7.311753743517961
19.82535116736713
17.22898535282557
8.871414681956992
29.8565471928571
-7.752936028790932
25.89217843582988
-27.20061836569805
-0.06479665326352656
12.62756184003181
27.01704674984632
20.59031180970847
9.332624356815124
18.27840197261864
20.985132511119
-16.62435071983877
8.945777615168822
12.51359742413541
-25.95697508574449
-17.06048491482014
0.8584216961112237
28.65976061531221
26.73566325530312
-5.594365941037909
14.29566897995942
2.706730538506155
16.42515777255839
-8.042864086277033
-7.48653037765029
-17.32796319022862
13.2741243396039
14.32052806988052
15.52445262168664
13.71842723366048
7.962749972691824
25.18454620336995
-6.426734943153136
20.97823342954725
23.85640505485857
17.91890661258926
11.46611897103094
-0.4592182459663202
22.84319193343791
-4.290419646500365
16.76520009992495
13.06261848768979
22.89287015269815
20.64089002418533
-20.7825115537028
-2.965692300831256
11.75364543473226
23.72997700608743
-17.57778622860953
4.11289011761033
-10.68119636135809
-2.349938887562738
17.81681925345969
3.204725324504767
20.1667581420556
10.50717986051572
14.71933773661141
4.212157874499134
17.59727631334169
9.278010366918313
-11.61546964159166
-16.3677067506811
-2.982588297850072
11.83843474166349
7.120908998387056
16.22150807839471
11.97633157129239
13.38511843993926
23.4886157555466
-19.61708688875727
11.51228418791513
2.495028862992623
24.65926115511332
6.896589866798708
4.092840548779513
-16.80063941760051
-24.77860900609859
-18.75156371530055
-12.06437077718681
27.13582171254513
1.713937404472873
6.687192938183385
13.7783081803566
17.22441834512863
7.939319242890029
-6.077991832856531
-9.780573446554401
16.00979014172311
16.28540032362434
27.40496839366675
17.22179622933645
17.06141023546718
17.35303813441514
-16.35981340900782
-9.874539050814827
-3.043348272374829
17.71730644481345
20.87227071552993
12.23757670424976
-15.89108703045384
-2.744110068182446
8.993463682179113
22.52126716719533
7.860142862512512
-6.79048793913217
14.82102301121138
-8.319265947590143
-15.77965154918201
3.254052547612801
-11.39657822915531
4.383073326309315
-20.89347999459318
-14.4559199962808
-10.81771619470508
14.97264739702009
11.42132155933318
-9.285099103318537
22.36339215582425
6.485274359790898
-8.308812117020878
13.31646513409084
-14.79408647736208
22.11211575260856
13.14697696499463
9.100599083901157
3.638203797657814
25.87724155873721
25.79036358909277
-20.54463282932886
-9.448144433885556
10.2567912301091
-5.088374501139715
12.61802584335098
-1.924097356893328
17.43979777203657
-14.36409163846847
1.101717351190655
11.09648840098067
-3.551325840810184
0.2756101822914642
15.45625832299454
-14.64781423499969
19.70493566053406
4.716080911700532
19.36389513746965
-1.730384744419792
-16.71923945342011
11.60053290402279
-14.98885473046395
13.33091766649865
2.361234603988299
14.24325735987403
-16.33808041185417
17.67543421071603
-15.94181301682132
-33.61724722821815
35.21380894574268
7.535924976014715
5.229054900074392
-7.977969598923602
-10.18317217329175
9.706862751677201
2.878171640454437
15.23554756785519
19.8900349215835
15.4658089931374
5.528684801571887
-9.937124166392829
12.35737590557411
-9.841432812569357
20.76065471722136
-19.33329059854902
-16.17832632318598
-4.184180454417212
11.96056965308691
2.882953264407079
20.34052911952745
3.154964273876016
15.1491101459257
2.250328281274579
-8.634694010585235
13.52953828359187
19.06127958710485
-20.69660876405296
-6.593902336559215
9.550847777872621
-5.51596063241399
10.63026039381122
-19.49268420433111
23.42358644584757
15.18064813703983
1.203924554295158
22.16423229348223
21.74847118412668
11.73757375156958
5.531741303883848
16.14475011016529
-12.8987818655241
-21.44012517347747
-21.31799968411663
40.49486728662819
-8.393325328881231
5.625098399580828
8.379959469276482
19.45152840502656
13.87273866788567
-29.05714410122474
-18.10765033929729
0.1221254946472443
16.14622103162596
17.70640033462832
1.56017929527167
12.79332605934721
24.39169586209657
-10.0108974310767
-16.21672988000691
1.240845972748819
10.65168343524064
16.22728190228578
-22.79006095117164
-22.40821026314556
31.47982969904242
-0.1216922719836338
-21.74164165317481
13.52780348857602
20.6625808633415
-12.92771113802603
-18.50650088106045
19.81648850728808
-6.908131075166118
11.32164478912415
24.24631916181472
11.88202279111658
22.83151656125912
10.94949376806914
17.45757585472942
25.94583420346476
7.1347773730879
-14.66112430162607
11.07156893585647
16.81683671513486
14.98643593151062
-11.02320691494054
15.97572495216075
22.66836869312912
1.048419296196671
-12.85360769717688
-5.578789738876774
5.745267779172236
32.74419964115634
11.59836980666247
26.99893186688759
-1.83040078368005
4.429830661581972
6.692643740754909
25.32232207858543
18.44825439691921
18.22977585438491
12.92467436396302
-27.99570120661214
-34.86976888745851
29.09405994132483
14.01842372865474
-18.8110568390366
0.6665686118146505
19.47762545174168
5.575598465226069
-31.60152197653345
-12.97184364391124
38.84808827629678
18.62967833812944
-14.65063078920643
-13.90202699192958
-6.874067681256083
51.81993192020804
57.08976114797828
5.269829227810221
