21.81257504920339
-11.48913883975297
4.121776296626657
-3.296303360472733
1.968457871994395
18.90949604403593
-22.49265174828195
1.364522997018395
6.311844540726092
4.587904405976992
5.712834714795781
-7.164527223041805
-24.6975331789823
21.44719980301718
-3.332287353511142
21.14995002508299
16.0720533826981
20.84666016893686
-21.51868710892984
-5.157092952974185
12.91093515942734
-13.26375587558462
74.66347643007228
56.85681103110679
73.72583842398441
-31.62794147062198
-27.83088717459586
-7.825834046385359
34.05182997456013
31.27432277821179
7.855998795574605
-7.361164706944877
18.18538333335611
21.81915875629685
-20.4454671258268
-21.43757837429946
-5.958640170936301
-4.47958596523462
15.76843966638969
20.94416691124806
21.14448609159357
-13.08893945179475
5.267554750783469
-9.455164021915097
15.8323412937548
-18.3704850736264
-29.05241632352034
-8.671005532193956
15.76228152658491
5.422259030265504
16.86275966868197
24.00370656798711
10.37864135583874
-5.077896642391337
8.786543065333483
-13.62506521229286
-15.21716350265371
10.3293845379159
10.16767889015051
-15.45653802183907
-10.68193125642536
23.79274410376662
-1.368412408641584
19.01299837682355
20.18501398160049
4.749545768308646
-15.89964099006336
-21.06004176366276
4.774606789022507
20.38141079022072
-19.69162934202048
-26.00375312209152
-15.87693134496872
4.064393723226664
19.57991129701504
-5.31214477031068
15.23021277450522
24.43328705698029
1.172015608163661
13.06608737701892
-14.22092142745885
-14.38262707856475
4.135572792814157
-2.942126440918019
24.07689785294379
14.1827430536302
-0.1617056490886901
18.35649421883461
-0.9921112496471224
-11.36719967816253
15.96588116263975
1.100478143002152
-14.13027277954859
1.491512337079084
-16.22459341510392
6.786529260598799
18.31964702548101
14.04828436386757
11.44050063822186
22.26916018832076
12.63393305079813
11.89407176680356
-15.43546821221672
-2.614011360528263
-9.63522713535705
-10.37508842501639
15.47893820166451
1.747553123401417
25.11416533512662
-16.58073416069831
14.90178176378685
-15.24794440868933
23.17909461470138
13.3640064818522
10.34616444416202
-14.61669054105751
-28.19953680027978
-16.16299694400604
-6.371899420712555
-2.379170218515409
-16.58428299004443
15.35518041578806
18.53763182269295
-18.32828728323981
13.15422863888783
-14.82364819473019
-2.783885629296619
10.25365304446721
-10.2123835696772
21.72707983672212
28.46671059641275
10.75060484329036
-17.29830156054892
-4.260762886183186
-10.24361943945209
9.509613447158101
-18.70060904065972
-16.46077939267863
1.332789751551547
3.504639088348088
7.211941942339497
2.239829647790783
20.03339879214316
-19.4785034108128
-13.43724481621211
27.94674201688784
21.02319579008285
27.30127262007219
-11.0181834039533
3.473964397821286
27.22831200094138
10.59324300329314
22.53044678024284
-23.13165430218117
-4.728973054778493
-14.20511277118353
-2.094320635353519
-17.10568836490006
20.91680204148505
12.82145684947212
-20.64918675729703
-2.90057559424589
-17.7161057523848
-18.957097149715
-6.207539215579503
12.55677202814076
14.26781618025627
27.97465469648006
-15.01136772916496
7.61573864226688
19.65550120485268
8.418831203781894
-9.319629192729346
-15.0084567014909
19.96541847794633
-21.7183330588147
-2.658776865242603
12.03976256527187
-22.62419534392269
-11.23667000181959
13.03753867406486
7.054682121335634
-23.60943261194375
-0.5307222940781678
18.39995349934259
16.38241832301926
21.99513113976433
18.29135212330484
2.923626769105566
-17.73846039590429
-11.48556091827501
-24.66646608942185
19.75323288742105
9.79991141861195
-15.36772535412401
-9.953321470304093
12.74955793597568
0.3419466790638704
13.08913242262533
19.95728457217567
-12.74049558496503
-17.616342045888
1.31433376159871
-16.60490216936632
-9.736750024196699
-6.64920849615214
11.57546756782713
13.82614690347443
28.51198639703703
12.74718574024538
22.70287940965727
-25.16763677266039
-13.08244226091086
6.868152146760912
9.955693672267181
21.28665279135168
24.01695256926178
-14.55745903376589
17.65477861921588
0.8819853796171986
23.07871034361085
6.158039910728382
-10.47702907547182
-18.64295081335442
21.31221759374125
21.23736946779108
-2.885851698094303
20.47535539762616
12.08519451697313
-9.711322442047841
-14.40918768845436
-4.875846457805137
-21.79651695099034
-16.9206704586271
18.93067580033362
-21.32057750676901
-5.68882750859633
-21.94557823293024
-6.928005690912202
-3.427806193064377
15.63174999897685
-13.24289431984334
-20.8189239279686
-0.6250007291098911
-16.63506898620004
-4.697865233552579
-13.18090517222071
-27.25941984235162
19.94132506195806
-17.88721269822791
-5.733591429322471
-15.62774622695876
17.6906353461623
7.536540176266676
17.84614829345196
-22.54086314691192
-15.33960589988546
25.51154139498247
3.520248567862577
-19.68930439642666
-14.86540302133309
2.259466472336455
25.42375287646956
3.297883058226136
-29.75629384626838
2.882670684362151
19.1226072833131
-20.44641558610347
-2.017535179070095
15.75709911803747
5.612712820134268
17.77463429985431
12.16192147667312
-26.17469103501186
6.041258591987992
19.05955619284514
-9.815088128124978
-12.83293017159628
20.9105725214982
2.036383761401524
-0.6454693947241592
-24.47277761947768
-5.160400778401391
-18.87418876464097
-21.55604190968635
22.67371794182284
6.278076829399567
16.36159415613621
-16.39564112617123
-6.312123781151079
-7.576029607763442
-27.98069702397228
-3.631874171559137
20.19392320156015
-20.40466741657088
-26.50916138761273
-6.362173951162862
17.46362340492571
18.40268125288187
15.43944441338252
1.85659815366506
-1.723940116894404
23.82579737254241
15.01757254161151
0.9390578534351202
-14.07851468044483
-13.58284625999267
17.12486949463326
-21.10127296025724
-4.164754126763184
11.96851105050084
65.12859239732646
20.74264261048191
-3.58053827253504
-2.455607945008619
12.03653985764324
1.124930326673429
14.49214780218637
16.93651883145191
-0.07484812719972092
41.84391557381463
9.676590123684274
25.28750528814154
15.51551756848178
-9.894154798474979
23.42422677809025
-17.69079875257637
2.851558764033026
18.85985447369686
7.908709203374061
-4.349698510088785
15.61091515041857
-21.99129284318916
-13.79976860673677
3.797054296025666
20.54235754849286
-10.95114527913563
8.191524244123787
-17.35709762946147
1.785571926277376
19.38239486251898
20.32814050235765
-5.323897943733623
-17.20158467719226
19.14266954855588
0.1555129511408199
17.59682291043375
0.9457456350107801
20.00505313658325
-41.65789524905774
63.9777241995931
-39.08270475670141
-21.46929194895943
13.70373633480131
-12.80158733897958
-22.88740998548748
-0.9921593383467752
19.42722185413741
-23.82541120777118
34.81828859195048
19.059307502974
32.2288091934436
-25.65203844506794
-11.02382386967219
41.87766402352363
13.16950168994943
-21.30206141466115
-4.210630200183574
21.62717647270712
6.060960677222099
20.68917525202879
-16.12633417255806
3.182451408294511
17.09143121228535
5.175727243961085
-19.00481364116958
-5.095833840105197
20.74197282920758
26.8167996936665
10.60705760111727
-7.471695873131658
13.90897980260124
11.53311776750812
25.83780666997713
21.89525064521811
6.074826865782875
-0.9380012208180036
-20.04350918350672
8.480913562513859
37.14368269736992
32.38891614519515
-10.60358365712236
-26.21664678986027
-18.41585600307898
-34.23627978183254
-6.577627327159497
13.55461071612423
17.39459192713485
24.90605365053934
-15.8204237799276
35.81044793016234
27.65865245468738
-16.209742092428
0.4022044789956753
-27.25644797517723
-4.677977383682164
20.13223804329812
13.9591004344835
3.698747715109708
20.31069428579355
-14.38000575989837
-18.65136842150005
-3.23348575429874
17.31171763614716
16.61194657130204
-18.07875347434388
22.57847059272831
-2.998976651939388
-4.271362661364007
15.41788266679165
-38.00584919803767
-9.629104393847115
43.15917028579434
-1.474045761683106
27.70295200447761
-20.97446037079109
-7.267621851940262
-6.288620882308781
13.27758153839404
20.88641190644947
13.70683851901971
14.68583949193035
-25.57744724590048
-17.96861687823481
18.56318656099747
18.6370778173971
20.54520339043371
27.17503278967398
16.13326517561518
7.608830368389088
28.37674480305862
-11.04176761615328
36.53180343779367
-39.41851241694075
37.33205639776327
46.79574583304591
13.74156892745442
53.16008134473486
-28.70816233663101
2.575190492355654
31.28335283292257
15.39106673759357
14.62821457510125
-22.18729485142772
-11.87768673286312
10.30960811916033
28.52442274762306
-6.173137608366643
11.35144293461926
-15.8482239864014
21.33472510149103
60.88704357825418
-7.026966620638609
-40.53266553153997
28.14606166670874
-33.02120380340633
28.662769137235
37.18294908652082
-17.17297981534312
-47.63614451148322
-39.11596456416028
0.4363539128418746
-1.76459195878037
10.05400354897752
21.80159974587339
8.520179947914565
-4.754766550345218
45.87155255270152
39.55231847713437
-17.53300595595644
-50.27398786479118
-32.74098191119874
21.36524582925144
-9.774566512402854
-27.99762830581042
-18.95263775703889
3.946958458224222
17.69231767043901
24.58934789583854
-27.29303853894146
23.33328056282129
-70.28553834059443
-41.33927667415551
-0.3918129838182376
20.80052675753721
50.62631910210764
-42.9924998019981
-2.532753801408601
11.81859550733495
21.95603830099101
12.48497693193347
28.94626166807099
-15.68695438474312
-15.61306313095077
-44.63321605027199
-15.45621827957499
40.94746369022985
37.02242679719514
0.07389125573465773
-14.2980249054036
-18.22306179698301
6.894314834312174
24.26202138820724
27.46688418355291
52.47864507510812
9.463689435813915
39.56559427429535
-3.925036893029901
21.19233974116602
-12.91305079950654
9.044990548519735
30.10190483795028
-33.05417690499411
15.82472422373834
-3.523403156394399
3.090982206796918
-17.80058377120686
29.77504178973972
18.43463818695407
-14.27718061530704
21.95804134581949
6.380330307382642
-12.38284680465209
-15.11159687587504
13.84006063328132
5.530792559657137
-21.22296307039846
-3.307568801465725
22.63858713407446
-17.96893553271406
-25.55846763842595
-44.38594978971162
9.30987825865631
-30.11419206640705
28.08324009981729
4.754153829683497
-27.81303946654995
-2.253022316553885
23.2181105352883
-18.82748215343732
34.86834589557352
2.301152600707666
-30.98726241286971
-24.12322116706089
41.91876370259977
-18.32293896922231
29.75898344749371
-38.33661251161207
5.800282199222569
-12.15978025728024
33.22557440980136
-1.670395932993209
-20.37251338872719
25.46978837198215
44.1368947107657
86.98959430031823
-37.13150257800354
12.3275745373581
-20.8915659775089
26.68405958384111
-17.30082610227591
20.22431565193305
42.85269959029428
48.08192241760827
17.36770655596877
15.01773073090389
10.13744279553018
19.7258016015989
11.74759619792221
-9.47106136626337
10.69666473068218
21.20430175776226
9.588358803005674
-22.50975837160858
-10.09718350530751
20.50427326375128
4.724139337592626
-18.41675302307742
16.23993659972295
-23.32908626961678
19.83067647666214
-4.865129565713215
-29.62840064039736
7.896741114333375
26.64998370392405
-13.32524506385845
12.76550238954987
-49.08848762027453
-3.06344666664415
30.2705817877485
39.02802756393813
45.69844337076136
25.40748896725972
46.02504095417523
-17.80666539951841
25.56001715084636
-12.17251086570505
-38.51763784077772
-33.28841501370653
25.47113285275364
-37.73252801619347
-17.11497602590255
16.21905243260109
-6.459743931517286
14.28794268041058
-11.34040360550249
11.55919260898281
-24.69580604341947
-11.91529040241716
16.3031555773711
-18.76317710915461
-6.021875429126749
7.45973032360262
20.7767067321938
10.93495145807081
18.75324258983854
20.74768661038653
-22.87319131385816
-9.541553246569631
20.42711082561346
-8.628970847103469
1.994444020101408
14.73574570021977
-13.88448131441497
5.004824351984718
23.90290149393481
-1.140583618316203
21.86142114416228
3.272798462122385
-23.93206243726281
-22.22737704997339
12.7805156420461
-9.252080420846307
28.21844598144025
-22.032596063615
-6.604734480667522
7.131652551914606
12.74130167995507
-2.728750070652337
-25.04348511140438
1.047262343317187
19.93656800910012
14.79221673500479
-2.041480350754918
26.09074745475802
-21.0867934323907
20.61755199001361
-43.21415436747407
-26.34512697508713
33.33402845722896
16.86902739232676
15.42786158405712
-9.730921348398203
9.017254507782479
16.95682688634689
18.88930566581965
-5.144351273977249
19.20747040545135
18.74817585609547
-28.80293088872456
-19.85552073287753
-3.428807451085961
-16.28752602840283
0.7754602366948368
14.49087858789485
18.12917063745481
-20.01031224158646
17.79803166169127
1.078166313242365
-15.2600655262303
-25.19723391821178
-16.83369708531585
24.35182167911721
2.998211950150401
20.06119821471815
-17.54497304425831
-5.186921676625568
-18.58862268188266
7.316504173458432
19.83190903420661
17.24088807004918
8.876485347830737
29.86911784418261
-7.755786037819014
25.90512685518394
-27.20486089949713
-0.06467659456209832
12.62822977413374
27.01839036536672
20.59141874547764
9.337532038049153
18.2849421951071
20.99263249658139
-16.63227139660022
8.947410156452499
12.51540486094781
-25.96980344559962
-17.06123444075088
0.8584515957488762
28.6605006020989
26.73633509382559
-5.594654594860467
14.29607894679575
2.707690301525082
16.42671328147398
-8.043089686305464
-7.486761633720541
-17.3285169077949
13.2745038392345
14.32091309193965
15.52487618041812
13.71902297931471
7.963188975023028
25.18560282003287
-6.426971623568257
20.97886424014895
23.85717474254113
17.91968603869235
11.46657984237076
-0.4592945496624087
22.84389690699901
-4.290623464087191
16.76570504839156
13.06308693553002
22.89959621370975
20.64238943708117
-20.78361192878868
-2.965861663276296
11.75411626232674
23.73084075315424
-17.57874913069602
4.113068550158997
-10.6817189039224
-2.34997582770541
17.81775026618502
3.204862797419622
20.16772609503732
10.50763702433731
14.71997792672701
4.212340900494685
17.59791376939031
9.278344228499328
-11.61594295091896
-16.36820872764045
-2.982635841952178
11.83868706932029
7.121098355090834
16.22189026899284
11.97672449060065
13.38557287009051
23.48930709051335
-19.617772203481
11.51258260441162
2.495089106441192
24.65985252285091
6.897030226110792
4.093005365939957
-16.8012817626585
-24.77948715684532
-18.70211745581994
-12.03170164760008
27.14018430504647
1.704685387498061
6.670415808305354
13.73638703369141
17.22499959756901
7.939572378099853
-6.078191858153112
-9.780809972062384
16.01015590821901
16.28581092012826
27.40583588902575
17.22241384339157
17.06298626483296
17.35371039956038
-16.36041639312898
-9.87489701790628
-3.043439980460477
17.7178254922257
20.87287374920091
12.23796429611298
-15.89142764813052
-2.744157735649808
8.99364349195273
22.52168934375159
7.860322605899887
-6.790635720569137
14.82132287708631
-8.319569542320103
-15.78013393543367
3.254027540589097
-11.39693075592657
4.383203187053724
-20.89428716265624
-14.45628081426918
-10.81798875797483
14.97297712583409
11.42160267969411
-9.285427220759534
22.36400277782684
6.485519376638867
-8.30926807517311
13.3169764100669
-14.79478745243737
22.11286131113872
13.14726991576674
9.100791918594393
3.63829205173985
25.87788349758279
25.79096588093124
-20.54508861952513
-9.448381343470846
10.25692646190744
-5.088448222931902
12.61830534323377
-1.924165504567702
17.44002909506165
-14.3644216590088
1.101797217601525
11.09670728258461
-3.551374449759544
0.2756550122968865
15.45664039009029
-14.64808172401461
19.7053078012088
4.716112897337696
19.36419461007092
-1.730670504285199
-16.71986535992476
11.6009675411929
-14.98919488155041
13.3316380672886
2.361378870158232
14.2442205093088
-16.3382318664678
17.61341281137259
-15.89228609926447
-33.50569891149123
35.17302828555405
7.511461725769089
5.229222827056574
-7.978205406750527
-10.18342205637358
9.707311490196055
2.878310520726518
15.23636193578094
19.89073354241026
15.46621888076863
5.529050427881567
-9.937168422434336
12.35805138863905
-9.841755274098682
20.76126547282077
-19.33374074562886
-16.17869248289658
-4.184283638359649
11.96082218060234
2.883014280883005
20.34093169878433
3.155048260607084
15.14945710955756
2.250372340284883
-8.634909452301722
13.52985396658591
19.06170676296099
-20.69708592048
-6.594038049413384
9.551067777643649
-5.516100553177694
10.6304860914593
-19.49312282276161
23.42408004800987
15.18098537372046
1.203963091347263
22.1647634181015
21.74888429807154
11.73780122893324
5.531852796193869
16.14510582212322
-12.89908477050259
-21.44113372478309
-21.31852544390933
40.4762282423747
-8.393737092830788
5.624529754584003
8.380109521514761
19.45183285082565
13.87301227024838
-29.05608167797441
-18.1069082051736
0.1226082872496943
16.14658665105506
17.70675355420324
1.560166893832855
12.79359396522294
24.39218206493821
-10.01108306737235
-16.21703150155245
1.240885913792807
10.65183758818938
16.22747756277811
-22.79001011207324
-22.40806160902441
31.47922518381639
-0.1217570943186725
-21.74155693401192
13.52804585604309
20.66292065207354
-12.92774652078348
-18.50656710816144
19.81648991131403
-6.90797900472695
11.321537524239
24.24632589636812
11.88284168170448
22.83201516438222
10.94917348016572
17.45791741734085
25.94615593576648
7.13487479404564
-14.6613667341528
11.07172332933847
16.81701389031871
14.98659165098091
-11.02327045296169
15.97567541931314
22.66825303455395
1.048453175876646
-12.85369269047352
-5.578820582449534
5.745290560952988
32.74423642716901
11.59858810437403
26.99894587199693
-1.830422239304591
4.429835993484386
6.692577614963165
25.32179880013776
18.44810284919803
18.22951651704855
12.92478836160382
-27.9780025383039
-34.85169848827741
29.08882210308456
14.0182668476329
-18.81128115217674
0.6665046772651341
19.47778583049408
5.57563997248024
-31.60098228479686
-12.97176110591739
38.83030230310177
18.62922118554113
-14.65095831149238
-13.90214586455715
-6.873695950456432
51.80206340901932
57.06682464143744
5.26476123246514
