21.81532106692507
-11.49014735379627
4.122132703680736
-3.300458587543719
1.972613099065342
18.90776471884961
-22.49125541926223
1.364397861273801
6.312698349263481
4.588508401966752
5.713566944605983
-7.199268595440483
-24.69503632339036
21.44584941391586
-3.331834003462375
21.15084956375644
16.07236684271389
20.84736365456286
-21.51860353182379
-5.157669724232176
12.62299232845609
-13.27855774997077
74.44060336288229
56.67611946648811
73.49863113230614
-31.64835951666964
-27.84898317039997
-7.831587615187305
34.21687044292217
31.27888962660413
7.856623798409107
-7.360710725714097
18.18745128595238
21.82325347090338
-20.44817214402278
-21.44042671935236
-5.959549256240521
-4.480188134238817
15.77077897883426
20.94744925830824
21.1463825854008
-13.09143834563767
5.267756509679669
-9.455636155700965
15.83378219226538
-18.37117653021174
-29.05348656718958
-8.671492810006576
15.76376024354281
5.42241587337003
16.86446377523552
24.00330536850212
10.37882410040509
-5.078482721062708
8.7859708442755
-13.62448126821428
-15.21733452422672
10.33082748764692
10.16911113469361
-15.45730683839316
-10.68231004154388
23.79359240362036
-1.368382456347701
19.01361129691558
20.18575964999687
4.749785405465838
-15.90059795008997
-21.06107080478468
4.774996813774439
20.38199375655109
-19.69268833919078
-26.00503337892599
-15.87862607880736
4.065005210817836
19.58336932408049
-5.312600373332613
15.23260267007221
24.43525305179089
1.172148355661263
13.06716176615462
-14.22295553588943
-14.38467189078336
4.136239332293007
-2.942623988779289
24.07987061586437
14.18447536305997
-0.1617163536658227
18.35919486700952
-0.9922545768379716
-11.36809128387744
15.9679840121132
1.100703531983708
-14.13245904334643
1.491750940181658
-16.22708521330389
6.787595622428759
18.32322549667651
14.0510534620953
11.44204790209672
22.27085010979008
12.63468176714115
11.89501340901186
-15.43597424380889
-2.614058872049208
-9.63616834080776
-10.3758367039089
15.48087746114739
1.747688086965485
25.11704579997761
-16.58156771393131
14.90340025959032
-15.24874063719018
23.17989348380637
13.36448302430733
10.34716457216902
-14.61732394403724
-28.2010085329686
-16.16497926347784
-6.372801828189171
-2.379521048007399
-16.58644736601415
15.35752640557942
18.54053361917111
-18.32925580024164
13.15571217125692
-14.82443600257116
-2.784059478547211
10.25470835819432
-10.21364553853739
21.73032823421448
28.47098580876294
10.75214965467966
-17.29992214086892
-4.261154303963191
-10.24470042135104
9.510834922619695
-18.70134967233427
-16.46140822913238
1.332827076088431
3.504819797554569
7.212261377990058
2.239941443083097
20.03417674838062
-19.47922306946841
-13.43812197701821
27.94947377459535
21.02570423937485
27.30395211864773
-11.01864142034923
3.473482138042776
27.22978158742109
10.59374574925138
22.53159602873427
-23.1323698537201
-4.729068208768576
-14.20692631729415
-2.094626169976922
-17.10793012927034
20.92005466726647
12.8219153702193
-20.65038335436263
-2.901003812732402
-17.71883615346601
-18.96015088652202
-6.208404235446777
12.55930252334644
14.27060151528187
27.98052951013724
-15.01330395859111
7.616046099866542
19.65642262158435
8.41922885073431
-9.319999643905858
-15.00906596681224
19.96622802433664
-21.71916451229825
-2.658884041006568
12.04037652390782
-22.62511206633831
-11.237193771644
13.03876783682368
7.055221719556855
-23.61024421321541
-0.53082664559339
18.40129785036755
16.38353909213681
21.99690503657068
18.29241549131749
2.923789144053131
-17.73922849419043
-11.48598381999965
-24.66752635506895
19.7555353444565
9.800641838253222
-15.3686263471317
-9.954893507444053
12.75174665265499
0.3420136950281973
13.09135040708099
19.96046686558984
-12.74143911920931
-17.6175562072546
1.314568299098541
-16.60779696519422
-9.738680510760716
-6.650493508639126
11.57892505462884
13.82851224593814
28.51715718707471
12.7493367095663
22.70664016287328
-25.16926818525205
-13.0834528121866
6.86911645595731
9.957303455713905
21.28747974666124
24.01786081053995
-14.55862965435729
17.65546719896352
0.8820178435312844
23.07941758601957
6.158131956759975
-10.4779038732234
-18.6458985685054
21.31760556716036
21.24746553860621
-2.886431360382831
20.47900575253491
12.08581537698403
-9.711587387348665
-14.40977296455066
-4.876117085994533
-21.79740275834228
-16.9212856476567
18.93212450093974
-21.32141390964589
-5.689066323246549
-21.94645577540282
-6.928297858985
-3.427932882851519
15.63234758712395
-13.24334333749812
-20.81968840024596
-0.6250418679107442
-16.63603582998325
-4.698185567944429
-13.18154253556724
-27.26066424277402
19.9436312851615
-17.88980527139536
-5.734591153030498
-15.6299864039031
17.69414125476581
7.537832119562307
17.84973496336134
-22.54600528485456
-15.34322399920141
25.51907290899318
3.5210588502257
-19.69399063462242
-14.86728048187778
2.259818868603938
25.42763739266821
3.347041594658552
-29.9330738143627
2.874771294017624
19.12447130715165
-20.57482325129762
-2.017758760143214
15.75946721013649
5.613365946844199
17.77722597219228
12.16386002313193
-25.90155007842678
6.04110109103624
19.06028047069983
-9.815410456042013
-12.83272891257491
20.90998219452699
2.036152193409595
-0.6455216544590733
-24.47599163686719
-5.160472858127601
-18.87383000454854
-21.5555038442634
22.67327885142003
6.278247878866948
16.36093380772268
-16.39503098241957
-6.312345040508955
-7.576345062588235
-27.98180696908072
-3.632012547277919
20.19464653415196
-20.40546190665231
-26.512143835189
-6.362393612349126
17.46426545684791
18.40330164884765
15.44064749788817
1.856962908623572
-1.724189934567551
23.82665908100993
15.01815791612063
0.9390361958956855
-14.07912171465596
-13.58368458946732
17.12709935162025
-21.10381819140487
-4.165586054606682
11.98138331048705
65.32876411291701
20.8107325965412
-3.581152844605347
-2.456094288619691
12.03602927044045
1.125058555368271
14.49212355870707
16.9382321347354
-0.07014002983521583
41.91455079104239
9.677138250560068
25.28941832816331
15.51836410961674
-9.895395251838522
23.42873240967168
-17.69318836324403
2.852014659892519
18.86428285370967
7.910368295583608
-4.350766645081166
15.61228006754026
-21.99801407024928
-13.8042266924398
3.799376346269281
20.54520304596821
-10.95391456452901
8.193787383292261
-17.36151763725581
1.786184333925569
19.38978739664709
20.33531734461373
-5.325373817894799
-17.20592392466784
19.14770196591424
0.1555937116242997
17.6036030441918
0.9455299445444436
20.0173955611623
-41.88373140774193
63.88414518304221
-39.28831854255095
-21.57065826631291
13.66779311712517
-12.81060720614175
-22.90018510142197
-0.9952096816101947
19.46822876676501
-23.83850512060135
34.93070575564914
19.07186561766115
32.27883597325908
-25.66069116140946
-11.02789791554523
42.04845805993099
13.20697035518232
-21.3066875045227
-4.211607561557538
21.63354898435907
6.062435721938289
20.6952289667446
-16.1300172274551
3.183007215133054
17.09507994083654
5.17667027881031
-19.0090818058447
-5.097009083108462
20.7481474596228
26.82509353351873
10.60987166165123
-7.473451928775895
13.91207272416221
11.53562987666739
25.84515654338004
21.9049754179237
6.076946075184842
-0.9383200177591137
-20.14417211243065
8.551279936729131
37.26670117031453
31.70122208685828
-10.45547689815112
-26.32483666087876
-18.47366336531014
-34.30169270736634
-6.585906960753129
13.60383585296008
17.45225207184759
25.0049793016208
-15.82802934320979
35.92591543710736
27.7157857466444
-16.21522187177168
0.4036104101155394
-27.31217533603592
-4.686532387012716
20.18974281374435
14.00907826286617
3.699900266372645
20.31873254758219
-14.38342332490548
-18.65559535963768
-3.234368374086195
17.31878141960401
16.61883228179105
-18.08332359055962
22.62564295027456
-2.999951130298522
-4.272172034442918
15.42122698519246
-38.59447436706537
-9.667829051552784
43.1746639656828
-2.018713286827281
28.32867275387513
-20.97953355252175
-7.269605554995962
-6.290888616523275
13.28354423866253
20.89943354381753
13.70992799767291
14.68864493947138
-25.62559408182402
-18.0097047770997
18.56605630597966
18.69561064912611
20.55314979373214
27.19032216127731
16.14696936342415
7.6158893054652
28.92664531439855
-11.04335279996857
36.57576108165892
-39.96999811211564
37.99650180488344
46.65749809792514
13.37738268784305
53.34738080031855
-28.84148770698781
2.595412865190466
31.43690057503389
15.46247698871058
14.63279324533535
-22.19245295063649
-11.88055010595002
10.31190284550968
28.69545205074618
-6.180664550446097
11.40114344887965
-15.90996681112611
21.34298276677099
60.89411694268592
-7.06491878338723
-40.75700265143055
28.17353260278218
-33.20427541689631
28.71542123595299
37.2529495765388
-17.29430860419118
-47.6518854965818
-39.11435715792371
0.4367770182349159
-1.764411084827255
10.05342351337683
21.79997934368448
8.537528339227315
-5.565479081637251
45.88747441176285
39.55113417628365
-17.49576772796591
-50.2163520659163
-32.72058433963491
21.36320232268888
-9.773353782615319
-27.98170720950975
-18.94037287317556
3.946375063387944
17.68964404471302
24.58582790419421
-28.22562458126173
23.22732891087742
-70.3823235656342
-41.18786041099464
-0.4482684489517416
20.69529496808687
51.45295349247132
-42.15669898470519
-2.532033938926102
11.81783459784955
21.95460534301371
12.48449173828102
29.19446315628666
-15.99891410152777
-15.86935976095648
-45.1933772552876
-14.84599121008154
40.73959196195033
36.78279127151235
0.1295543424982922
-14.25155274134292
-18.20835343035014
6.892010674079738
24.25841402353652
27.46299782807045
51.62878247994722
8.660996293557341
38.72369432062209
-3.956800690447467
21.14356341686268
-12.9050881580343
9.041334336120565
30.06269802654923
-33.28011540950253
15.77742971112807
-3.525997256297274
3.092361949782317
-17.81126557235042
29.75677768242975
18.42042523321226
-14.2852683165321
21.94642249196342
6.379517201122758
-12.3815733258523
-15.10921148174634
13.83864912797979
5.530241356949447
-21.22238060792271
-3.307496561963009
22.63790848251725
-17.96833440453814
-25.65765782238402
-44.51803151926368
9.358250561575524
-30.23505408766421
28.23044884036197
4.780854295341562
-27.92794859382645
-2.273682340949888
23.34616973194864
-18.8603736990536
35.01590838246994
2.307105494708528
-31.03765850466086
-24.13389690018554
41.98469082248381
-18.17392693992073
29.80740602124492
-38.06541010149554
5.959969961671275
-12.17728480343342
33.21259956065709
-1.668861417479846
-20.45075341449132
25.46215659767736
44.02538006312091
86.77718888291582
-37.15332753636487
12.3209412708355
-20.90362752165356
26.66441573357215
-17.29970101773846
20.21049393956612
42.75180882045149
47.98133296207964
17.36640335147975
15.01652567485835
10.13677074686171
19.72424182965506
11.74655583116503
-9.470113602068757
10.69572782761204
21.20248403075264
9.587471080853321
-22.50833974853575
-10.09666258070959
20.50319756919388
4.724015609186138
-18.41564083651081
16.24970001392281
-23.4495945444847
19.85362651957058
-4.884279109618429
-29.62064228937934
7.8895526684818
26.62771936929212
-13.31787895341266
12.75523972686763
-49.15824298863791
-3.067062321691359
30.41509850817498
39.22222558060945
45.9195099549434
25.41851432964603
46.09118066730669
-17.76448389677877
25.65426625374723
-12.21380157949577
-38.57428814096495
-33.34476399952031
25.61985207382651
-37.86806783290545
-17.19540149280828
16.28675934007464
-6.453921793659116
14.27803364025636
-11.33635245191691
11.55039548409111
-24.73790563023775
-11.91934209025343
16.30276333702765
-18.76109052430879
-6.021354776315661
7.459131924844484
20.77510667494492
10.93399196809851
18.73816670101243
20.73195543242936
-22.8702802750943
-9.539939230583901
20.42980840264177
-8.627763631611913
1.993788731006875
14.73352447934538
-13.87247964251707
5.003864601327371
23.88656890483002
-1.13936956479909
21.84508806124571
3.271775747096069
-23.9241122063439
-22.20385722483603
12.81856354103276
-9.333092734444312
28.22210542905821
-22.15165627618095
-6.647244829705723
7.157617771158596
12.73973574802659
-2.727638155365549
-25.02593846879717
1.047180212612905
19.92352445592815
14.7804359616156
-2.041480844720435
26.07311868141398
-21.06448766037715
20.6726663398563
-43.18299822693396
-26.36048656151508
33.48216083195234
16.82251166543516
15.5044114475131
-9.729659878329759
9.016280989381865
16.95534674383188
18.87634424331933
-5.143088494303284
19.2050951919651
18.74594086779878
-28.79648128213034
-19.85216035148654
-3.428408863279757
-16.2844756225567
0.7754910486048421
14.48978529974786
18.12789133583064
-20.01054478591205
17.79641672646193
1.077716851500611
-15.26009066260912
-25.19707345137137
-16.82191680600721
24.34818368618338
2.997990099123282
20.05795676926148
-17.54336685560966
-5.186528665459582
-18.57331231420224
7.307901244587113
19.81990690405953
17.21887250131438
8.867173881678264
29.84585466902985
-7.750442962979383
25.8812135588421
-27.1958879535504
-0.0648699384428552
12.62698216771578
27.0158175283924
20.58932450874931
9.328466634009116
18.27278756595981
20.97868078756365
-16.61761685254951
8.944320931297307
12.51200565981453
-25.94608349445022
-17.05980184002154
0.8583923216966235
28.65899030130953
26.73495421843974
-5.594121073076915
14.29525798045834
2.705893221580696
16.42375148833032
-8.042636985128331
-7.486303980496468
-17.32741868740407
13.27374718704154
14.32013584290139
15.52402417628118
13.71785826651402
7.962342343620729
25.18353903009479
-6.426493022230467
20.97759814434339
23.85565327856981
17.9181941630314
11.46568076468866
-0.4591543242205731
22.84249265044869
-4.290226916836608
16.76469313179787
13.06217336844383
22.88674793520826
20.639452840312
-20.78149852037765
-2.965534773064296
11.75320697680368
23.72915022282192
-17.57691471328649
4.112720102055464
-10.68073085274557
-2.349877679163412
17.81596374784716
3.204583806556986
20.16584142797045
10.50675620129244
14.71874175086676
4.211985548170104
17.59666171231664
9.277683439935341
-11.61501294714434
-16.36720335962342
-2.982527183295997
11.83815105561866
7.120712545146544
16.22109775733122
11.97594324606116
13.38467616517994
23.48791591040803
-19.61643012091419
11.51197266746767
2.494963242958886
24.65863297856406
6.896183860223497
4.092698924436139
-16.79999742611495
-24.77768341761506
-18.78189199707142
-12.0846076217366
27.1310180152175
1.720254981401947
6.697284375394265
13.80486260190193
17.22384745507674
7.939065754315837
-6.077799517864047
-9.780319282948405
16.00939381172958
16.28497331067421
27.40409118474146
17.22119668531073
17.05996667065008
17.35240028568712
-16.3592358903554
-9.874192711999676
-3.043261136487224
17.71679003111547
20.87166911394771
12.23720065468405
-15.89071364249402
-2.744053335659385
8.993266188979602
22.52079093325234
7.859953085950798
-6.790328420507194
14.82067821440523
-8.318978273378901
-15.77918196662433
3.254046205468459
-11.39623527938541
4.382946692706817
-20.89269637499689
-14.45553707224128
-10.81743103067942
14.97228206739492
11.42102482126916
-9.284781701705223
22.36277282775131
6.4850431800707
-8.308407772646422
13.31597475136438
-14.793450953219
22.11139336450115
13.14666030919509
9.100385215563126
3.638106038054275
25.87656189631371
25.78971309560003
-20.54414191434442
-9.447905764543433
10.25660738342111
-5.088275012161358
12.61772538602616
-1.92403608013445
17.43946685582775
-14.36373232358641
1.10165931473118
11.09623615469837
-3.551257248929096
0.2755794993367162
15.45586689783194
-14.6474933978281
19.7045131449606
4.716009553356137
19.36350294327569
-1.730196326025511
-16.71869988320988
11.60014470284917
-14.98850357578167
13.33034104451048
2.361117994584932
14.24251667399287
-16.33780753339439
17.71766027884193
-15.97442358917844
-33.69208386858955
35.23845138480377
7.552727232153769
5.229524141398485
-7.97768600054746
-10.18289450724636
9.706484549652883
2.878055147312491
15.23489337132022
19.88937905401287
15.46539164135745
5.528408809058019
-9.936982810530916
12.35683820513892
-9.841114706877047
20.76005116757048
-19.33281301002868
-16.17793392326563
-4.1840735082025
11.96029623938767
2.882886383957408
20.34008319171629
3.154879085687349
15.14873950330136
2.250276988489778
-8.634468458627591
13.52920127876224
19.06082030694776
-20.69610267425438
-6.593751816495319
9.55061793727007
-5.515815283903446
10.63001417277207
-19.49221433381239
23.4230568903621
15.18028739509598
1.2038883356241
22.16366973675381
21.74800685513932
11.73731952576795
5.531619028912297
16.14436974992896
-12.89846251545455
-21.43931803888312
-21.3174967762205
40.50664028964115
-8.392996691001121
5.625424641434835
8.379786954844283
19.45115977275174
13.87243895302114
-29.0575720380046
-18.10796860284754
0.1218212672468933
16.1458294614205
17.70600038967889
1.560170921549427
12.79304272402309
24.3911730785899
-10.01068732807502
-16.21638782604873
1.240808979468879
10.65148990884718
16.22701516275465
-22.78991636034441
-22.40813414159872
31.47999029169781
-0.1216525377532842
-21.74152803289512
13.52752474739143
20.66217723427665
-12.92757955457277
-18.50630037961217
19.81632646715232
-6.908170022270343
11.32161987417508
24.24611997453205
11.88139870991821
22.83100215221969
10.94960344050984
17.45719680747719
25.94540504463761
7.134652485405614
-14.66083784465879
11.0713728180647
16.8165777931463
14.98620618524532
-11.02307349874185
15.97562754890797
22.66826383468974
1.048388325897023
-12.8534451055372
-5.578720821378587
5.745204974924598
32.74390601806414
11.59813035799961
26.99870104747738
-1.830371608014102
4.429793513548671
6.692636285609562
25.32247305106703
18.4482148519415
18.2297898878372
12.92450009278819
-28.00695745016814
-34.88121564856836
29.09733453078032
14.01842133261209
-18.81075256673389
0.6666061102840303
19.47735867780412
5.575525252274934
-31.60164283421423
-12.97180607326429
38.8594142211483
18.62983676571288
-14.65028149565597
-13.90183343021516
-6.87425819876275
51.83122029441259
57.104291980985
5.273071686607869
