21.81367752813165
-11.48953179478198
4.121913300961482
-3.298157452231881
1.970311963753475
18.90882615213686
-22.49221073893631
1.364475056418431
6.312223872617953
4.588172338407464
5.713159436556534
-7.180732860096909
-24.69677133858424
21.44687527283844
-3.332119680916774
21.15031467097588
16.07216637864185
20.84693838132912
-21.51863133390842
-5.15734205494392
12.7799922111063
-13.26103081124689
74.55334971287417
56.76802816249108
73.61399356757936
-31.63695730043646
-27.83889493057971
-7.828339463173765
34.12436152851471
31.27623761143863
7.856235155174538
-7.360982999982002
18.18624086169065
21.82090672366759
-20.44656963640081
-21.43874325654528
-5.959009627105645
-4.479831306850825
15.76939194168538
20.94550501214845
21.14522263430863
-13.08999675582058
5.267619898081118
-9.455330887771179
15.83290221256862
-18.37076167925386
-29.05284110895949
-8.671205090654604
15.76289350203453
5.422319092469327
16.86346716941299
24.00349071520723
10.37870310682495
-5.078148292346418
8.786272559930156
-13.62478760851464
-15.21721815527712
10.33000570663689
10.16829316210373
-15.45685141981317
-10.68207943536459
23.79308077167073
-1.368397144799187
19.01323886850593
20.18531182266336
4.749644815094865
-15.90004092440476
-21.06046481699921
4.774772005090164
20.38163601740939
-19.69206766086554
-26.00428043643143
-15.87760273991031
4.064644386467294
19.5813309450249
-5.312320397640129
15.23118781387888
24.43409859090847
1.172072957186107
13.06653156409955
-14.22176855630194
-14.3834811035547
4.135848113152131
-2.942333026977959
24.07809523235643
14.18344177340464
-0.1617125455855567
18.35761666813345
-0.9921736214670166
-11.36756702502795
15.9667383317225
1.100573668011149
-14.13116861032332
1.491617829112453
-16.22561362721137
6.786961432331452
18.32112911478232
14.04944434839035
11.44114807693791
22.26985200200476
12.63423660424382
11.89445860511486
-15.43566700665002
-2.614027121874802
-9.635615395739393
-10.37539340022549
15.47973362762308
1.747608101613416
25.11534902143101
-16.58106850644482
14.90244709328738
-15.24826372376435
23.17942071975858
13.36420130457325
10.34659772489051
-14.61695307378664
-28.20014952337707
-16.16386557099482
-6.372267720191958
-2.379312302331178
-16.58516964608177
15.35613384756038
18.53881774153639
-18.32867660728927
13.15483899023399
-14.82396439763013
-2.783955768864657
10.2540864268707
-10.21290192639796
21.72840156807337
28.46847353137019
10.75124207425857
-17.29896501050291
-4.260922814359694
-10.24406388743802
9.510114521410422
-18.70090756292389
-16.46103189761006
1.332804782136339
3.504712209517917
7.212072461884326
2.239875665155215
20.03371234500362
-19.47879516769234
-13.43761327747198
27.947934412816
21.02429141201806
27.30244227946401
-11.01836253326219
3.473749222913689
27.22891869261365
10.5934492163266
22.53091912481256
-23.131950985922
-4.729009127665094
-14.2058573432422
-2.094445016784394
-17.10660990573187
20.9181300440606
12.82163988285883
-20.64968573837205
-2.900752563119655
-17.71723145642741
-18.95835901038406
-6.207896597511357
12.55782652066597
14.26906271195698
27.97713944929441
-15.01216488842362
7.615862051830301
19.65587067798851
8.418991295601231
-9.31977778945679
-15.00870260577822
19.96574410437165
-21.71867083285246
-2.658820552327825
12.04000862862408
-22.62456465754921
-11.23687938315611
13.03804219593934
7.054901123215073
-23.60973896370126
-0.5307684969526547
18.40049918435113
16.38287458572765
21.99585146383312
18.29178050650628
2.923691969351409
-17.73876908452084
-11.48572674126288
-24.66689330460775
19.75417840951509
9.800207304326303
-15.36808853705424
-9.953971106571032
12.75046241459733
0.3419751658871574
13.09005000025555
19.95858060812444
-12.74088096080144
-17.61683515876081
1.314432534978539
-16.60612535869969
-9.737594755076049
-6.649766662285725
11.57720170322178
13.82719265099916
28.51469356997083
12.7480748314205
22.70443352427812
-25.16829584127959
-13.08285612404418
6.868530605185004
9.95635869551389
21.28699921966393
24.01732628674279
-14.55795462754088
17.65506556309635
0.8820052199888754
23.07897048923291
6.158065901340546
-10.47740356494593
-18.6441480755846
21.31479646003897
21.24250206653409
-2.886114028667743
20.47695931126581
12.08543972187986
-9.711419121115535
-14.40941871143253
-4.875954195315122
-21.79685883587031
-16.92090461037618
18.93126768735828
-21.32091651488889
-5.688924816380499
-21.9459342715124
-6.928124217797492
-3.427858579811643
15.63199169927733
-13.24307798946714
-20.81923836536086
-0.6250177592193837
-16.63546946628634
-4.697999579059093
-13.18116656416316
-27.25992825889421
19.94224712092704
-17.88826481284154
-5.734001222905766
-15.62865468006724
17.69207972040232
7.537071504346413
17.84762790717618
-22.54299660968013
-15.34110955338316
25.51472022066699
3.520587087625959
-19.69125266183639
-14.86616466543025
2.259610133861312
25.42533631904567
3.318781306595203
-29.83338341798027
2.880660056947719
19.12590900597618
-20.50099013445042
-2.017624600999952
15.75803404935539
5.61297688106013
17.77565865273181
12.16268176899354
-26.04102302235306
6.04118188814007
19.05985027985762
-9.81521941102347
-12.83282299587278
20.91028298014417
2.036278099176907
-0.6454921315280527
-24.47418519027062
-5.160423896789054
-18.87400488501737
-21.55577510594111
22.67350205957094
6.278150866937827
16.36128927912299
-16.39535120465841
-6.312212776510204
-7.576160375621635
-27.98115437927763
-3.631933656060548
20.19422060845024
-20.40499400392825
-26.51046329537284
-6.36226072461062
17.46389352499878
18.40294186303359
15.43995984752928
1.856763397515524
-1.724051518630494
23.82615426400356
15.01781005335685
0.9390483428112411
-14.07876170377367
-13.58319645025678
17.12577480033277
-21.10142107893741
-4.163929207873884
11.97175758077085
65.21494141306215
20.76559613659216
-3.580814917872435
-2.45582780339498
12.03628395356547
1.124987113728945
14.49211175654479
16.93749186901217
-0.07229439476845362
41.86701721861438
9.67678795594732
25.2882330762397
15.51668655398788
-9.894653458056663
23.42608094558956
-17.69176422716979
2.851743959666388
18.86169664621848
7.909394386149749
-4.350143120275661
15.61144510801803
-21.99413314707409
-13.80165925382197
3.798062369856297
20.54350821470227
-10.95230226781177
8.192473899951912
-17.35894218936363
1.785834006831762
19.38555565978703
20.33118011947519
-5.324515982643825
-17.20339399804831
19.14477618986291
0.1555481902600403
17.59972163037799
0.945624455484428
20.01055547470296
-41.75273711930112
63.94450221828422
-39.16915300755378
-21.51172603558086
13.69157032173597
-12.80555425038575
-22.89297824541735
-0.9934501643628264
19.44571816808229
-23.83111753469692
34.86818703780494
19.0649310204608
32.25127241880612
-25.65569610106211
-11.02556328528274
41.95270099393042
13.18634139787159
-21.3039768562736
-4.211035009553453
21.62984273149464
6.061570628820021
20.69170344380231
-16.12786378841093
3.182683895432951
17.09294184455615
5.176113069669416
-19.00658003644256
-5.096322090263779
20.74455564738073
26.82027950457899
10.60822764247843
-7.472412350984631
13.91025794766636
11.53416768498517
25.84087773830188
21.89952807914731
6.075723858506652
-0.9381392878341263
-20.06834293416824
8.527379321341446
37.2160803883633
32.01414903504155
-10.52855066877249
-26.24821171800138
-18.44147463263348
-34.26527885259206
-6.582471672571899
13.57389553173373
17.42016256944281
24.94862933277183
-15.82380422112353
35.86163720202531
27.68280718004202
-16.21205186199064
0.4024715922587656
-27.28033558727834
-4.68246628515275
20.1563672043275
13.97649841804713
3.699214187776271
20.31373764131353
-14.38142580648683
-18.65311057293936
-3.233797645493972
17.31394330544106
16.61452345413911
-18.08063999357475
22.59786930336695
-2.999794338177664
-4.271684766191895
15.41931292705826
-38.26232053220124
-9.618741577493088
43.07941461407759
-1.709267201891291
27.93418066435885
-20.97652200506229
-7.268445265078486
-6.289021091196767
13.27929568578053
20.88841600921977
13.70807674014301
14.68750091732469
-25.59766364278549
-17.98854331975423
18.56451001341718
18.65896470243838
20.54774095094696
27.1774371013416
16.13568678698669
7.609120323762491
28.64357895358421
-11.04175031645872
36.55305333174089
-39.68532926778056
37.55292224129807
46.71001928771845
13.55785456206213
53.24318383019144
-28.76635959875329
2.58358411174667
31.34994371395613
15.42246886952359
14.63013281538089
-22.18943441869897
-11.87887801470806
10.31055640468755
28.59572225710498
-6.179868785839496
11.37473380124883
-15.87782253494515
21.34485918254212
60.89781384130567
-7.042375939637345
-40.62727776283108
28.1609204208872
-33.0988109947589
28.6887010693958
37.22268171612165
-17.22098845818886
-47.65040391650993
-39.11642327173145
0.4365313872732247
-1.76439731944073
10.05389972326804
21.80118305159598
8.533980645360177
-5.201931351496953
45.88600659707219
39.55295465913373
-17.51603847850328
-50.25293189654753
-32.73689342010655
21.36465166099522
-9.774235688053345
-27.99262909634575
-18.94867159808337
3.946783340203083
17.69142822148311
24.58817337830844
-27.79587989373998
23.29205805355534
-70.33857959690181
-41.36401351112659
-0.4146833944262956
20.75940600294216
51.0879379476346
-42.54269970350148
-2.532652046742612
11.81829704231621
21.95559946229996
12.48486285591519
28.97456608741401
-15.81411573387713
-15.71966104744887
-44.78868181875586
-15.14523394798393
40.9493301165995
37.01161098434324
0.09445468836374027
-14.2806742810028
-18.21839341181472
6.893415114736524
24.26088835677842
27.46566391026118
52.15684493067207
9.157097046944672
39.24596103650931
-3.937719132257851
21.17408939718504
-12.91088389286334
9.043957498027535
30.08886398904048
-33.15216472506689
15.80712769802502
-3.524792604461794
3.091639508105642
-17.80652889609182
29.76936199655855
18.43004878176582
-14.28173629211763
21.95484138869096
6.380053142862949
-12.38243980706782
-15.11077402877635
13.839592873993
5.530616007234345
-21.22286641079024
-3.307561410652823
22.63845751726588
-17.96881021879132
-25.60534748352249
-44.4493452793464
9.332393282029743
-30.17030998272632
28.14908097293387
4.767430781851078
-27.86668680768018
-2.262902015801965
23.27512633800772
-18.84399779798552
34.93774076405207
2.303623175905779
-31.01176246734859
-24.12861609638668
41.93931161497751
-18.25442375902388
29.77154694995946
-38.20370479127802
5.874192338756848
-12.16776466720128
33.22245632932218
-1.669906662940775
-20.40869444120299
25.46836241157436
44.07789712997616
86.87502437952654
-37.14341735429669
12.32575362834235
-20.89816840370959
26.67772248936291
-17.3017810612876
20.21998929649307
42.79712725025416
48.02597070988519
17.36747324409306
15.01751490025929
10.13730242177955
19.7253737479022
11.74728332927935
-9.470736603648398
10.69637061760791
21.20372858078253
9.588071323557976
-22.50933462668355
-10.09705046329837
20.5039763433212
4.724123210746427
-18.41643573541763
16.24524894980794
-23.38165019055742
19.84163629394793
-4.873954636119759
-29.62753469041202
7.894235667906103
26.64221861437287
-13.32321366794486
12.76205017950251
-49.12222354410476
-3.065305191334577
30.33603691522254
39.11529720729627
45.79816161260203
25.41361215836161
46.05691835323246
-17.78532155086114
25.60378479273762
-12.19126079763866
-38.54422910280779
-33.31538564339321
25.53802835472848
-37.79504559002741
-17.15173939220037
16.24960271798006
-6.45773319249848
14.28447594204873
-11.33931321750182
11.55614172010568
-24.71559093111392
-11.91798591685196
16.30432102340037
-18.76249294714556
-6.02170938730622
7.45953972895977
20.77620512524276
10.9346440762132
18.74798294669426
20.74220913303051
-22.8720766986994
-9.540908627557496
20.42846763091033
-8.628502776060415
1.994226185905931
14.73500974594897
-13.88016843493411
5.004501070156618
23.89784819790158
-1.140159326486702
21.85627230364057
3.272586455364969
-23.93044885735834
-22.21926543472777
12.79760501530784
-9.288425637441605
28.22230694195963
-22.08603065346369
-6.623905956250836
7.143200835851575
12.74078355981375
-2.728334221156712
-25.03800752354781
1.047256325132273
19.93192582964529
14.78799481715545
-2.041575895311686
26.085263848702
-21.07910610880014
20.64330619756605
-43.19893370983603
-26.35296830519767
33.40134210905911
16.84596540461211
15.46212469829024
-9.730508676021486
9.016937522547353
16.95635346278785
18.88466950453509
-5.143931012420103
19.20669214471755
18.74744619856017
-28.80079517300307
-19.8543750884311
-3.428660641263879
-16.28652081315308
0.7754646038736697
14.49050802906027
18.12874843088919
-20.01066933184907
17.79743840759235
1.077946942127802
-15.26025735024782
-25.19744785816192
-16.82957071207436
24.35062315692678
2.998149614998474
20.06013503127624
-17.54435109331113
-5.186778526313115
-18.58368584821156
7.313445965854791
19.82772032589699
17.23352785696321
8.873305846652311
29.86130490144264
-7.754093917747489
25.89713181400247
-27.20303531283467
-0.06476623836402542
12.62777704447972
27.01750374447286
20.59067860913231
9.334498265216029
18.28091835104169
20.9879990550121
-16.62739977399306
8.946420085198847
12.51427436030505
-25.96189804880212
-17.06073643457613
0.8584322337868658
28.66006644560498
26.73594516047424
-5.594453436291495
14.29582949311598
2.707080703988341
16.4257144470454
-8.042958057894761
-7.486626095089148
-17.32818714411869
13.27428644253806
14.32069320873614
15.5246354104247
13.7186337425998
7.962901567847104
25.18491673651465
-6.426825138535195
20.97847088307963
23.8566857929474
17.91916867016534
11.46628299532578
-0.4592459463519353
22.84347130787384
-4.290488125439228
16.76539907868623
13.06279570007739
22.89545493682108
20.64139003758952
-20.78290587519292
-2.965757003862425
11.75382863170484
23.73032454144672
-17.57813031904751
4.112960036423216
-10.68138516098766
-2.349958346430551
17.81714887194147
3.204775555534128
20.16710721943591
10.50735796082886
14.71958563663571
4.212227674129664
17.59753153319862
9.278146240861178
-11.61565725386731
-16.36792105298997
-2.982617179174992
11.83855655465334
7.120992197643815
16.22168368213936
11.97649590963479
13.3853038601922
23.48891325746442
-19.61736450535921
11.51241735171694
2.495055990772689
24.65953061101962
6.896745157550354
4.092898906456827
-16.80090454379417
-24.77899495403659
-18.73878777833666
-12.05592337181066
27.13826907458148
1.711183422699787
6.682864406599933
13.76710679317942
17.22464502435056
7.93941593992263
-6.078072228585779
-9.780675608545231
16.00995136245075
16.28557903829086
27.4052960437542
17.22201516725114
17.06198541665248
17.35328382566546
-16.36005126112947
-9.87468293579189
-3.043385860906521
17.71752667659997
20.87252833058515
12.23773756386601
-15.89124879145564
-2.744135537358498
8.993549117578747
22.52147377050733
7.860224956598392
-6.790557295012488
14.82117370393659
-8.31938529357509
-15.77985314066996
3.254056194539382
-11.39672603082343
4.383127116470603
-20.89380348004306
-14.45607355568637
-10.81783314768015
14.97279382678505
11.42143936727843
-9.285229085564705
22.3636512662746
6.485368326886404
-8.308976868337364
13.31666539766474
-14.79434519579437
22.11242049708722
13.14711325697241
9.100691488604852
3.638240403916346
25.87751292622209
25.79062697176655
-20.54485339719344
-9.44825350587166
10.25687236410297
-5.088416521554381
12.61815466949517
-1.9241212818556
17.43994339830933
-14.3642369557641
1.101739072828056
11.09659989712737
-3.551354462763999
0.2756276762296054
15.45643687009096
-14.64795435268458
19.70512586632259
4.716110346318586
19.36406468921856
-1.730475997606073
-16.71949147550814
11.60069205446553
-14.98901550056704
13.33116807114196
2.361282295621511
14.24357395984834
-16.3382043159491
17.65742697514796
-15.92747484788828
-33.58490182376388
35.20329635892071
7.528466765700639
5.228843459385997
-7.978090421245573
-10.18328088594477
9.707002047688853
2.878214925872999
15.2357875342732
19.89028293003907
15.46597603225417
5.528785471141465
-9.937190534513473
12.35757258533393
-9.841561049029593
20.76091253756699
-19.33349745433838
-16.17849579540668
-4.184226923609216
11.96068798660857
2.882982285488364
20.34072250956297
3.155001657272297
15.14927053265665
2.250348967054033
-8.634790765999542
13.52968385641768
19.06147808031758
-20.69683182124366
-6.593968042300337
9.550946875160523
-5.51602263683189
10.63036639906938
-19.49288961128162
23.42381543756885
15.18080919008745
1.203942204280183
22.16447462169767
21.74867287048976
11.7376846561784
5.53179422412163
16.14491491301402
-12.89892156657202
-21.44047760308702
-21.31822231392225
40.48994203368409
-8.393468648661955
5.624964089962476
8.380034525924561
19.45168906721208
13.87286856231133
-29.05697041155944
-18.10752108117437
0.1222552947454647
16.14638904157685
17.70657118061983
1.560182130884142
12.79344904617817
24.39192317724741
-10.01098821275382
-16.21687864610807
1.240861575550173
10.65176808373649
16.22739906312847
-22.79013292743324
-22.40825647309892
31.47977883140566
-0.1217095832982914
-21.74170112915732
13.52792465667327
20.66275629337607
-12.92777105874248
-18.50659156978183
19.81656440001364
-6.908117435412509
11.3216589725272
24.24641265621397
11.88229170143604
22.83174104048501
10.94944933685727
17.45774022363787
25.94601892811441
7.13483163494223
-14.66124881067869
11.07165454137261
16.8169508413386
14.98653748955787
-11.02326653226341
15.97577262761711
22.66842335884823
1.048431796371866
-12.85367988253794
-5.578820506673471
5.745296299881171
32.74433545439018
11.59847413518374
26.99903915964952
-1.830413351812519
4.429848263627139
6.692650731000333
25.32227233252639
18.44828100951146
18.22977639749079
12.92475367447356
-27.99098662199775
-34.86497794415323
29.09269877865963
14.018432738824
-18.81118730231715
0.6665553458959347
19.47774264914721
5.575630977494725
-31.60148842052323
-12.97186682449911
38.84334916025968
18.62962160184324
-14.65078223848688
-13.90211167737154
-6.873991322584986
51.81521598475884
57.08368540070076
5.268469415983824
