21.81328640286379
-11.48939937838679
4.12186668181057
-3.297460147916231
1.969614659437856
18.90904343598941
-22.49233421387078
1.364490382383903
6.312088200186905
4.588077266653372
5.713044033893709
-7.173896130664592
-24.69684041008491
21.44694628047848
-3.332165807312935
21.15020582564011
16.07214517010359
20.84685986649754
-21.51866264642349
-5.157253747159791
12.83965377459277
-13.26500525573109
74.59692566158296
56.80298508075317
73.65803822782409
-31.63362569933628
-27.83593745938953
-7.827330467398382
34.09488199414012
31.2755605689382
7.856159873725873
-7.361059570462449
18.18594408191198
21.82027867538504
-20.44618098046623
-21.43833147438019
-5.958875360006876
-4.479746090694607
15.76904670592921
20.94501542998307
21.14497143274338
-13.08961649342708
5.267603565293176
-9.455281893553309
15.83271065222194
-18.37068222922528
-29.05272178949378
-8.671142312866166
15.76268599088901
5.422304002699926
16.86322435023691
24.00360294212048
10.37869356612142
-5.078060655546667
8.786383497806465
-13.624909376136
-15.21721944431406
10.32978420831208
10.1680768545542
-15.45675424343363
-10.68203956625787
23.79298623184519
-1.368404899485372
19.0131745718161
20.18522659621375
4.749613314753346
-15.89990986556963
-21.06033219574542
4.774714698941124
20.38157947565249
-19.69192728429442
-26.00411361382405
-15.87736787131328
4.064554059591101
19.58081424137504
-5.31226075512295
15.23083577891772
24.43382830196778
1.172052027561934
13.06638286073631
-14.22147151546621
-14.38317887217895
4.135748559618112
-2.942258525161557
24.07767048301103
14.18319521728054
-0.161707354912927
18.35722007371908
-0.9921504951803927
-11.36744543944372
15.9664348918968
1.100538360083762
-14.13084704289594
1.491592004278261
-16.22524499241796
6.786795324466186
18.32054714315239
14.0489768332661
11.44092034745965
22.26962576874833
12.6341422388524
11.89433083127994
-15.43561328048257
-2.614025662204596
-9.635483527819824
-10.37529494086593
15.47945611260142
1.747590118831344
25.11493963850367
-16.58096881269481
14.9022208935693
-15.24816789859563
23.17931178306005
13.36413532725295
10.34643670676749
-14.616859143034
-28.19991877782282
-16.16353165190923
-6.372136756592067
-2.379257588983972
-16.58485549936577
15.35578530838615
18.53838477953344
-18.32855893072276
13.15463077327617
-14.82386957655981
-2.78393466343221
10.25394316552675
-10.21271874322018
21.72792206526153
28.46785178119551
10.75101478365402
-17.29875061304818
-4.260872783607815
-10.24391761024552
9.509946131170539
-18.70081971420333
-16.46095848479887
1.332800913587872
3.504689354014026
7.212033011194857
2.239861229233826
20.03362062773024
-19.47870808064769
-13.43749016910709
27.94748375555928
21.02387863565406
27.30200024607693
-11.01829449749395
3.473834895386334
27.22871350621075
10.59338178609756
22.53076121136506
-23.13185711536807
-4.729003495504813
-14.20559790993514
-2.094397949381182
-17.10628551687518
20.91764236874214
12.82158761624798
-20.64952317921531
-2.900687607531891
-17.71683699683703
-18.95790565046291
-6.20774540713008
12.55738483036235
14.26844924511509
27.97606082493107
-15.01188756702404
7.615825773869578
19.65576068429884
8.418942205444312
-9.319733772910482
-15.00862873810811
19.96564783593383
-21.71856930996453
-2.658806675263681
12.03993491297853
-22.62445451200331
-11.23681847961577
13.03787782919973
7.054833002986419
-23.60967189343233
-0.5307513243874407
18.40033257395705
16.38273586588546
21.99563347569471
18.29165148274281
2.923672934794443
-17.73867597779119
-11.48568169615675
-24.6667635841839
19.75386374213737
9.800114682590745
-15.36797854785736
-9.953749060971594
12.75016024510126
0.3419639918848285
13.08974934172907
19.95821231848669
-12.74075844579538
-17.61668147913227
1.314402432265355
-16.60569131257793
-9.737228340116884
-6.649567346401294
11.57548170635733
13.82662730965071
28.51275615784398
12.74778534675688
22.70390930928402
-25.1680932303568
-13.0827224348564
6.86846297403375
9.956123965258772
21.28686837761123
24.01719731101318
-14.55776487821145
17.65495732726518
0.8819928891182829
23.07892059276442
6.158070572642731
-10.47726113692158
-18.64380988878834
21.31271004820638
21.23896778402897
-2.886009999117756
20.47619465403999
12.08537080036421
-9.711402313295528
-14.40935463186625
-4.87592303051325
-21.79677310619167
-16.9208500438407
18.93108390472411
-21.32081240352214
-5.688894965171726
-21.94582279240577
-6.928087603983626
-3.4278451940964
15.6319174391327
-13.24302164416897
-20.81914062307384
-0.6250103916131242
-16.63533170956417
-4.69795230670825
-13.18108188894225
-27.25976471363258
19.94192192515574
-17.88788420189999
-5.73385173108809
-15.62832699507109
17.69155113612902
7.536877316899381
17.8470847070232
-22.5422127052666
-15.34055749224864
25.51355039770622
3.520463226546387
-19.69053593077231
-14.86589653352305
2.259557207908466
25.42476152070152
3.311246753331476
-29.8040437939581
2.881005720185867
19.12341024174448
-20.48020852253577
-2.017596710588294
15.75779989223747
5.612897612928479
17.77539660534248
12.16249898959617
-26.10465903032373
6.041217909258732
19.05976263401111
-9.815176451432231
-12.8328750773172
20.91041247472208
2.036319491358983
-0.645483507557058
-24.47364886055745
-5.160422334600498
-18.87409298760038
-21.55589597624318
22.67359523412014
6.278121609883829
16.36140889943053
-16.39547363691413
-6.312186330525414
-7.576118978598791
-27.98099447125956
-3.631911049812623
20.19413023391822
-20.40487549296705
-26.50996835814793
-6.362239984770043
17.46380128325285
18.40285362490604
15.43975776732923
1.856698132089867
-1.724010917091902
23.82604128319722
15.01773518804571
0.9390523466957496
-14.0786828342145
-13.58305963549457
17.12545374244338
-21.10039435026893
-4.163119894479268
11.97005222297623
65.17595717820268
20.75150093376475
-3.58070905100256
-2.455742266532571
12.03638712716738
1.124966783681889
14.49212939326541
16.93727445374176
-0.07374226543567973
41.85189528711501
9.676726434293602
25.28799252037652
15.51626017693509
-9.894475264856796
23.42540286962133
-17.69141972105284
2.851676786970399
18.8610207242845
7.909142686937909
-4.349978450999607
15.61126607314025
-21.99308718596416
-13.80096333434415
3.7976882399463
20.54309653741104
-10.9518780454948
8.192123858687763
-17.35826285890507
1.785739075242326
19.38439068040136
20.33005121519758
-5.324292395421601
-17.20272928330349
19.14400192749279
0.155533574518609
17.59865158135812
0.9456605303561377
20.00860699969554
-41.7092732191531
63.95525752816474
-39.12974588316795
-21.49176698148982
13.69611412524278
-12.80411888374852
-22.89099533657982
-0.9929124162982641
19.43871106476244
-23.8290565524194
34.84742498852549
19.06294647064198
32.24282994884474
-25.65434360957499
-11.02493766960798
41.92221246390773
13.1798834777114
-21.30326441564125
-4.210887405456909
21.62881573630312
6.06134858280889
20.69075452205765
-16.12729569424642
3.182599472578723
17.09237700800965
5.175968723220969
-19.00590606939979
-5.096128536906433
20.74357460138398
26.81898655749044
10.60778137947642
-7.472154247650217
13.90977753399958
11.53375182125521
25.83970313895044
21.89808291836855
6.075411957420736
-0.9380612143864597
-20.04771169051349
8.518003529906432
37.19622655701934
32.19213054335547
-10.55501269309069
-26.22337782549123
-18.43083925785531
-34.2535102181212
-6.58063344365002
13.5654958377372
17.40949814688003
24.93075098983805
-15.82267096143429
35.8403374046842
27.67287677449022
-16.21120517789982
0.4024108414193763
-27.27046593256233
-4.681409259269021
20.14612928140624
13.97046314397604
3.699084141857059
20.31270016045361
-14.38085148605415
-18.65242179597365
-3.233745802570923
17.31300793647985
16.61361601920461
-18.07993562723201
22.58905667453158
-2.999692226274374
-4.271570309667545
15.41867599300707
-38.1527081101792
-9.612788560006912
43.11383483683753
-1.610219095205643
27.86396509455477
-20.9755376247691
-7.267926042314041
-6.289408781672194
13.27882769664725
20.88665188461821
13.70761158261792
14.68612884655186
-25.58874890204377
-17.98092471447389
18.56156430336726
18.65187240248086
20.54675373905358
27.17606066721194
16.13317211580095
7.607824188298152
28.53991954904535
-11.04288855351131
36.54248901640755
-39.58280810029095
37.47675365400494
46.7383874008702
13.62309685249371
53.20590495313
-28.74232898902816
2.579527335984499
31.32185632865049
15.40871392355629
14.62940593960792
-22.18864427859136
-11.87843688722372
10.31020739202602
28.56571522201794
-6.175666136986678
11.36525515230912
-15.86547599326937
21.33968519633707
60.88801263537777
-7.036067600692781
-40.58718891464806
28.15181350939114
-33.06593606695225
28.67822302948877
37.20516118823848
-17.20046007204401
-47.63869875872822
-39.11176060193173
0.4365668373493353
-1.764539228271599
10.05388039548221
21.80124144711937
8.526938157381943
-5.004096011837235
45.87415953045794
39.54832743941128
-17.52294427943625
-50.25914340292132
-32.73619912566159
21.36467460627111
-9.774272811627098
-27.9936635843885
-18.94957336692735
3.946809938740014
17.6916398105874
24.58846207229094
-27.57483195160425
23.30342358941326
-70.32197518739348
-41.35659447879205
-0.4079583098728067
20.77086375153249
50.87825554135891
-42.74714323613101
-2.532559834008348
11.81841962334975
21.95573474502373
12.4849021961634
28.96538071023775
-15.75867322713312
-15.66836513061785
-44.72405393483299
-15.24986974054532
40.94863616881602
37.01437776592566
0.09030809845332785
-14.28513237486202
-18.21939077630385
6.893689684910167
24.26111404268687
27.46591262293403
52.26424750481326
9.261633747392203
39.35330188632151
-3.934258402889501
21.1788220612196
-12.91094561718972
9.04409021721991
30.09166813840255
-33.11529054778408
15.81216348705981
-3.524172441859967
3.091306627513205
-17.80367709381196
29.77028207511824
18.43086338788093
-14.27950465244223
21.95503583220712
6.380129676564074
-12.38253644068409
-15.11099151756535
13.83972291431376
5.53066061389565
-21.22287979336292
-3.307559975516655
22.63847989833993
-17.96883515024073
-25.58756009294975
-44.42445624731077
9.323835269919016
-30.14833994675339
28.12426965753426
4.763055415134183
-27.84538197071048
-2.258524824290712
23.25375089652965
-18.83689615651882
34.91139536136538
2.302957976899155
-31.00317929566889
-24.12497778432803
41.92563755414186
-18.29158053974482
29.75935441932977
-38.26715801984967
5.833397245973479
-12.16628313699191
33.22208016686198
-1.669998168844007
-20.39501043409514
25.46769128158367
44.10055526576058
86.92304348427409
-37.13738824394625
12.3258870568851
-20.89498372083462
26.67897544851059
-17.30062699382726
20.220745460264
42.82248821923162
48.05093495997281
17.3674243598364
15.01746202775822
10.13731512349946
19.72546719335783
11.74736105261698
-9.470832546102059
10.69645072454552
21.20388809202882
9.588152067104939
-22.50945338163436
-10.09708295604383
20.50405357818931
4.724119436611097
-18.41652183539761
16.24240452233529
-23.36121424187784
19.83676125105622
-4.870518762194695
-29.62651405148737
7.894858403135482
26.64421606108173
-13.32332256795664
12.76282909645752
-49.109388748946
-3.064592811378706
30.31081115674406
39.08128091840915
45.75947511191074
25.41136244118314
46.04479593806072
-17.79394058133618
25.5868571472757
-12.18433413668292
-38.53458401321799
-33.30613727270321
25.51227572173637
-37.77119128360635
-17.13775778361423
16.23764618831619
-6.458229987867873
14.2854196921062
-11.33941868994935
11.55696461500162
-24.70728001429631
-11.91652291042094
16.30319148442557
-18.762666114427
-6.021754400912338
7.459593235531759
20.7763464126951
10.93473227689954
18.74935765818146
20.74364967844806
-22.8724782507652
-9.541144425889334
20.42790827746015
-8.628673782704364
1.994292019830134
14.73520373350562
-13.88138696467927
5.004590146532678
23.89862329731751
-1.140280015686944
21.85714098516525
3.272520680826768
-23.92989903085039
-22.22160701506873
12.79075710492049
-9.274629534113579
28.21971439653283
-22.06538663975146
-6.61672268471311
7.138387399283303
12.74091171347119
-2.728455076322332
-25.03890331216157
1.047248353515939
19.93322546413543
14.78919024516287
-2.041482313177086
26.08615166570494
-21.08132700000694
20.63343349972495
-43.20530302316394
-26.3502498765583
33.37540397075111
16.85505314656654
15.44866395612788
-9.730613587177082
9.017024447063072
16.95648667703523
18.88597711064709
-5.144035218884511
19.20689941682284
18.74763803420251
-28.80131166392905
-19.85468856149106
-3.428708721727571
-16.28677603515672
0.7754664409121514
14.49062329642822
18.12887567948194
-20.01050073024711
17.79765595297662
1.078028538940392
-15.26015873830358
-25.19732377801044
-16.83067255792784
24.3509346354584
2.998165614749789
20.06040809015266
-17.5445530510649
-5.186823047763591
-18.58462030423913
7.314302542416811
19.82883817147005
17.23518429008843
8.874079505587558
29.86310710555473
-7.754388885278037
25.89892284655675
-27.20241971178876
-0.06473026140398812
12.6279228154666
27.01779416157403
20.5909238548199
9.335184693095712
18.28180779677125
20.98902760019191
-16.62846840097299
8.946623103056782
12.51453562929217
-25.96365310417587
-17.06089479594736
0.8584372200503407
28.66017632808645
26.73604112062897
-5.594519199663685
14.29589671475304
2.707219803451025
16.42597983956749
-8.042992065154827
-7.486663365494516
-17.32827750127163
13.2743455514715
14.3207501201085
15.52469930148192
13.71876003559217
7.963001042731397
25.18513562720209
-6.426870310132289
20.97857938527476
23.85682459371403
17.91933201794787
11.46637559311239
-0.4592613828573167
22.84359126626598
-4.290526545056361
16.76548628158805
13.06288269214942
22.89638330416864
20.64165213302851
-20.78310567061868
-2.965784738245934
11.75391245287914
23.73046945051754
-17.57830708767697
4.112989756904105
-10.68148482468604
-2.349962334691531
17.81732093300706
3.204798582307088
20.16728326879393
10.50743736498713
14.71969719221456
4.212259825467733
17.5976404445807
9.278201543909125
-11.61573602138465
-16.36799802091498
-2.982617386280735
11.83858506941109
7.121019587702985
16.22173436495412
11.97655699748594
13.38538062026335
23.48901761580901
-19.61747969400596
11.51246062244206
2.495064451654656
24.65961353428915
6.896822262423338
4.09293156226776
-16.8010059561461
-24.7791120880863
-18.72501226532994
-12.04681807054149
27.13768945049583
1.708292015903748
6.678194194866793
13.75511008508557
17.22474766383454
7.93946222959871
-6.078104984131931
-9.780708574806445
16.00999913074164
16.28563720129774
27.40544971874687
17.22213458297783
17.06224247573613
17.35340923727671
-16.36015469740699
-9.874742421519279
-3.043401516251663
17.71760740053754
20.8726227629732
12.23780172788362
-15.89129224355884
-2.744139337202538
8.993573421934869
22.52152727372418
7.860252092914129
-6.79057745371171
14.8212024241734
-8.319438901981735
-15.77993415012034
3.254044645800599
-11.39678487317365
4.383149283920218
-20.89393754982174
-14.45612392812915
-10.81787153868713
14.97283617035225
11.42147996857885
-9.285285435430788
22.36374218488354
6.485412277386307
-8.309062301985541
13.3167531785807
-14.79447457996321
22.11254414671489
13.14715290938717
9.100714781581294
3.638252385176159
25.8776039001025
25.79070770627292
-20.54491598166407
-9.448292425321707
10.25688241448814
-5.088423548655619
12.6182000093177
-1.92413520401926
17.43994727021245
-14.36427961677163
1.101759958013593
11.09662356242247
-3.551356205167986
0.2756380709448742
15.45649242709865
-14.64797975995835
19.70517483596182
4.71610273420438
19.36408248381112
-1.730555367288632
-16.71962742462234
11.60077843747897
-14.98907208122815
13.33133382487592
2.361317584529618
14.24380450729477
-16.33818730211358
17.63797890502574
-15.9131424087316
-33.55112131453282
35.18788110840831
7.521252845326989
5.228446740491487
-7.978106143534469
-10.18331514570228
9.707100773201004
2.878245225326778
15.23597527231041
19.89041591509474
15.46603957863524
5.528874482810234
-9.937165067766008
12.35773002264874
-9.841614135786354
20.76100891687773
-19.33356258612073
-16.17854721843151
-4.184242584062962
11.96072414126369
2.882990246257803
20.34077588444153
3.155015365853375
15.14932000412194
2.250353749152787
-8.634821034344736
13.52972805057658
19.06153746402051
-20.69690135403475
-6.593985905409967
9.550980827482499
-5.516047007725076
10.63040098495238
-19.49295216402176
23.42388769983781
15.1808543522666
1.20394918407004
22.16454908417655
21.74872511754456
11.73771276041248
5.53180941351303
16.14496672826117
-12.89896625603724
-21.44071798556472
-21.31832267453762
40.48476450590835
-8.393567490397979
5.624795433777648
8.380051746285361
19.45171877115988
13.8729068722504
-29.05658206500651
-18.10725618969115
0.1223953169090061
16.14644799863428
17.70662354696299
1.560175539731781
12.79348672294054
24.39198839236752
-10.01101235549561
-16.21691570374681
1.240869931967657
10.65178094526664
16.22740900720915
-22.79006290219992
-22.4081591485115
31.47954712716227
-0.1217284815060379
-21.74162341365525
13.5279538557232
20.66279329750635
-12.92774454580894
-18.50655645110781
19.81651303170873
-6.908054778221989
11.3215967621113
24.24635196567141
11.8824869619989
22.83181284643756
10.94932588212573
17.45778563770014
25.94603987406391
7.134839439937657
-14.66127517740227
11.07166702493782
16.81695372899334
14.98653907722715
-11.02325399269781
15.97571688188014
22.66833443619736
1.048439486534312
-12.8536686428367
-5.578811900719898
5.745286703992512
32.74425757293864
11.59850167374762
26.99897087432922
-1.830414651773377
4.429838941769606
6.692617554068691
25.32207580573166
18.44820187359876
18.22965152932809
12.92475519384988
-27.98609514135023
-34.85996907258318
29.09124775094884
14.01836292438224
-18.8112004437678
0.6665357369235957
19.47773618167023
5.575628059965258
-31.60127561480677
-12.97181736894621
38.83845071608977
18.62945825199885
-14.65082953280007
-13.90210812773625
-6.873873931682741
51.81026808503596
57.07734289234457
5.26707480735243
