21.5732269396062
-11.35378031252527
4.074985667786386
-3.269081709676187
1.941236221198009
18.84227074353815
-22.3858269788955
1.359615663956655
6.328157455787649
4.59979036936359
5.727387495898058
-7.193833837442045
-24.54154738153699
21.30819754781345
-3.312704815925701
20.88799032371615
15.87126148254782
20.58695662054285
-21.2132547069696
-5.084200807640226
17.67596860275982
-13.05918605469175
73.20099414343979
55.88578694225181
72.26974436044343
-31.26037208529342
-27.51491977252157
-7.775360980816645
33.98790884347021
30.88270354070912
7.754342809783455
-7.279940952902892
17.95955761706105
21.54083856620998
-20.20541815720481
-21.18492412187504
-5.889701508469073
-4.427313631687001
15.58980453863864
20.7064779151475
20.90299273369715
-12.92314592399419
5.207286224433687
-9.341864974499385
15.64926603832436
-18.1510715654389
-28.70412298891669
-8.568274191335632
15.56348222508398
5.354876024504386
16.64998492719644
23.70951604732016
10.25201771781202
-5.016728841226136
8.675232284602588
-13.45749832956138
-15.03428376271768
10.20521480730901
10.04844926154593
-15.26874656015933
-10.55305142339524
23.5059475903669
-1.352984707227973
18.78286409103554
19.93976203048338
4.691727023557744
-15.69785611499248
-20.79070468230505
4.715695137885088
20.13584879807069
-19.43771997472955
-25.67115742820017
-15.69570650980388
4.0199855995114
19.35838426133408
-5.253726693883393
15.06179209791302
24.13175641475208
1.156897940117918
12.90480844202322
-14.04386839340335
-14.20063393777867
4.086563756414857
-2.905525032785894
23.80225586445427
14.02003822720513
-0.1567655450227683
18.13043214927681
-0.9795059669750592
-11.22694797106104
15.77810452851857
1.086502700943705
-13.96680521592898
1.474329394046437
-16.03454526769388
6.711843032163931
18.12686932188358
13.90674179422725
11.29510890393683
21.99535250133593
12.4769795139522
11.74791050177098
-15.24803500703959
-2.582752081645625
-9.518372986308425
-10.24744200182553
15.29522261080967
1.726177101372698
24.81359559493956
-16.37645993846404
14.72385648769979
-15.05973159510331
22.87119844283467
13.18702777962267
10.20971306289685
-14.41230226858947
-27.79487818515854
-15.94203486641428
-6.299183579788579
-2.351213411174299
-16.38892268314444
15.18032246487009
18.32743483913599
-18.10263703966345
12.9976793852635
-14.6418468553084
-2.749553166089238
10.13245996885153
-10.08973910494202
21.47950604563785
28.13211688345412
10.62324222193039
-17.09395954258692
-4.211946408527903
-10.12158901093306
9.397456180881058
-18.47076524594448
-16.25854555456885
1.316728342247305
3.460790184345743
7.122210662967069
2.2122196914256
19.78749358821203
-19.22856683972665
-13.26737247331718
27.56914183618635
20.74416509207693
26.93182278817324
-10.89204950729751
3.425077337322225
26.88267470127979
10.46385222055538
22.24595478059829
-22.80983033889217
-4.671562581375439
-14.03770927038377
-2.067740052312071
-16.90292868479622
20.67864824994941
12.66528292545519
-20.38958313707968
-2.865219415709193
-17.50887466119294
-18.73466070275487
-6.133568437672127
12.4324124018071
14.16042214945664
27.72342654434108
-14.8351886310182
7.52216845981997
19.41446214801374
8.314701362865705
-9.204878012013605
-14.82342273380265
19.71933573829348
-21.44078652980143
-2.626255452174887
11.89229368920967
-22.34559119208347
-11.09976078604766
12.88201313449998
6.972370531216162
-23.34351853915395
-0.5222575228964809
18.18306719050059
16.18586428350041
21.74953862737025
18.07213131729836
2.890027593111197
-17.51957937480264
-11.348303439323
-24.36247967535887
19.51904519152587
9.685024714599203
-15.18210372391647
-9.834020477561525
12.60109226604465
0.3366519524369475
12.9563499279534
19.8155629335845
-12.58714800737256
-17.40626650044816
1.299058214633368
-16.38595959140953
-9.526746589120664
-6.57054481953588
11.27073794162802
13.72344577158508
28.52802548559709
12.61969797499766
22.43511274494681
-24.86712843824479
-12.92379996028742
6.85921300364869
9.81541477129104
20.99302372377242
23.69332687533278
-14.38482992860273
17.4184228878252
0.8612595552609831
22.82126101724518
6.09543992605763
-10.32338255421073
-18.51650471915474
20.79748453264749
20.43289722895991
-2.852020272690104
20.29399058897397
11.94332847878346
-9.601611109415709
-14.23833103156746
-4.819118493553704
-21.54493958704056
-16.72582109217498
18.70532471379354
-21.05202038302184
-5.61854472332803
-21.67353001277678
-6.842900300347048
-3.381055416594456
15.43347566022782
-13.06522607783907
-20.53279195645315
-0.6215096300256169
-16.41882248026823
-4.636719921416651
-13.01417623516926
-26.91751736236354
19.71569210906353
-17.68392363194495
-5.667744570406146
-15.44996220512206
17.48608442251905
7.449867914248403
17.63956664152848
-22.26956661533778
-15.15569693496276
25.21005379653527
3.480500361012981
-19.45228909728553
-14.69160182945108
2.233961428040651
25.13379154727452
3.338613134602705
-40.90980251995626
3.018904165056778
19.72520214329874
-22.61927708169155
-1.997202906940391
15.66448444666801
5.563674343966909
17.66168735354855
12.09801300932939
-30.73515465745146
5.961194367821735
18.81453107735609
-9.6841706627572
-12.66148538056776
20.63036317777668
2.007683429556575
-0.6373190479523173
-24.1440644989484
-5.09284856749503
-18.62267974901927
-21.26768222529995
22.36249135285641
6.187657696124749
16.12905389934656
-16.1748336574029
-6.233437453511958
-7.46756587893456
-27.59933004817479
-3.574600835898619
19.9112823261471
-20.13176416891983
-26.15174792909878
-6.274903987465169
17.21097917371253
18.1382677576628
15.24608948386354
1.863513567343513
-1.72836708583849
23.48588316199704
14.83062971239361
0.9272885840960944
-13.90334112785426
-13.38257591655069
16.92556325904784
-23.24773807064567
-5.990450522164832
11.14643109854114
48.14344884652672
-5.607292643562672
-3.591880653267272
-2.464283526090902
11.85284331869785
1.127597127120096
14.31712684470398
17.2572875463703
-0.3645873050434056
17.64044543022472
9.562365029740917
24.99113101133414
15.33839866211571
-9.782217635982578
23.15382899306782
-17.49824127181954
2.817277518500156
18.63619729630976
7.815430330658162
-4.29659216277048
15.42876598095255
-21.72955343614132
-13.63618855285849
3.745452312771467
20.31551879170756
-10.82076696635242
8.093364883588041
-17.14973597928407
1.764395872424437
19.14603673965655
20.07283113086659
-5.256765028066855
-16.9962537586216
18.91413185097383
0.153482220087637
17.381640865935
0.9267943911090853
19.73955879192573
-41.76432597668464
62.53460418726774
-39.18608495803023
-21.49269028887009
13.18080557723766
-12.62241420068864
-22.57593899731912
-0.9864976780589669
19.24914371187414
-23.50621757540235
34.61957536124777
18.81276440101675
31.87155791297528
-25.32959615765091
-10.88380337628825
41.76326982433098
13.05879351179338
-21.06015079209772
-4.157884847914688
21.36178139452912
5.985710038738432
20.4315028179252
-15.94347741716459
3.147112376167855
16.90226594220666
5.116673376401708
-18.79609047815623
-5.040936915180906
20.47872932500362
26.4877307943516
10.48778652368981
-7.381064186409561
13.75515356413688
11.41502629164733
25.51966624079889
21.5894413174485
6.009001470556914
-0.930278576764777
-22.36382129235356
6.253496778100135
36.93965001148506
34.3666702410091
1.181195808229976
-27.29204316308887
-18.30207438120344
-33.88251422740161
-6.339291646464461
13.62144002557676
17.3039986579532
24.85766428317472
-15.58043984730798
35.6060730391119
27.54322258100324
-15.99994427062164
0.4119613141754432
-27.13126126638105
-4.291125743734167
19.96073167210722
15.03250979900601
3.634587243291675
20.0464928275487
-14.23426346787004
-18.45439099606297
-3.163376855006599
17.10441913165818
16.41190558475672
-17.86885071031904
22.84013552393668
-2.942073698270498
-4.220127527783172
15.29101414081591
-46.92537439983597
-14.67057122662861
45.26987415238737
-6.940344912181995
35.79639592356153
-20.83068736460229
-7.267682966947848
-6.02610765585713
13.00011301986493
20.60160742499633
13.56300439775322
14.80457971227122
-25.7822092234967
-18.18071481888325
21.80431467153457
19.32363554202037
20.26779598682998
26.62771508183458
17.13688161899193
7.601494405391114
32.25480317213103
-9.490833465003004
39.98502948903613
-41.74563663492449
50.46696714968123
39.49979676604643
-4.74861888949738
36.99701774582972
-28.70447631282132
2.578241018653915
31.28271733178072
15.37043164930943
14.44579278027479
-21.92918745619055
-11.73948872919204
10.18969872836135
28.61731807200627
-4.928221872702092
11.23622425784738
-15.65122469460107
20.86150910001913
59.69927714189291
-6.980303790977928
-40.58598414251979
27.69319207580926
-33.03231851244823
30.68615323573039
36.51273379328779
-17.38109381645333
-44.21649308632362
-38.38991253062031
0.4478555115023045
-1.789765906560309
9.987307021151924
21.67669807781393
5.826580556224602
-2.572979768678293
42.42672717979155
38.83776804223397
-17.34771354411113
-49.35379861002939
-32.0060850659972
21.22884256596158
-9.776971835564069
-28.33320583544011
-19.19622481994551
3.945367487037181
17.66547277375939
24.53529105395281
-19.69991094254366
25.29979600471161
-52.8853853747431
-26.66772614417171
0.5915021463719071
22.71815914706027
44.99970694756183
-33.1854744325062
-2.581636853810086
11.77707292751609
21.85300045241023
12.42011995126737
26.21765923224866
-25.99255983755771
-28.47323896958016
-52.21021906731129
-9.47347822713194
27.2592282904816
23.91174165585349
-2.480679130127185
-15.20874736980298
-18.55623400304974
6.917909629317583
24.2549497462803
27.44244461014272
33.38521988137054
-10.96717038315214
20.16269229669491
-3.347486634666483
22.12665700054011
-13.22252758341646
9.136981015367907
31.1298626793642
-44.24841565500187
16.38658900729687
-3.612997852799099
3.134330515953215
-18.35627152556432
30.21055985357101
18.7465107414079
-14.74327367321126
22.35950859662464
6.353923827661025
-12.35103627472615
-15.07638279613873
13.77851156987469
5.513540768596087
-21.08695993934219
-3.284933996898358
22.49532983481947
-17.85631673588448
-17.86548238731222
-53.7507414930223
18.2905254368152
-31.63975301090683
30.15443605887657
4.516254812345836
-28.56787311299218
-2.296572397494043
25.03282742121554
-35.88525910793279
36.15600782267773
3.071879898828538
-29.76029763673077
-23.28491750289581
18.00503273692317
-22.75323995236728
24.12999421259006
-42.83316766674022
0.5316775519878559
6.124961473424343
33.84048494675206
-1.714776038578494
-21.55137506870522
25.96339264298415
43.36484521873658
85.32893041551004
-38.19690002096097
12.5420050606007
-21.4906020410713
27.07622933860323
-17.72158315879689
20.53313067174228
41.96408519722753
46.8832341659225
17.33704011886778
15.00175680293836
10.07592752617424
19.61821224473637
11.68939105712358
-9.432880498785689
10.63831033528715
21.08855940440009
9.542284719287066
-22.38150019022001
-10.03960782625127
20.37607668773306
4.695314986002355
-18.30788237682885
16.70629797906593
-25.63818124595585
20.47531686312536
-5.121608638911386
-30.26358822029849
7.991125610868641
26.92761820729119
-13.57794456706246
12.92571150039505
-48.4593507123769
-3.074719993271656
31.84168753797383
41.16156840504443
48.17882559639656
24.64358276047463
45.38463071905093
-17.31520720117616
26.2713007164117
-12.1764939608241
-37.75132650440844
-32.83217753575912
27.32939981967146
-38.44779467694175
-17.70674671806178
17.2096608136794
-6.543098666616271
14.40288971395658
-11.46404911482596
11.67754319212319
-25.596925503093
-12.22348994154559
16.68564365485167
-18.70496010022726
-6.001488516073266
7.424587740873484
20.66803119507562
10.87935611878569
18.93649259651902
20.94598837921349
-22.71853488970003
-9.475546043365842
20.31535717139358
-8.569722623549936
2.009495782367505
14.71296736746731
-14.00190670711123
4.995240177244227
24.28308004788821
-1.158783501688071
22.20774969996373
3.338192743384256
-24.4046117785926
-22.61142415588763
13.37343556260331
-10.1197390066775
28.90913359847434
-23.49317456993763
-7.15603651234299
7.456492946461683
12.70347158443768
-2.725346520981432
-25.44186354878992
1.061792519330578
20.05893940335462
14.90627811261533
-2.07533034941949
26.50365606805324
-21.45264065361003
20.7410479587196
-41.95878996170958
-25.57483254370315
34.9164075316044
16.38395741820399
16.33713805847781
-9.717727190885
8.980453904478637
16.88084463491307
18.99714688395678
-5.152661290984602
19.15465193753271
18.69818109585686
-28.81988785184079
-19.82549625973355
-3.421142838984473
-16.27453313976261
0.7736999791420587
14.42649162876351
18.04610470755187
-19.84258834630414
17.6960795994381
1.087490397991232
-15.13965721170958
-25.00800523843411
-16.9816084619744
24.30731322896776
2.980962050585001
20.02919516729876
-17.48265507949448
-5.165416892130227
-18.86955695712514
7.417215801204139
19.96257051193374
17.63333028912275
8.996916732846508
30.21120956058088
-7.877092303767529
26.28677275887469
-27.74280452207964
-0.06463584058530433
12.57787927145837
26.9060254141758
20.51013665663998
9.477399561813314
18.4717911554572
21.21429282790506
-16.87400903726457
8.994391592875614
12.54535471140702
-26.35140859972818
-16.99240372623678
0.8552307429742888
28.50629837237871
26.59178504534665
-5.576181459922576
14.22225554747399
2.742501672248655
16.40435342191707
-7.997540835457926
-7.442832054562891
-17.23150713117924
13.19447831921166
14.23695461641281
15.43211241576007
13.66185175037767
7.93225738518329
25.07807401761026
-6.395888757537714
20.87836761086849
23.74544264276511
17.84763446844214
11.41622226705111
-0.4564708411334533
22.721262683718
-4.278118062119138
16.67788618738274
12.99428666244457
23.14159230609705
20.58992356651144
-20.68710729790528
-2.951199784033403
11.68551355797483
23.58707453678391
-17.49961243193346
4.08813025304054
-10.629794151424
-2.335283318240272
17.7359075140757
3.187494865767746
20.07119083283117
10.45024906938908
14.63671334270547
4.186464273070716
17.48769886063755
9.219424308972481
-11.54627468492146
-16.26436954023343
-2.963134951408677
11.77178786400557
7.078680651676778
16.12834083042794
11.90156097948844
13.30123458822143
23.34305019246775
-19.49894428309436
11.44148921283699
2.480559970378698
24.51034228661865
6.869818281012905
4.073617813962349
-16.69208117725312
-24.62090236378937
-19.83659903012413
-12.81934183867832
27.67816868159677
1.793187621850819
7.017257191442945
14.61252945968776
17.13435702649156
7.900390731083019
-6.04337649475848
-9.72697602304773
15.91999310137282
16.19111895874582
27.27425636965966
17.14581663234047
17.04823311780933
17.27240472606858
-16.26891233519726
-9.815958737849124
-3.025468877965718
17.61184149665772
20.74672990778735
12.16354551539416
-15.79600574086579
-2.727152667325709
8.937005193051565
22.37988911985003
7.808506380585206
-6.746345561450321
14.73492281383403
-8.268274551637708
-15.68076170204803
3.230643203596647
-11.32420873661468
4.356552965977816
-20.76569899289512
-14.37693098631151
-10.7573179050182
14.88965122249299
11.35962331491586
-9.23396629553093
22.23449545192742
6.452953599768269
-8.264970803055279
13.24344345496234
-14.71792440303173
21.97950425271014
13.06885307370764
9.049660179016533
3.619613080265889
25.73655430209735
25.64696912599006
-20.4114587417431
-9.386955909056539
10.19137277961084
-5.055051884670532
12.53677399321119
-1.914513326596886
17.32576876620888
-14.28404282533956
1.0986211555879
11.02450283371684
-3.530027908447261
0.2711258577801118
15.3564068578226
-14.55453074236466
19.57832868841932
4.685751350252888
19.24028209270293
-1.716011865586326
-16.6085892020494
11.52697697974643
-14.8925773377385
13.24298884633431
2.345401213027258
14.14881226812023
-16.2271476107143
17.69339466932706
-15.9122856827764
-33.6056803519959
34.67349586644766
7.55366562764657
4.919148968530085
-7.928821187257611
-10.12843973820953
9.669997268874939
2.867075032549049
15.18431322163308
19.79843700721635
15.38266398131627
5.514315952220516
-9.8683480279102
12.31723818809475
-9.788675076453206
20.63731037419911
-19.21360311068143
-16.07871469994531
-4.157947773535402
11.88500236329449
2.86491098229795
20.21215654659838
3.134888412146333
15.055655336695
2.237634096147585
-8.583184392111139
13.4465979242746
18.94362568325445
-20.56570603611492
-6.552526995526263
9.490423142929238
-5.4804250386577
10.56147782691849
-19.37054823486294
23.27461046301433
15.08528099823701
1.195157800114056
22.02978231610356
21.61163471293693
11.66415786102892
5.497027761858047
16.04295013721927
-12.8180212398021
-21.29152669850711
-21.17584188960395
40.15058848965626
-8.335551582209375
5.586765249334065
8.327154183883069
19.32838512000975
13.78418732012703
-28.88507979513154
-18.00073036699061
0.1156848092456979
16.04190286635593
17.59182587755814
1.549923010673572
12.71313263722041
24.23768349689492
-9.947476851724385
-16.11460695124948
1.23263861155485
10.58497575542791
16.12431965617266
-22.63975823814609
-22.2606204775689
31.26224360244929
-0.1194682515978181
-21.59892558003278
13.44288392725202
20.53245260650275
-12.84548596335752
-18.38968376501597
19.68995951254195
-6.865132904800149
11.25128227363153
24.09157258215434
11.80341105706292
22.6877604858879
10.8843494287189
17.34724556467935
25.78026383171168
7.089568678967665
-14.57138273912486
11.00123093659193
16.71027039238367
14.89168104649285
-10.95362414628606
15.87278187446982
22.52028998750614
1.040832658059034
-12.77221349277415
-5.544197801000426
5.70903945532665
32.53544547524128
11.52455086020793
26.82640602083192
-1.818589346348302
4.401613070421514
6.64750811311259
25.15189191665996
18.32392990235964
18.1164151776684
12.84029030795876
-27.73586122623281
-34.56382324038616
28.72884987730842
13.92231683161681
-18.69069515324709
0.6616948975231275
19.35239005092615
5.539343900239017
-31.38171185430826
-12.87732805102818
38.37706512165406
18.50438380354084
-14.5548519411235
-13.81304615097281
-6.827962014226891
51.25439317268185
56.46471110354891
5.210317930874171
