21.81400736892948
-11.48832750679643
4.121559468683037
-3.309046663669291
1.981201175191055
18.90807028936398
-22.49423351612209
1.364442259113107
6.314756467742169
4.589969313730713
5.715344005566227
-7.237290564727943
-24.66858141992624
21.44724115516637
-3.328992255031638
21.14614999961939
16.06801350266869
20.84234913203814
-21.51078247997864
-5.156995549800404
13.67370730125584
-13.17989623598164
74.00467334815539
56.31352933274627
73.04741745680079
-31.66424373045702
-27.86342042789425
-7.839882893866168
34.51470225649803
31.27752032852908
7.854678184075025
-7.358323006804055
18.1853443043849
21.82417062952163
-20.447256077009
-21.43957599794632
-5.959710161320212
-4.479919760267253
15.77081088552051
20.94745991739845
21.14346318399491
-13.09217602504279
5.266464395866525
-9.453349699007724
15.83158157924085
-18.36687787623218
-29.04669395635164
-8.669829078865828
15.76151232698153
5.421005737610683
16.86239050853278
23.99503886043958
10.37601520708704
-5.078136497003664
8.782037669520745
-13.61902365341331
-15.21300119091894
10.33066612034979
10.16885996137397
-15.45415170709044
-10.67981608058887
23.78788361421984
-1.367921159499622
19.00894371812325
20.18096532753477
4.748792796931109
-15.89746441788739
-21.05641756667018
4.774335629501143
20.37686487784408
-19.68849640576287
-25.99934468186881
-15.87699878897295
4.065051356896885
19.5837432409488
-5.311881601083856
15.23244523540642
24.4313414041694
1.172021610308547
13.06510794368515
-14.22233779449128
-14.38414395247551
4.13630262917573
-2.942759179510571
24.07835277320316
14.18354554988353
-0.1618061584084663
18.35864042304993
-0.9923199231457723
-11.36623345880595
15.96733631966096
1.100878180556635
-14.13273412365865
1.491512982766507
-16.22748108803546
6.788122467794472
18.32906577926189
14.05903043142315
11.44138477204599
22.26699986401741
12.63200369974187
11.89308633308311
-15.43217253061881
-2.613347621945009
-9.634996163109632
-10.37391353329727
15.47986583410626
1.747369241998977
25.11486199506249
-16.57782884811825
14.90180727221134
-15.24535132101303
23.17398239034053
13.3611219535766
10.3458518142513
-14.61372149537566
-28.19439986482836
-16.16367556054026
-6.372588805331445
-2.379659648903242
-16.58564352445983
15.35793223919909
18.54119694466815
-18.32519808988651
13.15443802911243
-14.82115317042692
-2.78344522278959
10.2533623631706
-10.21305472060812
21.73052104544491
28.47097299192503
10.75197892123965
-17.29714123537875
-4.260333650173471
-10.243130314391
9.51001042981412
-18.69697149630356
-16.45750503700854
1.332477526046074
3.5040449194369
7.21062411398176
2.239466459325204
20.0294490223621
-19.47442845182001
-13.43563309877575
27.94590573531384
21.02422694516121
27.30051641414428
-11.01664587385393
3.471362001323699
27.224084976012
10.59143381278157
22.52680008044664
-23.12599335343746
-4.727789927379126
-14.20598387407664
-2.094746964858423
-17.10705953813036
20.92085659326522
12.81882490854501
-20.64625721338138
-2.901075665284422
-17.71899407032023
-18.96096256231557
-6.210185363687644
12.56751745025737
14.2951754112538
28.0101572352695
-15.01231257189885
7.61423989352958
19.65194783998805
8.417351114686397
-9.317822753131464
-15.00558421689485
19.96154995561746
-21.71389490992457
-2.65827415186959
12.03770794761444
-22.61982410902854
-11.23459672618914
13.03680758558281
7.054010920606854
-23.60470066494457
-0.5307134544428873
18.39811787436813
16.38058227281335
21.99413315561226
18.28860764684011
2.923218260846527
-17.7351738676964
-11.48327333392967
-24.66190430568206
19.75314074401046
9.798928572459353
-15.36538938573911
-9.954212172258552
12.75077719966414
0.341704745825983
13.09016091136226
19.95994592373036
-12.73936708841549
-17.61447477245434
1.314356559080351
-16.60836706782511
-9.73858205889457
-6.651833857077169
11.72633622325273
13.85352692183368
28.67161144019956
12.74845616478168
22.70498937343828
-25.16431795794378
-13.08107183441757
6.869785010313264
9.956533210127615
21.28210499907006
24.01182440390255
-14.55691827426219
17.65114327222663
0.8816312079941769
23.07398721356179
6.156642086939133
-10.47600907491587
-18.64558936507054
21.46491828402958
21.42398932632187
-2.88543101084844
20.50536077678075
12.08324612472062
-9.709206695007699
-14.40649159407072
-4.875107684215119
-21.792452817994
-16.91734512968244
18.92883132975364
-21.31635577959487
-5.687761465159062
-21.94137740937314
-6.926730437576341
-3.42702644219618
15.62859431499306
-13.23988687665075
-20.81425653327679
-0.62502163027237
-16.63265116185489
-4.697284897314205
-13.17863097104706
-27.25459000879509
19.94205014511749
-17.88934636955122
-5.734692563827141
-15.62949978468657
17.69470332483474
7.538033307359323
17.85045092361142
-22.54738047548717
-15.34420354214049
25.52184330233578
3.521087028784827
-19.69550154450387
-14.86645814096387
2.259846586068866
25.42737967806714
3.60044011661563
-27.86776763724588
2.856312560817342
19.25184522177451
-20.98651352374019
-2.017535601727265
15.76015835464239
5.61355088316892
17.77769395654217
12.16414307288976
-26.85360353723741
6.038795354121321
19.0556207577463
-9.812860435952246
-12.82813057675781
20.90190956977328
2.034983639337894
-0.6453893209388498
-24.47454373410202
-5.158953149352236
-18.86692593154756
-21.54729888977238
22.66463520681878
6.276289468960064
16.35378693020859
-16.38834573962349
-6.310848276234955
-7.574369656888586
-27.97484344900671
-3.630961726751181
20.18923490297557
-20.40047379185572
-26.50952737454831
-6.360681131730006
17.45951549577839
18.39820342664933
15.43854948225623
1.857871112807134
-1.724787151982626
23.82019662963437
15.01464697172926
0.9386879314617332
-14.07595903921604
-13.58067836950034
17.12630472853771
-26.49181088169926
-9.54653566025965
8.437518254333211
61.93500194166491
8.786031676407111
-3.582658265033444
-2.457283571045948
12.03072430436041
1.125374693864403
14.48800787528942
16.94527521933439
-0.04092895905413838
35.27784256124523
9.675044295572498
25.28493127457811
15.51869188387636
-9.894807222089563
23.42939588901228
-17.69244790024614
2.851878932526277
18.86529057172934
7.910704004344635
-4.351298003906131
15.60988697724267
-22.00075627546396
-13.80629453427775
3.800823302562412
20.54432683671537
-10.95458656876512
8.194461742109178
-17.36261147167609
1.786436843539517
19.39355468465405
20.33775957826581
-5.325360788266266
-17.2068638709674
19.14904831394018
0.1557476000877705
17.607117837763
0.9442048931140868
20.0235375349311
-42.32492559921211
63.63057275039171
-39.68988805066023
-21.76859514175196
13.56230608486585
-12.81441699885326
-22.90395611303707
-1.002479872797731
19.53086084333567
-23.8430990110473
35.12810103417741
19.0793326421189
32.34527784259185
-25.66312036527393
-11.02868201370727
42.35458515061857
13.26594520027511
-21.30839579295198
-4.211120114527125
21.63575518041654
6.062173934361116
20.69661228389003
-16.1317467627513
3.18326470732742
17.09727567642917
5.176649031703048
-19.01286718939523
-5.098856223346545
20.74801906922922
26.82584531959048
10.61295728619164
-7.47192387580326
13.91401096724345
11.54094331345672
25.84687529319267
21.90147623842161
6.077826251577787
-0.9391428966827714
-20.40526643043385
8.609536913213546
37.40807542957668
29.99402655385995
-9.015036201061299
-26.56827862475007
-18.57757803347749
-34.40122801963506
-6.589648349644164
13.69796259534235
17.55300287335932
25.18350235752888
-15.82364998726954
36.1305809067882
27.81157967005603
-16.21288803335492
0.3976118960865693
-27.41396777352028
-4.663147828779984
20.2876109450515
14.12459874836803
3.692784833364517
20.30328476225537
-14.39209632967055
-18.66213167799825
-3.219491894434989
17.2997852367848
16.6104999293974
-18.08488116220492
22.75081994602856
-3.003499527846477
-4.270035347931849
15.44263978330891
-42.01968625791826
-11.67944106860424
45.87413583983759
-5.335457383419407
35.93559082967727
-21.00531598176033
-7.290334154984884
-6.187231468649887
13.2289429763665
20.94774651393572
13.71498182687793
14.81808451663334
-25.75431947516299
-18.0355159381075
18.64871293915824
18.78774657642743
20.51927713137253
27.13497798356452
17.98405391288112
7.718803537831803
30.34024518823626
-9.15092407284137
36.68422887588249
-39.49116925886626
47.61503189777155
45.47452218076005
14.00631442591117
53.49748368517806
-29.08863995086202
2.635037548551462
31.72367750002195
15.59724019076178
14.63443835054784
-22.19392069751285
-11.88150308140264
10.31241761740882
29.01480334520071
-6.163012196283556
11.48553976243543
-16.01724110773087
21.33885224286157
60.83860307378115
-7.129273964456481
-41.17700418320512
28.20162726308994
-33.54650469420268
28.79853851870761
37.35609334926072
-17.52926358506012
-47.61667420715228
-39.05911937845394
0.440631452720352
-1.779039932982591
10.04080117563743
21.78022061888717
8.557554829221013
-7.414048873920058
45.83763427419872
39.49975083128396
-17.43129085521446
-50.06826666552512
-32.63697581058037
21.33958916553082
-9.781431540391775
-28.07692804080324
-19.01163708705765
3.949598734578301
17.69990314701961
24.5968341740804
-30.05956513664774
23.19211801025777
-69.06862789098939
-35.55131072087951
-0.5109442931078503
20.6451929069972
53.25168314721172
-39.00906275464816
-2.546925099419953
11.819841108408
21.94980189397142
12.47942240247324
33.51731717178687
-17.69227605670882
-17.55324242194959
-51.20959322600004
-9.938545008465809
35.04036642770932
30.99934879205874
0.1390336366551042
-14.25447886934743
-18.29549650361722
6.901658329190478
24.27714757645184
27.48133468821984
40.93789379890908
-2.140509716527918
27.91941755504266
-4.041017635688733
21.15613719995665
-13.01847624260672
9.065290953610525
30.05992727108695
-31.46820775430567
15.65140510376053
-3.562537532305508
3.107468985665004
-17.97105970032817
29.89622498887001
18.52122965933256
-14.40852216846957
22.08376719405693
6.380006642974956
-12.38620726762059
-15.11523972035193
13.84001595518548
5.531995716979869
-21.22448561445995
-3.307882913892526
22.63974425547941
-17.96992235454675
-29.17110493380546
-53.1489702681882
6.881254112054863
-30.95925225026228
28.93593287905853
5.093106794720908
-28.49542375795455
-2.393739074660374
23.94798749305116
-23.97786533660142
36.05235904440943
2.463828493219939
-31.2498217120316
-24.30942033841004
35.31877152194826
-19.5599228238536
28.0468151509728
-39.01774661008371
4.749497516009308
-7.271956373211765
33.39504954808806
-1.680901563487728
-20.87830920248368
25.60841732963
43.76724412609482
86.2273136931891
-37.47406134814906
12.38837697298895
-21.07852868554614
26.78875600418601
-17.42403092771119
20.30840685842137
42.4600695675738
47.60673797578514
17.37548924917832
15.02634749973136
10.12996078689186
19.71575495723451
11.73941944375484
-9.470379489106676
10.69491494483224
21.20141137596701
9.58579417074794
-22.50957965560007
-10.09647180801865
20.50572765668808
4.725674105281536
-18.4158607589738
16.39553266178011
-23.84282608376397
20.05003042140013
-4.987945387255704
-29.81240790159265
7.92002988516439
26.71648178010978
-13.39424682418218
12.80436699946074
-49.57581272712217
-3.102299232775687
31.08020651963542
40.10892160933138
46.94387414345415
25.5460634442967
46.47351349433804
-17.69114401544402
26.10168468420606
-12.35699927769651
-38.8603186135973
-33.71365020544656
26.34172656867273
-38.4586839616069
-17.53123391102206
16.65127184217372
-6.480349145510286
14.31527294247423
-11.37499533220157
11.58624048933906
-25.03797580971398
-12.01187048424613
16.41816107896317
-18.76621390837546
-6.022916833121541
7.460009310790915
20.7766148321009
10.93483059914559
18.79645189505285
20.79562208661077
-22.86716595141842
-9.537693213601719
20.4391243394598
-8.626421325943857
1.999170191222626
14.7424672673524
-13.91211478084998
5.006769387440373
24.00187020638273
-1.1436573858656
21.94952566491027
3.290529112899669
-24.06412628249915
-22.2984730885697
13.02610532652569
-9.690454727188326
28.43003156525333
-22.71656005437889
-6.852892431326645
7.275215864728402
12.74329707550856
-2.729032452288574
-25.14552759145488
1.053086232910832
19.97197040085123
14.82224080674126
-2.052344542926912
26.19861382430478
-21.15481570222099
20.92745005041709
-43.23720745985508
-26.50331933601198
34.18250575296705
16.73388812402014
15.86366762395263
-9.735697880533078
9.017848126900203
16.95774743224484
18.91888416787943
-5.149729594326813
19.21264383337276
18.7535460078793
-28.8298742790468
-19.86665856180832
-3.429384449969861
-16.298170458601
0.7753172951266787
14.49106008164564
18.12970613107889
-20.01504192432946
17.79549185139814
1.076675899035302
-15.26318996512754
-25.20180658038269
-16.87458534957796
24.36237342808686
2.997394217415826
20.070881969092
-17.54362802994076
-5.186764656053488
-18.65899655249929
7.340275747072314
19.87197956631623
17.32908792133766
8.905929727779446
29.95782235160662
-7.786632218457703
25.99927230006008
-27.35465539550415
-0.0653365024539397
12.6287344302692
27.02041226837284
20.59275139988882
9.372046853179922
18.33526257191991
21.05189262400274
-16.69256194773882
8.963215717989289
12.5317038198834
-26.06460880242019
-17.0618417284831
0.8586028042704357
28.66178059025469
26.73768357750026
-5.594510396429476
14.29655793233276
2.716630051906431
16.43727411288389
-8.043310531249086
-7.486746533756406
-17.32853076700627
13.27469338470388
14.3212489221632
15.52516677927362
13.72064406157296
7.96401696992802
25.18797539404031
-6.427660868792605
20.98059386315957
23.85867577492505
17.92044453223033
11.46733133243685
-0.4590978250221064
22.84420349838307
-4.291491459381907
16.76602171807298
13.06289737294895
22.96123582069393
20.64723543908786
-20.78145557704678
-2.965302897004144
11.75362914138299
23.73061482794677
-17.57726846311563
4.1129266815845
-10.68033743564893
-2.349141751783559
17.81615268028825
3.204187113685214
20.1652944326417
10.50649643115492
14.71893203912236
4.212435607587042
17.59738855301674
9.277999599136162
-11.61561720472549
-16.36830848774152
-2.983355539759254
11.83879038215028
7.121189607249423
16.22197648569517
11.97698568716904
13.38495294612672
23.48949809615169
-19.61768814580697
11.51251240922701
2.495118516158943
24.65994846264982
6.896931027869462
4.093718898604299
-16.79989789856351
-24.77623341026925
-19.19740763900103
-12.36245510468167
27.28931889315508
1.76565319316111
6.834952534324123
14.12810829695531
17.22511954119909
7.939899305898932
-6.0781817788281
-9.781306127109556
16.01080775410555
16.28637767608207
27.40825473521272
17.22395842389995
17.07348775270206
17.35438883370601
-16.36004070676858
-9.874796833530276
-3.04343518233877
17.71800473687982
20.87299887676022
12.23800982856531
-15.89168781116039
-2.744251758456497
8.993964057018667
22.52256922646625
7.860529785005844
-6.790900930965841
14.82214591760495
-8.319388953976118
-15.78005355247257
3.254563260282693
-11.39686745151744
4.38318610208373
-20.89361680154762
-14.45704834354803
-10.81840229125583
14.97371159308564
11.4220324282889
-9.285220235520903
22.36455945342806
6.485243875576068
-8.308020239961714
13.31660552213107
-14.79326411578143
22.11280666136712
13.14743605313221
9.100786879080211
3.638646050970136
25.87908077293513
25.79211388270784
-20.54561358152688
-9.448393215093118
10.25758778853815
-5.088807544581221
12.61848575189764
-1.924097012047745
17.44143310684737
-14.36522265862835
1.10156723866965
11.09722036792336
-3.55167916589506
0.275569922381058
15.45680603708986
-14.64889953330503
19.70598100305613
4.716630587230704
19.36553011967113
-1.729465543638899
-16.71881595387391
11.60000719143698
-14.98935041356797
13.3294727378168
2.360897961902359
14.24074463083645
-16.33986586734497
17.92129290936619
-16.12643730986821
-34.0477302192097
35.33090122708226
7.630499486585987
5.146668408039064
-7.976335513414293
-10.1842963130277
9.706772015853975
2.878081913894464
15.23494529331845
19.89106832865734
15.4667898980014
5.528173275496473
-9.938616618880095
12.35686337631075
-9.841784233102652
20.76143991883954
-19.33387539258902
-16.17888125258913
-4.184249634042887
11.9610961071589
2.883031225182292
20.34147839558614
3.154994141115044
15.14962575832407
2.25047339412883
-8.63498904787242
13.52984089895658
19.06191247862975
-20.69729990241056
-6.594229679358177
9.551116064009996
-5.516063790947372
10.63073344106123
-19.49338204278317
23.42447080051447
15.18123611271457
1.203917858052074
22.1648299465064
21.74967475295438
11.73821581618338
5.532071582296154
16.14534574182301
-12.899152363614
-21.43798227958233
-21.31804124913839
40.57271199789461
-8.39235974196678
5.628052852347958
8.380382289236621
19.4527067575798
13.87335473653265
-29.06554566601442
-18.11335749269551
0.1199410312900556
16.14679723325992
17.70729329518292
1.560496060659952
12.79373736120904
24.39253091059014
-10.01145893645527
-16.21760317078763
1.240843998031474
10.65241523579997
16.22852886414286
-22.79293479048917
-22.41153184300454
31.48603320118281
-0.1214320758457777
-21.74455162452582
13.5286051702174
20.66387417136885
-12.92915397827995
-18.50850600152205
19.818910805607
-6.909712451334072
11.32358607771857
24.24926758768256
11.8798466742958
22.83203484906523
10.95218817446487
17.45844717070408
25.94762716938515
7.135269000726454
-14.66203944102353
11.07232446877182
16.81821545581824
14.98768486799639
-11.02431100805677
15.97786278947528
22.67150271692501
1.048383165731153
-12.85484159627394
-5.579352022227683
5.745890986617924
32.74806478287238
11.59879355025896
27.00217379757831
-1.830530588238647
4.430356783521769
6.693639927496227
25.32724278388905
18.45076937889296
18.2332985273565
12.92568150856785
-28.06818574086643
-34.94465914564623
29.11682028118119
14.02041259440054
-18.81235816999298
0.666980218654972
19.47933838887873
5.576113627703487
-31.60746527782492
-12.9738624222036
38.92089576100581
18.63360285641727
-14.65143071388598
-13.90322476198349
-6.876473404888065
51.89475818320913
57.18500602205879
5.290247838860193
