21.82095912638361
-11.49246130605827
4.122946041026907
-3.306579383221087
1.978733894742747
18.90477580972958
-22.48867862725476
1.364181268179365
6.313944296967371
4.589389211454049
5.71463520789424
-7.248478269991722
-24.69185766866206
21.44345084932507
-3.331160342806639
21.15302706768974
16.07346188028509
20.84922391878587
-21.5194225886183
-5.1587681733734
12.04277601157789
-13.2686192877476
74.09845671772122
56.40169710171259
73.15229265662789
-31.68368990355858
-27.88034954592997
-7.841171032445215
34.47914653070713
31.28768744841913
7.858318509429099
-7.359893086689631
18.19171850154798
21.83067863608856
-20.4535193525596
-21.44602368387979
-5.961339435428163
-4.481368066652065
15.77542782884948
20.95398176711424
21.15066931562913
-13.09596894891851
5.268401776947996
-9.457008812330798
15.83702675526682
-18.37299415201726
-29.05629626170637
-8.672588580808412
15.76675706829622
5.422894416319807
16.86786264378658
24.00366641948459
10.37949894918579
-5.079565187447845
8.785454823308259
-13.62416747037532
-15.2182115961764
10.3333999921766
10.17172109845167
-15.45906414353895
-10.68330211130772
23.79588856861951
-1.368390951366415
19.01531672852926
20.18771710422229
4.750340665977252
-15.90267464717882
-21.06346377626218
4.775762039136334
20.38370768097804
-19.69507282128752
-26.0079920922174
-15.88226754015536
4.066183869361605
19.59003653476165
-5.313642552162701
15.2373049403481
24.43934564740449
1.172400377062302
13.06937769972818
-14.22684664490714
-14.38852553846504
4.137524086557733
-2.943557309491301
24.08597549304837
14.18801680914014
-0.1616788935175685
18.36437073069152
-0.9925043333317846
-11.36996794597583
15.97215128866087
1.10110557485723
-14.13666863614892
1.492003737474294
-16.23191986003988
6.789846340945592
18.33039882802025
14.05664156194051
11.44496822833949
22.27444092952679
12.63637288189427
11.89697732203921
-15.43737643805319
-2.614236314232913
-9.638068046277299
-10.37746361006586
15.48468424608751
1.747980480991978
25.12275229026136
-16.58354746824696
14.90660938123501
-15.25060919508153
23.18200687473973
13.36571960198114
10.34906238281994
-14.61882811290329
-28.20427136385987
-16.16857326854504
-6.37455025302568
-2.380245243214471
-16.5906931586553
15.36221700922287
18.54626973579835
-18.33152794888961
13.15862889906842
-14.82627916278853
-2.784447351159327
10.2567906554596
-10.21614290689399
21.73676726303182
28.47902940908553
10.75510581148774
-17.3031671249953
-4.261929118872204
-10.24681285804585
9.513131422321607
-18.70323656550951
-16.46303370634638
1.332938272220153
3.505248786052644
7.21303471450171
2.240202859151527
20.03617483772674
-19.48108899448177
-13.43998059701765
27.95463395305802
21.03021804339793
27.30900546214264
-11.01961122049233
3.472892331726329
27.23312381051249
10.59493814139175
22.53425391476689
-23.13438401384307
-4.729401231924214
-14.21044791417628
-2.095251224243114
-17.11228615612249
20.92651497881696
12.82314012329521
-20.65301531178711
-2.901838243043735
-17.72392359716187
-18.96589798701817
-6.210342273545516
12.56463782601936
14.27685621613096
27.99294190379958
-15.01703493069468
7.616830977808563
19.65866278794316
8.420185016630409
-9.320941643039685
-15.01060535810507
19.96828249114404
-21.7212918526839
-2.659153842282006
12.0418318115805
-22.62743633481403
-11.23847777217412
13.04123800637111
7.056354266686941
-23.61247896618567
-0.5310215551594207
18.40407340169915
16.38591486560074
22.00035914133039
18.29483203892611
2.924163078758338
-17.74112665945646
-11.48709741197523
-24.67014820338639
19.75994428036424
9.802179275009824
-15.3706689599478
-9.95776500621211
12.75555571466115
0.3421407251300787
13.0951167335122
19.96545358474047
-12.74342079627588
-17.62015448824882
1.314940473486121
-16.61314483644127
-9.742807988829453
-6.65280011842406
11.58774370421933
13.83439837518681
28.53195944555041
12.75297600714106
22.71332072274228
-25.17284823473749
-13.08556152095683
6.870336849034016
9.960344717335017
21.28957068474489
24.02016170381481
-14.56080593542508
17.65719654379779
0.8821336932426075
23.08145741839164
6.158513827440189
-10.47967183839288
-18.65051311212232
21.33055169489926
21.26717286547812
-2.887545955499304
20.48719849150605
12.0872867157399
-9.712390586906809
-14.41126049036604
-4.876733691523971
-21.79967729971797
-16.92294359831662
18.9350949589341
-21.32354546959757
-5.68966371616472
-21.94866921333409
-6.929021543104228
-3.428256255372097
15.63388175403726
-13.24454352510725
-20.8216542468977
-0.625123744696642
-16.63818566583292
-4.698869899602406
-13.18305079104372
-27.26365514886852
19.94845140772155
-17.89501688708889
-5.736529805751136
-15.63448848734665
17.70085545106609
7.540332945688325
17.85659627573488
-22.55565998851846
-15.34999400663729
25.53291384581003
3.522615933898125
-19.7027255935466
-14.87104571563183
2.260528400920624
25.43534983408936
3.43780428970223
-30.2401880851182
2.856769535541985
19.11537848470431
-20.78643490141577
-2.018158536759215
15.76296715749073
5.614444276672018
17.78112569491076
12.16668141726913
-25.3113952993255
6.041108397843462
19.06213801001357
-9.816287271204281
-12.83294449266653
20.909946916877
2.035894027382882
-0.6456284903316681
-24.48174162150064
-5.160789130457369
-18.87405289125664
-21.5555754052073
22.67357368770884
6.278787418614307
16.3606544153031
-16.39478627313343
-6.312919271240604
-7.577110721934493
-27.98454771513028
-3.632374140762897
20.19653050269018
-20.40743699305189
-26.51763565105997
-6.36296516027283
17.46593947815069
18.4049827834377
15.44293962866749
1.85749637762004
-1.724555080480547
23.82890464326868
15.01964767009768
0.9390433068057199
-14.08060436097191
-13.5854432511412
17.13157411795434
-21.11503531237915
-4.17081956659448
12.00829378250012
65.70034746579532
21.04089513181083
-3.582051458672721
-2.456805456937507
12.0356980956336
1.125246001472977
14.49250355238765
16.94421574369134
-0.06337883074915746
42.15593044731699
9.678628204126531
25.29403555939783
15.52385266424967
-9.897958682751886
23.43738525759587
-17.69801308535643
2.85293439879382
18.87260994231591
7.913532591522165
-4.352731590731115
15.61540735117836
-22.01029791650999
-13.81233884788418
3.803340357628263
20.55094749339441
-10.9590773535829
8.197959070827523
-17.36974450368039
1.787291930407536
19.40297114573162
20.34831184387739
-5.328085383682599
-17.21400367650091
19.15703643169303
0.1557408264623074
17.61567920771409
0.945340696828414
20.03917851580284
-42.25860878744675
63.77856722885947
-39.62821810482047
-21.73969238125344
13.62380397724686
-12.82516347725822
-22.92140342905729
-1.00054772252436
19.53553483546895
-23.86030992170397
35.11357539093378
19.09383781948367
32.36069831311625
-25.67639722634661
-11.03514644583904
42.32031756384507
13.26686049337364
-21.31553197469806
-4.213463998508734
21.64536085277926
6.065203582893828
20.70645436163848
-16.13697803831595
3.184052728345291
17.10206797415605
5.178553937952253
-19.01730401341757
-5.099288770636561
20.75953607805435
26.84024645473882
10.61517565502788
-7.476751524022733
13.91801524404099
11.54055248918511
25.85882484931676
21.92085570469582
6.08071037792107
-0.9389064912935886
-20.29949862493656
8.680755692726553
37.50601513486635
30.72219531649363
-10.12800717956689
-26.50248687304696
-18.56753678783161
-34.40768211392142
-6.601865071141106
13.67629754445345
17.54658632549856
25.16510891227481
-15.84014532721318
36.11412311328105
27.80581704283611
-16.22507079965288
0.4052722920078242
-27.40054475036702
-4.705212615692344
20.27816261565021
14.07517436515537
3.701813376183343
20.33215646725864
-14.39011380385488
-18.66387107032842
-3.235566993938178
17.32933759138876
16.63034309160234
-18.09192717923882
22.69533213595275
-3.002818878230515
-4.273757266107566
15.42830407610652
-40.0275639092083
-11.10057237071767
44.44755302519926
-3.320061402602466
31.76298692252628
-20.98995767017598
-7.273871979772957
-6.292396605035995
13.29103260564094
20.90510749585522
13.71608569051796
14.69756106864956
-25.69815101546098
-18.08407612573767
18.62342638365553
18.78038698011832
20.56490458544937
27.1975041018585
16.17911334739441
7.614074890489822
28.92699153740289
-11.01839075661036
36.70750250799981
-39.94538229179081
42.86355929272445
47.42466376480095
13.74667138897303
53.69205368115319
-29.05345707147479
2.630390682625811
31.68384775533879
15.57804055535901
14.64125077962615
-22.20218162184655
-11.88591829165312
10.31626333135879
28.98025431922543
-6.202988250086123
11.48881136806204
-16.0134332780389
21.37288191068408
60.94581431463585
-7.129065899048265
-41.12339882455124
28.23443046088916
-33.50487623296306
28.82525944449053
37.38631518738415
-17.49144295346635
-47.69688553280476
-39.13582979178602
0.437102612417568
-1.763574122392646
10.05275012603341
21.79779994073647
8.561055741554373
-6.783819816569845
45.93331141043544
39.57293240431746
-17.44337939868645
-50.15476325161192
-32.71138385359192
21.36069732708724
-9.770931477411789
-27.95310773741868
-18.91803260829766
3.945239558543799
17.6846844841089
24.57940830735855
-29.63684079902385
23.08029042675501
-70.48704329448906
-39.25086914876653
-0.5234613521591939
20.55017562464549
52.71713122609221
-40.85020249577889
-2.530114798262247
11.81632424817414
21.95217610095973
12.48370939925103
31.23617414739137
-16.53144028566704
-16.37447969173223
-47.76761443055427
-12.68456610096978
38.72740779653689
34.73092726653184
0.156960595839297
-14.18569573467229
-18.18217626328275
6.88794124055181
24.25149121847599
27.45561596231034
47.41549336587767
4.561104472568952
34.52500348005436
-3.996480530035304
21.0736369766487
-12.89048988455512
9.035075128964134
29.96389900699296
-33.67799237527473
15.67757419361292
-3.532062698655102
3.094327508259142
-17.81838751271372
29.72181087305726
18.39350231026686
-14.28632481451436
21.92556501135047
6.378120754307866
-12.37917132461868
-15.10495521402592
13.83618925993829
5.529213532635119
-21.22118235966621
-3.307339232335531
22.63655390021971
-17.96716567110679
-25.76387464257199
-44.65945233690321
9.453753182240941
-30.39921161508465
28.46162064554741
4.81841620883007
-28.08300532333323
-2.293340224232874
23.54795922431792
-18.89557769653762
35.21762782335128
2.316206292652189
-31.09908163889505
-24.15471882220499
42.21930927970309
-17.79019435162817
30.0158053417764
-37.47807671654561
6.364524472016648
-12.20350394015133
33.18358834091572
-1.665846036688791
-20.56347813685929
25.44323381450397
43.84260118855065
86.4209119448473
-37.17132397130624
12.30733802315927
-20.91271502051696
26.62748336576327
-17.29160966141578
20.18405916395134
42.57831075682614
47.80599969435071
17.36354997987089
15.01382419529893
10.13585185421789
19.72190021231216
11.74504981530565
-9.468466699240613
10.69417590289185
21.19945599325285
9.586048357840021
-22.50582906866975
-10.09571796376771
20.50125853010373
4.723740487640931
-18.41365881840698
16.25860894997591
-23.64320443615406
19.87971431084793
-4.91366142246574
-29.5989476854432
7.87672114053002
26.58842132459083
-13.30268306321736
12.73691368427718
-49.24302392911414
-3.071346213551657
30.62780696508306
39.50908573439224
46.24489204621908
25.42270960318726
46.1716777156552
-17.69675961614126
25.78966510000078
-12.27410320434952
-38.64297686915971
-33.41528793173005
25.84129944950287
-38.06376830404312
-17.31480019050996
16.38435298952844
-6.443424201531469
14.26074749092751
-11.32830856546427
11.53496360115309
-24.79337573436927
-11.92100930736091
16.29626462363876
-18.75729207658111
-6.020386230451217
7.458068504044016
20.77230850807712
10.93232939315974
18.71170018419474
20.70417169105405
-22.86561318092745
-9.537400010095649
20.43348609286658
-8.625842497638249
1.992471506503272
14.7293773533601
-13.85150764048403
5.002116806012945
23.85573470750996
-1.137211229417495
21.81480939905308
3.269327778332979
-23.90488718800921
-22.16051671023924
12.87236642806363
-9.456946460664778
28.21727393296804
-22.32931288940424
-6.712227808902225
7.193968454309519
12.73690584632238
-2.725783888940561
-24.99294593612222
1.046650812212696
19.90027525831002
14.75959304775721
-2.040925309822335
26.03959674829164
-21.02330548056991
20.74896811334536
-43.11946921955438
-26.36887366490312
33.69915317961498
16.75059555478317
15.61708508143918
-9.727260547881439
9.014561328837202
16.95271562343133
18.85362444605416
-5.140682210706378
19.20075154061958
18.741821877064
-28.78422615731483
-19.84587113162683
-3.427672610637563
-16.27876217567561
0.7755371343560772
14.48785111966848
18.12559804299343
-20.01059512155177
17.79373302945829
1.077012695972814
-15.25989438501421
-25.19643179923104
-16.80051835742259
24.34143375158064
2.99764636312297
20.05194567139174
-17.54059454077511
-5.185836677679522
-18.54548162108669
7.292700739011372
19.79816471975762
17.17897085127594
8.850742846233489
29.80379489807312
-7.740354526411371
25.83818236046455
-27.1742149664492
-0.0651351153191843
12.62482404679745
27.01125607307716
20.58564076694168
9.31222009568404
18.25057512281916
20.95305205202545
-16.59109737594073
8.938355026411648
12.50546398130232
-25.90331747492037
-17.05724626631613
0.8582774644406309
28.65618556629672
26.73237730235943
-5.593189414220654
14.29375274518552
2.70247692907289
16.41819852177573
-8.041812511452415
-7.48548569685476
-17.32546481200002
13.27237790180712
14.31871600190116
15.5224743013369
13.71572159306498
7.960816721092344
25.17977844451327
-6.425615307083726
20.97524395909177
23.85285989465896
17.91552373074927
11.46405685173755
-0.4589296632317867
22.83997844745556
-4.289488080443435
16.76287693314395
13.06057282504327
22.86327216578333
20.63416874837801
-20.77791445371499
-2.964997640968987
11.75163922852163
23.72619471287512
-17.57378970760661
4.112123690603136
-10.67906588376735
-2.349725786966234
17.81291681307272
3.204124745781287
20.16264260071883
10.50528008985573
14.71663687030105
4.21135677977837
17.59446429582855
9.276523434431425
-11.61340763428457
-16.36541216332249
-2.982304642017274
11.83715382934812
7.120013886564351
16.21964864183719
11.97455548480151
13.38310751684085
23.48542605230439
-19.61407102191337
11.51087056855445
2.494733206972124
24.65640838319276
6.894723824039557
4.092170255169858
-16.7977607984783
-24.77461119224886
-18.89763210019105
-12.16182578794508
27.10907985123669
1.744370477188289
6.735806312266151
13.90619626414876
17.22180659474799
7.938154294955146
-6.077101513025077
-9.779405623881935
16.00797000026348
16.2834270015478
27.40085927362106
17.21896172294147
17.05429930915035
17.35006090658978
-16.357176719757
-9.872962878375413
-3.042936712421359
17.71492688680509
20.86950409877969
12.23584135139114
-15.88939498935515
-2.743857176430271
8.992564941758548
22.51910614760737
7.859279706928927
-6.789760230073083
14.81945846138712
-8.317940861746671
-15.77751804508756
3.254016689410451
-11.39502323852499
4.382494808909485
-20.88993106366005
-14.45414855280777
-10.81640162588869
14.97097400145805
11.41995128320175
-9.283652300217042
22.36052851328624
6.484213843544836
-8.306975729020161
13.31424000497885
-14.79118957288144
22.10880422863062
13.14553781389546
9.099634756677395
3.637746924983643
25.87409983758629
25.78737562547745
-20.54239285654473
-9.447048222678957
10.25598732807181
-5.087934115906247
12.61668206303191
-1.923808262660744
17.43834090543353
-14.36243282238748
1.101433813981059
11.09534463631181
-3.551022719833172
0.275457001684739
15.45445873952034
-14.64636735414692
19.70303554949434
4.715781819402551
19.36214917070683
-1.729466620480214
-16.71672033688807
11.59874654398998
-14.98725372402581
13.32821317083193
2.360694731661596
14.23977069571238
-16.33690708869086
17.88852572462773
-16.10580720121758
-33.99433292598717
35.36349635921895
7.618522589182196
5.227688937336298
-7.97685039753827
-10.18189755410689
9.705044606330958
2.877615940772475
15.23237381735652
19.88694215946564
15.46386663772804
5.527329206069031
-9.936537422937947
12.35475786904727
-9.839979115031356
20.75786359894429
-19.33112193668018
-16.17654472351659
-4.183695506352218
11.95932923967998
2.882651853526788
20.33850738451242
3.154577213663784
15.14742643058208
2.250096399002618
-8.633662746978407
13.52801242998551
19.05919657758369
-20.69430976472812
-6.593221429772012
9.549803319551842
-5.51530803151297
10.62915336032407
-19.49055146150003
23.42117989957875
15.17900173544728
1.203758300742743
22.16167517655366
21.74636428547486
11.73642211901506
5.531184149688815
16.14302474713551
-12.89733003134146
-21.43631615482798
-21.31565571035845
40.55114291904541
-8.391769717585673
5.626685324625148
8.379178146120779
19.44986260341465
13.87137658002726
-29.05932859199645
-18.10925802877711
0.1206604463648077
16.14446139406908
17.70461617561691
1.560154778755354
12.79202654232382
24.38930132346949
-10.0099421658688
-16.21518013582891
1.240675393387858
10.6508119636863
16.22608237720505
-22.78944230779628
-22.40791720442028
31.48066002670415
-0.1214921714542004
-21.74116807739393
13.52654120727793
20.66075412817477
-12.92713710964373
-18.5056231361002
19.81579150465754
-6.908348353595638
11.32157013258987
24.24545613162098
11.87907597647382
22.82914654274072
10.95007056554722
17.45585553112251
25.94389313260894
7.13421292017576
-14.65982643962203
11.07068445764626
16.81567611886829
14.98540698572302
-11.02261557021743
15.97532138364154
22.66795014138023
1.048274229799614
-12.85288470333706
-5.57848602469905
5.744991660869866
32.74292861254363
11.59727478274015
26.997936953844
-1.830269133477104
4.429664629735853
6.692628757724004
25.32311385643512
18.4481196743804
18.22991848254827
12.92388599590197
-28.04946341289922
-34.92445759459381
29.1095703340874
14.01845504232237
-18.80968021549907
0.6667491275969358
19.47642934348274
5.57527041260061
-31.60215220006878
-12.9716671031786
38.90205336588067
18.6304850988002
-14.64903993246879
-13.90115893277905
-6.874994181874764
51.87372046905911
57.15903374700504
5.285313277963384
