21.81270114203878
-11.48917740876501
4.121787442830233
-3.296567161718995
1.968721673240647
18.90939952595503
-22.49257330538409
1.364515985788926
6.311904233009635
4.587946366673281
5.712885165390001
-7.166433895675249
-24.69747566639276
21.44715133479151
-3.332263470169246
21.14993979032947
16.07202155127285
20.84663813356259
-21.51859402676724
-5.157107413087328
12.89347601348778
-13.26522001098407
74.64827162379942
56.84480281062047
73.71098134140327
-31.62953424702842
-27.83231329278937
-7.826258507889864
34.06356206746323
31.27452534278529
7.856016038680804
-7.361114928164227
18.18546485995535
21.81935479728857
-20.44558962794921
-21.43770795841339
-5.958683480054533
-4.479611910020087
15.76854641095983
20.94432741017618
21.14455708429434
-13.08906048964528
5.267553685873031
-9.455170545496879
15.83239563871041
-18.37047640886609
-29.05239992491736
-8.67101333244578
15.7623268284371
5.422252623421286
16.86281638671691
24.00360895844214
10.37862182204336
-5.077918239063899
8.786477991464899
-13.62498713654152
-15.21713096697731
10.329448821407
10.16774189434642
-15.45654008429228
-10.68192352245803
23.79272903217251
-1.368408047542614
19.01297853919079
20.18499761173074
4.749546309942893
-15.89964655937467
-21.06003607036862
4.774616585019064
20.38138659139594
-19.69162801006333
-26.0037455468272
-15.87700340251197
4.064423012701219
19.58008907304525
-5.312161418545561
15.23033405435948
24.43334015908686
1.172019075875534
13.0661167116639
-14.2210086342266
-14.38271556453902
4.135605558680522
-2.942151801955638
24.07703196595541
14.18282056566598
-0.1617069283451986
18.35661419148555
-0.9921183316597781
-11.3672234456267
15.96597771999454
1.100489559145988
-14.13036688637107
1.491506010300436
-16.22470340967639
6.786593115430897
18.3198482731109
14.04843861240278
11.44056376312797
22.26920274078829
12.63394066971717
11.89409763377283
-15.4354513007351
-2.614006802668472
-9.635262068926139
-10.37510511049127
15.47902447664336
1.747556479632023
25.11428654366936
-16.58073526443393
14.90184733015001
-15.24794746978898
23.17906497272039
13.363992145496
10.34619228389758
-14.61668451698562
-28.19954890057053
-16.16307644885261
-6.371936865200766
-2.379191520606826
-16.58437607667708
15.35529302495775
18.53776848227781
-18.32829174321906
13.15429084902862
-14.8236525636102
-2.783888565295277
10.25369364947924
-10.2124392118449
21.72722989039424
28.4668800300635
10.75067060916893
-17.29835683747526
-4.260774622126538
-10.24365990214547
9.509655143583608
-18.7005945607476
-16.46076489718076
1.332787794175134
3.504639179450219
7.211937858641731
2.239829663381062
20.03338235485627
-19.47848308004131
-13.43725501080929
27.94683665256985
21.02330634139421
27.30136676190029
-11.01818682231638
3.473930562493527
27.22831431205999
10.59324041278266
22.53044451339127
-23.13161375030558
-4.728963971916535
-14.20518455570151
-2.094336523117529
-17.10578175452258
20.91696000314936
12.82144449589314
-20.64919286823505
-2.900597199364803
-17.7162094201646
-18.95722488693511
-6.207582400194951
12.55693260345974
14.26796073476838
27.97502893586234
-15.01144523100316
7.615732893847627
19.65549688934915
8.418829916731626
-9.319621813127299
-15.00844587310067
19.96540407359687
-21.71831274360402
-2.658774692733965
12.03976399815613
-22.62417876708118
-11.23666697336918
13.0375822150617
7.054696935555954
-23.60941763559613
-0.5307281639887867
18.39997685551555
16.38243598604671
21.99517216292701
18.2913639090727
2.923629031456926
-17.73845172926193
-11.48555148055908
-24.66645317012752
19.75331504651934
9.799928636684012
-15.36773487753689
-9.953386411314218
12.74964248856384
0.3419500691930603
13.0892170296341
19.95739969127685
-12.74051510127319
-17.61636313989885
1.314341893438518
-16.60502838730941
-9.736845730028069
-6.649266437502545
11.5761407493069
13.82627670125528
28.51229046360826
12.74726695717756
22.70302890321729
-25.16766351414172
-13.08246516741589
6.868182658868381
9.955761948866586
21.28663832821062
24.01693490411416
-14.55750890187972
17.65477053773156
0.8819813811416717
23.07868949688677
6.158028558575545
-10.47704532946052
-18.64305780056739
21.31298648105577
21.23822966544578
-2.885880817609071
20.47554313675473
12.08519835186668
-9.711310689132594
-14.4091805130533
-4.875848035575483
-21.79650903309803
-16.92066096359004
18.93070502629456
-21.32056012948934
-5.688824059840187
-21.94556200625457
-6.928001438305363
-3.427801978904489
15.6317360704483
-13.24287480013585
-20.81889451253555
-0.6250018796634994
-16.6350738880359
-4.697869811294765
-13.18090169060579
-27.25940849250756
19.94142640908824
-17.887336524189
-5.733640922497898
-15.62785232109388
17.69082306873198
7.536602794044403
17.84633999336112
-22.54113956752526
-15.3398028416477
25.51201137149796
3.520301387418108
-19.6895578348328
-14.86548816254738
2.259484204165243
25.42393932019165
3.300807025199055
-29.76849430300277
2.884262264747918
19.12426322209215
-20.45530094781014
-2.017540872162687
15.75717698568726
5.612736180207388
17.7747178605438
12.16198167734218
-26.15869602447173
6.041228066695426
19.05953805015166
-9.815072822580525
-12.83287268987234
20.91046338824493
2.03636263510152
-0.6454698886162956
-24.47290609048134
-5.160389515709202
-18.8741007576171
-21.55593327044021
22.67360415613199
6.278060419927985
16.36148661385729
-16.39554374970586
-6.312117537824538
-7.576019712050687
-27.98067666352351
-3.631867789912349
20.19389263551736
-20.40465695182204
-26.50926873220095
-6.362164367477746
17.46359604122545
18.40264978376788
15.43949028302083
1.856625898951011
-1.723957848806611
23.8257604248628
15.0175605675496
0.9390537479210278
-14.0785068120341
-13.58286438434044
17.12497236768741
-21.10329039330527
-4.167140674715406
11.96798044450492
65.13738916755632
20.73963518886099
-3.580583749697598
-2.455644932613129
12.0364724530608
1.124938816246401
14.49211738521556
16.93614971654639
-0.07475681686155064
41.84292558524307
9.676601277999874
25.28756615716866
15.5156660551427
-9.894211399442741
23.42446399378906
-17.69091369920818
2.851581745993791
18.86010423490898
7.908797932523752
-4.349755006486261
15.61096486538214
-21.99170999985822
-13.80004870856516
3.797220954238584
20.54249547651151
-10.95130631104522
8.191661298825627
-17.35735711349393
1.78561052827804
19.38288022396056
20.32860339092469
-5.323989965994497
-17.20184018394783
19.14296763471052
0.1555169284281624
17.59726967033622
0.9457231622254324
20.00605479311854
-41.67300097035064
63.97120851190097
-39.09646551043149
-21.47549298599333
13.70190795444998
-12.80250451092454
-22.88857584461066
-0.9923554704378224
19.43019915277022
-23.82661112649106
34.82477370719596
19.06033163227188
32.23270366402302
-25.65259335589106
-11.0241066164601
41.88982057788321
13.1723720312376
-21.30232206376732
-4.210688188651655
21.62756836819208
6.061046349102254
20.68953308791446
-16.12654106728412
3.182475458719273
17.09163387292746
5.175780998333869
-19.00506082859323
-5.095902417314025
20.7423541359767
26.81746678745704
10.60729013774145
-7.471805667778757
13.90915841280901
11.53325516029282
25.83825655395409
21.89622037225246
6.075112652802068
-0.9380352804176051
-20.0540577443111
8.487366463110376
37.14759935724658
32.32942825989898
-10.5959825535109
-26.22984160968931
-18.41901061564424
-34.24011833441291
-6.577858340389549
13.55784933468794
17.39811856190493
24.91347767597241
-15.82110771994139
35.81712917749778
27.66225999403878
-16.21017664959599
0.4025280671583377
-27.25973192636735
-4.675928853593477
20.13570767509295
13.95992380725564
3.698850437378574
20.31155515339702
-14.38024536890664
-18.65165502961334
-3.23355869835518
17.31245447559935
16.61270471663429
-18.07909580561757
22.58380307400825
-2.999100680092426
-4.271409660465746
15.41809633085173
-38.04697765782355
-9.631628728754965
43.14547254350424
-1.508616898331423
27.73322689669474
-20.97487648187709
-7.267808278153316
-6.288862724608117
13.2782048956947
20.88751555092443
13.70706820389128
14.68601376071862
-25.58290375533463
-17.97359310049727
18.56476766187026
18.63585266008155
20.54601317394579
27.17637827644962
16.13512111757017
7.609310655561891
28.41534892793782
-11.04125716097525
36.53836076093008
-39.45660608664317
37.36485562488932
46.78210396327165
13.71280263397515
53.16940872095932
-28.71744854965068
2.576535459918479
31.29398401343651
15.39457455420916
14.62848673912161
-22.18758741800827
-11.87785021734341
10.30973720127501
28.54142420902292
-6.175783867390352
11.35562834148957
-15.85129798166147
21.3319725137524
60.883588752714
-7.03207098064133
-40.55245297198836
28.14532996333452
-33.03709385318973
28.66023289651444
37.1832704940431
-17.18579586987172
-47.63830305278301
-39.115265457215
0.4363507819859388
-1.764505183333788
10.05401575275346
21.80156298564048
8.523037596158215
-4.818171095518733
45.87379786944852
39.55161623933271
-17.53104177073346
-50.26930055745034
-32.73825878903782
21.36521219993914
-9.774512225808543
-27.99688146706844
-18.95217223158592
3.94693441303504
17.69218990093586
24.589175872098
-27.36454811270218
23.32742085098251
-70.28995892544923
-41.34081352991046
-0.3935051766860636
20.79460999466854
50.69196896402876
-42.92541081309142
-2.532810852439196
11.81852093566865
21.95594321855487
12.48493760712969
28.94914539717185
-15.7049440499984
-15.63385905439232
-44.65408944462911
-15.41224564506874
40.94730835311792
37.01892895036353
0.07108499754741796
-14.29398984352709
-18.22236924482776
6.894125326189358
24.26184955854013
27.4667021274574
52.43117459377125
9.417248338912598
39.51864117450442
-3.928379402750501
21.18811517116604
-12.91253341796155
9.044709235233148
30.10139283506171
-33.06930132870024
15.82345619554341
-3.523157416961089
3.090915612497851
-17.8010940570819
29.77437032582018
18.43408523155791
-14.27793664061438
21.9572426509889
6.380288854713686
-12.38278028844171
-15.11147683340691
13.83998642930711
5.530764623572132
-21.22294379486263
-3.307564828708114
22.6385661135424
-17.96890359972054
-25.56548668249179
-44.39775398156376
9.313193353685257
-30.11898818314472
28.09925506427165
4.759691852043047
-27.81753328718536
-2.250729494537754
23.23142979673622
-18.83226730122503
34.87868003466956
2.301454896811214
-30.98824443168442
-24.1241104842317
41.91768240369134
-18.3145095215476
29.76170527756096
-38.3206777017416
5.809600964069531
-12.15597712830588
33.22555915255732
-1.670374808413774
-20.37835880370652
25.46991560311014
44.13027866574371
86.97620135312954
-37.13201062797592
12.3274822919157
-20.89200966908588
26.68345471422231
-17.30099902496501
20.22393708563641
42.84592268812222
48.0762148000022
17.36772423442125
15.01774845713638
10.13742228474916
19.72573805193017
11.74754723390268
-9.471005608639253
10.69662124049795
21.20421582050042
9.588315764189177
-22.50969276054383
-10.0971635566115
20.50419881165781
4.724129615378891
-18.41670385861639
16.2400009581173
-23.33956321171038
19.83101160394606
-4.867825268721003
-29.62848131764674
7.89645479347872
26.64908297190968
-13.32503364877808
12.76510957402795
-49.0931547650051
-3.063805431038855
30.28038554068065
39.04109119183492
45.71340875353789
25.40813757426035
46.02934933449929
-17.80346881372114
25.56680379349922
-12.17456358191592
-38.51999144026714
-33.28969932862619
25.48215929218649
-37.74136737505848
-17.12015561150429
16.22403536425634
-6.459517628197897
14.28751809205355
-11.34028509697802
11.55882154687927
-24.69883687371146
-11.91605262357628
16.30344766971524
-18.76306914028883
-6.021846705812536
7.459697572315333
20.77661984737653
10.93490097201673
18.75262817867592
20.74703571871364
-22.87302727085465
-9.541464499049562
20.42730206217055
-8.628903115996486
1.994407539593471
14.73562997417644
-13.8839733979258
5.004778033155835
23.9023796159901
-1.140500977732618
21.86086121788263
3.272768251690182
-23.93221981257189
-22.22665605318479
12.78278425117929
-9.25812392862383
28.21950029495139
-22.04090818052452
-6.60788496774713
7.133345221630869
12.74122243441025
-2.728696544397278
-25.04288059287694
1.047262631230916
19.9360140617014
14.79172063669096
-2.041518399099618
26.0901432241422
-21.08615507616076
20.62121176327922
-43.21160638866562
-26.3454278583677
33.3441909745079
16.86617853024261
15.43302321388238
-9.730851941193185
9.017203480354356
16.95674767699563
18.88875143050509
-5.14429342489928
19.20734464635871
18.74805542147328
-28.80260059369266
-19.85533792701149
-3.428785298810473
-16.28737057176568
0.7754598694892221
14.49081378331562
18.1290973414691
-20.0103321829553
17.79793139460588
1.078140286039971
-15.26007148203342
-25.19723212121415
-16.83323903535401
24.35163807096098
2.9982069543954
20.06103739508911
-17.54488353745714
-5.186899938259118
-18.58809296604854
7.316215966181784
19.83144598850174
17.24007711878587
8.876145929998929
29.86822609083509
-7.755643549446998
25.90430893208651
-27.20498806437392
-0.06469765289092197
12.62814897204953
27.01823050826922
20.5912866174341
9.337217079955227
18.28447974785346
20.99208016106459
-16.63178949020253
8.947262667289721
12.51523002252864
-25.96900658091414
-17.06115084656739
0.8584482331519242
28.66042415901585
26.73626584824982
-5.594623601943529
14.29603764773411
2.707600413257215
16.42655262791139
-8.043064243519032
-7.486739255554133
-17.32845813087224
13.27446462889518
14.32087271778865
15.52483226486154
13.71895221404526
7.963137648994455
25.1854794536115
-6.426943894445061
20.97879200951354
23.85708928846405
17.91959908185615
11.46652724118431
-0.4592892251759825
22.84382036039455
-4.290600675574374
16.76564885690053
13.06303679521188
22.89910664308017
20.64224145853229
-20.78350048412251
-2.965849418598981
11.75407089850579
23.73075420156212
-17.57864791247031
4.113051739720593
-10.68166193995401
-2.349975779919152
17.81765106618735
3.204852570988003
20.16762684724153
10.5075945773164
14.71992031822082
4.212325739040517
17.59785323767877
9.278312912967476
-11.61590005254224
-16.3681551038125
-2.982627588673962
11.83866565046181
7.121080551320207
16.22185321702189
11.97668330284658
13.38552749982291
23.48923566277887
-19.61770246230585
11.51255236434383
2.495083625298583
24.65979272576817
6.896985971875381
4.092988919019378
-16.80122399657653
-24.77941480527265
-18.70798399537707
-12.03566643230271
27.14029041159435
1.705563759575825
6.672317563158209
13.74123019048263
17.22493808156262
7.939544196197667
-6.078171503018596
-9.780783565798258
16.01011595923093
16.28576545835524
27.4057359288144
17.22234180302761
17.06283044097456
17.35363747075879
-16.36035321884525
-9.87486135015158
-3.043430939726338
17.71777294447529
20.87281275261512
12.23792474146831
-15.89139182275541
-2.744151467182085
8.993623369695747
22.52164151990667
7.860302742409829
-6.790619143638899
14.82129320556309
-8.319540326113069
-15.78006920538541
3.254040197994744
-11.39688165862995
4.383187554170285
-20.89421294904431
-14.45624328789219
-10.8179597230839
14.97293980546448
11.42157432314812
-9.285393886633386
22.36393696089826
6.485491870128774
-8.309221807288157
13.3169222765235
-14.7947136780345
22.11278608878363
13.14724035880068
9.100772670310768
3.63828356032017
25.87781761460806
25.79089952569626
-20.54504147661183
-9.448357657792462
10.25690398511958
-5.08843820787703
12.61826780870132
-1.92415830712191
17.43999979251502
-14.36438651492589
1.101787987151531
11.09668382524615
-3.551365485884196
0.2756494995122157
15.45660326236825
-14.64804930296118
19.7052616388165
4.716108817986647
19.36415810988026
-1.73063834636319
-16.71979111983716
11.60092440402289
-14.98915279892112
13.33156277180515
2.361363812613296
14.24412419664876
-16.33821179457975
17.62097252800368
-15.89940946309426
-33.52038199193403
35.17740094220961
7.515359116433076
5.230292111624334
-7.978190821036896
-10.18339413634081
9.7072671181521
2.878297296952139
15.23628094271193
19.89066125041422
15.46617450616484
5.529013807179394
-9.937160669083157
12.35798361982285
-9.841718875338955
20.76120388432561
-19.33369354177843
-16.1786537279973
-4.184272297248572
11.96079360828673
2.883007606091744
20.34088692299208
3.15503981172246
15.14942124676665
2.250367635077074
-8.634888010370116
13.52982109253344
19.06166133330491
-20.69703688459513
-6.594023712754796
9.551042200753846
-5.516083132081395
10.63045881429903
-19.49307732842036
23.42402331893282
15.18095375882581
1.203959549902088
22.16470910212692
21.74883810841398
11.73777483819574
5.531840240647815
16.1450659086444
-12.89905361288228
-21.44103823398475
-21.31848486703714
40.4782150762741
-8.393701806223143
5.624592356832991
8.380093317986331
19.45179980798612
13.87298111806409
-29.05620518332897
-18.10699934093216
0.1225533732099151
16.14654195269244
17.70670600483486
1.560164042992307
12.79356451316421
24.39213032752098
-10.01106326848207
-16.21699786745027
1.240881446913981
10.65182003971535
16.22745724281817
-22.79002878250716
-22.40808758364794
31.47933596391278
-0.121754206039903
-21.74157782910402
13.52801815438377
20.66288330476263
-12.9277456485171
-18.50656434514524
19.81649722379912
-6.90799852712912
11.32155422290952
24.24633730439923
11.88276042582588
22.83196627792631
10.94920584963422
17.45787931635756
25.94613094247244
7.134865148426099
-14.66133877386487
11.07170649003558
16.81699629885087
14.9865757978975
-11.02326691883026
15.97568614581861
22.66827459296863
1.048450951258556
-12.85368741800335
-5.578818691780066
5.745289808779824
32.74424286746811
11.59856581893777
26.99895306437769
-1.830420500929451
4.429840088887071
6.692588446879077
25.32188232321749
18.44813426009367
18.22955273833098
12.92478307115185
-27.97987465774716
-34.85362271991993
29.08938232721284
14.0182941632716
-18.81126580431497
0.6665097567539452
19.47777556210425
5.575637201024523
-31.60109017649414
-12.97179630633756
38.83217184375904
18.62929387669788
-14.65092187133675
-13.90213836750529
-6.873748062648126
51.80396815009672
57.06925698500819
5.265288834957723
