20.44477299105963
-10.77471774855665
3.859527347996647
-2.826980176824466
1.499134688346294
17.7695443927501
-21.03314758556388
1.283213833493167
6.429428439118308
4.673404258167751
5.818442271309843
-9.893236864129717
-22.98285721335011
19.78582872017411
-3.106530947368844
19.83571180736808
15.06766646075099
19.54546598136566
-20.04563924435681
-4.790585830335588
21.25495028692804
-12.02667539628733
71.68968670677978
54.20514424889134
68.61963778264418
-27.18116228267345
-24.09586181727326
-6.917669207309007
28.28609732594672
29.29633375737318
7.335243474536394
-6.981038877008098
17.04908971496513
20.43538359608465
-19.18130340323819
-20.11450510998624
-5.585143738578721
-4.201569249628244
14.78901473477063
19.59565766240133
19.83320560804218
-12.24724404265071
4.946560532275601
-8.860950161288768
14.84316788446969
-17.27646493705788
-27.31824901246178
-8.160636639680408
14.77583742780544
5.094280350404032
15.81065469623316
22.56163391256742
9.751538247471128
-4.768045346675769
8.24535156099342
-12.81009566514801
-14.3162823515741
9.71384624045843
9.560649623518787
-14.51958359491331
-10.04178407521755
22.37074528789413
-1.292521761709378
17.86509061184982
18.95893657040645
4.459651483697582
-14.88831557176507
-19.71088052943153
4.477799520461975
19.15761237328925
-18.418358767577
-24.33605181171522
-14.88664507625022
3.817783310492168
18.2890366080378
-4.990037722494226
14.25442713322166
22.93647406582215
1.093845959183736
12.26246534177412
-13.31950238051649
-13.47269899599464
3.874302195544469
-2.756324647818656
22.57873058111863
13.30302580767096
-0.1531966161670929
17.19380457553298
-0.933201709069032
-10.67400872238407
14.97973415662433
1.034817267227239
-13.28944269327562
1.423735027674753
-15.25167163579765
6.313380183957085
16.96773211264235
12.99858892167095
10.71637434709557
20.90942639132208
11.857692286265
11.16861938248702
-14.49928508684016
-2.459499306799836
-9.051734104000678
-9.740807011075111
14.52936136879786
1.635461652876991
23.58109547061775
-15.57127422711
13.99409528238498
-14.31719159260532
21.64336164074602
12.48064942200386
9.656089151754953
-13.60020208382022
-26.15950823766591
-15.03845954077275
-5.985556580262279
-2.223346324168907
-15.57255676458482
14.38860189061341
17.37947655529815
-17.20673587982697
12.35863362845432
-13.92054594827261
-2.619231932383919
9.636799265454039
-9.587000185927133
20.37415847186644
26.77611560233251
10.10070893909386
-16.26413811250415
-4.008106915566632
-9.632650757954009
8.949013870566924
-17.54881257013906
-15.44755044614851
1.254082633380651
3.286189931550256
6.763109423624768
2.101262124043773
18.80289520354187
-18.23422525824341
-12.58485762952873
26.03567834526068
19.57509995441492
25.42760722838714
-10.39820755926571
3.239222559989114
25.50636164048995
9.954301703652764
21.11191662025576
-21.53512014335314
-4.437371933316962
-13.34921043881113
-1.962228943080689
-16.07104479979531
19.60282287909686
12.03978578013559
-19.34796705398285
-2.721834362291627
-16.67540666291355
-17.82710173194459
-5.80236299006393
11.57485389562716
13.19380470351138
25.7837983592788
-14.10881585523275
7.148464370223339
18.44977838511998
7.896208875961723
-8.743082362456445
-14.08103906133601
18.7337403771175
-20.33548738091183
-2.495763051247973
11.30131401588439
-21.22950342999365
-10.55356951006261
12.25603119738782
6.631487354104348
-22.25962109389304
-0.4977533434900993
17.28708993058759
15.38262809040351
20.68612602096545
17.18505686420189
2.75081111150673
-16.63929123834976
-10.79270297493768
-23.13986137767784
18.58166462821663
9.213959897397423
-14.43424575242525
-9.367704731442227
12.02473874282859
0.3213096835038508
12.36673373886677
18.93714186123606
-11.96310668668252
-16.55108301877305
1.23376025679076
-15.56441185082878
-8.994003731783437
-6.217392428243874
10.4775798266854
12.77877526932822
26.42975355323778
12.04542405488789
21.39244347557937
-23.64820564955258
-12.28441637072068
6.570408120400678
9.347019422009476
19.83652369800875
22.41459969690089
-13.67089795928525
16.48795488294174
0.7938034499086751
21.76186775099957
5.836985742243006
-9.715074194307659
-17.70338160460803
19.47158356037067
19.11598558525504
-2.72307194714676
18.99616769542174
11.36378927958936
-9.149069064220786
-13.54351408555227
-4.587976332625011
-20.51285834276292
-15.9248820093529
17.78484327437053
-19.97999818564191
-5.33795670044509
-20.58537562017255
-6.500570139156131
-3.19768284314475
14.64204148572566
-12.36039505997754
-19.3985263166438
-0.6053774347630797
-15.55205993655054
-4.394445020782859
-12.34715840184814
-25.54928855386045
18.70442838658536
-16.74709347007633
-5.356955138702852
-14.63265990960307
16.46950539844071
7.050133441331638
16.61048976144405
-20.91935221768913
-14.22552353221415
23.62006253061128
3.267639194762498
-18.26013300632095
-13.94491689127479
2.114433561692564
23.79722691247605
3.414549665218572
-33.65714098696286
2.828869426805155
18.18831120150818
-23.46102538603605
-1.904461840081615
14.98030965762378
5.303497930609734
16.88477149760291
11.58127356678236
-33.28162568321521
5.649367630190789
17.83972432939908
-9.162712218352313
-11.98727248961549
19.53473302617064
1.898092906478517
-0.6080711168457568
-22.79645578535045
-4.822564957775065
-17.63664012043056
-20.1428041426857
21.17274645812991
5.852507274010353
15.25505341403525
-15.32023918458524
-5.917693044162342
-7.03813125700086
-26.08085150577091
-3.348568815024676
18.79314888154487
-19.04272024843553
-24.6945486923243
-5.926644813899855
16.2150728820479
17.09774821010519
14.46470140919375
1.905395255405654
-1.756024180632488
22.14171769652715
14.08480548098621
0.8826753281261088
-13.20213015252329
-12.55930615381461
16.05935045453139
-21.0651284759112
-5.112954744843521
10.48825537511837
30.18794616794939
-5.33447824477289
-3.66141943609242
-2.51638142258814
11.12104869682395
1.145038013460225
13.63743011933366
15.95217372895626
-0.3555979764731866
15.73065023428009
9.069872947269825
23.70411804467999
14.47125329792436
-9.275704772173993
21.82646053724415
-16.58524564306273
2.659219211613824
17.49316272722186
7.355207239119379
-4.034609474352222
14.63424509698182
-20.3524233362191
-12.80489266274607
3.085300465399857
19.24446485557747
-10.13795548866758
7.547530673665448
-16.01380072648782
1.67168543711853
17.56187856636615
18.36407153542073
-4.894766392092567
-15.87281636188276
17.68548616297637
0.1409843640378927
15.8901931283382
0.8021929690295553
17.17819261005799
-37.14563044403137
40.48791683607852
-34.93936854084238
-19.30690225970148
4.887507617803611
-11.21820710656116
-20.36434125120169
-0.8006198368178492
16.21445815911913
-21.19695305300697
28.97694142819192
16.37599964121166
27.4326652660953
-23.25883792622628
-9.978745948033669
35.2037665332636
11.05666562472561
-19.75217958664857
-3.886205114467248
19.70557340369168
5.592869627376951
18.87296160336507
-14.94553666057635
2.990874666594709
15.86597447020752
4.806642927535259
-17.55945120046114
-4.684351399914601
18.90742711600376
24.36482066575037
9.677308772599117
-6.905099269766179
12.87509980170287
10.65435193060227
23.59177851653325
19.56372141257358
5.457393550955162
-0.8326118004886356
-21.21678495400338
3.794940388054
33.73987972217841
27.59232581275392
2.440932995538105
-25.08337906558437
-15.0277074850758
-29.13403534599772
-5.479225991659157
11.68825419605484
14.74985377977812
21.30491886202161
-14.10632786203207
29.77756126481209
23.6548093544036
-14.68751189311073
0.2726126427339386
-23.38219671122275
-3.866794408888755
17.16748018777896
13.30088607382959
3.372183695551198
18.33230823085617
-13.21022434787984
-17.17936753939591
-2.970423077226967
15.54914869535661
14.96012453580394
-16.58240804258637
19.51540230362315
-2.783159537879989
-3.969143191103906
14.20894446193083
-37.49131717321496
-15.81969906990352
36.20948898408722
2.034663837536882
23.40545710541128
-19.23114292002035
-6.641149261480984
-5.580164641379253
11.87842251125302
18.97697430250566
12.58999365863776
13.65097828216726
-22.29856184279204
-15.20001005205669
24.3259709614605
17.16768048199745
18.5195717727509
24.55713894486573
15.60121011824802
7.098551791512327
21.67161810223445
-8.955928828777919
39.52598101213475
-30.62754692880234
39.22515617480519
26.14383451463786
-10.92785613852928
19.69969079067535
-24.1471009087803
2.206261903188548
26.35336281222158
12.762483269013
13.28009197709044
-20.53840628822046
-10.9780499684151
9.560356321180604
25.01172534361127
-3.866594113549112
9.61666466621487
-12.43420989014752
15.26737119722437
41.54420891311153
-5.160989834195389
-34.38433565833289
19.0334200439475
-27.82927057123296
29.94493933647188
27.701581086037
-15.39506067969227
-23.55029685896978
-25.79365511126487
0.4831826048607776
-1.618187534568877
9.324952406553797
20.35950887143446
-2.243358251770085
-6.147553907624848
21.93210932442463
26.27683771624207
-13.08962034923661
-35.60040921827444
-22.51078886908492
19.87632626627759
-9.090500322077419
-25.79363047443145
-17.32806609883419
3.659211955748884
16.36506509508308
22.74938795720512
-6.604698338800968
21.47496489202805
-31.75609115543403
-17.94728758272958
-0.6135290956309466
19.30833296089598
28.07966323113721
-25.15139281694134
-2.166631927285787
10.94313994092762
20.43746962987264
11.62821360572806
13.80880357438042
-20.36602157740892
-27.52431205938239
-34.17482514929314
-12.80403187698112
17.3337584870354
14.03793078030049
-7.15829048007699
-13.40730245017371
-16.70313015552152
6.514559604779574
22.48811491910663
25.45556541798481
26.8419626556658
-13.08132165968408
15.12092461183917
-3.295827706772093
19.9218620563774
-11.72103804256651
8.465564375468778
28.20224627103979
-37.07169065262472
14.77376153489102
-3.465992261209941
2.955556170539843
-16.8944769980552
27.18791819469166
16.72061015224568
-13.42848473729207
20.18660241587438
5.903149066922179
-11.46831461229289
-13.95396308587978
12.84466795123685
5.136212913390652
-19.84702974502158
-3.101177048617927
21.14064738160392
-16.82304192737346
-14.55675303042805
-35.52242441565522
10.19611559947705
-20.10015197826133
30.94261146339228
4.652716650768902
-17.82339055356806
-2.340429970834811
25.60454793283915
-20.96567138745035
24.75286862845523
2.276761425607309
-19.24971859841914
-21.83905753364864
16.0862482124094
-25.69462685572301
17.80220100590715
-44.86289924995746
-3.8555693206139
1.715952791254142
31.00097841263018
-1.469912836556195
-21.19316056552063
23.88970314413258
41.00732992935326
80.64631317930059
-35.20947494449771
11.26690903130848
-19.85003316814804
24.23236202513776
-16.09544167450777
18.39141822049582
39.63898325039683
43.4968278625965
15.97355531623221
13.79484553087794
9.494329690216725
18.42315088847386
11.03455646533922
-8.80925602179278
9.91946635948787
19.67329123144337
8.928821199044847
-20.98609784664104
-9.405989789238054
19.18181065641588
4.414712723470171
-17.14410252195729
15.35944177552645
-26.28989481204841
19.11403327094972
-5.338063531803535
-27.36235070671739
7.124509188910415
24.1346104488366
-12.15696252809883
11.60301585252724
-22.70838650959351
3.244120905364433
32.6785138913357
41.75773721021881
48.80073351532118
14.63577939422504
25.95250741489739
-17.48454245786818
15.48296058364705
-7.678496317928998
-25.38432463638351
-21.52648002422712
27.94497790463549
-23.16145690128232
-11.8447288803358
17.58966410609414
-5.840943804398049
13.00561848345208
-10.4673080451099
10.5199700094474
-24.45209680380856
-11.38078462796511
15.20538818024916
-17.37146367706643
-5.602401869389582
6.941518882990425
19.3291673437418
10.16431345296294
17.01010126002308
18.84656228649026
-21.30609880900464
-8.878575817259771
19.22233385209503
-8.038525405522103
1.836461026139113
13.60552283477361
-12.53159459652539
4.577889538214444
21.74599300214512
-1.080996612097332
19.82887651416242
3.108196150790153
-22.29132435701811
-20.5063780147228
13.07131217689842
-10.35531379922571
26.58617281029783
-23.42662597677899
-7.304406353630664
7.160791409862573
11.76906180796576
-2.485648473155739
-22.82698961346142
0.9329887678058607
18.04247290221178
13.27131324882198
-1.917116489482296
23.75997838120198
-19.42538140201566
11.31672802078745
-32.1203218521437
-17.7058283185748
29.43439298630641
14.41449353377371
16.12221962402926
-9.027633297227714
8.371081160381511
15.76671532242216
17.10948413434062
-4.771159653638076
17.81583164348934
17.39871445811075
-26.68024875263616
-18.45929793158546
-3.228173549406205
-15.08086941708093
0.7469048042972326
13.53615479388442
16.92820242516492
-18.48746416064382
16.66049089133231
1.069599544282198
-14.12365945326691
-23.34981817881886
-15.18842973824685
22.58699129758924
2.750962921040227
18.57873714020308
-16.48633055921105
-4.86235401817529
-16.72068036392509
6.340013324487609
17.93939265866942
14.64325093486584
7.722346757793024
26.61174421985465
-7.111275268497261
23.06069368896532
-25.39952050790968
-0.03990452728852173
11.96849328498902
25.38208276049129
19.39489339000949
8.266976189312579
16.48792701190108
18.88939746223149
-14.83362202678342
8.220950821819658
11.59937933486436
-23.10059821658893
-15.96098059883863
0.8033477459762671
26.74241458407687
24.93828084470304
-5.247973342563806
13.3443973769284
2.401470450128795
15.23112438336932
-7.490986772015758
-6.97338951528193
-16.13824340639797
12.36120732548874
13.34660144732888
14.46509178819166
12.82965393396916
7.426400104965866
23.5426611912563
-5.987189370427416
19.61518605783767
22.31636141901114
16.7643283439995
10.7130072570781
-0.4171171848227897
21.28888216204087
-4.008254157847705
15.62577361403741
12.17304345912929
20.98727805370822
19.09017600105216
-19.29059885034827
-2.740586258657689
10.91014613665697
22.0441181804934
-16.32314834937005
3.813754024650917
-9.938825486947124
-2.178709787661329
16.55001259188497
2.967450500783621
18.72872238004967
9.753824872283865
13.65073239600256
3.896907523494298
16.33940327353578
8.601290540071812
-10.74447003225889
-15.22681533721001
-2.784319586146351
11.0363829287052
6.636785175420117
15.13461382874481
11.13397204452667
12.44249575069284
21.8636005130728
-18.2303641551812
10.72962846833487
2.330351872755614
23.00912516574407
6.384322862946576
3.841995324988774
-15.5037652454122
-22.89235966758778
-19.72324772896042
-12.68025142378321
25.35961598072226
1.784946341423794
7.042996305172933
14.46519776437409
16.04289079680916
7.395634162707718
-5.663108546405637
-9.115838704707027
14.93054502915738
15.17447967460414
25.60237542914272
16.11626108622684
15.82777422027062
16.18129761850848
-15.22009915927415
-9.17597469136442
-2.832450695515338
16.50214614611634
19.43981838002724
11.38474133628394
-14.84052835792544
-2.561031660666881
8.409654857948322
21.07202002769634
7.350155148760418
-6.342699704139596
13.82070251377998
-7.738112733408051
-14.76709793312244
3.023987817743772
-10.66886703377272
4.098230899784338
-19.34576057157543
-13.47736125604703
-10.08531362232643
13.96107011462514
10.6575718415809
-8.647256634203085
20.83758821941186
6.044124470341664
-7.708455039627995
12.38764846149792
-13.7525795101705
20.56071602714736
12.27949669737615
8.497828653519946
3.392047632747862
24.13493309845425
24.04638373545028
-19.15694935172115
-8.811506823750777
9.574702808750319
-4.746183582193946
11.77733019625245
-1.804133738984796
16.24029604490754
-13.39801720753719
1.047037047013098
10.34544252891229
-3.303498273870695
0.2439346458572687
14.41076577039397
-13.64894080311895
18.38620963231247
4.39548898025605
18.04442978363535
-1.600170696397307
-15.59089134748079
10.82735229467568
-13.99072065197102
12.42752299174498
2.202627387094241
13.26757340481114
-15.19325899816198
15.63246628125451
-13.59087954346098
-29.22334582459235
24.19440987782414
6.555065084671754
3.8578446120358
-7.38859442272226
-9.486114343644552
9.106256375467472
2.701175361547066
14.32515190358663
18.5923707193056
14.44505425488369
5.218895527840639
-9.226158726297564
11.62397654145102
-9.164853890947516
19.33459684120129
-18.04141154635996
-15.10373931293887
-3.902931487458333
11.1725036742796
2.690108576527201
19.0001242129498
2.937672234887589
14.13848005840669
2.103884462308343
-8.055077043468955
12.62369624962892
17.79384789050691
-19.30993378632022
-6.156847848866636
8.918587314391061
-5.14310266424061
9.922965598663689
-18.19144344367037
21.87513776183485
14.16683112276703
1.118490341596749
20.67877329282341
20.32449239909727
10.97068651925509
5.170151643805882
15.07543516208178
-12.03459559532236
-19.9502224108119
-19.88499895860371
35.76132599644033
-7.819538799483249
5.19023438703112
7.827620539204368
18.17453857097312
12.95655044748995
-27.26085925772651
-17.00210884294073
0.06522345245660796
15.06606826359167
16.5235137783072
1.457445514327816
11.95217216417256
22.78114194893606
-9.353805879685194
-15.15434075546884
1.155674879476665
9.971729562146416
15.16943328356501
-21.2449462753692
-20.88152691018191
29.20479259668958
-0.09910441555613346
-20.27493061584373
12.66236517014253
19.32553544122804
-12.07985017088496
-17.29783829606468
18.52129837854488
-6.468868510809318
10.59846378623626
22.66392394617464
11.06494601904533
21.32369643437251
10.25875041525537
16.31001563681782
24.24182443021201
6.663170270828602
-13.72186487885099
10.34691803224276
15.72131930826493
14.01375840596068
-10.30997017080935
14.91677710323836
21.14584186052762
0.9700156595033866
-12.01753107374707
-5.217988124588538
5.374401275548283
30.60114854883852
10.8289697852318
25.2267472741317
-1.707560902769038
4.14262556831729
6.229064757373469
23.52755815090331
17.15239875510395
17.06733229646018
12.0654601595295
-24.19593221380235
-30.57109160946685
24.58339734277176
13.0097731865855
-17.57865415973303
0.6065962942915519
18.18525045416717
5.197703720937908
-29.30389701240766
-12.00540361905176
32.44781107236555
17.2984933935175
-13.69285485220833
-12.98754673341898
-6.375159395731974
44.45321469141697
48.77932955658116
4.326114865170735
