21.82676393829385
-11.49527259517811
4.123946821159489
-3.307883638426106
1.980038149947801
18.90096896251484
-22.48457403419697
1.363907722630673
6.314172230534428
4.589550192438372
5.714828661743654
-7.244322850582131
-24.67805496445185
21.43863951063598
-3.329415789000965
21.15564539902273
16.07531601929016
20.85172599247095
-21.52188756827762
-5.159594072540168
11.95620742783836
-13.25806829304208
74.01111914198709
56.3322451866617
73.06431585832604
-31.69774647181984
-27.89252706756397
-7.844217845595638
34.53812596547968
31.2952137702885
7.860633599936157
-7.359376450466414
18.19578475464013
21.83608485537582
-20.45877360852325
-21.45148734413928
-5.963241212482216
-4.482444006390147
15.78018014834067
20.96048389364486
21.15587439206908
-13.09942901697464
5.269484584772587
-9.459128914912954
15.84093550805464
-18.37534301314684
-29.05995808023992
-8.673779306661821
15.76958260995199
5.423625990479687
16.87102903200021
24.00616267028684
10.38069565280282
-5.080329379781826
8.786152619837878
-13.62546701755068
-15.22001005044905
10.33515115475051
10.17350198685109
-15.46102503703746
-10.6846150679901
23.79896900396836
-1.368529078011896
19.01764969527926
20.19024041123764
4.750960816611448
-15.90478642133485
-21.06618147139946
4.776409973500005
20.38617877383286
-19.69765239116094
-26.01132006505173
-15.88638980837544
4.067285450270173
19.59600035278809
-5.314938878658699
15.24171621540773
24.44336191492767
1.172590717031107
13.07150625005845
-14.23018456966654
-14.39183373688141
4.138729035895796
-2.944430693517662
24.09240429225817
14.19171955509518
-0.1616491674661267
18.36891360488713
-0.992713737751229
-11.3718556631827
15.97632960499058
1.101446421188218
-14.14067249010525
1.491218954197966
-16.2367261567559
6.792848568574554
18.34033174127352
14.0663223303717
11.44740304255085
22.27805745315523
12.63817957196667
11.89891553260988
-15.4392795945643
-2.614533810154253
-9.639877879952213
-10.37914192298846
15.48824612919502
1.748286265322496
25.1281240070125
-16.58579808106661
14.90952667104401
-15.25271338130879
23.18485866506872
13.36735865853582
10.35056634023402
-14.62068979306
-28.20798328996486
-16.17108972357396
-6.376105772442607
-2.381217303107214
-16.59470310480959
15.36731558617424
18.55230375761688
-18.33408434611438
13.16124040459391
-14.82833425567396
-2.78481833506783
10.25855416728384
-10.21859733376666
21.74342135948271
28.48561962791135
10.75767451699985
-17.30581635168519
-4.2624438499917
-10.24833686373511
9.514750055599967
-18.70560936643504
-16.46510812235418
1.333084698741013
3.505750090408224
7.213948281178457
2.240501244095454
20.03869406518276
-19.48352833927757
-13.4417989548647
27.95869538436702
21.03340083396522
27.31297588368303
-11.02073457679096
3.473079288896753
27.23673282499316
10.59630291066986
22.53720424297158
-23.13729089823319
-4.729958880706001
-14.21348580030251
-2.096053667084264
-17.11617203580838
20.93352106045878
12.82474578413378
-20.65574723653452
-2.902686236687094
-17.72794511052009
-18.9708695725347
-6.213980397910875
12.57510337775649
14.29736886382971
28.02313551835794
-15.0201183674211
7.617809909395965
19.66132582870587
8.421322250626664
-9.322137654143081
-15.0125335267337
19.9708582117756
-21.72402958225324
-2.659485221584106
12.04351592057371
-22.63034343484405
-11.24000357895699
13.04337250202267
7.057479487613336
-23.61567362898049
-0.5310717346082845
18.40684089339377
16.38833554294241
22.00370648816155
18.29748306662233
2.92459337314411
-17.74345990461396
-11.48858789403802
-24.6733704126085
19.7630869192118
9.803721530073537
-15.3728896932366
-9.959365389901713
12.75688917571662
0.3420839549248784
13.09654237004324
19.96787056856295
-12.74546657321336
-17.62289544708267
1.315017184444207
-16.61410284479407
-9.742774649778452
-6.652306689498829
11.66224265073934
13.85904257619757
28.64742338289799
12.7544584141825
22.71625456726558
-25.17661122306836
-13.08755052808158
6.871328196412951
9.961796154651957
21.29223691973511
24.02315869284987
-14.56257708637228
17.6593824657345
0.8822931472835367
23.08460189903448
6.159317409955677
-10.48111250228056
-18.65285338470585
21.40501730238798
21.33599273030057
-2.887145221378438
20.51134926357602
12.08906069646589
-9.713652679514219
-14.41318126660238
-4.877428873812804
-21.80271337380129
-16.92528449374077
18.93791262936628
-21.3262433717936
-5.690395873876002
-21.95143073509528
-6.92991050743033
-3.428696861263746
15.63584749849245
-13.24619686522155
-20.82430154298846
-0.6251873639691995
-16.64042991223611
-4.699528584554852
-13.18478251799085
-27.26716312509649
19.95367525750494
-17.90026449921669
-5.738312704947714
-15.63899743970507
17.70660638722665
7.542663399976386
17.86247480146876
-22.56340674496586
-15.35528464327782
25.54220488701226
3.523818054572724
-19.70956877586971
-14.87488318565025
2.261267060706313
25.44292790040747
3.466094794590384
-30.10391693255637
2.858259129626386
19.12299221411062
-20.84548926643632
-2.018505350805552
15.76570816391427
5.615370945802161
17.78421351507404
12.1688425686075
-25.21427572088038
6.041729385230441
19.06454436033081
-9.817500005444863
-12.83429232553261
20.912061676539
2.036039966432302
-0.6457195003219348
-24.4856160956034
-5.161395050933509
-18.87602171146084
-21.55778117552614
22.6759611705347
6.279575049654857
16.3622934957781
-16.39638612349087
-6.313667674087458
-7.578104677985332
-27.98804845172152
-3.632854453874149
20.19911417918317
-20.40994377351786
-26.5216560635416
-6.36377622724453
17.46819240254833
18.40733201846346
15.44487023365568
1.857576736719275
-1.724622034949352
23.83196863293069
15.02152022757332
0.9391396168512348
-14.0823806091985
-13.58729349700348
17.13615024782318
-24.56796319459208
-7.582782457954974
9.924622301988213
62.44188792399738
17.32456591305801
-3.582198772034515
-2.456920299407577
12.03689356655494
1.125278472452039
14.49381386582081
16.98518073453624
-0.06902457342698401
41.89252911078468
9.680844996013805
25.3000644176116
15.5287149019795
-9.900684735960198
23.4449190926842
-17.70281711713409
2.853837971487252
18.87910269901792
7.916204189529196
-4.354284134982765
15.61921941896782
-22.01838683535163
-13.81745330847149
3.805219404255511
20.5566550945368
-10.96289851139327
8.200933528278863
-17.37593933045805
1.787892715540858
19.4105654346025
20.35631418036365
-5.329919118959959
-17.22007091406849
19.16383204430699
0.1558684157328036
17.62267271412565
0.945748744958509
20.04830922339779
-42.33467527770261
63.74383745040448
-39.69714413083734
-21.77445348072792
13.60787961151449
-12.83097064498179
-22.93060708372795
-1.002687315276248
19.55257418612264
-23.87012561032021
35.16182927523419
19.10256047881834
32.38354483150219
-25.68623329808215
-11.03915496680698
42.3823438114927
13.28098435246323
-21.32314870563892
-4.214611512746898
21.65371508718028
6.067118232740186
20.71419656207981
-16.14284496208876
3.184988173268336
17.10853719088223
5.180303745077936
-19.02568650390201
-5.102137489332963
20.76618910814123
26.84866281851981
10.62070145557261
-7.478203329005592
13.92354901578827
11.54748317473356
25.86832659809436
21.92791976662689
6.082473711602399
-0.9395185252553698
-20.35798742792288
8.673492993670502
37.50898718382311
30.37744056059936
-9.874775434429454
-26.54810033909852
-18.59610281829091
-34.44154887262982
-6.600733493260851
13.6988738547867
17.56841377208516
25.20027699298209
-15.84544605545504
36.16451659032719
27.84081537943075
-16.22796136289825
0.397537270460432
-27.44327810851676
-4.684142817950566
20.29960734810916
14.10949443456008
3.698211129157295
20.32370976195291
-14.40069365644183
-18.674703067797
-3.226670928622458
17.31341057609941
16.62549863330952
-18.09890478478007
22.75913529185076
-3.01029918822391
-4.274009410970433
15.44803213890926
-40.88855228891571
-11.82395172468216
45.25494357131818
-4.125938864654775
34.02884038073934
-21.01453147466878
-7.288764817390359
-6.226150673212606
13.25131668744717
20.91220537786219
13.7257666573855
14.78838080497452
-25.76943448135891
-18.1085457914494
18.65406763558582
18.79363725178688
20.54008150486376
27.13835605204956
17.50740475823562
7.66088869068221
29.06460056315222
-9.630951295967687
36.76261342564832
-38.69555185690452
45.85279210490807
47.3917254907001
13.82171376255869
52.51726561985974
-29.10135945972862
2.637531146864815
31.73889060743616
15.6092550890219
14.64707833030745
-22.20996319531725
-11.89015179385953
10.31981140270685
29.03148042314992
-6.19011291314601
11.50140313844133
-16.02858500943893
21.37344281507833
60.94635946492924
-7.138199353979405
-41.19052552359568
28.24413373938118
-33.55866229787394
28.83549419249928
37.4020278231831
-17.53007728700632
-47.70174630730891
-39.13521267848705
0.4377039716177272
-1.767112169686172
10.04625748218597
21.78634314878378
8.566533629349196
-7.131546621424937
45.93463413764972
39.57291665021592
-17.43373211388585
-50.13595783888928
-32.70222572542077
21.34863917630854
-9.768475852444684
-27.94920721299505
-18.91517994820619
3.944217541838477
17.68050835006959
24.57337809118839
-29.99733891392986
23.06884184392693
-70.24955490837348
-37.68156698544087
-0.5302246212440572
20.53737690761209
53.0661807581655
-40.25221599475265
-2.531464932471843
11.81336965164537
21.94458051563142
12.47864442180854
32.56798792460665
-16.81289451661143
-16.67332490292679
-49.38088243871945
-11.2261031888812
37.15134236413157
33.15132423137347
0.1395696155835996
-14.18071323240973
-18.18073136378216
6.886888294874485
24.2458673404355
27.44898420331572
44.37742741863617
1.538933386278785
31.48478160160064
-4.000018132793473
21.06760152870504
-12.89264581577277
9.034027264645731
29.94584821483506
-33.5700117275946
15.65689741812521
-3.535695271923919
3.095151860508276
-17.82464606932365
29.71798093771043
18.39097780390887
-14.28895079784983
21.92667307825513
6.376403271323691
-12.37641475635409
-15.10114297668862
13.83294622773154
5.528017570497105
-21.2180926590112
-3.306893180148804
22.63314695863158
-17.96450957713555
-26.02636935172552
-45.1173220138656
9.258427664665369
-30.45329805608106
28.53524735526047
4.831498959425053
-28.12986904352835
-2.297768255098744
23.61245697008262
-19.09095266435433
35.2847970149361
2.323429013460814
-31.11155145709391
-24.22313795291422
41.96155368585614
-17.8127852635203
29.9409548975626
-37.38311828944238
6.41035269084197
-12.02059879052552
33.18172472440516
-1.66557125152866
-20.60093290947635
25.4425666868407
43.79347098028112
86.32238415179921
-37.18453101550492
12.30630866541315
-20.9197979293817
26.62282907817734
-17.29334095692651
20.18096972926597
42.52891317201625
47.75374016203693
17.35897904748902
15.01010935209904
10.1312108653532
19.71451476819741
11.74008566713859
-9.465936091402893
10.6913052424904
21.19416338180414
9.583303903003598
-22.50170986105844
-10.09355523687067
20.49821302520283
4.72330710149094
-18.40991689623699
16.26473308530381
-23.70374839526545
19.89119005953897
-4.922790386421744
-29.59964962322324
7.874661063587105
26.58137353177742
-13.30156424787686
12.73402539058994
-49.26882382285618
-3.073047010927138
30.69240752359767
39.595917812027
46.34403196093547
25.42492279384957
46.19577681195803
-17.67887395539661
25.83210078933738
-12.2880813828287
-38.65980746069283
-33.43498047074534
25.91022522613932
-38.1201821718663
-17.34932815302146
16.41612638251745
-6.441859348647363
14.25712257415686
-11.32700313646918
11.53239435343219
-24.81398044701799
-11.9237130840619
16.29808537684704
-18.75281802541097
-6.019127526997418
7.456542954926101
20.76804589100205
10.92998443226755
18.7067124683076
20.69898192141887
-22.86122041341429
-9.535407175509068
20.43181280113526
-8.624162266076901
1.992269452768313
14.72595995200227
-13.847348141377
5.000770021832751
23.85214249046546
-1.136802910234834
21.81097649012895
3.269233730388259
-23.90409564147081
-22.15383811933056
12.89026736401305
-9.494098844311694
28.22179846292484
-22.38436620899375
-6.732741772373224
7.204763256001921
12.73369049864505
-2.724728219882803
-24.9889453999024
1.046644239331263
19.89476240217274
14.75510830570547
-2.041166001757925
26.03558963917921
-21.01703520869856
20.77085401866973
-43.10379674940211
-26.37172607796862
33.76545453523791
16.7320706715937
15.6516244375344
-9.725189930758294
9.012486473015366
16.94911195918406
18.84811816278705
-5.139654096660621
19.19640953453816
18.73767640418222
-28.77808192204577
-19.8417226510134
-3.427030055949155
-16.27513378505328
0.7754403768898559
14.48497417543249
18.12209950691122
-20.00787689110907
17.79042803629769
1.07656126911786
-15.25773636385554
-25.19272127427983
-16.79627430734842
24.33606363153671
2.996838150460974
20.04741231046011
-17.53706123940099
-5.184844383170988
-18.54174276018398
7.290164321185214
19.79311245709076
17.17331594669981
8.848103557420316
29.79584508044644
-7.739158037564128
25.83190708181233
-27.17332937196506
-0.06519143366150694
12.62252913374684
27.00613694294588
20.58172574890581
9.309836915771754
18.24619618828497
20.94774152320549
-16.58726159715339
8.936359271772853
12.50294813651404
-25.89709851509391
-17.053869285555
0.8581349467090147
28.6510618536521
26.72759701224308
-5.59205538077872
14.29114942139672
2.701545334760227
16.41469259601331
-8.040323539695185
-7.484069006983332
-17.32213046598735
13.26995173410299
14.31611102319212
15.51965998574116
13.71314726176166
7.959196615705406
25.17496116655692
-6.424411194586703
20.97143650520574
23.84848175634442
17.91200423193271
11.46181390488371
-0.4587331299395181
22.83564891934612
-4.288651321414315
16.75969928423171
13.0580078051609
22.85939748905935
20.62916054892727
-20.7725227749261
-2.964151141008659
11.74922358055012
23.72153877266464
-17.56940590984131
4.111247717834728
-10.67653616824801
-2.348869697748013
17.8083716341935
3.203116864808421
20.15724133255255
10.50285813913798
14.71337472232245
4.210516582697796
17.5909213643289
9.274559700611382
-11.61085947807091
-16.36233054588312
-2.981925760694008
11.8349365905009
7.118716304247461
16.21669704546873
11.97231519266149
13.3804047823627
23.48104685175889
-19.61029105434768
11.5087316596421
2.494284327239561
24.65200522849408
6.892869741920497
4.091792967889533
-16.79362620098346
-24.7680552997251
-18.93536165795854
-12.18724750877106
27.10813793840915
1.750257521441312
6.748114149197994
13.93750502928887
17.2184324123751
7.936625486650971
-6.075949633705219
-9.777641115784014
16.00509476641272
16.28048493057616
27.39584770461031
17.21576455053981
17.05057416097127
17.34665912784912
-16.35386941516556
-9.871014192068614
-3.042366475901515
17.71165426587131
20.8656656353274
12.23356118992761
-15.8866642429647
-2.743390675201645
8.991170531450758
22.51566146168892
7.858045063486164
-6.788683499153739
14.81686234477835
-8.316361663907831
-15.77490592535819
3.253583082424379
-11.39314547422203
4.381760452718195
-20.88541917534814
-14.4515653750269
-10.8144400404157
14.96829584493513
11.4178966889222
-9.281806926020684
22.35643456287209
6.482855225369884
-8.304928658976031
13.31150293694355
-14.78778388461676
22.10457538111626
13.1432735683931
9.097980742142102
3.637125333060936
25.86946206522526
25.7827358836296
-20.53898833109125
-9.445461771776923
10.25439272420781
-5.087142673034174
12.61463896388809
-1.923464840490275
17.43551059658176
-14.35991243317389
1.101212957192782
11.09352656115979
-3.550399157289201
0.2753901645663689
15.45184565773154
-14.643925717383
19.69985449515612
4.71504972274952
19.35897543853167
-1.729062005590594
-16.71386676939478
11.59675122822628
-14.98480476873176
13.32581323790533
2.360246237538008
14.2370581553272
-16.33429763783837
17.92269065079176
-16.12963551925657
-34.05232617008568
35.38233309280157
7.631863223309315
5.224826989842531
-7.974429101216157
-10.18008315642268
9.70312164621177
2.877045254412472
15.22926211913842
19.8832048021318
15.46112539131424
5.526140469846417
-9.934984915946094
12.35221685996652
-9.838061458869308
20.75402074142967
-19.32779813558761
-16.17378676561419
-4.182964717014126
11.95742419293375
2.882157832384423
20.3352751766086
3.154011370859792
15.14483341852854
2.2497082511653
-8.632104445044869
13.52561645669818
19.05594459873865
-20.69082080657668
-6.592146674101645
9.548242238431273
-5.514365317168561
10.6274657945942
-19.48727184103629
23.41745678535083
15.17645549102438
1.203548963626535
22.15772090138799
21.74296577952582
11.73456120740454
5.530328144465376
16.14038891074845
-12.8951251669096
-21.43275767896998
-21.31241758980915
40.55785116648358
-8.390357674857958
5.626242919860179
8.377850984662432
19.44688301753417
13.86921454693741
-29.05597506815066
-18.10725770441848
0.1203400903973717
16.14183111337896
17.70178163487258
1.559950519661431
12.78999099300113
24.38547981249445
-10.00840457170309
-16.21263763515761
1.24047970741338
10.64923103603979
16.22369339086703
-22.78637647085088
-22.40500136706109
31.47674387943121
-0.1214494348212836
-21.73827990575624
13.52449093125331
20.65763560667269
-12.92531947118258
-18.50298794429956
19.81308196524612
-6.907499123794076
11.32009867831314
24.24215859734647
11.87681192577886
22.82552929155577
10.94871736531808
17.45311734446365
25.94004013880867
7.133144674884199
-14.65761639753527
11.06903203327198
16.81321561419834
14.98321368534639
-11.02105608128052
15.97316177494621
22.66492703933706
1.048096564724518
-12.85105801037117
-5.577668471826051
5.744183580526269
32.73840143513769
11.59548882063775
26.99421785625024
-1.830001929237154
4.429076634040134
6.691765264414569
25.31996076485015
18.4456772303274
18.22759779968861
12.9220599169923
-28.05732471249762
-34.93160824675048
29.110321624122
14.01660059481354
-18.80689546590316
0.6667214616278291
19.47361692781982
5.574462354084124
-31.59819331546347
-12.96999781618995
38.90972673208328
18.62819550048408
-14.64672855964323
-13.89915457494905
-6.874283534387964
51.879724548273
57.16764633663356
5.28792178837359
