21.81540169251074
-11.49017537910772
4.122142938554828
-3.300571798071162
1.972726309592786
18.90772815701693
-22.49122532978774
1.364395130915599
6.312722890259847
4.588525771106527
5.713588011710785
-7.200718363101571
-24.69514760777243
21.4458498565516
-3.331830564401927
21.15084825288568
16.07235433507527
20.84735559777997
-21.51858965421605
-5.157682366047633
12.61970611176749
-13.28265421261649
74.44161588784192
56.67700600748843
73.50048912430165
-31.6489600493488
-27.84951846733589
-7.831724285804692
34.22179174646359
31.27900538541715
7.856638237913046
-7.360674763360104
18.1874986160011
21.823358248262
-20.44825790164003
-21.44051493889355
-5.959577058347898
-4.480206455299769
15.77085181798423
20.94754861981741
21.1464382836311
-13.09150677434752
5.267761261033437
-9.455647137155358
15.83382427885985
-18.37117135990789
-29.05347927802047
-8.671495609227911
15.76379019366594
5.422414550410989
16.8645013172917
24.00326005997129
10.37881523592081
-5.078493917830972
8.785947058595582
-13.62444482416698
-15.21731300137582
10.33086037819084
10.1691410854996
-15.45730917049106
-10.68230792262389
23.79358591036201
-1.368378259049739
19.0136054058772
20.18575650936908
4.749786075952128
-15.90060689831999
-21.0610726222276
4.775001264606249
20.38198366817384
-19.69269435403626
-26.00503796395718
-15.878677025654
4.06502445188133
19.58347033023914
-5.312613985183688
15.23267285139895
24.43528580113646
1.172151106049393
13.06717998458066
-14.22300827535819
-14.384727569951
4.136259772753199
-2.942640802906373
24.0799612442908
14.1845286692667
-0.1617192933867117
18.35926804694588
-0.9922570387712368
-11.36810581479807
15.96805144867735
1.100711123899628
-14.13252756850104
1.491752238276766
-16.2271670488891
6.78762960751709
18.32334345557578
14.05115430203056
11.44208676712382
22.27087764685174
12.63468727865062
11.89502887706564
-15.43597043270466
-2.614056533503087
-9.636190366368973
-10.37584877290652
15.4809378785738
1.747692316620378
25.11712824296293
-16.58157021232728
14.90344518319907
-15.24874381017126
23.17988297244503
13.36447556685634
10.34717700840326
-14.61731538140056
-28.20099161228186
-16.16501011034623
-6.37282967682198
-2.379532062669645
-16.58651273400807
15.35759919819055
18.54062511476136
-18.32926252829819
13.15575286521438
-14.82444121059817
-2.784061049181818
10.25473541540252
-10.21368305790873
21.73042887546469
28.47111459784704
10.75219531009298
-17.29995979289335
-4.261163328157033
-10.2447253968525
9.510866629146193
-18.70134998924683
-16.46140825486675
1.332826401497883
3.504821317585375
7.212262492856551
2.23994173426327
20.03417639070336
-19.47921774352434
-13.4381304808478
27.94951447006374
21.02573410717761
27.30398964467151
-11.01861825875481
3.473470419668748
27.22978650911608
10.59374538453307
22.53159836232156
-23.13236468606063
-4.72906728176033
-14.20698067061558
-2.094639480413687
-17.10799811933036
20.9201571775137
12.82191389768002
-20.65039297307567
-2.901017449477315
-17.71891928714016
-18.96024796907734
-6.208452183465036
12.55940206518883
14.27078380573069
27.98078808253942
-15.01335863820543
7.616046988653822
19.65642714777912
8.419229105032354
-9.319999317775304
-15.00906689640032
19.96622957012216
-21.71915947752142
-2.658884313575041
12.04038016130149
-22.62511388469959
-11.23719804354199
13.03879646466038
7.055234396074253
-23.61024611130035
-0.5308287908120427
18.40132046071328
16.38355728854103
21.99693829265063
18.29243243973194
2.923791828920447
-17.73922842236229
-11.48598233349701
-24.66752672853939
19.75559202647541
9.800656070099899
-15.36864061067723
-9.954935957609194
12.75179578718479
0.3420156749306971
13.09140271500226
19.96053502732724
-12.74145636008363
-17.61757674325754
1.31457251855763
-16.60783550599084
-9.738703197732677
-6.650490792814928
11.57890885251849
13.82874520023102
28.51807662216732
12.74938703760818
22.70673174755141
-25.16929668064263
-13.08347203299315
6.869132309780072
9.957344712337658
21.28747132134216
24.01784698106797
-14.55862566279158
17.65545802011126
0.8820228904668939
23.07941733868115
6.158127119054518
-10.47791399743303
-18.64596251076246
21.31761205202346
21.24721759854577
-2.886446604486606
20.47923599100243
12.08582465153172
-9.711585997789982
-14.40977416289928
-4.876120381152871
-21.79741064338811
-16.92129023781905
18.93214925645024
-21.32141205784913
-5.689067578979269
-21.94645381258725
-6.928298304303405
-3.427930683043903
15.63234447959226
-13.24333808381406
-20.81968059874518
-0.625041756869779
-16.63604111648742
-4.698188155951931
-13.18154439552429
-27.26066564929567
19.94370147312109
-17.88988298618576
-5.734621269938757
-15.63005384302397
17.69423995818306
7.537872087353167
17.84983675394225
-22.54615014203803
-15.34332462855176
25.51928143972848
3.52108116656635
-19.69412208901029
-14.86734032652748
2.259829144274699
25.42775507524209
3.347715174460427
-29.93944956049252
2.875135357991943
19.12474009332223
-20.58041879566174
-2.017763174061495
15.7595159082685
5.613381006492681
17.77727908421932
12.16389807553365
-25.90236032438391
6.041087261295922
19.0602751633583
-9.815407402166942
-12.83270596497591
20.90993628653166
2.036143062726019
-0.645524823920466
-24.47604405070689
-5.160465727302325
-18.87379322720579
-21.55546110577997
22.67325090213509
6.278255537093087
16.36090728829812
-16.39499537480036
-6.312343610686112
-7.576342514777138
-27.98179094898397
-3.632013300815465
20.19463884366748
-20.40544843436101
-26.5121871182944
-6.362388961719808
17.46426317066397
18.40329740815232
15.44064855325808
1.856972322048048
-1.724197106566927
23.82665214406738
15.0181555079897
0.9390342413402074
-14.07912126114077
-13.58367623141073
17.12716947194558
-21.10444224237994
-4.165274468376903
11.98005094245353
65.33444798853148
20.81439843090059
-3.581169430013571
-2.456107176212251
12.03598150287361
1.125062253190509
14.49208867873592
16.9391677719397
-0.07039445475963421
41.91884067637745
9.677153058860156
25.28947139642741
15.51844587475816
-9.895432574054675
23.42886122997685
-17.69325875395562
2.852028062579818
18.86440579935425
7.910415350796467
-4.350797470010392
15.61231832761504
-21.99820028451617
-13.80435093444065
3.799441582012512
20.54528683911495
-10.95399045489363
8.193849355497363
-17.36163800927476
1.786201824222359
19.38999436442434
20.33551287598456
-5.325413984475055
-17.20604120955063
19.14783982828331
0.1555967987650403
17.60379252187495
0.9455185081771468
20.01779418741339
-41.89037037161483
63.88191835822195
-39.29423715662753
-21.57356837049071
13.66667858572435
-12.81088841000048
-22.90060215369441
-0.9953125947810381
19.46954421814168
-23.83890718766567
34.93504461480629
19.07227568026957
32.28043262849521
-25.66092685935843
-11.02801877875653
42.05351603406876
13.20815694781292
-21.30681731889932
-4.211631204626439
21.63368448295274
6.062471371014383
20.69537945054529
-16.13012051946277
3.183025918116398
17.09518611214602
5.176696801176035
-19.00920110683386
-5.097040915772638
20.74827476863211
26.82522562751733
10.60991930846896
-7.473487255963421
13.91216019248412
11.5357138504726
25.84531568505311
21.90528955702626
6.076950860173138
-0.938305032552237
-20.14789228833877
8.553968310965402
37.26995502826609
31.69014165544263
-10.45402124011384
-26.33286989249861
-18.47564927427331
-34.30398797044372
-6.587591924103671
13.60345285411394
17.45470793521193
25.00801533252609
-15.82833869732344
35.9303572094349
27.71639604637171
-16.21530631895325
0.4032135590390259
-27.31318248684034
-4.689575926667419
20.19104477824921
14.00606717166015
3.6998827393781
20.31840261669442
-14.38352382590784
-18.65571297960856
-3.234326963500102
17.3183117820927
16.6185198778968
-18.08340656456591
22.62360656142477
-3.000090836922822
-4.272189153410023
15.42138601575085
-38.60535315564936
-9.668187513974761
43.1949489667189
-2.029749446812493
28.35623986767592
-20.97970400995034
-7.269699730469998
-6.290372593153725
13.2829390150933
20.89781749106753
13.71000427962686
14.6893314202702
-25.62369739959903
-18.00881892405662
18.56678478762051
18.69564309757522
20.55263874563622
27.18819008515833
16.14532540916028
7.61487847628378
28.93716564056105
-11.04286467811404
36.57560371025718
-39.98003031642413
38.02442738110667
46.66153146319416
13.3743667271814
53.35439704396598
-28.84535908847214
2.596133214986781
31.44149230628447
15.46550039649234
14.63290808006648
-22.192591891709
-11.8806272242462
10.31196466829236
28.70186060089013
-6.184977606157422
11.40456247863148
-15.91064729126173
21.34352254676427
60.89646537051273
-7.064592118151995
-40.76125281949748
28.17565484077047
-33.20794541742137
28.71598671966796
37.25416983666804
-17.2972981245829
-47.65439085801837
-39.11620774294503
0.4367350810472593
-1.76427834200884
10.05348253566668
21.80005212988258
8.538183115641955
-5.579813371004739
45.89011251601812
39.55294282411712
-17.4944292446869
-50.21523977249686
-32.72081052947556
21.36331704610302
-9.773295681095147
-27.98107071360381
-18.93991382191136
3.946353065732936
17.68955486987397
24.58571944506337
-28.24578621440333
23.22413967135922
-70.38994910932365
-41.17295765013075
-0.4499050261582923
20.69214400058149
51.46992588609434
-42.14416289525269
-2.531995666913594
11.81776087732288
21.95456279519322
12.48447518358187
29.21699146084037
-16.00770695799449
-15.87884865061406
-45.22469841630844
-14.83870909731727
40.72305262388033
36.76540965995898
0.1288583093070109
-14.25013207346976
-18.20777503596104
6.891916951654713
24.25826921243964
27.46285055171209
51.60411875563
8.637104082602704
38.69999576238032
-3.957642963931227
21.14204902656423
-12.90412299195927
9.041156891479893
30.06289167926254
-33.28716473543373
15.77702491749632
-3.525669923544942
3.092180125365525
-17.81153668594402
29.75577524812878
18.41960995524977
-14.2858667628776
21.94527988124814
6.379501690769746
-12.38153801485016
-15.10914110524987
13.83861910832371
5.530225271969295
-21.22238910173351
-3.307498167094373
22.63791750708553
-17.96833719192966
-25.65879554453928
-44.52004956051935
9.359030763341755
-30.23462523557739
28.23875522471076
4.783201071350907
-27.92758590504209
-2.271248782029428
23.35344016669902
-18.86125401815461
35.01782630639195
2.307039331406631
-31.03690911219711
-24.13366420422945
41.98923513274386
-18.16932921906296
29.81358004307088
-38.06625839985464
5.964334986573571
-12.17565509186807
33.21210589671212
-1.668806918913885
-20.45307412579307
25.46184212719594
44.03059338638296
86.78314333755401
-37.15332154773929
12.32061871240581
-20.9037168108308
26.66359512368871
-17.29956329976482
20.2099016320375
42.75254995182522
47.98290926304842
17.36635226280647
15.01647084814918
10.13680191956297
19.72427143508478
11.74656959506857
-9.470087608951049
10.69572126501652
21.20246905625407
9.587469513613069
-22.50832287623387
-10.09665883255748
20.50318312029837
4.724014691595053
-18.41562813906912
16.24960473611953
-23.45555415282363
19.85375824891888
-4.885315059217427
-29.62018201297719
7.889282919382643
26.6269416123748
-13.31757124717135
12.75487216148893
-49.15921131815681
-3.067093403123663
30.4192814112725
39.22791461452848
45.92599159112265
25.41833447127346
46.09211791538823
-17.76460988073335
25.65633712388388
-12.21484651874923
-38.57430775479662
-33.34394844375526
25.62468894965688
-37.87118364229615
-17.1974001957707
16.28897462161176
-6.453693491305521
14.27770468218978
-11.33616529557794
11.55010159151705
-24.73907330918518
-11.91949073376208
16.30261076687325
-18.7610397029596
-6.021340376655218
7.459117415549324
20.77507645896761
10.9339710518768
18.737658693193
20.7313981720107
-22.8702220146267
-9.539904698125085
20.42991375042898
-8.627738662793226
1.993739478408657
14.7334388050655
-13.87206945097989
5.003840115341328
23.88596205494819
-1.139310941926471
21.84453366000797
3.271717607338973
-23.92380894586998
-22.2030789549491
12.81958257647166
-9.335714328737525
28.22210150241597
-22.15529690591255
-6.648586726361939
7.158333491530968
12.7396993263408
-2.727603089872368
-25.02527299604316
1.047170413741692
19.92307997953614
14.78004301109632
-2.041428396080617
26.07244340978786
-21.06376801335188
20.67378344628555
-43.18294435251074
-26.35946123609416
33.48637481646143
16.823483116435
15.50671018058653
-9.729598690040065
9.016251540067568
16.9553114279572
18.87590956579765
-5.143036968433586
19.20500313225468
18.74585023019957
-28.79619351730301
-19.85201550867815
-3.428393071445176
-16.28434725688172
0.7754910006223404
14.4897633764809
18.12786436867804
-20.01056888953266
17.79638701756203
1.077705242563895
-15.26010540689559
-25.19709012695154
-16.82147140685131
24.34804010060957
2.997989571821357
20.05782782828834
-17.54333302415727
-5.18652123741914
-18.57281605272744
7.307614717301571
19.81946097760696
17.21807403830191
8.866874177477781
29.84502207165961
-7.750263769515829
25.88043077008758
-27.19552655331935
-0.06487750725941389
12.62694803335799
27.01574445216515
20.58926389697432
9.328170311942225
18.27234832187662
20.97814789439339
-16.61713795480024
8.944178009279698
12.51184626065147
-25.94530827454883
-17.05976672135974
0.8583897252895216
28.65896709609012
26.73493262408509
-5.594107347257843
14.29524483253562
2.705799572491577
16.42362243736881
-8.042631834313987
-7.486297835666846
-17.32740324282193
13.27373789342256
14.32012732623066
15.52401471712072
13.71782286465272
7.962315866173094
25.18348223544117
-6.426480557747809
20.97757036527919
23.85562045875923
17.91815644793801
11.46565937188115
-0.4591529021023246
22.84247320408531
-4.290212272242243
16.76467839362397
13.06216109384575
22.88626688629456
20.63936637883724
-20.78145862337999
-2.965531169798426
11.75319422170889
23.72912743006102
-17.57687728155557
4.112715672022898
-10.68071270531516
-2.34988141719655
17.81592745411151
3.204581341294118
20.16580887226273
10.50674778941431
14.7187253925026
4.211977601697741
17.59664315665266
9.277673833743162
-11.6149995399162
-16.36719232489602
-2.982526757888708
11.83814681474357
7.120708349794779
16.22109041183426
11.97593320840257
13.38466555598382
23.48790068026913
-19.61641175817644
11.51196747494898
2.494962075173305
24.65862343190162
6.896164575932587
4.092694749436719
-16.79997858809219
-24.77768042118813
-18.78426720693841
-12.0861902293543
27.13064904616983
1.720729990806179
6.698076977642821
13.80692021892857
17.22383129477186
7.939059887764654
-6.077794809665312
-9.78031211119287
16.00938631389297
16.28496435140103
27.40405094099566
17.22116636811741
17.05983825698573
17.35237336650759
-16.35921739366676
-9.874182858103108
-3.043258346489363
17.71677738267402
20.87165512700843
12.23719097802146
-15.89070873876037
-2.744052786022207
8.993264436798468
22.52078914818981
7.859950118680402
-6.790326667026206
14.82067354839245
-8.318969323895065
-15.77916843524583
3.254051911864868
-11.39622485247022
4.382943588185602
-20.89267336170693
-14.45552545472828
-10.81742445708703
14.97227397139154
11.42101744085916
-9.284771407941872
22.36275916027014
6.48503453728695
-8.308393837972373
13.31595904467633
-14.79342837575775
22.11137383396144
13.14665595507284
9.100382065381318
3.638100994162835
25.87654289836797
25.78969842601548
-20.54413427051464
-9.44790074361509
10.2566118952311
-5.088273044657306
12.61772498604835
-1.924034469296727
17.43946748164624
-14.36372226626268
1.101656805506386
11.09623353175145
-3.551256533312965
0.2755780379002891
15.45586122156617
-14.64749005933555
19.7045126358747
4.716011906648293
19.36350195816928
-1.73018108796571
-16.71868178315678
11.60013621307221
-14.98850071358463
13.33031731650169
2.361113082884787
14.2424833820084
-16.33781066852932
17.72066878871209
-15.9759919126172
-33.69666070189052
35.2402469575688
7.553307399695186
5.230359310994322
-7.977701842045328
-10.18288458061244
9.7064676025018
2.878050106419895
15.23486192663779
19.88935218026335
15.46537907477776
5.528394311668604
-9.936984741582627
12.35681180155933
-9.841105407122987
20.76003572912651
-19.33280712093858
-16.17792937272422
-4.184072018684656
11.96029382184661
2.882885782915035
20.3400806859264
3.154877747167891
15.14873510370646
2.25027682295244
-8.634464148355068
13.52919721013859
19.06081515537912
-20.69609640133322
-6.593750720225864
9.550615126427125
-5.51581322574626
10.63001242293023
-19.49220900344164
23.42305261632825
15.1802831802854
1.203887393116979
22.16366135786182
21.74800457903044
11.73731722394401
5.531617945992603
16.14436584284712
-12.89845828138063
-21.43928631676231
-21.31749021211615
40.50749783513277
-8.392984280756478
5.625454697527523
8.379786866572692
19.45116214319155
13.87243748983155
-29.05765241693118
-18.10802389211852
0.1217961091805414
16.14582565337486
17.70599802229327
1.560172362282069
12.79304019976868
24.39117122822925
-10.01068735380315
-16.21638663286365
1.240808267915219
10.65149182744425
16.22702006687704
-22.78993956630057
-22.40816023266379
31.48004708250319
-0.1216498423579207
-21.74155158142114
13.52752471447869
20.66217917862532
-12.92759004970092
-18.50631470832817
19.81634458129855
-6.908183677118878
11.32163635024722
24.24614229657974
11.88137032929834
22.83099886117932
10.94962853010935
17.45719490273745
25.94541567433534
7.134654462681109
-14.66083902689608
11.07137527677972
16.81658443081159
14.98621180092037
-11.02308102853033
15.97564444943942
22.66828973591028
1.048387983344777
-12.85345365733597
-5.578724655001753
5.745209153871244
32.74393462737384
11.59813103185924
26.99872547780023
-1.830372630008408
4.429797721387128
6.692645286301587
25.32251880850695
18.44823670556271
18.22982001885008
12.92450593884611
-28.00776103573814
-34.88204313796381
29.09756901509053
14.01843897845895
-18.81076121907382
0.6666086528043516
19.47736987265695
5.575528237813517
-31.60169692957133
-12.97182341182368
38.86020853141354
18.62987352245769
-14.65027677502089
-13.90184163947766
-6.874282102584838
51.83203194323725
57.10533005086488
5.273298107662773
