21.81249850133349
-11.48910671113783
4.121763731581506
-3.296220368336624
1.968374879858289
18.90948946304678
-22.49262953780097
1.364522401683216
6.311827754152653
4.587892086268685
5.712819221150425
-7.163820798449113
-24.69745727737259
21.44717866683335
-3.332284703505389
21.14993334743787
16.07204840488985
20.846649506425
-21.51869068509935
-5.157079638714935
12.91692181755893
-13.26499600167703
74.66955035300765
56.86152832435953
73.73166042921297
-31.62787051506317
-27.83083704429664
-7.825764799535872
34.04963479598522
31.27420938624179
7.855966303546782
-7.361200684650655
18.18532685809086
21.81906616696429
-20.44539507259833
-21.43750549400069
-5.958616049779865
-4.479569904198086
15.76837810150744
20.94408106571129
21.14442432888563
-13.08888253512751
5.267544045884415
-9.455143219277661
15.83229486498182
-18.37047129301411
-29.05239630135063
-8.670996644465225
15.76224953123218
5.422256290106937
16.86272335005194
24.00371942077286
10.37864112921215
-5.077884942554213
8.78655243244069
-13.62507829170572
-15.21716698833225
10.32936055467906
10.16764928995191
-15.45652609550385
-10.68192501490573
23.79272758299259
-1.368414004782606
19.01298564620427
20.18499827935502
4.74954107565521
-15.89962116835525
-21.06002274638565
4.7746011043354
20.38139965577064
-19.69160872853022
-26.00372914532138
-15.87688028718042
4.06437765451717
19.57982427453497
-5.312129436227326
15.23015181078165
24.43324617389805
1.172012636552997
13.0660649413018
-14.2208707381267
-14.38258200622124
4.135555860672716
-2.942114947063399
24.07681379426593
14.18269401360307
-0.1617112660621774
18.35642659735593
-0.9921104225704178
-11.36718123079664
15.96582517044241
1.100473819736631
-14.13021535203189
1.491506060178633
-16.2245296064035
6.786502226319069
18.31956596084633
14.04822801202761
11.44046705974222
22.26912310389999
12.63391678136223
11.89405230268615
-15.43545720261792
-2.614010714590148
-9.635206320365944
-10.37507080472012
15.47888944252727
1.747548801430701
25.11409576099986
-16.58071660276083
14.90174260282631
-15.24792749330308
23.17908703432614
13.36400327062401
10.34614991671365
-14.6166965477317
-28.1995564275047
-16.16298023983907
-6.37187577630315
-2.379161643917867
-16.58422893247944
15.35511837416801
18.53755593548749
-18.32826540332768
13.15419379989551
-14.82363066123803
-2.783882767967566
10.25362790231694
-10.21235315651458
21.72699415068836
28.46660195748758
10.7505662899595
-17.29826331181279
-4.260752640917976
-10.24359430069043
9.509580899537884
-18.70059236577511
-16.46076488576466
1.332789109004077
3.504634741927223
7.211934988577523
2.239827479818774
20.03338147471059
-19.47849224895887
-13.43722725562652
27.94671725735755
21.02317566121032
27.30124940832548
-11.01819959940754
3.473976486628245
27.22827922146987
10.59323222650876
22.53042082046166
-23.13165371517218
-4.72897096418942
-14.20506728822313
-2.09431425416556
-17.10563318510494
20.91671757968566
12.82144648579845
-20.64916224293776
-2.90056589740681
-17.71603566678817
-18.95702105841161
-6.207523970883057
12.5567219531997
14.26777840943966
27.97455789958347
-15.01131893056397
7.615731397420165
19.65547928783246
8.418822362486276
-9.319620885414936
-15.00844254170649
19.96539962459746
-21.71831972899769
-2.658774313975071
12.03974789310788
-22.62417393930128
-11.2366569260941
13.03751067058974
7.054669011364989
-23.60941251193841
-0.530720610574166
18.39992146929452
16.3823921408763
21.99509146995997
18.29132593760934
2.923622478079032
-17.73844324729124
-11.48555146271414
-24.66644233673642
19.75317520104542
9.799894239397991
-15.36770345945614
-9.953280963147302
12.74949708937373
0.3419459224829828
13.08907840797617
19.95720568699536
-12.7404729320747
-17.61631277883204
1.314329315173173
-16.60479285095569
-9.736665576323087
-6.649147273393825
11.57491947395511
13.82615511071858
28.51219791094823
12.74713248216116
22.70277805591012
-25.16759769877965
-13.08241885141914
6.868127276225206
9.955645576612854
21.28665486988024
24.0169537175128
-14.55746540074586
17.65477916281726
0.8819858791750974
23.07869192725069
6.158037471940141
-10.47700951151027
-18.64287637461433
21.31158505199459
21.23577974986602
-2.885831788141652
20.47530238211279
12.08517885260918
-9.711315515023664
-14.40917394187803
-4.875839843618998
-21.796494359563
-16.92065448119634
18.9306420868187
-21.32056005110315
-5.688821656116632
-21.94555977358401
-6.927999086826132
-3.427807017695402
15.63173839579222
-13.24289077530393
-20.81892159989333
-0.6249997254447808
-16.63504698345025
-4.697858413931328
-13.18089087510719
-27.25939179202092
19.94125793542623
-17.88714363817873
-5.733566252857991
-15.62768603184846
17.69054918578705
7.536507329734908
17.84606004897781
-22.54073933750985
-15.33952046459112
25.51140877876258
3.520235539447275
-19.68919290223401
-14.86535135240026
2.259457607396721
25.4236509698937
3.296836020340236
-29.7526355675001
2.882894622035113
19.12241208449046
-20.44323350295072
-2.017529331181005
15.75704458926469
5.612699332491681
17.77457392320847
12.1618745876539
-26.18191781923586
6.041264990696581
19.05954541429307
-9.815083758953598
-12.83293711867165
20.91059148394624
2.036389378084763
-0.6454678469289924
-24.47274077114228
-5.160401582858681
-18.87420211042716
-21.55605932430439
22.67373146900444
6.278073746521846
16.36161104656594
-16.39565773630513
-6.312120417877063
-7.576030824223687
-27.98069981942454
-3.631875706483317
20.19392187716699
-20.40466899556679
-26.50913015599556
-6.362174555819132
17.46362301070828
18.40268275649237
15.43945127992039
1.856591399649091
-1.723935649930801
23.82579758307041
15.01756068634926
0.9390597512934762
-14.07850092728268
-13.5828598805479
17.12480896075734
-21.10209904925372
-4.164820607977756
11.96807147828289
65.12716653601845
20.7419474298662
-3.580527051566255
-2.455599897873888
12.03657618904318
1.124927152834853
14.49217608644943
16.93727843923422
-0.07580530337750832
41.844046482195
9.676567585632993
25.28743805658272
15.51544661467931
-9.894119779826717
23.42411544126454
-17.69073476975163
2.851546448898286
18.85975601001922
7.908668820316946
-4.349672451265153
15.61087045683466
-21.99117325547272
-13.7996927120503
3.797033470766061
20.54228125070729
-10.95108719856143
8.1914805511359
-17.35700556741785
1.785562214934151
19.38228843141161
20.32802935149421
-5.323873505209721
-17.20149469922857
19.14256777513221
0.1555108670577181
17.59672619052975
0.9457409152276729
20.0050722531801
-41.65412742545333
63.97944530972386
-39.07920577510886
-21.46753770084549
13.70441318263929
-12.80177882769863
-22.88758921248448
-0.9920906298520668
19.4266827545908
-23.82556323817052
34.81707360530783
19.05933133936085
32.22846158261552
-25.65190285568206
-11.02378441134855
41.87539959811381
13.16913024273248
-21.3019487996502
-4.210604478993668
21.627020542029
6.06092807419568
20.68904651794912
-16.12624583820834
3.182437562706187
17.09134431846308
5.175702963302078
-19.00471231767267
-5.09580556484146
20.74181945259575
26.81666607150817
10.60700850641804
-7.471648579983261
13.90890675437021
11.53306373715714
25.83762501810186
21.89549858070914
6.074846620237045
-0.9379740242194755
-20.02991700823629
8.489596137530732
37.15188714719785
32.4073495560232
-10.59688876428085
-26.19142952907491
-18.41536547295539
-34.23601743274585
-6.577373465315423
13.55558080803832
17.39379876212142
24.90459607513266
-15.82065196096488
35.8091642350253
27.65864396744442
-16.2096575649684
0.4019455886305831
-27.25669837829894
-4.678670720829139
20.13295427336782
13.97144175006752
3.698711552823695
20.31031470568164
-14.37994553433499
-18.65128348313881
-3.233447537891088
17.31138059655655
16.61160315347686
-18.07865708649553
22.5780276587027
-2.99893411141755
-4.271337948567155
15.4178359448371
-37.99808229979448
-9.630455336058521
43.16176037985732
-1.46237504865174
27.69027746693414
-20.97440452304908
-7.267625030279095
-6.288361727898604
13.27720310405541
20.88479247858638
13.7067794929393
14.68604279859805
-25.57696177135267
-17.96937239721067
18.56633485681048
18.65011247012779
20.54482813443441
27.17315420740032
16.13289208461221
7.607589374865079
28.36762696260369
-11.04026212488218
36.53570725258221
-39.40788908521433
37.32073280243088
46.80067755902961
13.75120597009158
53.1590950556452
-28.7062693584538
2.574921650343784
31.28119101275428
15.39039085049665
14.6281184440435
-22.18717391405936
-11.8776211934277
10.30955272122301
28.5195131473698
-6.161512522852009
11.3490152672982
-15.84759185654515
21.334626071196
60.88692772399452
-7.026418813963057
-40.52888705835956
28.14553207312472
-33.01808974061981
28.66229101204626
37.1822179263693
-17.17049788241121
-47.63588841824308
-39.11596150588361
0.4363401471538254
-1.764773647016506
10.05392898643466
21.80151272862055
8.519926912951526
-4.744537589344901
45.87111477122505
39.55230165316978
-17.53363647893941
-50.27503212708395
-32.7413956505216
21.36517257766707
-9.774538637224294
-27.99752945025065
-18.95265229333943
3.946956132197411
17.69231901493418
24.58935505260253
-27.28087632446151
23.33477603482402
-70.28511464410046
-41.33929758560188
-0.3893044438212375
20.80199322251562
50.61565235963067
-43.00423831998432
-2.532782808432716
11.81870263302691
21.95612755370553
12.48504185701221
28.94581706013036
-15.678318373716
-15.5945407630066
-44.62413543130393
-15.47148291118114
40.94999314167293
37.02411247884162
0.08377761265199993
-14.29711015522855
-18.2229908166041
6.894187509468178
24.26199227099201
27.46685765286892
52.49559538836044
9.479944757130308
39.58332950179366
-3.925880662826241
21.19129766614717
-12.91226588526025
9.044877156658679
30.10338474413188
-33.04947158834029
15.82557606280193
-3.522591812235796
3.090798637344518
-17.80040049416566
29.77493593833408
18.43455122500471
-14.27780868242474
21.95714303971186
6.380336107348771
-12.38284768809018
-15.11160628328106
13.84006688008639
5.530792635042444
-21.22294735981954
-3.307564643024559
22.63857598470256
-17.96892082090906
-25.55771469045492
-44.38521910901893
9.309402063040412
-30.11445351902026
28.07879135813592
4.752663233482628
-27.81333305930647
-2.254572204793139
23.21399749923359
-18.82750442071522
34.86711675198623
2.301120460563957
-30.98778812721075
-24.12161153918278
41.91985178715752
-18.32482969795208
29.7595680849875
-38.34379240681665
5.796781842614265
-12.16028370434381
33.2256389825404
-1.670407409390938
-20.37088887089629
25.46979779714792
44.14057424936155
86.99665643164133
-37.13071659501338
12.32755228488475
-20.89119913101499
26.68413730188737
-17.30075356113636
20.22434681758199
42.85608218302315
48.08439778383137
17.36780476359852
15.01782466300503
10.13742492255613
19.72578112025234
11.74758374321549
-9.471085693896651
10.69666289622035
21.20429405559518
9.588356194611583
-22.50974829505165
-10.09717270505224
20.5042668439707
4.72414012702071
-18.41673869691378
16.23951746322703
-23.32612812413665
19.82996303481134
-4.864793860086155
-29.62830584678365
7.896794532455807
26.65011646554621
-13.32528164077985
12.76556776608284
-49.0879040184203
-3.063494879889646
30.26796480791702
39.02454587549285
45.6944204340658
25.40753922294152
46.02440913907906
-17.80802202920425
25.55876085536324
-12.17179503999727
-38.51722418846772
-33.28890858790343
25.46856970493786
-37.73055589500216
-17.11368597547097
16.21777371646789
-6.459790483913759
14.28798230410259
-11.34038471604656
11.55922370870818
-24.69475689594151
-11.91515712850981
16.30302420683164
-18.76318379255472
-6.021872683625209
7.459730770436109
20.77670484921802
10.93495558653377
18.75332193333915
20.74777278647395
-22.87322013019818
-9.541573854369878
20.42704405702998
-8.628984089539026
1.994450852687513
14.73576196170263
-13.88454869950316
5.004839973500306
23.90301738346792
-1.140582045388428
21.86158335497849
3.272780925329077
-23.93209661747683
-22.22763616941016
12.77959976847541
-9.250795989163755
28.21818133699105
-22.03039575836212
-6.603940132274328
7.131127215100834
12.74131110885468
-2.728758594619453
-25.04359942800945
1.047249980169941
19.93663865255496
14.79229471370147
-2.04143402946885
26.09084940821647
-21.08705412476279
20.61686991925318
-43.21556125284528
-26.34542914848432
33.33145969065752
16.87013210429933
15.42645562719884
-9.730921988362617
9.017262976265792
16.95682826930317
18.88938867242237
-5.144343938733317
19.20748125562119
18.74818496453988
-28.80289415626741
-19.85550185827015
-3.428802459014574
-16.28751876190781
0.7754581955241893
14.49087086142263
18.12916046556629
-20.01027734679116
17.79803987627742
1.078173321960025
-15.26004112119043
-25.19719613094596
-16.83372874272425
24.35182519403876
2.998227598627845
20.06120455553942
-17.54496705858912
-5.186918784155043
-18.58880242948815
7.316580945292625
19.83195634008882
17.24106947638206
8.876586894180074
29.86929751104951
-7.75584118539227
25.90538337461958
-27.20487754291787
-0.06467233641914846
12.62822803466774
27.01837538068556
20.59141044812364
9.337627605276571
18.28501990448289
20.99271061709928
-16.63242809058156
8.947392298601811
12.51537539499309
-25.97005570686713
-17.06122219590323
0.858451122030408
28.66047379185117
26.73630895066844
-5.594651553477011
14.29606580658347
2.707690712668602
16.4266993989295
-8.043081160029926
-7.486756722954037
-17.32850598558755
13.27449501597683
14.32090027623741
15.52486482400951
13.71900868561906
7.96318241715601
25.18557932283829
-6.426964936262076
20.97884266902208
23.85715193670972
17.91967332014312
11.4665706388823
-0.4592962913926834
22.84388167117029
-4.290620638183127
16.7656938251776
13.06308163073163
22.89960842397966
20.64239891987122
-20.78362736912537
-2.965858885982118
11.7541119126689
23.73083049939075
-17.57876198449783
4.113067255206503
-10.68172594544934
-2.34998010323591
17.81776848381858
3.204865383951839
20.16774858820497
10.50763115661487
14.71997079977739
4.212339641258081
17.59790382787849
9.278337812770223
-11.61593785712517
-16.36819945837632
-2.982635254874661
11.83867764594241
7.121093982584391
16.22187853725728
11.97671858648982
13.3855641878184
23.48929344878396
-19.61776324467651
11.51257486681954
2.495087578238348
24.6598360601842
6.897036038379019
4.093009615642687
-16.80126600315832
-24.77946337065728
-18.70048146159182
-12.03060690161452
27.14020520661018
1.704460448281347
6.669874560063277
13.73506734848585
17.2249901160941
7.93956529256646
-6.078187845544737
-9.780800041025332
16.01013577384655
16.28579359074978
27.40580763072988
17.22239690405528
17.06297695717204
17.35370226884903
-16.36041224087162
-9.874893290490766
-3.043438158006444
17.71781358064915
20.87286089394374
12.23795753654588
-15.89141684834857
-2.744155660975089
8.993638174352974
22.52167633176244
7.860320147238504
-6.790632279942204
14.82131286644502
-8.319566016545677
-15.78012672627607
3.254026541830942
-11.39692585523601
4.383200878626624
-20.89427565304345
-14.45626728215701
-10.81797767125484
14.9729581471471
11.42159054235069
-9.285424824824664
22.36398143584637
6.485518951791286
-8.309274246591574
13.3169740802617
-14.79479319901063
22.11285082414268
13.14726119067728
9.100784559390506
3.638289606327557
25.87785782814288
25.79093581551649
-20.54508197350007
-9.448379318031444
10.25691510039264
-5.088443155957182
12.6182940956135
-1.924164837458483
17.4400125220767
-14.36440798899198
1.101798040727466
11.09670266203033
-3.551367608431646
0.2756578172907949
15.45663881099863
-14.64807026208384
19.70529441423219
4.716107119299167
19.36417737003683
-1.730679319419124
-16.71986656585526
11.60096693448013
-14.98918727248749
13.33164627582837
2.36137898399226
14.24423608344463
-16.33821447029371
17.61166807791372
-15.89080016621388
-33.50246824498726
35.17195088528627
7.510797315375533
5.228315600550284
-7.978197380130216
-10.18341073747018
9.707306627533448
2.878309286122829
15.23635760823915
19.89071736081981
15.46620603389924
5.529050962904537
-9.937155040375176
12.35804829555596
-9.841749262658885
20.76125173879338
-19.33372952029439
-16.17868220120763
-4.184281187255698
11.96081471052884
2.883012425978166
20.3409194098885
3.155047316941395
15.14944833534265
2.250369807131081
-8.634903356608767
13.5298451278283
19.06169462635676
-20.6970774462432
-6.594034356872028
9.551061549044441
-5.516096463071545
10.6304781926235
-19.49311288918931
23.42406473684389
15.18098098962195
1.203964550652905
22.16474848364806
21.74887119578501
11.73779383666264
5.531849498329799
16.14509590096157
-12.89907852945277
-21.44114504828645
-21.31852593780493
40.47560968490995
-8.393745360668404
5.624504859147185
8.380104702708124
19.45182106713625
13.87300318768071
-29.05602815185545
-18.10687569359413
0.1226191168918789
16.14657466214525
17.70673723954191
1.560162568031274
12.79358655293576
24.39217218521943
-10.0110773573474
-16.21702169712718
1.240885284221049
10.6518308320342
16.22746662483114
-22.78999169554389
-22.408041166768
31.47918708557974
-0.1217604361314982
-21.7415385890321
13.52803816167532
20.66290818587722
-12.92773790581659
-18.50655579210147
19.81647221860431
-6.907970156080455
11.321524691144
24.2463052894447
11.88285714223764
22.83200961042841
10.94915246566486
17.45790698334451
25.94614062795474
7.134870022207386
-14.66135618080474
11.07171636445321
16.81700261781054
14.9865813426064
-11.02326303734321
15.97566083488081
22.66823127630208
1.048453104314972
-12.85368431070753
-5.578817881332114
5.745286253332564
32.74421011946806
11.59858563696598
26.9989238719441
-1.830421275168107
4.429833079314125
6.692570441141581
25.32176446022922
18.44808330747353
18.22949483524349
12.9247805877186
-27.97742367446702
-34.85110482625186
29.088636923522
14.01825022003449
-18.81127061626001
0.6665025800014647
19.47777319731879
5.575635790679322
-31.6009475284095
-12.97175351565133
38.82971183424109
18.62919401945631
-14.65095241212387
-13.90213741321845
-6.873681152270085
51.80146534989258
57.06606059803823
5.264595248192904
