21.81369386007936
-11.48953225303254
4.121914500038439
-3.298252347780225
1.970406859301818
18.90878259492237
-22.49217887613305
1.364471978995675
6.312238068654966
4.588182137194601
5.713171297776462
-7.181271425473738
-24.69665462959708
21.44681683059109
-3.332106920249781
21.15030364240148
16.07214965582719
20.84692462307901
-21.51859275591143
-5.15734535740877
12.77700934696467
-13.26081995035021
74.55016891464155
56.76497988938444
73.6098431454886
-31.63710761942546
-27.83902485647245
-7.828397237885222
34.12666809472721
31.27628759115289
7.856237817717211
-7.360950164175094
18.18625845590983
21.82096184258008
-20.44659645307691
-21.43877114234787
-5.959015144125668
-4.479839961356601
15.76940502054359
20.9455207063816
21.14522530311667
-13.0900291412725
5.267618118357404
-9.455325748572962
15.83290423291455
-18.37074549772601
-29.0528166642493
-8.671201657597601
15.76290622952431
5.422314076459407
16.86348249156283
24.00344199670078
10.37869211419956
-5.078153986586975
8.786254014688623
-13.62474988263297
-15.21718798201221
10.33002063831272
10.16830969046474
-15.45684612128066
-10.68207117213882
23.79305957413657
-1.368394223008883
19.01322077868594
20.18529552163459
4.749642448885766
-15.90003706715258
-21.06045533430474
4.774774969635745
20.38161500576668
-19.69206110004434
-26.00426998064507
-15.87760718841837
4.064650514935474
19.58135994550935
-5.312321046272927
15.23120489592197
24.43410788534214
1.172074745959486
13.06653805791224
-14.22179491890723
-14.38350586944389
4.135852356168349
-2.942337454687324
24.07811005239333
14.18345220516738
-0.1617109488868825
18.35764727376083
-0.9921746906008762
-11.36756982564981
15.96675649389905
1.100576262657638
-14.13118874884114
1.49163278231533
-16.22563554426394
6.786961714698664
18.32116364630253
14.04948467936395
11.44116841510707
22.26985843856096
12.63423623832653
11.89446331016677
-15.43565307183814
-2.614024070503982
-9.635622198220036
-10.37539513172163
15.47975599639977
1.747610677666482
25.11537819268653
-16.5810626541597
14.90246503785054
-15.24826030649031
23.17940742017014
13.36419455728039
10.34660720154155
-14.61695339703227
-28.20016361185296
-16.16389324914501
-6.3722754144174
-2.379313830426921
-16.58518856698732
15.35614474920255
18.53883663433325
-18.32867333106174
13.15485435874695
-14.82396159631864
-2.783954267658878
10.25409794414551
-10.21291315308618
21.72842016394593
28.46852557876209
10.75125725140258
-17.29897931489725
-4.260927102694683
-10.24407272839412
9.510129735722446
-18.70089434531094
-16.46101956113841
1.332802347120942
3.504711734602885
7.212067692686217
2.239874784015474
20.03369669237584
-19.47878176252654
-13.43761182319275
27.94795387091201
21.02431977293951
27.30246212414194
-11.01838440599028
3.473723754958379
27.2289164596644
10.59344574154042
22.53091602106907
-23.13192860234249
-4.729002055910841
-14.2058747360439
-2.094446795324034
-17.10663114976326
20.91815046494903
12.82162899943271
-20.64967951490817
-2.900756414354369
-17.71726832667797
-18.95839584346214
-6.207906463143372
12.55785189843847
14.26912461506654
27.97722008112342
-15.01218435390829
7.615856857068884
19.65586418313335
8.418989734416536
-9.319772016468988
-15.00869335526217
19.96573129300112
-21.71865654653667
-2.65881891840395
12.04000732851939
-22.62455021226057
-11.23687444948664
13.03805221200353
7.054906586648909
-23.60973105400873
-0.5307706820232344
18.40051234924282
16.38289216968798
21.99591595981913
18.29178103626993
2.923692692166196
-17.73876175035182
-11.48572065571078
-24.66688267075844
19.75420246477604
9.800211924504197
-15.36808834400183
-9.953990541648455
12.75048938203765
0.3419716814694211
13.09007992704034
19.95864251034092
-12.74088908092356
-17.61684296987845
1.314440073742003
-16.60612078880875
-9.737558209746677
-6.649749101123483
11.577177495249
13.82728198090425
28.51492901866275
12.74810824264135
22.70447992678253
-25.16830026840382
-13.08286075977214
6.868562580621955
9.956371686787541
21.28699465363305
24.01731985183846
-14.55797761990337
17.65506366593917
0.8820036522684138
23.07896039430745
6.158061939026683
-10.47740876916879
-18.64420243902076
21.314735706738
21.24197428800248
-2.886093963651242
20.47703108000773
12.0854395132473
-9.71141288773018
-14.4094133486825
-4.875953886334222
-21.79685239389746
-16.92089847760225
18.93128303727782
-21.32090398229369
-5.688921338863417
-21.94592314001883
-6.928120918132936
-3.427854982504338
15.63198264419746
-13.24306783989115
-20.81922479006095
-0.6250191603034441
-16.63547070819534
-4.698000449773872
-13.18116201585323
-27.25991808335097
19.94225769794248
-17.88827779280614
-5.73401052267251
-15.62866836810252
17.69210802759587
7.537082873129554
17.84765719841608
-22.54304973361538
-15.34114816064755
25.51478420335476
3.520589067737929
-19.69130318770524
-14.86618023296148
2.259609425791611
25.42536066778757
3.32026745609532
-29.83570419952985
2.878975349649244
19.12492330127851
-20.50203168090326
-2.017620181912873
15.75810847779117
5.613023793064176
17.77572866206209
12.16270486633812
-26.03782929731475
6.041169937280003
19.05983762746869
-9.815212858755878
-12.83280021963066
20.91024048185838
2.036270327971331
-0.6454917449594667
-24.47423011631981
-5.160418271316521
-18.87397015791255
-21.5557322211268
22.67345628410632
6.278142350698358
16.36124739866006
-16.39531394534751
-6.312208881538287
-7.576156949902185
-27.98114795522319
-3.631930987190316
20.19420563204673
-20.40499100558879
-26.51050045017623
-6.362256186855861
17.4638804175858
18.40292655117336
15.43998127217132
1.856771056930881
-1.724055915993618
23.82613661873329
15.01780222153025
0.939046138329009
-14.07875607647707
-13.58321021548185
17.12578965979817
-21.10096290023118
-4.163211372501435
11.97026475830535
65.21849897950921
20.76700372737753
-3.58082697463851
-2.455837797846714
12.0362703638819
1.124989176048492
14.49210816131543
16.93775152567793
-0.07276141999978696
41.86796663069397
9.67678318011388
25.28822995755809
15.51670942604084
-9.894657846328013
23.42611855253373
-17.69177936004054
2.851746557646913
18.86173723355803
7.90940912107991
-4.350155038794226
15.61144676525771
-21.99419514954854
-13.80170244466083
3.798082762952574
20.54352594535354
-10.95232812016791
8.192492711539135
-17.3589790860665
1.785841773870753
19.38562701055199
20.33124036547373
-5.324527394946635
-17.20342991072665
19.14482085364711
0.1555491742882149
17.59978521426477
0.9456133507490728
20.01062762583069
-41.75652844480139
63.94215758193981
-39.17276006525849
-21.51343606765482
13.69060621034312
-12.80569385107654
-22.89317570010811
-0.9935373473009281
19.44610952423137
-23.83129889589058
34.86869122595072
19.06501427631597
32.25180337564654
-25.6557677593618
-11.02560504579013
41.95506533483767
13.18678909885916
-21.30401378163547
-4.211036280393288
21.62986464862648
6.061578741666145
20.69174145443035
-16.12789809839015
3.182691886590991
17.09297749907959
5.17611568504953
-19.00661990749566
-5.096334297952379
20.74456662767247
26.82022409655612
10.6082183289017
-7.472417972892133
13.91028561102842
11.53420193413361
25.84090092628189
21.89963835090073
6.075657470191269
-0.9381231943380247
-20.07017140091648
8.528898006392964
37.21804762184219
31.99570265864133
-10.52674782403041
-26.25045817251275
-18.44160583855745
-34.26558671858484
-6.582951833156793
13.57413638708182
17.4206227346023
24.94973313820584
-15.82398088119187
35.86222857310879
27.68263488545026
-16.21200576754507
0.4024465824849877
-27.28018830246083
-4.684989921484055
20.15708822026086
13.97680144621804
3.699200757137391
20.31365310645667
-14.38143554545852
-18.65311451246124
-3.233746330961601
17.31339055504576
16.61445234992032
-18.08063630190636
22.59519838221853
-3.000262553716702
-4.271678966740958
15.41936818111364
-38.27220612303221
-9.614787232961042
43.07952817521544
-1.718430938290741
27.95247159502065
-20.97649561307933
-7.268400144375124
-6.288848580428247
13.27873674155798
20.8839412387853
13.70809546886293
14.6876470361108
-25.59546093717653
-17.99025644035808
18.56351874724405
18.66179136694093
20.54713688602049
27.17278982013907
16.13347612914828
7.605204497550057
28.65741888894762
-11.03931369309507
36.55377518617201
-39.69673257978075
37.5672588274282
46.70747329567886
13.55150163897365
53.24823421910359
-28.76827623865488
2.583768379542231
31.35204462162944
15.42258170152131
14.630162713168
-22.18947684151536
-11.87890251507857
10.31057432713847
28.59906940890437
-6.180286773602298
11.37559675133507
-15.87896519305259
21.34477888216543
60.8974491125244
-7.042761338476552
-40.63154826292474
28.16128094271022
-33.10243785457735
28.68914961782291
37.22374407385271
-17.22347265990169
-47.6507137287681
-39.11611927468489
0.4365509559153047
-1.764372991971883
10.05385837002214
21.80109867187284
8.534594454664415
-5.222344961376292
45.8863407367994
39.55267023072908
-17.5153832041393
-50.25155137159597
-32.73616816950398
21.36454771265252
-9.774210071910122
-27.99218144272411
-18.9483538227904
3.946769134558841
17.69136966894547
24.58808722359039
-27.81868020161346
23.29000549528893
-70.34113068363358
-41.36515453025233
-0.4148871179057728
20.75734900547748
51.10868569724138
-42.52245048235951
-2.532656485941115
11.81823136160297
21.95549613398682
12.48479256565368
28.97597615502039
-15.82198296380734
-15.72371034670268
-44.79795911629278
-15.12705657846033
40.95026741224609
37.01111765977487
0.09827261903980104
-14.27882162330622
-18.21797137433365
6.893414498448432
24.26081497828198
27.465579741581
52.1381742365804
9.140214468774611
39.2278476305252
-3.939149752473139
21.17223612320014
-12.91032660475614
9.043827619699702
30.08763316122677
-33.15597165611618
15.80465584382687
-3.524520072099275
3.091712291196781
-17.80749739011446
29.76883770101041
18.42963414769402
-14.28297731850243
21.95415422225626
6.38002507183643
-12.38240358066905
-15.11071506520934
13.83954778149481
5.530603021726919
-21.22285090220609
-3.30755930735807
22.63843882730258
-17.96879239426898
-25.6080579054537
-44.45149525500859
9.333672517126891
-30.17516563258227
28.14757181926233
4.766564789024347
-27.87125885572963
-2.265404938622586
23.27410367501658
-18.84343735171699
34.94173042108087
2.303906777712712
-31.01150662292676
-24.12806825283903
41.94072805228892
-18.25415324101372
29.77265878542508
-38.20053416358452
5.873915013219849
-12.16806926904751
33.22196341794291
-1.669879825323301
-20.40995110782073
25.46803978371458
44.07444917674614
86.87066309653665
-37.14515763401236
12.32552032270517
-20.89920968082371
26.67712541072423
-17.30190748794531
20.21955501470179
42.79621392049239
48.02681202734113
17.36740048188359
15.01744904919826
10.13726477417574
19.72530553571348
11.74724030279838
-9.470703565599642
10.69633669515177
21.20366385706795
9.588040758997888
-22.50928824781041
-10.0970329919085
20.50394087188989
4.724119369565911
-18.41639910840005
16.24594795240911
-23.3810070297122
19.84325014700608
-4.873468145439817
-29.6274278114335
7.894034691751839
26.64160593966949
-13.32305460366328
12.76175900651958
-49.12362530718118
-3.065282803836555
30.33837306004473
39.11844506021401
45.80170413692861
25.4140504058105
46.0583425038028
-17.78518902573143
25.6058539179669
-12.1916353309468
-38.54601150741241
-33.31541340077882
25.53950861455833
-37.79748924856528
-17.15319714763757
16.25045871984285
-6.457570395652041
14.28423088542638
-11.3392035560251
11.5559194006501
-24.71671829349223
-11.91799861215154
16.30437320870848
-18.762428649725
-6.021697488216135
7.459522707494366
20.77615319821918
10.93461429442652
18.74757124814414
20.74180127956295
-22.87201493336064
-9.540875613292645
20.4285075621367
-8.628478270763068
1.994230030989297
14.7349611927075
-13.87984693321481
5.004469063143489
23.89741076041266
-1.140133088134846
21.85576591769768
3.272556936242752
-23.93013121233016
-22.2186888959817
12.79871968238668
-9.289049895408636
28.22237182257008
-22.08776957850914
-6.62443850179694
7.143816016856348
12.74073116148562
-2.728311483989403
-25.03754384770735
1.047269763704163
19.93158575948668
14.78767290771056
-2.041644843769059
26.08481361143271
-21.07855580839724
20.64429210066754
-43.19923943215109
-26.35437617649482
33.40365586636669
16.84486325563169
15.46333107778799
-9.730492129796415
9.016910515935932
16.95631178191701
18.88431599580388
-5.143912851708788
19.20664405142478
18.74740264572749
-28.80073108079852
-19.85435190443048
-3.42865763103445
-16.28648312036245
0.7754680745021937
14.49047828715357
18.12871615609798
-20.01066912217941
17.79740308172661
1.077935953214701
-15.26025449611157
-25.1974376310324
-16.82931775108938
24.3505569029277
2.998123536267263
20.060074730372
-17.54431061353692
-5.186768508853246
-18.5832089813955
7.313193325568337
19.82744128618498
17.2329337710482
8.873024101746704
29.8606946704577
-7.753923634227977
25.8964023069046
-27.20268814868423
-0.06476853969105563
12.62776089940978
27.01747075188661
20.59065412990343
9.334223088034449
18.28060226565832
20.98767056893238
-16.62694774550037
8.946379176995993
12.51424796088263
-25.96117084306026
-17.06070307525904
0.858432840993712
28.66001993340579
26.73590105930286
-5.594442104359716
14.29580469167566
2.70706830329036
16.42569427328395
-8.042942202825753
-7.486610703346
-17.32814960714106
13.27426308201628
14.32066499208716
15.52460714673541
13.71862596954515
7.962893233664044
25.18488693611463
-6.426816625153701
20.97844297510013
23.85665085273891
17.91913591803567
11.46626096796839
-0.4592414058862702
22.84342455506857
-4.290482172349378
16.76536726301242
13.06276590772977
22.89512295588825
20.64131808851657
-20.78283313811072
-2.965744316122926
11.75379916320066
23.73026847884717
-17.57806837215323
4.112946920051418
-10.68135081628076
-2.349951435279935
17.8170888225957
3.204764765349271
20.16704025893539
10.50732715959017
14.71954348038927
4.212216319132753
17.59749076701162
9.278124630446404
-11.61562309473674
-16.3678876198501
-2.982613157327115
11.83853926350324
7.120979421205961
16.22165802839156
11.97646931554537
13.38527444899853
23.48886704783932
-19.61732155912399
11.51239773615081
2.495051461004169
24.65949097665255
6.896717555370621
4.092889154490838
-16.80085852653056
-24.77892375112048
-18.74007128257132
-12.05681220464525
27.137919609104
1.711442316410729
6.683259077999426
13.76825451972871
17.224608668201
7.939401265670512
-6.078057291446963
-9.780658648095303
16.00992106410558
16.28554990372211
27.40525962223545
17.22199370104424
17.06195119448491
17.35324808023822
-16.36001141918223
-9.874658447936584
-3.043380924524298
17.71749286072465
20.87249061678819
12.23771457568914
-15.89122586938764
-2.744132634053953
8.993538317433828
22.52144714180911
7.860214049169222
-6.79054725033966
14.82115239115242
-8.319366137793322
-15.77982151036043
3.254058510459427
-11.39670276298585
4.383118753952726
-20.8937477106011
-14.45604965603916
-10.8178117809452
14.97276793472201
11.42141855856687
-9.285207403659617
22.36360719455971
6.485352972801073
-8.308944761348091
13.31663049210189
-14.79429773471704
22.11237302107047
13.14709323818851
9.100678611265879
3.638237871027229
25.87746821784529
25.79057971297746
-20.54483434992115
-9.448243675629643
10.2568626121502
-5.088414819311084
12.61814080597773
-1.924118870849223
17.43992757562839
-14.36421524498378
1.101737093439515
11.09659068006102
-3.551349379394481
0.2756288400061288
15.45641952510951
-14.64794005230461
19.70510628415357
4.716106412867608
19.36404645546213
-1.730467308995045
-16.71946713848421
11.60067199213908
-14.98899985199255
13.33113932006806
2.361278184126404
14.24353669954085
-16.33819047272939
17.65932400075604
-15.92946292353998
-33.58878692501737
35.20404227959238
7.529110405975499
5.23059810660433
-7.978065235515372
-10.18326593056832
9.706980869658981
2.878207893528043
15.23575003931422
19.89024679666086
15.4659523420606
5.528769154324904
-9.937183161328333
12.35754212288664
-9.841538903793911
20.76087378530575
-19.33347021404695
-16.17847245307724
-4.184221167699237
11.96067388391627
2.882978629681895
20.34069892674905
3.154997759333498
15.14924904825723
2.250344063889802
-8.634776040382755
13.5296634774206
19.06145108219368
-20.69680739358153
-6.5939602429965
9.550934815819662
-5.516016717875881
10.6303563483051
-19.49286523070792
23.42378861612061
15.18079068134436
1.203942157226071
22.16443951708713
21.7486479523492
11.73767095272447
5.531787605014865
16.14489505439358
-12.89890498532387
-21.44044938540571
-21.31820702667542
40.49064376553608
-8.393457873476203
5.624985348714408
8.38002504578489
19.45166956760803
13.87285380020498
-29.05698583745517
-18.10753441049855
0.122242364271406
16.14637307181958
17.70655561493541
1.560182535014571
12.79343227544474
24.3918925287685
-10.01097699807755
-16.21686034707752
1.240859947580234
10.65175729847918
16.22738550429245
-22.7901313529994
-22.40825861660716
31.47981072529609
-0.1217082638056923
-21.74170062629032
13.5279088280951
20.6627342934611
-12.92776376371601
-18.5065795372247
19.81655874906401
-6.908119280621725
11.32165752594293
24.24640669743798
11.88225855235756
22.83170998791771
10.94945143338437
17.45772029663657
25.94599813485482
7.134825463616586
-14.66123308943298
11.0716445219111
16.81693765129512
14.98652555869099
-11.02325966084675
15.9757697236363
22.66842310380313
1.048430724818994
-12.85367175196059
-5.578815769170812
5.745293129296334
32.74432250844209
11.59846025741117
26.99902938425438
-1.830412092639147
4.429847955750821
6.692653379938365
25.32229802225083
18.44829118514958
18.22977679618885
12.92474916234716
-27.99165158100342
-34.86565841725053
29.09290435298437
14.01844322238926
-18.81117268031795
0.6665579922563237
19.47773067350252
5.575628203926538
-31.60151899487911
-12.97187435802909
38.84402236896287
18.62964464262719
-14.65076128647711
-13.902102475254
-6.874006836673958
51.81589672699201
57.08455593403089
5.268659207080525
