21.81300835930216
-11.48929579138385
4.121830810840752
-3.297005956911245
1.969160468432884
18.90924068152736
-22.49248041870093
1.36450468845186
6.311984531343131
4.588003499249809
5.712954637559722
-7.16976068557301
-24.69700748571035
21.44706527206547
-3.332207622743693
21.15008237435932
16.07209192523011
20.84675989638247
-21.518636416247
-5.157181941526676
12.87470511455122
-13.25900556399436
74.61969702288793
56.82182535986334
73.6818131708665
-31.63175463252709
-27.83428291318807
-7.826769081394244
34.07835656381413
31.27505693273502
7.856103911614454
-7.361083361601144
18.18571738268636
21.8198215545821
-20.44588861097728
-21.43802086178432
-5.958780764625457
-4.47968206042307
15.76881117331862
20.94468761662875
21.14477734505909
-13.08933955665961
5.267583629311552
-9.455235378153093
15.83256265237605
-18.37058493616355
-29.05257018908413
-8.671078715875247
15.7625119663126
5.42227983825464
16.8630240538213
24.00361606202829
10.37866273880588
-5.077990449137904
8.78642878868369
-13.62495332336228
-15.21718727334465
10.32961347120116
10.16791144973756
-15.45665321042867
-10.68198525912147
23.79286477432052
-1.368406861034151
19.01308460663976
20.18512106345518
4.74958182481597
-15.89978521470692
-21.06019403578579
4.774667973791863
20.38149147218281
-19.69178716238207
-26.00394183808122
-15.87719371972595
4.064490050676524
19.58046560528993
-5.312214666453457
15.23059456103807
24.43359068039609
1.172036460066509
13.0662535848599
-14.22124550647305
-14.38294753104203
4.135677696381546
-2.94220331609262
24.07736145905621
14.18301290438686
-0.1617020226843163
18.35692320146082
-0.9921322520375767
-11.36733709374412
15.96620655264911
1.1005120883106
-14.13061844556577
1.491554918764714
-16.22498554583361
6.786695383312853
18.32021330384448
14.04872321711634
11.44074421544354
22.26942195766989
12.63404933337095
11.89421712283759
-15.43553923762341
-2.614017341590158
-9.635372622187921
-10.37520483826951
15.47924009541557
1.747574713064594
25.11461271569476
-16.58086147208156
14.90203454573117
-15.24806667243119
23.17919840600587
13.36406966256843
10.34631840040329
-14.6167771475503
-28.19973687732276
-16.1633077815071
-6.372042831080348
-2.379221824780896
-16.58462099894287
15.35554910595757
18.5380920052162
-18.32843618432071
13.1544598311908
-14.8237698623422
-2.783913654141073
10.25381934132778
-10.21257816826954
21.72759193729712
28.46738663755276
10.75084617207245
-17.29855938650117
-4.260826390503881
-10.2437915437516
9.509808483642017
-18.70071593749825
-16.4608690994393
1.332794799160089
3.504666321824677
7.211988842359406
2.239846837880644
20.03351073659458
-19.47860695812061
-13.43737819722073
27.94716361756309
21.02359650724119
27.30168728894942
-11.01823596900896
3.473879579218169
27.22853281497895
10.59331718154393
22.53061856350847
-23.1317452561674
-4.728984425781253
-14.20539917375482
-2.09436710010321
-17.10603966284957
20.91731383024209
12.82152189393055
-20.64936703842795
-2.900640489662212
-17.71654046476294
-18.95757815435746
-6.207665320434642
12.55716829971747
14.26823839973421
27.97556721479239
-15.0116725623109
7.615782495111101
19.65563870055558
8.418891187828738
-9.319682082653584
-15.0085446515743
19.96553541830634
-21.71845379613423
-2.658791727681357
12.03985620804712
-22.62432714676539
-11.23674751348323
13.03773299573314
7.054767842954821
-23.60955491979411
-0.5307400071773137
18.40016682563229
16.38259603287525
21.9954145963375
18.29151535658218
2.923652432516445
-17.7385732699018
-11.48562210042257
-24.66662151165439
19.75360002814989
9.800026720949473
-15.36786292398087
-9.953573308652706
12.74991283571925
0.3419559440780144
13.08949792732479
19.9578365380409
-12.74064361515124
-17.61653158823199
1.314375258025983
-16.60533785932224
-9.736999252935579
-6.649393688035281
11.57581129756826
13.82651003593415
28.51288484673831
12.74754198007016
22.70348614764803
-25.16788964484519
-13.08259955629063
6.868338607966639
9.955944170357739
21.2867576516745
24.01707294690408
-14.55763085434423
17.65486701834699
0.8819854669862661
23.07881493712684
6.158052620860145
-10.47716300167509
-18.64346128266405
21.31281055223026
21.23904395296834
-2.885928761925601
20.47590372196195
12.08529009355878
-9.71136025794666
-14.40927453391603
-4.875887970142306
-21.79665034381783
-16.92076234077621
18.9309068393973
-21.32069814949275
-5.688862568840437
-21.94570475487159
-6.9280482392669
-3.427826485514925
15.63183558144314
-13.24295522308682
-20.81902984556542
-0.6250066081938718
-16.63521562253509
-4.697914263719972
-13.18099941220887
-27.25960299627392
19.9416837644631
-17.88762249443413
-5.733752189082113
-15.62810074203137
17.69120306941199
7.53674718069653
17.84672893889154
-22.54170705482165
-15.34020439603308
25.51283113497059
3.520386917481088
-19.69007541555716
-14.86569446604285
2.259521753477537
25.42436967706124
3.306212296470671
-29.78686766176591
2.88153719944432
19.12339364753253
-20.46814818837759
-2.017570795363522
15.75753252338746
5.612818566686833
17.77510332135748
12.16228475176341
-26.13371067854543
6.041228758488919
19.05966206774861
-9.815128738926234
-12.83288000663985
20.91045089801276
2.036342136203972
-0.6454763266235233
-24.47328403873982
-5.160408825650832
-18.87410876616587
-21.55592721840518
22.67360915592943
6.278090781149395
16.3614544748925
-16.39551838787549
-6.312154676727826
-7.576074622150767
-27.98084681112644
-3.631890632777222
20.19402323992423
-20.40477218930373
-26.50962618137121
-6.362205929616183
17.46370792686113
18.40276083559925
15.43961632132995
1.856656591089562
-1.723981015100254
23.82591387215096
15.01765651521649
0.9390529139509828
-14.07860359389743
-13.58295973050341
17.12521622051348
-21.09975685184346
-4.162683298377754
11.96914460204814
65.14882085485758
20.73841069656886
-3.580637608071007
-2.455686451954673
12.03642909711459
1.124951155302904
14.49211554862264
16.93707355142003
-0.07376660051678044
41.83816755149136
9.676671375333703
25.28779800429933
15.51597554958593
-9.894348553809339
23.42495526097686
-17.69117754846106
2.851631652158817
18.8605913191829
7.908979705452929
-4.349871032418232
15.61112661559522
-21.99244423278746
-13.80053763230732
3.797471719338578
20.5428092309816
-10.95161162213753
8.191906607783432
-17.35783730505253
1.78568095581454
19.38369033934773
20.32937536015459
-5.324153927605427
-17.20231143075938
19.14351825400628
0.1555258731924504
17.59800935894911
0.9456850162154712
20.00751383975901
-41.6860916857953
63.9599831372932
-39.10844209966382
-21.48103696723989
13.69776463555385
-12.80324646458888
-22.8898102907637
-0.9924795156505657
19.43467322828941
-23.82781123116399
34.83708161500434
19.06182882488471
32.23791969320926
-25.65352928672398
-11.02456476749017
41.9051256476591
13.17609086782199
-21.3028103535379
-4.210789034826639
21.62817080487581
6.061205347508017
20.69016986607399
-16.12693391292438
3.182542900673735
17.09202131652973
5.175876442452104
-19.00549447698748
-5.096016064064704
20.74294377212588
26.81809662838475
10.60749062915598
-7.471976553356476
13.90947841444096
11.53351792312282
25.83895983685229
21.89733077319638
6.075152857576924
-0.938000938942287
-20.04048235038982
8.510749228691473
37.1723371374013
32.25070758937206
-10.575274867421
-26.20890049144497
-18.42543825930288
-34.24761617424056
-6.580130610266109
13.56244896484085
17.40412287126551
24.92189062097692
-15.82217791610823
35.82956113051715
27.66748556399164
-16.21060599911183
0.4022112965285946
-27.26527426695222
-4.682479937542891
20.14257957512418
13.97416143161317
3.698937459918764
20.31175475482984
-14.38052972336837
-18.65201981011215
-3.233620896192322
17.31232509642954
16.61281729552307
-18.07946718261378
22.58279433064562
-2.999429660697941
-4.271490086497405
15.41839891351872
-38.10115152393957
-9.62789430917357
43.12004449441948
-1.558502038011044
27.79328272129904
-20.97520300972835
-7.267874192035804
-6.288828204014314
13.27807180048795
20.88527813116649
13.70732881785777
14.68637480916631
-25.58222399257942
-17.97501766229756
18.56763182650252
18.65664136839018
20.54594599261882
27.17410633610008
16.13182789877356
7.607206331008246
28.47325721363712
-11.04227843942455
36.54264948736456
-39.51553565079383
37.42117702991401
46.75722055890569
13.66414059957824
53.17967625071523
-28.72903478275675
2.577649586130781
31.30668437264166
15.40240838650319
14.62896451889993
-22.18813926201194
-11.87815750252023
10.30998176012564
28.55123158068104
-6.168418143065729
11.35944165634274
-15.85442533358319
21.33174184105299
60.8814714200516
-7.032301890353934
-40.56398301635192
28.14649971588299
-33.04621526190612
28.66158791108689
37.18616717326681
-17.19178992667509
-47.63783970304487
-39.11326044282195
0.4364691364165164
-1.76472781751837
10.05383992732171
21.80126900660064
8.524579260810794
-4.921629546201484
45.8731118855268
39.54972957936942
-17.52724680015328
-50.26221850173874
-32.73497170383517
21.36479986657549
-9.774437957132747
-27.99553767620353
-18.9510176717509
3.946884626860443
17.69195806630067
24.58887147609395
-27.47662567689586
23.31811575355227
-70.30260813302895
-41.34669675842736
-0.4003875402870722
20.78548430018692
50.79474143079086
-42.82598245647621
-2.532631449491722
11.81856774442865
21.95591387925506
12.48497838209266
28.95591137623632
-15.7226351615254
-15.63362562223957
-44.67854653522219
-15.32676177138131
40.94630921803544
37.0170847217255
0.08900954122554949
-14.29187522776735
-18.22109972262612
6.893996611070969
24.26157133668222
27.46639602414964
52.34384649144744
9.336043529520252
39.43295022817128
-3.929224496307523
21.18587184028684
-12.91089626197247
9.044520004207271
30.09690669812258
-33.09307995873303
15.81718134971045
-3.523213110220186
3.091096889014404
-17.80293845923815
29.77216332033815
18.43220315128731
-14.27972534950988
21.95541626397558
6.380217376102022
-12.38268863836621
-15.11126411003203
13.83987179314006
5.530722737114596
-21.22292050139054
-3.307564631866299
22.63853627543774
-17.96888108928207
-25.57743370901551
-44.41041016115935
9.318719471882966
-30.13613097354587
28.10970759386365
4.760022206367312
-27.83383633498288
-2.256611369607401
23.24110350193774
-18.83297645429921
34.896153179393
2.302294639417013
-30.9939173510483
-24.12497271607299
41.91193415359706
-18.3097286911812
29.75099326118143
-38.29599543023755
5.81524402627959
-12.16094089459326
33.22381029000481
-1.670171842223487
-20.38710170876606
25.46880314142851
44.11123945645215
86.94081873559151
-37.13589179739792
12.3266080821326
-20.89403534776031
26.68106643222649
-17.30101897609414
20.22222967610484
42.82957927986678
48.06072195325851
17.36757472767641
15.01760982916123
10.13734613667086
19.72557638281072
11.74742908027692
-9.470935494390114
10.69653593624738
21.20405615445318
9.588230243265604
-22.50958061314622
-10.09712420857008
20.504152038772
4.724135113705048
-18.41661714989935
16.24185644886308
-23.34968538697615
19.83487282223996
-4.868604093113712
-29.6276270589972
7.895621593729558
26.64663245204974
-13.32423657261197
12.7639727776722
-49.10152774694932
-3.06420037531674
30.2964042534753
39.0622134667497
45.73768097337909
25.40979411275586
46.03732737214603
-17.79787166354913
25.57722496622923
-12.1796766973352
-38.52735466375706
-33.29621199059813
25.4977148724594
-37.75690166320994
-17.12936840060362
16.2312362321143
-6.458836755738223
14.28651759798813
-11.33996017176478
11.55794212610621
-24.70347691639855
-11.91624528457501
16.30339048725557
-18.76290601162408
-6.02180878243824
7.459654414789613
20.77650069856747
10.9348256883348
18.75101085856033
20.74535435219438
-22.87275848924137
-9.541305106537715
20.42763620004371
-8.62878947543085
1.994343493193628
14.73544072251284
-13.88265967442704
5.00469696910893
23.90054382945365
-1.140407067730963
21.85909733208212
3.272666220721643
-23.93101404184652
-22.22408673220179
12.78723163286814
-9.266478641038637
28.21963577350349
-22.0537102746262
-6.612433554826138
7.135956111164574
12.74109722913092
-2.728575471102332
-25.04095089634024
1.047258455226809
19.93461509816084
14.79044221026224
-2.0414464983798
26.08820935159799
-21.08367966513826
20.62753326233518
-43.20766577696969
-26.3476779664417
33.36060463150143
16.85998781048066
15.44127672089741
-9.730743753592062
9.01712370462065
16.95663446996751
18.88735664296518
-5.144172887798852
19.20714197838397
18.74786745815651
-28.80201663513187
-19.85504800305735
-3.428752723068234
-16.28710000401651
0.7754653018592611
14.49073260482201
18.12900511363186
-20.0104350170522
17.79779526484851
1.078084493776027
-15.26013004562299
-25.19730169975618
-16.83188870821753
24.35131486590952
2.998179778947142
20.06074508421003
-17.54473599044957
-5.186866682704239
-18.58643111123854
7.31515185448371
19.83006848593677
17.23759497584962
8.875090672925738
29.86566664229695
-7.755007148576084
25.90158296560045
-27.20368026267991
-0.06470527906982027
12.62807166644763
27.01806735561315
20.59115157426979
9.336190398369867
18.28315903167158
20.99057596959781
-16.63009783193823
8.94696863268814
12.51491663167666
-25.96628824074429
-17.0610410495727
0.8584442760334395
28.660327824175
26.73617989832164
-5.594577065270379
14.2959808034386
2.707416937964576
16.42629527974565
-8.043034975783966
-7.486706969639468
-17.32838197984192
13.27441632626739
14.32082333501121
15.52477817606875
13.71887834121391
7.963079911317728
25.18534232064791
-6.426915784838979
20.97871178836358
23.85698510452683
17.91948532765088
11.46646398099507
-0.4592745204915931
22.84372570459684
-4.290569781425723
16.76558324713056
13.0629700290692
22.89790229709128
20.64198684870691
-20.78332282716772
-2.965816301309018
11.75399908492655
23.73062884188683
-17.57849813698528
4.113022851290798
-10.68158472587078
-2.349964901139142
17.81750652650797
3.204824689532813
20.16747142876255
10.50752021561339
14.7198153873385
4.212295169912611
17.59775618570039
9.278263222349576
-11.6158259075319
-16.36808950986781
-2.982628478062606
11.83863090933157
7.121053672418373
16.22180212762775
11.9766297567788
13.38546101695552
23.48914318970787
-19.61760599102495
11.51251343719633
2.495074504954168
24.65971688230205
6.896913410509751
4.092963479815546
-16.80112560164846
-24.77927289511267
-18.71692986662419
-12.04146235866511
27.13897498372131
1.706927309800618
6.675467508040213
13.74838966708769
17.22485776706045
7.939510764937852
-6.078142456956042
-9.780755676179853
16.01007239113935
16.28571585395471
27.40562759731067
17.22226240778839
17.06256530556959
17.353539810516
-16.36026676842725
-9.87480825255601
-3.043420480624096
17.71770281507006
20.87273227907021
12.23787224730382
-15.89135134655216
-2.744147907119792
8.993604083404122
22.5215987636045
7.86028229990082
-6.790602878331827
14.82125935483466
-8.319492964707397
-15.7800169338951
3.254039414875194
-11.39684573480761
4.383171206284662
-20.894089113906
-14.45619773382473
-10.81792521849152
14.97290285233311
11.42153788449808
-9.285347003354792
22.36385831040037
6.485458517337665
-8.309149057585666
13.31684628521801
-14.79460757552797
22.11268049709668
13.14720344256282
9.100748459680881
3.638272510954702
25.87773562180512
25.79082806801476
-20.54498902446866
-9.448327408207488
10.25690084873218
-5.088432776841437
12.61824119880921
-1.924147922310791
17.4399892554709
-14.36434702427899
1.101774679933523
11.09666162251695
-3.551364971317406
0.2756434632036869
15.45655624148592
-14.64802658593007
19.7052282529662
4.71611061248195
19.36413718769758
-1.730593187431268
-16.71971078200582
11.60086017449985
-14.98911761925588
13.33145338270372
2.361340339438319
14.24396905434016
-16.33821456509812
17.62740513588198
-15.90427598989219
-33.53168112658036
35.17880160451536
7.517767752078679
5.231142673139028
-7.978147305436784
-10.18336519977012
9.707192673592024
2.878273333615385
15.23614268650232
19.8905578694167
15.46612170818284
5.52894999606313
-9.937171683126525
12.35786932774015
-9.841675010217569
20.76112329580063
-19.33363917867598
-16.17860970922577
-4.184260257908746
11.960766039092
2.883000947588032
20.34084440877942
3.155029467501454
15.1493789229189
2.250361848927681
-8.634860031005388
13.52978234870389
19.06161065608654
-20.69698027870211
-6.594008350967924
9.551017953805166
-5.516067510516451
10.63043532344578
-19.49302542877071
23.42397066949273
15.18091277432258
1.203954843821347
22.16464237894836
21.74879565659906
11.7377519918207
5.531828307354072
16.14502630002374
-12.89901707512245
-21.44087260308817
-21.31840351100755
40.48143079814548
-8.393631381230607
5.624694165127181
8.380078372882853
19.45177276864905
13.87295271557762
-29.0564256804787
-18.10714782134513
0.1224690981552998
16.14650284009905
17.70667396426876
1.56017111529242
12.79353535434296
24.39207774567765
-10.01104366309136
-16.21696734894447
1.240876109743794
10.65180782815539
16.22744370626939
-22.79005465347424
-22.4081331197776
31.47943857490117
-0.1217399745385662
-21.74160974931842
13.52799468425536
20.66285148790019
-12.92775493636275
-18.50657499598411
19.81651583281799
-6.908032601088956
11.32158435324101
24.24635650307456
11.8826287554313
22.83190662398224
10.94927786616037
17.4578434606778
25.94610090751876
7.134856801744976
-14.66131646018227
11.07169439581557
16.81698639071805
14.98656759851515
-11.02326792860596
15.97571084680438
22.66831469494488
1.048444902077441
-12.85368671910404
-5.578820054905998
5.745291994853428
32.74427076446533
11.59854239578727
26.99897877515023
-1.830418792194326
4.429840678306801
6.692603847880604
25.32197593375802
18.44816623256998
18.22961694296877
12.92477213980526
-27.98292693322195
-34.85673663348413
29.09029487020909
14.01832554656889
-18.81124411573312
0.6665233725988287
19.47776748933942
5.575635876085567
-31.60117855578246
-12.97180647589974
38.83524890228082
18.62937208622526
-14.65088516395775
-13.90213161948496
-6.87380970072495
51.80705537818057
57.07322180347788
5.266166425342349
