21.81031382868455
-11.48831391323007
4.121481361518729
-3.292832481291861
1.964986992813234
18.91089423214916
-22.49368011321245
1.364623491979871
6.311141296468191
4.587406639656573
5.71223102063799
-7.134586167260437
-24.69937267598639
21.44801872469102
-3.332661714806978
21.14928895640004
16.07185757897032
20.84616431321301
-21.5188640632044
-5.156639738770658
13.09116028069033
-13.24146972805155
74.84241648214373
57.00274568988273
73.90717264155379
-31.61251266432865
-27.81725939267975
-7.821357709563572
33.92409559292578
31.27060129712864
7.855488593133773
-7.361610985074038
18.18371443814117
21.81581598431349
-20.44322560854021
-21.43522230772578
-5.957886147182658
-4.47908949766297
15.76649942956107
20.9414595252775
21.14292058538492
-13.08688686753585
5.267391505894383
-9.454785312815316
15.83115195078432
-18.36998474599891
-29.05164449124728
-8.670634067277931
15.76109892149113
5.4221483111489
16.86138902350132
24.00413826661236
10.37853505545129
-5.077431377425864
8.787038688244984
-13.62560321132811
-15.21709957836745
10.32822584516719
10.16652984373235
-15.45596646200722
-10.68165975340294
23.79213305688658
-1.368445077190301
19.01256533931667
20.18447449029626
4.749367030411579
-15.89891325985017
-21.05928107354371
4.774306737734185
20.38101042247318
-19.69083598025501
-26.00280405220567
-15.87552908453338
4.063886494741109
19.57707162286892
-5.311768600699659
15.2282502027138
24.43173298693674
1.171909155032147
13.06523677448386
-14.21925694402353
-14.38095294995178
4.135021451080574
-2.941712239116766
24.07443702063183
14.18130868277812
-0.161696003261057
18.35427839344715
-0.9919967000851428
-11.36649621062034
15.96413611269284
1.100290103421181
-14.12845698892618
1.491330600860065
-16.22252024122212
6.785654631089521
18.31678610875248
14.04610235596868
11.43924071180725
22.26782711985727
12.63335924433883
11.89332761692899
-15.43510745851841
-2.613982988225342
-9.634467873084672
-10.37449950673182
15.47733615906343
1.747443381211671
25.11180403032061
-16.58010603258348
14.90045637094448
-15.24734222940097
23.17854532508301
13.36367908833284
10.34538655302739
-14.61627304535045
-28.19856924236514
-16.16145911074367
-6.371152447973685
-2.378884289817106
-16.58250010579857
15.35323312834099
18.53522733097753
-18.32754941276571
13.1530129881277
-14.8230472139807
-2.783752395035632
10.25278837474333
-10.21134765786766
21.72438557635122
28.46318621831005
10.74933537500724
-17.29698257315831
-4.260441802417326
-10.24273923612099
9.508607150936074
-18.70006641185057
-16.4603198898224
1.332763802886458
3.504502198585447
7.211705746664888
2.23974652177895
20.03283021464762
-19.47799729273709
-13.43657454437757
27.94465794297251
21.02126504056395
27.29923134573602
-11.01791827280827
3.474398130294011
27.22721675177101
10.59287049580578
22.52959516481556
-23.13118509908042
-4.72890983755876
-14.20361581593854
-2.094063251911781
-17.1038404289334
20.91411162122684
12.82112446751918
-20.64828028928513
-2.900224613337359
-17.7138508424663
-18.95457906790087
-6.206829575915823
12.5547717563941
14.26572930180775
27.97007681754128
-15.00977717690438
7.615510101793356
19.6548049174431
8.418535393287298
-9.319356283685515
-15.00800898714895
19.96482208472469
-21.71774381511083
-2.658697004281097
12.03929481874536
-22.62351908952402
-11.23626952486721
13.03654077026007
7.054243337440482
-23.60881504245646
-0.530638167035558
18.39886542283977
16.38150772065566
21.99364669412773
18.29051286248382
2.9234998165925
-17.73789167623619
-11.48524895998504
-24.66568176970779
19.7513463881357
9.799319529162501
-15.36701304586289
-9.952026860677426
12.74774949404002
0.3418908166936701
13.08728266267274
19.9546494173762
-12.73973722725279
-17.61536869326387
1.314134913708747
-16.60267333032108
-9.735306580249972
-6.648288809447114
11.57463953511071
13.82427007201897
28.50827776007793
12.74539184197839
22.69977635859292
-25.16633257499664
-13.08162803994773
6.867366751717856
9.954384519839802
21.28609108315853
24.01633950773192
-14.5566329871729
17.65430862525746
0.8819592482311581
23.07817690722922
6.157976752586628
-10.47636948923972
-18.6405145070748
21.30994611703375
21.23390535764504
-2.885317153139481
20.47255887950061
12.08470454134944
-9.71112715952836
-14.40874877812633
-4.875631462012512
-21.795831691163
-16.92020018645024
18.92950359838423
-21.31997538503787
-5.688652702881413
-21.94494266888771
-6.927790090278556
-3.427724126096232
15.63132268302604
-13.24259035577156
-20.81841065099616
-0.6249672874542576
-16.63434624182625
-4.697621602776787
-13.1804328112716
-27.25850501140284
19.93941557157569
-17.88507438689008
-5.732771141047371
-15.6258994774342
17.68777030096007
7.535474633733974
17.84321997339628
-22.53667400453658
-15.33666633170839
25.50552821050892
3.519604842859724
-19.68548771980433
-14.86384601092382
2.259174910486585
25.4205490228167
3.263236840799375
-29.60411573721519
2.886166000314039
19.11702651848603
-20.33308278154346
-2.017357705619563
15.75519735734259
5.612138977669687
17.77255506639755
12.16041608499488
-26.33263000874178
6.041422744754999
19.05904680999158
-9.814866230980416
-12.83315877320633
20.91116735538101
2.036585841733057
-0.6454265946473189
-24.47025981316903
-5.160367819623911
-18.87458151911175
-21.55659394199549
22.67419240358479
6.277966304430504
16.36222432465571
-16.39622611610523
-6.311968073282122
-7.575820294695913
-27.97995213501515
-3.631782457194987
20.19344336697345
-20.40413184084816
-26.50684566313794
-6.362030883875518
17.46319491930302
18.40227526830693
15.43859223540335
1.856296037759845
-1.723734634727794
23.82522582346202
15.0171525781128
0.9390803557888371
-14.07807221280865
-13.58229619797855
17.12302092223023
-21.09884204661147
-4.16520381741692
11.95888715928245
65.00421936043617
20.73604094567377
-3.580030674926658
-2.455206270814473
12.03711013333706
1.124824403065239
14.49231640359367
16.93363822716978
-0.07604076061193359
41.83488299534341
9.67614192031157
25.2859372296984
15.5131851214517
-9.893128337120343
23.42054144521525
-17.68883246716545
2.851186301487066
18.85627118189174
7.907356316074204
-4.348821404850652
15.60979529206798
-21.9859233875053
-13.79621560360806
3.7952532716484
20.54001880800626
-10.94891487662054
8.189707793376451
-17.35353857759337
1.785084132411323
19.37655304896303
20.32244603826926
-5.322712259851509
-17.198088899363
19.13862270123943
0.1554496769658214
17.59146888473556
0.9458929833162629
19.99590169349084
-41.49741488892293
64.04847187953816
-38.9357465898393
-21.39608863509775
13.72882385738192
-12.79407155926362
-22.87688517047481
-0.9901946485764472
19.39574905810449
-23.81464860288372
34.73029116198017
19.05000871187294
32.18982061767312
-25.64515829715964
-11.02057704433163
41.74545330569488
13.13981190519361
-21.29831565565778
-4.209835148995533
21.6221110989782
6.059766415583582
20.68434766820878
-16.12335556298479
3.181994203901334
17.08848050441736
5.174960094626412
-19.0013927985203
-5.094906500897783
20.73703974317354
26.81009847560549
10.60479183151872
-7.470261317424692
13.90648629925123
11.53113148045949
25.83194624474865
21.88669051994684
6.073058733785053
-0.9377634309052406
-19.96185430177474
8.437761824048502
37.05416010636593
32.8703453227579
-10.70565786802475
-26.11050321405717
-18.37052417347723
-34.1841559589578
-6.569612541898291
13.52108615159874
17.34996163701097
24.83220727962869
-15.81363178667171
35.7204858104359
27.61454341705959
-16.20530664394429
0.4010303118020823
-27.21351310472495
-4.666247344121549
20.09069869349737
13.94204977872785
3.697760340239307
20.30409729519402
-14.37729280938679
-18.64797656202398
-3.23267150193054
17.30586827061052
16.60633695560355
-18.07505314900703
22.54726576182146
-2.998229026853574
-4.270683752442435
15.41530505964164
-37.59015415241066
-9.684179158431377
43.26773527935689
-1.077854231231036
27.39864092095006
-20.97046152143777
-7.266114003113699
-6.286453838410723
13.2724257692492
20.87366591157533
13.70434751851119
14.68400768645425
-25.54549478989251
-17.94425464792186
18.56804527616606
18.6082971220675
20.5385397724839
27.16011975088434
16.1240909750679
7.601240142679418
27.90597499283222
-11.03602877789339
36.51229992263396
-38.94200376843787
37.08282007880585
46.97068100946163
14.10332843031962
53.04533219908033
-28.60564140422937
2.561668299082719
31.1673097081411
15.33454210361797
14.62458125272662
-22.18312198055012
-11.87537663910338
10.30774534185501
28.39961612743909
-6.148648914308138
11.31112112822172
-15.80201231969206
21.32578428899231
60.87944661223969
-7.000327401280526
-40.37275297031437
28.12458509548839
-32.89050732299259
28.61639828470575
37.12779660730195
-17.0884950015692
-47.62897410669483
-39.11757578609076
0.4360865373919646
-1.764835326670086
10.05436760715472
21.80279750781555
8.511398321214145
-4.183814781770058
45.86413878001557
39.55366232362086
-17.56478650874186
-50.31964802215563
-32.75486151633915
21.36671096580163
-9.775252444721309
-28.00868335638845
-18.96130462679916
3.947332712936027
17.69413094720336
24.59177975613456
-26.62775799424318
23.42019556623956
-70.20376118433772
-41.30326885750479
-0.3427618252058934
20.88700840152856
50.04795356083819
-43.5760031904503
-2.533187160826624
11.81920293334541
21.95712187633777
12.48533851131934
28.90049232845272
-15.44509718749909
-15.40484534423186
-44.34558951339684
-15.86909435665195
40.96050703217875
37.06107965838768
0.04025184522234206
-14.33400354302614
-18.23343091534149
6.895766682048914
24.26432519711162
27.46938339261055
52.93017401336465
9.887860931200226
40.01318159751436
-3.899427373774265
21.22977022653378
-12.9169924145313
9.047378729305684
30.12532066576972
-32.86735257852945
15.85378967635186
-3.520205521639842
3.089744743275249
-17.79173651163177
29.7873546614468
18.44416561749211
-14.27153099049963
21.96437114161736
6.380920781052243
-12.38376229036262
-15.11327401061845
13.84109175037521
5.531173030521126
-21.22333020972144
-3.307608321621399
22.63901506462915
-17.96931974084896
-25.47634596823767
-44.26817841761212
9.271032954147046
-30.01901788331386
27.94760981954221
4.728361038047563
-27.72388914394301
-2.244319670877603
23.09989218190927
-18.79183245150745
34.74737892085989
2.295128740204221
-30.93295246871729
-24.11922251194252
41.91092375752317
-18.39337804114906
29.76980374460438
-38.49304609365553
5.725844472158705
-12.14112001507592
33.23420289939441
-1.67150323166683
-20.30283954543337
25.47466667795355
44.21889056572599
87.14864237044517
-37.11234177408654
12.33178818778071
-20.88148125439898
26.69760991904817
-17.30044766278118
20.23370566642284
42.92975180553134
48.16318178662734
17.36855851717843
15.01852566963409
10.13791894501223
19.72694734115513
11.74842990182628
-9.471783362116978
10.69734163864525
21.20562575986161
9.589028392153233
-22.51075468431312
-10.09752352279193
20.50500535162784
4.724215287540652
-18.41751414507407
16.23086051892992
-23.21924878099333
19.81189411223136
-4.847717638799567
-29.63223585129034
7.901917478405748
26.66589391653561
-13.33010574863125
12.7727443120959
-49.0198549200315
-3.059786223291698
30.14729198726433
38.86475720203782
45.51100383824339
25.39209134346037
45.96006869744086
-17.83967079295317
25.47956947389841
-12.13417600366554
-38.46151118983648
-33.22808120903277
25.34421185368453
-37.6137454771892
-17.04576811904344
16.16131009653816
-6.463904252198486
14.29496001249159
-11.34318904668617
11.56544829208691
-24.65961175207113
-11.91083971843293
16.30213010330565
-18.7646830683581
-6.022244623462084
7.460170966793161
20.77786755587546
10.93564849229191
18.76397643841568
20.75886426310252
-22.87547203094753
-9.542842278019215
20.42473707592682
-8.62992467059548
1.994887824209741
14.73732626898558
-13.89314960443779
5.005522303361436
23.91414023205385
-1.141405930819842
21.87269021865172
3.27342896374533
-23.93724802470759
-22.24361399130181
12.74877203467798
-9.182901757840915
28.21296982328852
-21.93167379325687
-6.567961942154135
7.110761764939705
12.7424384447354
-2.729511719650038
-25.05554616201663
1.047303900169816
19.94597580727904
14.80075053127123
-2.041450014256989
26.10285006225055
-21.10220806153939
20.56797735783757
-43.23176213726248
-26.32733518615915
33.20707821401939
16.90442695098042
15.36371185227408
-9.731803965664445
9.017950773073089
16.95789311468176
18.89867190717365
-5.145225275799804
19.20914815868279
18.74975473850985
-28.80745530658776
-19.85793201571388
-3.429102935304631
-16.28965090153223
0.775447521126802
14.49170233867099
18.13012632659644
-20.00986848095716
17.79930168128638
1.078576723251895
-15.25986738554342
-25.1970978312565
-16.84220054498922
24.35437343398422
2.9983603614001
20.06345878393682
-17.54627073675586
-5.187229350299576
-18.59926125457562
7.322756499055967
19.84056090497376
17.25624133306047
8.883069448862626
29.88546774786946
-7.759536221440756
25.92201775330085
-27.21067698856556
-0.06450707897744686
12.62922641480939
27.02032624713592
20.59301983628034
9.343919129800941
18.29344242180539
21.00239829925073
-16.64260568377638
8.949523291439169
12.51780440599975
-25.9865248270501
-17.06230919667198
0.858496073856102
28.66157879745318
26.73731519449041
-5.595071629618714
14.29667662768169
2.708955877557385
16.42882907972784
-8.043414394851194
-7.487087260959313
-17.32930632440435
13.27504627238189
14.32146527921708
15.52548257862633
13.71987320120722
7.96379342605115
25.1871107615966
-6.427306415435848
20.97979281398959
23.85830360177883
17.9208052734462
11.46723756249124
-0.4593934206877593
22.84491892749717
-4.290914649548561
16.76644084740801
13.06376415544053
22.90863733801826
20.64444704263316
-20.78518650116977
-2.966094354834534
11.75477931487249
23.73205054479206
-17.58012830276691
4.113313648397214
-10.68247949220169
-2.350032850266227
17.81909214712295
3.20505819761479
20.16912499869058
10.50828411773553
14.72087367093405
4.212589550898531
17.59879692331016
9.278806272510156
-11.61659736297797
-16.3689070984413
-2.982699705432072
11.8390391892407
7.121363581112521
16.22242176813549
11.97727122946997
13.38620737373984
23.49027068910462
-19.61873689715989
11.51299946527063
2.495173529595279
24.66068104963792
6.897648809617318
4.093240560771658
-16.80216301210535
-24.7806804398816
-18.63133631387384
-11.98508967594052
27.14616990970031
1.693634033872796
6.64624663804026
13.67872370826494
17.22583426798745
7.939942340871258
-6.0784780799089
-9.781154772361223
16.01068276568273
16.28640159380654
27.40709926062624
17.22331733355212
17.06509842259812
17.35467880454991
-16.36127212630872
-9.875397710649381
-3.043575532893866
17.71855799990277
20.8737252213825
12.23851272126518
-15.89190232434899
-2.744220747340132
8.993895338471253
22.52228533771395
7.860573910334583
-6.790844120484222
14.82173885250268
-8.319990652585208
-15.78079007555561
3.254010472454256
-11.39740752152239
4.383382563295196
-20.89540361486549
-14.45680775963148
-10.81838376393585
14.97345377774459
11.42201135616305
-9.285891928691981
22.36487967353498
6.48587441682884
-8.309918721347652
13.31769659073266
-14.79579313890371
22.11391042845753
13.14768158105858
9.101058192799252
3.638423990277289
25.87881912008729
25.79183753846969
-20.54573348281654
-9.448713172066805
10.25711430475753
-5.088557000344506
12.61869530479587
-1.924263598457239
17.44035840779853
-14.364902174277
1.101914251940538
11.09702031862757
-3.551442425874335
0.2757188285084932
15.45717647419419
-14.64846273408548
19.70582747169204
4.716159299254945
19.3646220192766
-1.731056859364702
-16.7207249721733
11.60157286665918
-14.9896681447549
13.3326297529284
2.361580986270665
14.24554741284243
-16.33844414215114
17.53965795921962
-15.83276760935176
-33.37242556966088
35.12491249462437
7.482245644969762
5.23342998081547
-7.978517443241449
-10.18378194022686
9.707966323262974
2.878510810454021
15.23755225552307
19.89174825828125
15.46681643129818
5.529585910355382
-9.937230483327976
12.35904141242696
-9.842219063514301
20.76213353306902
-19.33437336874254
-16.1792061399987
-4.184426909740294
11.96117552757914
2.88309851408565
20.34149545830004
3.155167225752667
15.14994646196154
2.250436305222529
-8.635212499207393
13.53029502388508
19.06230465281746
-20.69775691092141
-6.594229438364892
9.551373008633483
-5.516299277663186
10.63080442383136
-19.49373960047531
23.4247677372671
15.18145764105667
1.204017302793443
22.16550752218265
21.74946419660185
11.73811608730862
5.532009628002079
16.14560244115924
-12.89951015845342
-21.44251888855331
-21.31925839987395
40.45076027655983
-8.394303352876305
5.62376505127429
8.380319934727734
19.45226212239734
13.87339472847743
-29.0546617530241
-18.105921437949
0.1232604965341453
16.14710370929298
17.70725229032874
1.560148569571001
12.7939633239553
24.39285538413858
-10.01134810713975
-16.21745456815342
1.240942373245072
10.65205653277308
16.22775803359433
-22.78996123733812
-22.40787348467128
31.47844992966625
-0.1218486243682721
-21.7414585297583
13.52839000441575
20.66340463572948
-12.92780452892431
-18.50667193087599
19.81650833504649
-6.907779866193772
11.3214021132398
24.24635718616669
11.8839664790619
22.8327068062711
10.94874032409878
17.45839694342404
25.94662338653372
7.135014628911945
-14.66171142280907
11.07194218759033
16.81726852001457
14.98681566237481
-11.02336668143735
15.97561985139166
22.66811263364714
1.048502704873314
-12.85381953665619
-5.578867395977354
5.745326332503913
32.74431285799641
11.59889206585466
26.99898653246379
-1.83045285748538
4.429848861416111
6.692492781890538
25.32112317036162
18.44791727579539
18.22918196478661
12.92495505996227
-27.9537893324715
-34.8269952258742
29.08164114004169
14.01806840440272
-18.81160877051497
0.666414957720143
19.47802372950676
5.57570149832
-31.60029856226234
-12.97166818156049
38.80594281696561
18.62863038892949
-14.65141801239777
-13.90232223926264
-6.873205893984175
51.7776109985268
57.03543047257264
5.257819474102235
