21.81229700633673
-11.48903370061041
4.121737911353517
-3.295959597460936
1.968114108982595
18.90964416817218
-22.49276745333175
1.36453379110603
6.311772860274164
4.587853237860594
5.712772621051691
-7.161615322372283
-24.69765297407118
21.44728384988781
-3.33231692187306
21.14992660998124
16.07206644299228
20.84665380385339
-21.51876651134183
-5.157061049941879
12.92299349621311
-13.25839887521968
74.67963302751843
56.87013348298796
73.74209218108012
-31.62669690661972
-27.8298122655768
-7.825427517205218
34.04097453958
31.27393234927437
7.855916129093274
-7.36126995242928
18.1852044064586
21.81882423549463
-20.44521277042259
-21.43731532373083
-5.958549858667202
-4.479530175055497
15.76820666622262
20.94383774896056
21.14428529163415
-13.0887279499142
5.267528964878868
-9.455108113779907
15.83218994063688
-18.37046487929851
-29.05238783746145
-8.670982101825347
15.76217275303195
5.422255480917159
16.86263128408046
24.00379220922967
10.37865011326554
-5.077860166994344
8.786606127570455
-13.62514209611084
-15.21718608165928
10.32928827750223
10.16757826259307
-15.45651030441495
-10.68192296485493
23.79272036007694
-1.368419832648446
19.01298589696792
20.18499215721681
4.749536737246153
-15.89959997010468
-21.06001195985234
4.774587363714922
20.38140573449177
-19.69159211389666
-26.00371485397983
-15.87675633100143
4.064335076351042
19.57957460136424
-5.312095322838509
15.22997706689502
24.43315485305543
1.172006263701501
13.06601547577439
-14.22074710688111
-14.38245712524498
4.135509826000725
-2.942081322925485
24.07660122512332
14.18257288873656
-0.1617100162822852
18.3562569314218
-0.9921025544554695
-11.36713937547889
15.96568259739169
1.100458532003674
-14.1300624453074
1.491503032938881
-16.22435326022679
6.786417205871534
18.31929963048651
14.04802789906306
11.44037580293395
22.26904602393958
12.6338913891703
11.8940092099746
-15.43545541886673
-2.614013114781731
-9.635154632577205
-10.37503681749429
15.47876546338666
1.747542782403497
25.11392009407562
-16.58069345296399
14.90164780707646
-15.24790450126294
23.17911398343245
13.36401829004969
10.34612343403361
-14.61671830078145
-28.19960402561976
-16.16292399606799
-6.37181329638174
-2.379136396547162
-16.5840855814182
15.35494322772194
18.5373432556648
-18.32823623449083
13.15410502316474
-14.82360652248788
-2.78387586094674
10.2535679519571
-10.21227228535185
21.72675652430688
28.46632029686201
10.7504640027291
-17.29817525117718
-4.260731437635741
-10.24353374589364
9.509506347665782
-18.70058401014027
-16.46075861177652
1.33278895125957
3.504629711837654
7.211930659171548
2.239825398167617
20.03337296132964
-19.47849920582614
-13.43720604841834
27.94666770893999
21.02312114473041
27.30120402027094
-11.01821724451546
3.47403025170187
27.22825628724406
10.59322584954924
22.53040546128886
-23.13169061867806
-4.72897509094043
-14.20494918455552
-2.09429081469953
-17.10548625509023
20.91647965250404
12.82144230181348
-20.64913670628558
-2.90053707104558
-17.71585629338552
-18.95681394966321
-6.207451587200865
12.55652486746985
14.26755795313386
27.9741018037419
-15.01119544003532
7.615726127976133
19.65545678662524
8.418814941495343
-9.319616112545265
-15.00843506762589
19.96538832047416
-21.71832460424284
-2.658772874621597
12.03973066137568
-22.62416119580819
-11.23664184587499
13.03744381322272
7.05464150553862
-23.60938407984016
-0.5307148375807026
18.39985954176417
16.38234591674918
21.99501666653517
18.29128335156589
2.923616232932841
-17.73843105342082
-11.48554406320162
-24.66642715302514
19.75304009439679
9.799856032671125
-15.36766711856245
-9.953184063241377
12.74936236432378
0.3419397693131477
13.08893627232806
19.957008810383
-12.7404303129846
-17.61625801693304
1.314316376777746
-16.60464697895807
-9.736574445308776
-6.64909704374971
11.57483594584319
13.82591250037107
28.51161253241037
12.74699649963109
22.70254643099193
-25.16752315116265
-13.08237007909257
6.868072535246097
9.955549934252732
21.28667905135385
24.01697826854158
-14.55746853327294
17.65479716780066
0.8819844544051484
23.07866926860467
6.158034516848661
-10.47699590913182
-18.64269243644505
21.31141039286501
21.23596140209685
-2.885786653011313
20.47500954212379
12.08515307740024
-9.71130944500484
-14.40916029725527
-4.875827700743453
-21.79646251420783
-16.92063477810061
18.93057438641565
-21.32056003101776
-5.688818954874166
-21.94555656037073
-6.927996096940833
-3.42781065111862
15.63174107695425
-13.24290633833174
-20.81894832911659
-0.6249965323665215
-16.63503042598034
-4.697850839102846
-13.18088309094438
-27.25938055972766
19.94109140097046
-17.88695296724489
-5.733494489835102
-15.62752282456537
17.69029481821098
7.536414954750564
17.84580124962402
-22.54037764015936
-15.33926688023082
25.51088478753289
3.520175312004881
-19.68886438812876
-14.86522406707921
2.259430143743209
25.42336792399201
3.294342617031526
-29.73924029235533
2.882180749310685
19.12209042339127
-20.43218917145665
-2.017513627829888
15.75690578627343
5.612670753255162
17.77441941691819
12.16174866054824
-26.18139237143268
6.041293154697082
19.05955172888326
-9.815095688555102
-12.83299055046523
20.91069366659238
2.036409964999149
-0.6454636865283092
-24.47263745765711
-5.160411994661345
-18.87428370622846
-21.5561573464366
22.67382820741829
6.278082874935734
16.36170546158459
-16.39574534654744
-6.312122741188142
-7.576041990406509
-27.98073659192035
-3.631881882963748
20.19395179952374
-20.40469460189241
-26.50904742953846
-6.362181101886018
17.46365256317899
18.40271553334607
15.43945298767752
1.856567262330775
-1.72391960414037
23.82583368189782
15.01756046301447
0.9390629757752692
-14.07849747933109
-13.58288572562786
17.12465421177189
-21.10198466224104
-4.165208071395315
11.96634455705659
65.12246918032136
20.74577312123544
-3.580486868492564
-2.455567466156111
12.03668003095554
1.124919401464247
14.492247496637
16.9367765888053
-0.07544899201510745
41.8477577865503
9.676526385566982
25.28729802625774
15.51523951957106
-9.894028335558563
23.42378931071113
-17.69055909498287
2.851513265895756
18.85944219832057
7.908549784761716
-4.349597521762885
15.61077162632747
-21.99070949197193
-13.79938915335495
3.796884641042449
20.54207239350123
-10.95089242256855
8.191320346467201
-17.35669073667305
1.785522065586939
19.38179589423673
20.3275323896196
-5.323766775107913
-17.20118430019984
19.1422127949205
0.1555064353313589
17.59627380224753
0.9457364904400704
20.00438475694233
-41.64392486300937
63.98730853154899
-39.06978922490968
-21.46268237343385
13.70728522591594
-12.80104135011161
-22.88658926658979
-0.991902543296923
19.4247278590559
-23.82454192335116
34.81099605204831
19.05864826793311
32.22576920949195
-25.65129916371037
-11.02350057410342
41.86640205942532
13.16712094103015
-21.30161571866417
-4.210534226718292
21.62657042462599
6.060819180417227
20.68861776947334
-16.12598463871
3.182400029320117
17.09108148974846
5.175631081821577
-19.00440191325511
-5.095720455749943
20.74138419198433
26.8160044332058
10.6067827426847
-7.471519485457056
13.9086814590511
11.53288242725775
25.83710464839991
21.89468672136744
6.074620242548311
-0.9379526552919351
-20.02285403305044
8.489140891046592
37.14436585197146
32.45212251683554
-10.60520275026884
-26.18544951394482
-18.4120773159129
-34.23214379405048
-6.577345771814803
13.55238753485104
17.39082127935037
24.89964961642559
-15.82006647931324
35.80289859521172
27.65479802224858
-16.20922169039779
0.4019888581367345
-27.2528091635956
-4.67795022019382
20.12973330667886
13.96713782332086
3.698632934274896
20.3098434820645
-14.37966929461846
-18.65094102601683
-3.233364090874482
17.31058593531194
16.61121054841082
-18.0783022282336
22.57485894463351
-2.99925754904329
-4.27127173116494
15.41757693472855
-37.97045016236468
-9.632880512294367
43.17069346121098
-1.431824498575234
27.65952442322588
-20.97394902113727
-7.26740516790578
-6.288248994173483
13.27654485816248
20.88095542935324
13.70654385340216
14.68570003040978
-25.57411649490808
-17.96970592410371
18.56891974256646
18.6450880427448
20.5439500261698
27.16920442444074
16.13155262680477
7.604410571526362
28.33756964893694
-11.03765179972874
36.53862566523007
-39.37522144639291
37.2924049349574
46.81448608493166
13.78090317444482
53.15612462117572
-28.69928112151853
2.574135638098998
31.27341676364176
15.38626819276915
14.62779858933155
-22.18680382080785
-11.87741752451496
10.30938629687006
28.51199492570081
-6.16259548290872
11.34726208177747
-15.8454618382192
21.33470436823677
60.88918566211329
-7.024767597582965
-40.51902302795355
28.14520000542308
-33.01019468615176
28.65522496330475
37.18016620508331
-17.16473284626389
-47.6431622496806
-39.11822100986783
0.4362602842473135
-1.76484507064288
10.05394105259387
21.80159634417234
8.524941240406219
-4.692243333305571
45.87831717903557
39.55448129424791
-17.53603765171485
-50.2800233056324
-32.74398565633714
21.36533605606167
-9.774656305032178
-27.99905889974401
-18.95380456087925
3.947005325518765
17.69252195828216
24.58961973348957
-27.23059419880475
23.33996631225052
-70.28791946524225
-41.34181656120346
-0.3865837650951804
20.80714513449396
50.57056051140122
-43.05732526678368
-2.532821173880206
11.81878612280824
21.95625792287329
12.48510103160811
28.94610290566965
-15.65641505945593
-15.58024676188753
-44.60251796258218
-15.51116903624208
40.95523279599963
37.03017592421463
0.07616829951196469
-14.29934572796936
-18.22440259829704
6.894383169978145
24.26229222451573
27.46717826402288
52.54134495879345
9.522081150506823
39.62683443959749
-3.925056871779006
21.1937288993986
-12.91451051788851
9.045254338609789
30.10475328855814
-33.03358290988796
15.82774780501248
-3.523589326565489
3.09094727665754
-17.80059481070906
29.77700675308431
18.43617552525233
-14.27700548463944
21.95976485429026
6.380389951355609
-12.38294044096433
-15.11177878354206
13.84017058734357
5.530835622348894
-21.22300086499164
-3.30757119336695
22.63863677191208
-17.96896903052593
-25.55301791006602
-44.37669606195135
9.307051119388527
-30.11081217906946
28.06362676982272
4.749256849390272
-27.81019783356772
-2.256855403431311
23.20095084002249
-18.82367815403511
34.86006902794423
2.300614346350617
-30.98017814675574
-24.12174805628196
41.92320678014906
-18.32255584967589
29.76670679175129
-38.34314103190722
5.799192207988221
-12.15649999057028
33.22721292434559
-1.670587564577126
-20.36573487798033
25.47086017682163
44.14233323982459
87.00049105705801
-37.13145176249195
12.32831438776616
-20.89154208687046
26.68605947732292
-17.3014297223594
20.22574681748645
42.85815781798215
48.08926264231762
17.36790905661545
15.01792220304285
10.1374718019536
19.72589262184792
11.7476552926186
-9.471156888460373
10.69673112300968
21.20443011409855
9.588420816739573
-22.5098636488591
-10.09721740229655
20.50433387508564
4.72414490861726
-18.41682931044855
16.23990967485121
-23.31436991991698
19.83002204106623
-4.862675930982721
-29.62974411088547
7.897432429479291
26.65205169665134
-13.32611308742203
12.76646648795735
-49.08236154372027
-3.063140696432651
30.25838021479382
39.01179328318685
45.67982032220735
25.40616138570446
46.01922084784768
-17.80949954509702
25.55334243098502
-12.16819508341475
-38.51189731732159
-33.28079249323374
25.4578062443639
-37.72153751404014
-17.10847804844393
16.2130428669836
-6.460312659442115
14.28881699782881
-11.34083123055026
11.55997865505175
-24.69269797309267
-11.9151285917666
16.30363102427717
-18.76333038942235
-6.02191895014525
7.45978063366876
20.77683236745492
10.93502734863341
18.75461926742364
20.74912965572504
-22.87341558941038
-9.541685097433403
20.42689914945711
-8.629062881072167
1.994510387851815
14.73592182719858
-13.88558520873055
5.00488732713878
23.90460291671881
-1.140668423755412
21.86303932085349
3.272911426675851
-23.93320042663361
-22.22966624950259
12.77756938236947
-9.244763378074154
28.2187596176856
-22.02233276116774
-6.600892653800916
7.129761794069863
12.74141143919562
-2.728838342003661
-25.0452713396265
1.047308237080794
19.93778077232618
14.79331029501396
-2.04156359683512
26.09257957674645
-21.08899782651277
20.6130594653159
-43.21566093151264
-26.3437022339187
33.32152091412453
16.87195869752755
15.42144010848249
-9.731034500210798
9.01733061498312
16.95694629790609
18.89047253528479
-5.144470477185226
19.20767005722633
18.74836511509463
-28.80351770553918
-19.85581865436757
-3.42884608217792
-16.28779539839168
0.7754598147569679
14.49096984658325
18.12928049525595
-20.01027110934379
17.79812600991461
1.078206304026228
-15.26004925993394
-25.19722536588929
-16.83487389139583
24.35214053408168
2.998225199904525
20.06148041256358
-17.54511037424218
-5.186954256545749
-18.59012789400326
7.317376782408201
19.83309909002528
17.2430369992427
8.877387613511377
29.87136530265915
-7.756352747523792
25.90750467623716
-27.20611185342149
-0.06466411206229737
12.62832830341674
27.01860304355708
20.59159097285057
9.338428400610754
18.28612745298536
20.99397768937871
-16.6337403722353
8.947699051773116
12.51572230780507
-25.97216878404597
-17.06135781347497
0.8584581127094731
28.66062141395996
26.73644643597029
-5.594700977055842
14.29614653841681
2.707850236450184
16.42697257183607
-8.043120508388315
-7.486793801275256
-17.32859882003923
13.27455541084867
14.3209657240208
15.52493405386073
13.71912233471915
7.963262673202127
25.18577916581842
-6.427012074474845
20.97896894578858
23.8573012416138
17.91981592844886
11.46665683279634
-0.4593049424588482
22.84400859314169
-4.290660121187742
16.76578905000961
13.063160558234
22.90080988482847
20.64261440743446
-20.78378547464192
-2.965884323163615
11.75418147342639
23.73095791905491
-17.57889943237228
4.1130919358616
-10.68180165576509
-2.349986856221166
17.81790115216231
3.204886041585252
20.16788800954566
10.50769898827305
14.72006579772418
4.212366807516041
17.59800049913731
9.278388567330195
-11.61600929343297
-16.36827416189084
-2.982640453100378
11.8387219277659
7.121124432997011
16.22194137951218
11.97677644537965
13.38563369282935
23.48939860284495
-19.61786598370669
11.51262216207673
2.4950973513564
24.65993139523541
6.897097775916148
4.0930343562274
-16.8013634525491
-24.77960077208443
-18.69514731349129
-12.02712027304149
27.14144774147073
1.703534177365284
6.668027040537412
13.73065444898608
17.22509399202078
7.939615682431405
-6.078219542704871
-9.780848035472504
16.01020936160383
16.28586668970196
27.40598104615502
17.2225164909609
17.0632552129041
17.35382067932709
-16.36050482978963
-9.874946208377393
-3.043453091900879
17.71789611992692
20.87295574312614
12.23801713088787
-15.89147210523574
-2.744162878174172
8.993666556746692
22.52174411208613
7.860346268170523
-6.790655144746264
14.82136234589005
-8.319611933271478
-15.78018897596045
3.254031837437396
-11.39696954484434
4.383219438832466
-20.89439784361907
-14.45634019616955
-10.81802954065997
14.97302785995466
11.42164812290596
-9.285478310907999
22.36408623197944
6.485558622804006
-8.30933496653812
13.31705173527917
-14.7948935899776
22.11296333632768
13.14730923042315
9.100816951314815
3.638310650869602
25.87798832276165
25.79105739770399
-20.54514575766856
-9.448407830973691
10.25693547720735
-5.08845455114544
12.61833174517068
-1.924174974204845
17.44006239590123
-14.36447487932795
1.101806793055483
11.09673793335852
-3.551379740734884
0.2756573284854557
15.45669119984451
-14.64811766555732
19.70534330391633
4.716119726802359
19.36423738080294
-1.730696189873058
-16.71991971762775
11.60103427978937
-14.98922355426272
13.33173049197704
2.361396256538068
14.24435275187562
-16.3382555915848
17.6071068551903
-15.88714857489641
-33.49425543096413
35.16996760117793
7.508828339438532
5.231104824075811
-7.97823733238615
-10.18346456617228
9.707382954340165
2.878332314588126
15.23648848081367
19.8908475162492
15.46628167663303
5.529105508354373
-9.937176137117072
12.35815613919401
-9.841805018792746
20.761349211976
-19.33379994429616
-16.17874031519073
-4.184296788902187
11.96085378768549
2.883022190986878
20.34098375342662
3.155059626894522
15.1495031577487
2.250378642101145
-8.634938611439827
13.52989543497369
19.06176250531467
-20.69714852352567
-6.594055664416683
9.551094920422795
-5.516114662849312
10.63051067540631
-19.493180184268
23.424141625755
15.18103386723111
1.203968332759716
22.16483404561514
21.7489377168453
11.73782943626804
5.531867070085622
16.14515057981607
-12.8991245169254
-21.44126626717555
-21.31859992837329
40.47374007847734
-8.393792972612138
5.624457321396549
8.380129969140606
19.45187458709968
13.87304670521056
-29.05596203590984
-18.10682581404549
0.1226663453245113
16.1466253448103
17.70678628407172
1.560160929733363
12.79363095920386
24.39225370745131
-10.01110827877297
-16.21707064642248
1.240890913435494
10.6518581228117
16.2275054209286
-22.79001574075429
-22.40805277685539
31.47917513114983
-0.1217692083548857
-21.74155723800713
13.52807755967556
20.6629663980277
-12.92775699567086
-18.50658488448247
19.81649691560823
-6.907962132438688
11.32153006430604
24.24633704160054
11.88295653887475
22.83209277083926
10.94913622939345
17.45796156185652
25.94620796551096
7.134888836326062
-14.66139784013046
11.07174461797606
16.81704021988346
14.98661450949166
-11.02328318565919
15.97567512488237
22.66824654958256
1.048458500510858
-12.85370889416615
-5.578827883779693
5.745295601890732
32.74425390624707
11.59862275300636
26.99895831025504
-1.830425710346594
4.429840134607269
6.692571424413903
25.32174688858296
18.44809043710588
18.22949218455718
12.92480696652782
-27.97562630708634
-34.84928275757763
29.08812252002862
14.01825029423017
-18.81131913988199
0.6664955411558007
19.47781468211171
5.57564729596956
-31.60094434632148
-12.97176888859346
38.82790623217785
18.62917546454469
-14.6510013975993
-13.90216739283711
-6.873656450983983
51.79967512077153
57.06374882716501
5.264073706441449
