21.77458591190554
-11.46599256212569
4.114339956669905
-3.309884181750315
1.982038693272127
18.92174521832755
-22.51035133761874
1.365450573638885
6.315746730595153
4.590676907211421
5.716218533891189
-7.215918898737417
-24.65297927899459
21.45922429467637
-3.328699850097088
21.11776861127274
16.04633574502826
20.8145046315711
-21.4810325191237
-5.149744006220321
16.53075685565905
-13.01085771991782
73.80391638094767
56.16196808649631
72.86718223580399
-31.57340280088024
-27.78418261971357
-7.827092718976161
34.40277156451229
31.21464760808205
7.838251520179389
-7.352700359521665
18.15146049199699
21.77871082632248
-20.40252353852264
-21.39288010370022
-5.946434310931785
-4.470300303289147
15.73664800012714
20.90579211482025
21.10369530779895
-13.06318711665385
5.257415803226803
-9.435936781759837
15.80144791738339
-18.34130833210592
-29.00630276924838
-8.656835803847692
15.73192415594871
5.412034360734706
16.82957388570105
23.96112084374838
10.36173045375496
-5.071432866300338
8.770168964012674
-13.59939039004969
-15.19095187973581
10.31320897185243
10.1539523038662
-15.43316332193398
-10.6649944372824
23.75334269324521
-1.366269314520289
18.98319765134381
20.1537362870177
4.742539784324308
-15.87595384356958
-21.02782438490912
4.768168886530074
20.34946696583816
-19.66155506961351
-25.96424863781375
-15.8462795052355
4.056997967177105
19.54593808266198
-5.302247388046814
15.20374159309682
24.38875995812463
1.170538636435462
13.04270743928379
-14.19337328839301
-14.35262995515119
4.127229633429175
-2.935090427988302
24.03050710433813
14.15494113856825
-0.1592566673156541
18.32060292125022
-0.9903565674432234
-11.34605251716872
15.93222323820102
1.097649728653887
-14.09501987472993
1.4877500750209
-16.18354439435494
6.779841345112474
18.31258346642591
14.04888133304969
11.41753952616225
22.22786474777211
12.61162227434634
11.8721688026499
-15.41119650276773
-2.609645291349236
-9.616242472313848
-10.3556959474239
15.44644579020317
1.744655030624811
25.06268826034896
-16.55178840893037
14.87203402909908
-15.22126756512869
23.14343250883668
13.34361351057803
10.33238195477309
-14.59425181561308
-28.15636001018982
-16.14240267500044
-6.358447723846732
-2.374745675025029
-16.54910195127828
15.32463458481966
18.50011554699444
-18.29644343935868
13.12737899739597
-14.79763795392609
-2.778151130708167
10.23339702144726
-10.19065422897438
21.68308230961922
28.39797843977547
10.72668397057528
-17.26467790735137
-4.253129756026349
-10.22271901645332
9.487075457147883
-18.67183845401759
-16.43530436632983
1.330520842710072
3.498805485417566
7.200808085533341
2.236534087729778
20.00235929674473
-19.44826605914102
-13.41768554017766
27.9095832381958
20.99751131589459
27.26511703479183
-11.00501599222169
3.466948238032895
27.18752969951554
10.57726988802209
22.49686361922474
-23.09450320004433
-4.721571049579159
-14.1743562747102
-2.08852452014519
-17.06833824870472
20.87486122168082
12.80155121140333
-20.61849362643714
-2.893981975264341
-17.67129446885547
-18.91090298281854
-6.194608092558853
12.56113125964434
14.29633055682691
28.00592897131539
-14.97981372713138
7.603391217643686
19.62287803977388
8.405744759880115
-9.305210866563014
-14.98537578213441
19.93410985104268
-21.68480014557232
-2.654657145668662
12.01948682320272
-22.58876699829679
-11.21713328078833
13.01154815174031
7.041958890483198
-23.56945123528316
-0.5285956958030825
18.3680910015828
16.35170850776767
21.96468182156536
18.25909217130983
2.918971994549228
-17.71095562634833
-11.46754737635151
-24.62844640305137
19.70979447335091
9.78163935216214
-15.34012017649602
-9.928155121852971
12.71629489125175
0.3411550749134787
13.07395701020041
19.98064680744689
-12.71696477633407
-17.58446204139619
1.312224658093831
-16.54366783713833
-9.636978043274098
-6.63201975530094
11.36982042977976
13.85891889806678
28.76779633762684
12.73280193467282
22.64445001451666
-25.12175952839341
-13.05811985160363
6.906689795233985
9.911648081238239
21.253761065654
23.97991442710284
-14.54070613024859
17.6279313936445
0.8798807651183077
23.04085554130355
6.148859847086302
-10.46139996358082
-18.66842214964437
21.00679847494586
20.60914454857579
-2.880920090388347
20.49093865122836
12.06363967776436
-9.695853287520872
-14.38651937009832
-4.867497265418401
-21.75949296389402
-16.89199569604041
18.89668669800275
-21.28797894398682
-5.68016491705252
-21.91244579604318
-6.917490776413361
-3.422328971596461
15.60781402747794
-13.22214796775053
-20.7861329922535
-0.6244668524167545
-16.61025981066699
-4.690666081434129
-13.16089902589757
-27.21843466942653
19.90327747195928
-17.85397369891996
-5.722949684168785
-15.59851564743505
17.66099346458826
7.522118718502072
17.81617090954627
-22.50179804087536
-15.31385853060942
25.46890377958955
3.513971540665443
-19.6560550182377
-14.83457351141627
2.255458052697017
25.37609241853375
3.647718901064073
-33.80303402372284
2.782440517879778
19.40975798388531
-21.92969473958043
-2.016382493848501
15.78750205954714
5.612973314004361
17.803884553429
12.1909112390796
-29.54161457557677
6.030580520240552
19.03014299961784
-9.799818997660207
-12.81105055470916
20.87378070315826
2.032149628488605
-0.644466203274627
-24.44263500025831
-5.151870541677995
-18.84163107559513
-21.51824690579786
22.63398208135183
6.267605718904997
16.33128851292577
-16.36637636355865
-6.302693568276947
-7.56398502479975
-27.9378653261906
-3.625829671943518
20.16166613965863
-20.37388030109417
-26.4747846295484
-6.351983033454671
17.43551277673582
18.37293215079003
15.42058689536674
1.858478700820708
-1.725069822216798
23.78749581153606
14.99495501958087
0.9374193743788434
-14.05753564451443
-13.56210819458502
17.09003156564847
-23.46117700011995
-6.063201087768928
10.55156639346162
57.84332515821011
-5.493000341143025
-3.583548523186779
-2.458006895256851
12.01395733519087
1.125541627846769
14.47196423034995
17.39797591024271
-0.3976539277219915
17.96817666211782
9.657052175791769
25.23738469677423
15.48894011558902
-9.875565964518119
23.38394314898369
-17.66024595523534
2.84574302352671
18.8278300717984
7.895003032900135
-4.342196488517067
15.58033251988915
-21.95493224006516
-13.77716163154751
3.789220181166309
20.50598898118082
-10.93282703987324
8.177770609072114
-17.32816495782603
1.782432693925543
19.34881450931975
20.28940041088416
-5.31269124309933
-17.17298751110227
19.11059765079869
0.1551774461302851
17.56638181326816
0.9405859013033174
19.95708990123338
-42.22041423550745
63.3801068036269
-39.59860296321831
-21.71846010525591
13.46306112444831
-12.76891288431287
-22.82941370601998
-0.9996552366280128
19.46407748881294
-23.76931089972721
35.00897411318692
19.01650400017135
32.23299037353413
-25.60209165271111
-11.00039801696377
42.2298642836172
13.21648637318409
-21.27500605798804
-4.20146087745461
21.59007733809484
6.048486512240153
20.65018014586802
-16.10586194491205
3.175480964059025
17.07354517854906
5.169144114558392
-18.99141772466455
-5.093353513233962
20.69818470001245
26.76927388566573
10.59705764100955
-7.458675601284187
13.89806421260584
11.53274212326643
25.79153821386164
21.82975846757818
6.071089186865091
-0.9398971923854983
-20.63378529783323
8.311861995276473
36.96810805235736
30.25668088002487
-6.113097109566051
-26.78518903719924
-18.50724404301985
-34.26591332304306
-6.569352018966345
13.66920361702078
17.50138530665049
25.11606873871249
-15.7586692811336
36.00862934962363
27.69656130414287
-16.1722162446148
0.4125162252537035
-27.28404507844179
-4.649071170087475
20.2385556360531
14.08715189432144
3.674714612050244
20.25944708137504
-14.38101863129712
-18.64472076519036
-3.199923054985126
17.29400404867193
16.58473246982696
-18.05573324250955
22.63497390964386
-2.965443035081758
-4.2637021334891
15.44479770995913
-43.80703026695364
-12.77568893655131
46.36245347255245
-7.113623801160297
37.12940880825486
-21.04219516828502
-7.332596751030525
-6.13331773398749
13.1613303527684
20.75029348442608
13.70959841735453
14.90887743782263
-25.60041694601482
-18.01145381487408
18.6819526536836
18.73622306368918
20.49392710381741
26.88361121939419
16.61476747951707
7.588963131918203
31.03134132932584
-10.26884374203686
36.69340646717573
-41.30018506915279
49.90509774429719
43.44232661881011
5.991573693038158
47.29175876259317
-29.01337791081159
2.621811272288646
31.63518918352773
15.5448966243031
14.60169363468768
-22.15434845748522
-11.86029626666613
10.29405219215603
28.94564729466217
-6.151403741332622
11.44686512194129
-15.95212010141633
21.2408994727438
60.56635623227376
-7.09515029736783
-41.06558571473608
28.08637093311678
-33.45090227783181
28.65624605942534
37.19301957282866
-17.49878217501508
-47.41546516017576
-38.87869164862511
0.4467651111569854
-1.800428423066753
10.03195843126487
21.77104454098522
8.536773512071463
-6.711427170535812
45.615036737138
39.32545675989232
-17.43706038027334
-49.9170456791778
-32.47998529906025
21.32427942936299
-9.805024669718904
-28.31334900287708
-19.19008728654484
3.959040089842516
17.73538663465317
24.63943304534827
-28.54416318573863
23.78230072072227
-64.91394117475089
-32.1642262308711
-0.174001757973797
21.20853628950553
52.3264639067668
-36.36977798931845
-2.573764427376267
11.83238685412953
21.96044707749488
12.48204948376845
32.74971494555744
-20.72636233339218
-20.67209192589477
-53.47607727645473
-9.23304466260389
31.99022447283557
27.93512050467995
0.05427040939253055
-14.45322036956918
-18.50832433634456
6.929317676343502
24.33459635145612
27.54041130518662
37.16816516566917
-6.462771125004408
23.9296933545155
-4.055103968194316
21.38253804733144
-13.23847180989461
9.123261716202499
30.39246447903714
-37.45075292522992
15.76203908142201
-3.604511583910663
3.128924522079719
-18.2349369822238
30.21963076633446
18.75722193760913
-14.63042539875912
22.36173352393754
6.386269025844894
-12.40486426745701
-15.14116340964754
13.85211408738033
5.53922954368215
-21.2323047040919
-3.308922848453092
22.64784288095268
-17.97640454893172
-25.09521708530528
-63.33632550228528
11.8733392826928
-31.97220809848625
29.70848352587928
4.996348268636888
-28.92143264378407
-2.400971172776025
24.62152905435176
-38.24110841920123
36.96855636654832
3.050775455615669
-30.88119400673423
-23.49006464020744
18.36583059149228
-21.53321094358175
25.72574500842007
-41.73252581461456
1.956853698082381
7.359914414687815
33.7789865744132
-1.710258694184038
-21.32881726007828
25.90681301411606
43.68937951270272
85.87803995610952
-37.99117897151057
12.53575500482729
-21.36386150385735
27.09070624523875
-17.66087225928155
20.53941433009334
42.18866044387117
47.25895595296435
17.40527867702207
15.05581390899689
10.12806022466465
19.71810219396438
11.73908611019926
-9.47839759135586
10.70050286880073
21.21246212127984
9.590041969895598
-22.52118839913512
-10.10079385602811
20.51437221966481
4.727939510675022
-18.42467493658701
16.62731746682947
-24.71213525666771
20.3303067131911
-5.086954472777506
-30.19662726500672
8.00365932499539
26.96525914784673
-13.56145149296595
12.93239845361956
-49.95247091094677
-3.145589143564848
31.66659506892409
40.89190314114091
47.85969923182087
25.6775974205034
46.80688176734586
-17.64194829445837
26.52046147192122
-12.38793340577374
-39.00226497158934
-33.9319694625478
27.02250022808977
-38.9083948774006
-17.77911053015884
17.03307368294162
-6.551291914897163
14.42301768754561
-11.46240883138831
11.68671854494082
-25.41726118702599
-12.17116964435438
16.63517577363142
-18.79113329111774
-6.029944114165425
7.465845060163341
20.79019222196662
10.94265592892024
18.96159982295197
20.9743096010778
-22.87495422340291
-9.540858838019295
20.44685842537033
-8.62930936516549
2.012709777795778
14.77389895566598
-14.03286069443669
5.017805322228631
24.27228744148001
-1.156054081494588
22.19923416600586
3.328611707746058
-24.3540509593494
-22.56961218414393
13.24609154372865
-9.989426545835531
28.80634542004992
-23.23551809022458
-7.042413928131207
7.392787319584464
12.76118917722445
-2.736299141754784
-25.42834152218513
1.065508425088132
20.11617444141528
14.9473762835584
-2.073053276953132
26.49384994720823
-21.41355810210221
21.12928434707856
-43.31954571504343
-26.61433156593137
34.81218421292666
16.70521414930133
16.19310416298347
-9.756093634082927
9.027305863543813
16.97260004310883
19.0506660162621
-5.168798158091004
19.24301690145276
18.78339949810107
-28.92903335004428
-19.91394723587227
-3.434120346556985
-16.34206448075956
0.7753104066614518
14.50162614477027
18.14273758234149
-20.02117256086196
17.80266958106361
1.077989224304686
-15.2684557019648
-25.21139979707234
-17.02042956043941
24.41181505996882
2.997554949627693
20.11492983491395
-17.55629464451189
-5.190227236210622
-18.87062245878278
7.431015641425702
20.0179845094207
17.61620896028757
9.010370283317103
30.25575707829595
-7.872173560296778
26.30163810073121
-27.68266266719948
-0.06559095896756877
12.63954811800862
27.04579339390333
20.61258338148018
9.484685214223486
18.49977132991737
21.24538679515149
-16.88254384460625
9.015086114932997
12.5869688686574
-26.36722905982187
-17.07628109361809
0.8594653990417559
28.67829960489475
26.75321797641458
-5.599312936084603
14.30516908452326
2.745615465044207
16.47982689043414
-8.0477617810119
-7.490543834971727
-17.33808012833157
13.28129909635283
14.32854844356977
15.53284887359599
13.73421142605327
7.973035263596741
25.21117958430233
-6.433210012548519
20.99580812199524
23.87580191108079
17.93574649198974
11.47696815812813
-0.4596174028379712
22.85742424901867
-4.296885225479631
16.77599512625832
13.07054194644495
23.14912737547898
20.68039295509769
-20.79662710305474
-2.967191415266418
11.76009044471882
23.74339224181044
-17.5908121471932
4.115264469056852
-10.68676573614585
-2.349464770346062
17.82943568800935
3.205814955640228
20.17890045889281
10.51195925265158
14.72728186069733
4.215322607746177
17.60688246172021
9.28300137933345
-11.62242015107193
-16.37625343738974
-2.984693581637307
11.84403979041825
7.124588996158586
16.22916226841103
11.98330179774123
13.39155985464522
23.50084243434944
-19.62812777214196
11.51754063662131
2.496267284742478
24.67047172579092
6.90404641150986
4.096513463686253
-16.80890806242371
-24.7879241448322
-19.61855856589476
-12.65076247508008
27.61707170833556
1.784438774385531
6.967796090814904
14.43520124860566
17.23561252712364
7.945294180175336
-6.081429121222243
-9.78688230430793
16.01923505633926
16.29488110493748
27.42901813660577
17.23814432056872
17.11737488635377
17.36742717337709
-16.3693359471561
-9.880190291470196
-3.044988782286425
17.72685414985103
20.88309934878042
12.24420476532881
-15.89820091672305
-2.745269827987609
8.997431337324095
22.53106444900738
7.863582748038291
-6.793627643369228
14.82873336937944
-8.323881082409132
-15.78643270960836
3.255900155391635
-11.40131023324819
4.385122477139386
-20.90542152887696
-14.46540909495973
-10.82429765474088
14.98181970901112
11.42834348116817
-9.290318347110567
22.37631022462151
6.489145658073252
-8.31288454546624
13.32434716258826
-14.802030203762
22.12439505618735
13.1529310890085
9.104573272666808
3.641111439072699
25.89375257708985
25.80611736218571
-20.55367057687803
-9.451944290505223
10.26143394471383
-5.090783123537459
12.62309784622421
-1.925081627936511
17.44871150401451
-14.37313052091487
1.102266575579383
11.10172628758826
-3.553476228805056
0.2756460490039372
15.46288745384627
-14.65520251630607
19.71337823483931
4.718590616191288
19.37379313220043
-1.729892742348955
-16.7246803577277
11.60420264133226
-14.99478761748314
13.33409538538373
2.361663900581127
14.2456448615742
-16.34644492815539
17.88014285824667
-16.09029255965175
-33.97043541782454
35.18152123009458
7.614683434483127
5.070295508925296
-7.979016083526793
-10.1908738172606
9.713608203206304
2.879993790332914
15.24606120189139
19.90448202045641
15.47539709700941
5.532452997573049
-9.942944097272006
12.36606740971335
-9.847536293203186
20.7718429317311
-19.34166963714337
-16.18542443840074
-4.185869427863515
11.96562327185371
2.884118642443465
20.3491156146304
3.156245200033907
15.15580020892127
2.251549776826436
-8.638894583153325
13.53530985811847
19.06954308179373
-20.70538312329646
-6.596832260056529
9.55466044150465
-5.518141721306084
10.63464670721861
-19.50108269111838
23.4330539760197
15.18724140296074
1.204300430863455
22.1742044409734
21.75792531604598
11.74270116598606
5.534233226450627
16.15149270020024
-12.90425043141561
-21.44460694644883
-21.32483978772841
40.58666302925749
-8.39487069970985
5.630215444937836
8.383492343448763
19.45977784050089
13.87839353455123
-29.07616779089414
-18.11993730615608
0.1197671592658174
16.152788429495
17.71388096904645
1.561092538726632
12.79840727018048
24.40130398933473
-10.0152241498231
-16.22369208974939
1.241304880905625
10.65624444601405
16.23433256207977
-22.80061484406246
-22.41906528185907
31.49686095651249
-0.1214583091400794
-21.75185098806872
13.53363311226403
20.67146859509227
-12.93367511647994
-18.51505942437414
19.82569109850974
-6.912162704571306
11.32754176420335
24.25751085402063
11.88398096432966
22.84021145006049
10.95623048554493
17.46499697253403
25.95676572940736
7.137835482488157
-14.66748170070986
11.0762854975026
16.82418029207814
14.99302768305321
-11.0281399613031
15.98333145977687
22.67915653641348
1.04876385586781
-12.85929257084402
-5.581384307092664
5.747894794125223
32.75936621418799
11.60289671982664
27.01147142114391
-1.831152609466074
4.431819756576797
6.695825076700767
25.33595000596455
18.45690590188576
18.23970446763538
12.929969088918
-28.07740348049403
-34.95644758439797
29.12216065265248
14.02508614472605
-18.81893024775702
0.6672142938535353
19.4861445417966
5.57808811550619
-31.61831926612933
-12.97819433733599
38.92944692080611
18.64012492926973
-14.65721039002375
-13.90805642678652
-6.879044103991438
51.90764125814171
57.19956413315557
5.291922875022361
