21.81998940869014
-11.49205663560921
4.122802924462595
-3.305630635866251
1.977785147387911
18.90521566008215
-22.48902759138412
1.364212886965461
6.313746299769128
4.589249229348978
5.714465526329641
-7.241484380613526
-24.69227187907656
21.44374921030742
-3.331259966407953
21.15270096857011
16.07330428289051
20.84895089072914
-21.51931006614857
-5.158598781293432
12.14824033084656
-13.27798964963705
74.16112426541397
56.45099764103611
73.21474619565782
-31.67748036493229
-27.87480932622963
-7.839566373287299
34.43658240097358
31.28623434914088
7.857993795711867
-7.360105244788023
18.19099624417444
21.82947723047482
-20.45262752002481
-21.44509374382809
-5.961035120511395
-4.481172399264135
15.77463891784547
20.95286445391352
21.14991984297209
-13.09523810747487
5.268282487935799
-9.456757118666276
15.83646028920369
-18.37270862657273
-29.055862896618
-8.672417751657928
15.76628126143356
5.422818947861723
16.86732283713348
24.00362659599975
10.37940417813381
-5.079396685718964
8.785527555435067
-13.62422241794881
-15.21809904056473
10.33300244852746
10.1713051567931
-15.45880087232752
-10.68315427212558
23.79552757467884
-1.368390284170997
19.01505485932926
20.18741569559388
4.750255357622365
-15.90236035605992
-21.06310526333533
4.775646608676467
20.38344514492847
-19.6947149746723
-26.00754967209202
-15.88163735676331
4.06598683433866
19.5889058534021
-5.313459543749703
15.23650342089051
24.43869901138235
1.172360837823576
13.0690282339636
-14.22621106111892
-14.38790835301708
4.13730954103035
-2.943404462453254
24.08493372863093
14.18741531737712
-0.1616972916714263
18.3635206013132
-0.9924662257358732
-11.36967077570928
15.97145512344739
1.101041575211811
-14.13597011629556
1.49198964825536
-16.23111493546443
6.789439582664687
18.32911098521788
14.05562441290883
11.44450389004375
22.27387194002336
12.6361090096846
11.89666739537945
-15.43716033769652
-2.614209486702849
-9.637762928907469
-10.3772045473087
15.48405862101523
1.747933504118165
25.12182154783913
-16.58324000873828
14.90609002492936
-15.25031849519233
23.18169815611635
13.36553789486953
10.34877529074273
-14.61861045297259
-28.20378844903779
-16.16802822737237
-6.374259883391664
-2.38011671933483
-16.58999140303569
15.36141415304944
18.54529298146301
-18.33117351245932
13.15815651960643
-14.82599193594553
-2.784388075764746
10.25645701672
-10.21573152082182
21.7356740371715
28.47772685926487
10.75462227538081
-17.30265217969703
-4.261807087604422
-10.24647905955621
9.512767899701144
-18.70294639556645
-16.46278328209746
1.332921512646455
3.505181576454859
7.212917057926679
2.240163113440591
20.03586790820384
-19.48081237897852
-13.43969865428941
27.95384964551045
21.02953293183699
27.3082385356443
-11.01946778067527
3.47298373056352
27.23261613526345
10.59475603869599
22.5338500625464
-23.13409847034115
-4.729350015192406
-14.20987468252286
-2.095144819468855
-17.11157418383717
20.92540970064643
12.82295085030942
-20.65261571234075
-2.901699502358295
-17.72310458341967
-18.96495895983765
-6.20998404904634
12.56363476618775
14.27562102922658
27.99058708799472
-15.0164293632593
7.616708683383266
19.65831254194237
8.420037231548207
-9.320795906703319
-15.01036807645191
19.96796485712576
-21.72097549157872
-2.659111900402468
12.0416038601216
-22.62707675885456
-11.23827531124504
13.04084509228875
7.056173119925688
-23.61211174751912
-0.5309889611482979
18.4036386348594
16.38553918269447
21.99983237558782
18.29444843124405
2.924103159550842
-17.74083313800088
-11.48692241313918
-24.66974304864168
19.75924695933087
9.801933316867402
-15.37034527148702
-9.957313643381307
12.75497491204113
0.342123373471474
13.09455872794882
19.96476290008955
-12.74310591268815
-17.61974153536308
1.31488606638556
-16.61227712635386
-9.742072957901474
-6.652423919415264
11.58581970503371
13.83318116277861
28.52855339190468
12.75243535304108
22.7122885574333
-25.17227858814808
-13.08522928545943
6.8702041698905
9.959853206231502
21.28925531041945
24.01982082910645
-14.56047423190103
17.65693263401534
0.882114292503781
23.08112279546546
6.158449646853295
-10.47941044565852
-18.64987683475162
21.32789266477316
21.26228098539685
-2.887348904412028
20.48560508009884
12.08704930495499
-9.712259490334263
-14.41102557245818
-4.876635621974898
-21.79930879188076
-16.92267315770656
18.93462759853823
-21.32322366677725
-5.689572170728926
-21.94833080552462
-6.928909909647791
-3.428212093461259
15.63365149667163
-13.24437235139792
-20.8213796795955
-0.6251071398946246
-16.63786009251169
-4.69876607742047
-13.18282063527078
-27.26320008040136
19.94762418888793
-17.89412591105773
-5.736201275411474
-15.63371968441216
17.69971212784628
7.539910941036667
17.85542625776843
-22.55402873076993
-15.34884984205028
25.53056604770573
3.522347014102109
-19.70125226532037
-14.87041355005117
2.260406227813502
25.43403685346907
3.420766046166836
-30.1692262200582
2.860195158349609
19.11793174029452
-20.75010832382233
-2.018099453021907
15.76252793138695
5.614293194065715
17.78062738526584
12.16633419003521
-25.42622998048359
6.041113724787867
19.06186359075603
-9.816160259394277
-12.83292286615118
20.90997418973413
2.035937600041485
-0.645611109140679
-24.48086591513876
-5.160744908972417
-18.8740365917165
-21.55558529644699
22.67354598421028
6.278705603633758
16.36071128492468
-16.39484038552883
-6.31283469780325
-7.57700732829406
-27.98414834816483
-3.632322676182925
20.19627254039808
-20.40714101977446
-26.51680351778565
-6.362888195427884
17.46570701499449
18.40474845704026
15.44258852440459
1.857410528210559
-1.724497064180899
23.82859521635969
15.01942089571872
0.9390414439371634
-14.08037944895207
-13.58517799630487
17.13081977922523
-21.11059475452481
-4.167861063216152
12.00518578406888
65.66333962097397
21.00429104643471
-3.581907593095545
-2.456691289557677
12.03576022208315
1.125216303219859
14.4924515114307
16.94273368922011
-0.06561168069693382
42.11488580408173
9.678357827721513
25.2932173978511
15.52291901752169
-9.897518410127258
23.43591340420834
-17.6971864842273
2.852776470186844
18.8711968583251
7.91299438444767
-4.352402428007156
15.61485956510081
-22.00821903928034
-13.81096639289608
3.802671038702253
20.5499629657878
-10.95820247723266
8.197252649099818
-17.3683484449119
1.787106693241952
19.4007441368767
20.34613751812084
-5.327638919470401
-17.21263431224677
19.1554551353091
0.1557141319093478
17.61363743431385
0.9453933795973205
20.03524295582915
-42.19828805061726
63.79581714163633
-39.57355513929653
-21.71277053433998
13.63075220118953
-12.8232481796767
-22.91842662115912
-0.9996545700974862
19.52346425626512
-23.85721187955106
35.08378437373342
19.08984957682443
32.34671243632532
-25.67377643639575
-11.03396370121948
42.27614877513
13.25686285921746
-21.3140001731016
-4.213148322264448
21.64333405933026
6.064736068929544
20.70454880245338
-16.1357746389983
3.183878830147528
17.10085184878892
5.178225535700489
-19.01585650117721
-5.098883485555739
20.75759889334967
26.83768244867874
10.61425230241254
-7.476185096225375
13.91697301690746
11.5396714047121
25.85648237953487
21.91877204921656
6.080083556573872
-0.9387852570283594
-20.2935276812195
8.637736992571305
37.44112363613085
30.83398241609418
-10.22761050581042
-26.50115435202829
-18.55222731597614
-34.39091580793427
-6.599542126887957
13.66455494922443
17.53121162773082
25.13850846915268
-15.83868849308621
36.08343894365769
27.79137368109826
-16.22343014620219
0.4047810334765104
-27.38659264715554
-4.700070371875921
20.26409707616421
14.05647040296383
3.701510269793796
20.32972144887264
-14.38892712981037
-18.66241370247519
-3.235461382034611
17.32805373574083
16.62821117961441
-18.0904373988174
22.68652227655351
-3.001667715486132
-4.273486572310853
15.42695232014507
-39.73319348463434
-10.6456129925479
44.03011549609388
-3.062040894424904
30.73506056408599
-20.98800945550167
-7.273043394009158
-6.292637231585894
13.29047172383468
20.90945433713024
13.71496606161248
14.69537222741963
-25.68818999331315
-18.06920738049912
18.60194521250611
18.75654077410672
20.56351511788526
27.20209156967859
16.17304684558963
7.618982613576535
29.08758049099454
-11.02904472623043
36.67115259160762
-40.11662521499798
41.38067355611042
47.13152088662611
13.54152861938521
53.6581538347679
-29.01928591711024
2.624732911320266
31.64401882992182
15.56032011735203
14.63981273435012
-22.20051070865963
-11.88499539166481
10.31551531810653
28.93126467535694
-6.207626672787992
11.47395352016553
-15.99647241406159
21.36944222701838
60.94120308090863
-7.116597099226881
-41.06108041926164
28.22692563794335
-33.45378357303599
28.80338664591292
37.36591463973806
-17.45731115749775
-47.69736318728345
-39.13483519534149
0.4369256587991404
-1.763980231194265
10.05271669360572
21.79793757441024
8.562527992482842
-6.607141218231163
45.93338295611006
39.5717608542564
-17.45078749847911
-50.16506494044612
-32.71427744279289
21.36101191413994
-9.771335115084938
-27.9575633696908
-18.92151454944703
3.945426991937728
17.68547052987536
24.58041482853065
-29.43541589703955
23.10510827606982
-70.49700881834228
-39.83299182775625
-0.5103975790347285
20.57468438617092
52.54052417342563
-41.06159292161942
-2.530423886048866
11.81669692453196
21.95264076816008
12.48390544993434
30.66401699225143
-16.42813940353157
-16.2735438444664
-47.09215639327535
-13.29505493030114
39.32259424864762
35.33290661491002
0.1545955609732002
-14.19654062557262
-18.1862282579099
6.888541338046825
24.25261561802192
27.45680564574242
48.6279615435836
5.750847331011727
35.73540931079899
-3.989687633764607
21.08508196504653
-12.89255223151284
9.036048820078014
29.98456197929126
-33.58999226668359
15.69716569274231
-3.530762170447717
3.09395537795032
-17.81815845766794
29.72739046047932
18.39783887653829
-14.28739628767961
21.9286010494185
6.378329543450121
-12.37952793648505
-15.10561828121421
13.83654853772769
5.529369553231737
-21.22132061735473
-3.307352190284186
22.63672218564506
-17.96730096523567
-25.76657334507171
-44.65904857745316
9.419117894769972
-30.37316045683598
28.42283426402187
4.812530782098827
-28.05896060693252
-2.291629276411037
23.51437527365102
-18.89247523458282
35.18569123837571
2.314199850799561
-31.09191721161002
-24.14962989103159
42.18049748641081
-17.8657574175978
29.98105551380448
-37.59256417046761
6.283872474868354
-12.1994419748262
33.18841602303667
-1.666346882237664
-20.54579095292727
25.44641984150567
43.87643664531893
86.49273584579285
-37.16985041872276
12.30955906171395
-20.91211383515865
26.63343508348773
-17.29326417030317
20.188333717012
42.61629920102344
47.84681293234336
17.36407428193378
15.01432933374774
10.13594384510203
19.7221833119663
11.74522088144701
-9.468735315726864
10.69438151194825
21.19985448938863
9.586239466345717
-22.5061654740056
-10.09584052207393
20.50148905441366
4.723763575284085
-18.4139216492685
16.2577365827546
-23.61030348136408
19.87658624937503
-4.908458991602179
-29.60282323287539
7.87877465503824
26.59469280670857
-13.30522572614388
12.73983765775353
-49.23216095288872
-3.070766276423988
30.59439589162678
39.46402518807177
46.19380740487988
25.4237138040684
46.16139467659861
-17.71012662454999
25.76733133141718
-12.26653891933178
-38.6366307937986
-33.40611706258739
25.80600455101035
-38.03387025043707
-17.2961893766298
16.36897279307511
-6.445101366184736
14.26348029957155
-11.32955158661889
11.53738995449002
-24.78504524203168
-11.9209101860985
16.29759750808859
-18.75785747753946
-6.020527430422026
7.458218992624288
20.77269472213786
10.9325616905832
18.71591815181491
20.70858166433881
-22.8662955120268
-9.537781684608811
20.43286452052993
-8.626122570990114
1.992663512159409
14.72999355994402
-13.85485514911318
5.002379689405702
23.86075729796514
-1.137542834413011
21.81970591768274
3.269720230160365
-23.90814398540086
-22.16754607728188
12.86413505698737
-9.437031758625917
28.21850769612517
-22.30116681629348
-6.701755303620939
7.188504455414051
12.73733004728501
-2.726090344252882
-24.99830013156839
1.046763253215826
19.90399809131486
14.76292798058212
-2.041051381612017
26.04506338474818
-21.03000324270997
20.73768087361122
-43.13384042888882
-26.3700918745523
33.66516216920272
16.76374855445028
15.59941151362489
-9.72761387103774
9.014809153068031
16.95308912076246
18.85723483806316
-5.14107011086082
19.20138707603985
18.74242302441073
-28.7861689543462
-19.84683541113304
-3.427785513131117
-16.27964998716564
0.7755286792667578
14.48812156460267
18.12591866297671
-20.01050760742608
17.79409651111813
1.077128971171233
-15.25987005378165
-25.19644391068044
-16.80397936201027
24.34245718710213
2.997681527889325
20.05286019267465
-17.54100277215484
-5.185936303254628
-18.54998568783983
7.295141922655656
19.80166088906733
17.18545401839094
8.853387396207587
29.81058935910969
-7.741996181530583
25.8451276108129
-27.17786421566885
-0.06509749198625303
12.62513534071899
27.0119096266626
20.58617368772488
9.314841515855299
18.25417506049395
20.957201963092
-16.59538358175484
8.939333543926011
12.50651896693416
-25.91022510162657
-17.05761250765415
0.8582945702543008
28.65655291564442
26.73271321165386
-5.593327469579026
14.29395342677108
2.703026902481861
16.4190498986844
-8.041919041277483
-7.485590563507336
-17.32572359526354
13.27255149251779
14.31889460600751
15.52266969093164
13.71602299647103
7.961038348210934
25.18030803347292
-6.425735940142886
20.97556067482568
23.8532404773877
17.91590707810805
11.46428503741958
-0.4589640513645932
22.84031467625496
-4.289596994628749
16.76312047124547
13.06079298611957
22.86694154028006
20.63498783614717
-20.77844179653558
-2.965069922006957
11.75184611139052
23.72657966381
-17.57425176649669
4.112202726940154
-10.67930746717826
-2.349744950603484
17.81337187488772
3.204190029679398
20.16311682621495
10.5054729767246
14.71691603423755
4.211443056730456
17.59475671324113
9.276675577749028
-11.61361502165962
-16.36563999511703
-2.982326332265667
11.83727778960503
7.120102362265115
16.21983008165103
11.97473355280402
13.38331365733935
23.48574236030467
-19.61437693659043
11.51100880887653
2.494762133971168
24.65668564621625
6.894944299437652
4.092243830820522
-16.79804675015616
-24.77500917685117
-18.87944407071637
-12.14966185339882
27.11276672378984
1.740597907612189
6.72978221734389
13.89025975998718
17.22208452108992
7.938279967977907
-6.077194203801365
-9.779521691522515
16.00814612609637
16.28361944459132
27.40129662409493
17.21926968467525
17.05517866560898
17.35038998174214
-16.35745503930475
-9.873123835325714
-3.042979306415628
17.71516275009583
20.86977826996168
12.23601523641919
-15.88955679573439
-2.743879960507605
8.992650736658527
22.51931256766549
7.859363790364791
-6.789829071431101
14.81960410961445
-8.318081135943325
-15.77772548238009
3.254019653163379
-11.39517319760046
4.382552287615771
-20.89029059325117
-14.45432832286684
-10.81653122060325
14.97113660024733
11.42009031641595
-9.283804553617786
22.36081364718446
6.484331206072055
-8.307178986197167
13.31447573050924
-14.79151019261475
22.10913907044505
13.14567683641524
9.099727721099969
3.637797100081735
25.87441864105185
25.78766781888653
-20.54260971443417
-9.447156584188209
10.25605065421463
-5.087971651745608
12.61680510259717
-1.923839702485168
17.43846575865517
-14.36259949037844
1.101466720646582
11.09545313307622
-3.551046285600574
0.2754733188939062
15.45463806106346
-14.64649941608266
19.70320723687265
4.71580605204436
19.36230546449015
-1.729566376215208
-16.71696754410917
11.59894744338719
-14.98740117723285
13.32851382741811
2.360754444344292
14.24017295629548
-16.33699903447243
17.86078460625917
-16.08369871406072
-33.9444833205286
35.34352273634992
7.607296843823757
5.230513731125197
-7.976962431290243
-10.18202694353476
9.705253954213108
2.877679809002682
15.23274629458463
19.88728089647541
15.46406621264798
5.527492334215024
-9.936573867665926
12.35506647626872
-9.840133031655482
20.75814205626838
-19.33133279819813
-16.17671727671356
-4.183743052339512
11.95944970250402
2.8826808596612
20.3387025643863
3.154615521737713
15.14758974630412
2.250118197851894
-8.633763033096884
13.52816048005468
19.05939813678726
-20.69453320699603
-6.593286568796874
9.549906189790372
-5.515368469999312
10.62925757879937
-19.490758117767
23.42141593617496
15.17916473962282
1.203775086378029
22.16192351270591
21.74656562495823
11.73653069803979
5.531237658609384
16.14319275614054
-12.89747154835226
-21.43675298016103
-21.31590735202058
40.54421229699798
-8.391948765293252
5.62648053394216
8.37925286336303
19.45001986565909
13.87150974637371
-29.05898709336561
-18.10901149212798
0.1208456304571843
16.1446260514247
17.70477675020824
1.560150695376922
12.79215836097216
24.38954482993272
-10.01003492621686
-16.21532796635698
1.240693736525224
10.65089282413811
16.22619183047393
-22.78947526461858
-22.40791155566378
31.48051192350977
-0.1215189193813082
-21.74118501738648
13.52666183270091
20.66092774877629
-12.9271794149886
-18.50568953769414
19.81583569284003
-6.908303067152855
11.32155406887583
24.24551266325346
11.87941852720981
22.82939413213671
10.94997560403995
17.4560217047964
25.94407437599918
7.134265915235408
-14.65994877599558
11.07076700261785
16.81577975542317
14.98549809586292
-11.02266409565572
15.97533826018279
22.66795635138242
1.048290246480535
-12.85294575502114
-5.578510120649744
5.74501275248378
32.7430151057726
11.59738647084301
26.99800235579893
-1.830281659857869
4.429676973718339
6.692618091160309
25.3229766098791
18.44810627594028
18.22985713161204
12.92395859055249
-28.0428614297379
-34.91773176325899
29.10768368037771
14.01842929935722
-18.8098084645251
0.6667265390061863
19.47653500398063
5.575299005305718
-31.60203084524883
-12.97167232877232
38.89545699813137
18.63035851883389
-14.64919285627993
-13.90123600100904
-6.874870333730046
51.86712932690359
57.15054511013688
5.283415783253597
