21.78016959216238
-11.46919964729993
4.115376928705252
-3.309734604667011
1.981889116188812
18.92005624115319
-22.50939740049174
1.365340085537274
6.315603785248367
4.590572422939254
5.716091694749305
-7.21987701492606
-24.65687416943514
21.45911972496203
-3.328992425987994
21.12217967832905
16.04971649914636
20.81884386179862
-21.48602936364978
-5.150934687978825
16.1854706102669
-13.02591366955069
73.82686543482468
56.17940397512323
72.88792551879583
-31.58288485978027
-27.79244229902623
-7.828401940479647
34.40907094810685
31.2236497015888
7.840494106663157
-7.353915321387835
18.15634295551627
21.78520633865011
-20.40894932469406
-21.3996214656847
-5.948360817357757
-4.471665597250709
15.74158986008575
20.9117131605633
21.10942492475487
-13.06730674673742
5.258728726633477
-9.438443362938965
15.80579262767159
-18.34523803569624
-29.01250863732972
-8.658807840879025
15.73624539266084
5.413406114380022
16.83437271650295
23.96638610577999
10.36393478090249
-5.072463179237721
8.771976677692891
-13.6024513249351
-15.19440942808722
10.31584884888942
10.15619282617819
-15.43639796234568
-10.66727060186939
23.75864415047267
-1.366522533689251
18.98717826312981
20.15793682765376
4.743508983079168
-15.87932795361511
-21.03231325379986
4.769127362681585
20.35370079686515
-19.66579071915091
-25.9697785498021
-15.85069619883767
4.058152562743473
19.55117825587934
-5.303632294335029
15.20774858989768
24.39505323186636
1.170758565324953
13.04601679234942
-14.19750457639913
-14.35716059795118
4.128530899151247
-2.936193993676536
24.03737965913034
14.15905389492965
-0.1596560220707226
18.32603547496517
-0.9906721432394382
-11.34903643784308
15.9372837303966
1.098127322773955
-14.10054263671514
1.488400086246056
-16.1899762858628
6.781016350971264
18.31508723056205
14.05067401474689
11.42096660329784
22.23362251676336
12.61462461350815
11.87525822679846
-15.41442784463172
-2.610216624918796
-9.618997902127656
-10.35836429228431
15.45126064577509
1.745027585025096
25.07025854573909
-16.55566451329514
14.87632466106513
-15.22484123782886
23.14837332795123
13.3464487248713
10.33455573873828
-14.5974655244014
-28.16268314672636
-16.14588714456159
-6.360509207407254
-2.37545918661539
-16.55444308829124
15.32944146766811
18.50609980323061
-18.30069209811375
13.13129707495546
-14.80110512122809
-2.778945658776906
10.23623792818251
-10.19393388240812
21.6899506760168
28.40884863584397
10.73047226389316
-17.2693207156632
-4.254137129511901
-10.22569801782531
9.490425596925517
-18.67571966361464
-16.43872938072647
1.330823274384052
3.499586976868404
7.202331718533693
2.236990282926771
20.0065429380144
-19.45240301903018
-13.42050521601324
27.91551716899878
21.00178321827015
27.27089586990027
-11.00702389665491
3.467692752478884
27.19327704131468
10.57946726908368
22.50157041507379
-23.09965345636672
-4.722523394376562
-14.1789839001515
-2.089433649656262
-17.0740430449899
20.88155898951702
12.80421121966467
-20.62283693524327
-2.895059146096591
-17.67837637160008
-18.91842303911329
-6.197054249583302
12.5622739301118
14.29780510208326
28.00759489440427
-14.98460939392178
7.605036870334986
19.62719633167186
8.40750288970974
-9.307147322311858
-14.9884918700301
19.93831635685414
-21.68939330068118
-2.655212380481933
12.02215946243373
-22.59352873890873
-11.21969344285473
13.01518358655544
7.043622697432982
-23.5744454728746
-0.5289068515703286
18.37227950068167
16.35571602091255
21.96869577168675
18.26331614032772
2.919576520220014
-17.714650211919
-11.46989816351808
-24.63356446049365
19.71612361451692
9.784068668921213
-15.34373961984611
-9.932054946272574
12.72136879053504
0.341278589267912
13.07640406233208
19.97778864129134
-12.72011425104423
-17.58869034263039
1.312496011906604
-16.55333331914016
-9.651948743580167
-6.635035051275774
11.40369423301849
13.8598243043685
28.76395616108602
12.73512547240897
22.65342373825026
-25.12780828850556
-13.06139284061568
6.901384576933935
9.918298267258296
21.25840452638803
23.98507822393767
-14.54344044550473
17.63169749176231
0.8801857362031865
23.04553862348832
6.14993121896101
-10.46387855228359
-18.66529262971388
21.05564297848776
20.69674401942203
-2.881681667252209
20.49485935350808
12.06641544892858
-9.697768054083269
-14.38947468296394
-4.868576091889892
-21.7641835015206
-16.89560740671102
18.90118635296391
-21.29243302381013
-5.681344549174418
-21.91696705916163
-6.91891424825008
-3.423092444176014
15.61108847518334
-13.22501704509169
-20.79071250299858
-0.624534035750872
-16.61380977124447
-4.691706627560783
-13.16366629620156
-27.22409381017404
19.90884876104081
-17.85900579299031
-5.724588555791765
-15.60291431750174
17.66554037057259
7.524372964116392
17.82080322608736
-22.50782296883613
-15.31780508822883
25.4753912001692
3.514868398698817
-19.66123475191144
-14.8391564094888
2.256091476698238
25.38337875823157
3.620602240361332
-31.75922171394448
2.793053648658452
19.39421543267541
-21.71881964455784
-2.016563479842848
15.78361096279057
5.6129797510283
17.80017444270713
12.18719469129362
-29.21138427981749
6.031897804235806
19.03418091990676
-9.801924602419323
-12.81381758986527
20.87833385933172
2.032618465558353
-0.644621298939595
-24.44782441662009
-5.152985300590545
-18.84571539475326
-21.52295515754745
22.6390825066538
6.269112651628933
16.33509467569566
-16.36996985632705
-6.303987830743148
-7.565695458193671
-27.94391424928821
-3.626707034552074
20.16617846711316
-20.37821879080787
-26.48044288306942
-6.353380732188501
17.43950476782994
18.3771300623926
15.42362618170777
1.858408559405627
-1.725031360890998
23.79288550159148
14.99805281085719
0.9376252949648523
-14.06042751509869
-13.56521762234471
17.09524788771326
-23.42957774762322
-6.069315815055166
10.46653520375326
60.06046216529998
-4.722400370323542
-3.583439920473434
-2.457920647150391
12.01679600218693
1.125519273228245
14.47471664923396
17.3602619304607
-0.358898960415978
18.70717738044015
9.659659409279396
25.24423598786206
15.49302569315848
-9.878325762955374
23.39012892662716
-17.66479266345683
2.84658821800434
18.83267348753295
7.897103232887565
-4.343429664762009
15.58457657729404
-21.9605228028366
-13.78067906399152
3.790442560753686
20.51138088432455
-10.93557025573863
8.179843739507103
-17.3325059954851
1.782908003014632
19.35402963090536
20.29505716482432
-5.314226745918969
-17.17724313815602
19.11541399745273
0.1552628567275784
17.57112162540711
0.9410275335887754
19.96404035916131
-42.22931309159366
63.42059798519901
-39.60650633615852
-21.72359333122879
13.4784828621192
-12.77396356947281
-22.83783459630702
-0.9995012157148843
19.46946187140603
-23.77765489965498
35.01629469023826
19.02301282583158
32.24342544128542
-25.60928390947517
-11.00369133172087
42.23747288875188
13.22041261526939
-21.27940654088188
-4.202628846068715
21.59557628781541
6.05016341028959
20.65575598594854
-16.10928324203926
3.176658337439094
17.07677769282534
5.170123300330974
-18.99427799879538
-5.094158646466809
20.70404648509535
26.77609035668315
10.59918206147053
-7.460207117120456
13.9001193535097
11.53407088155468
25.79820513217783
21.83833337877735
6.072043872800919
-0.9398203020247284
-20.51794320603029
8.426573348088969
37.11227661498523
29.83652461526993
-7.407833324368903
-26.67837465140528
-18.51124767403136
-34.2775371793193
-6.576244873217044
13.66873830602866
17.50454823177936
25.11898513893979
-15.76628950639861
36.01579590576329
27.70129230616825
-16.17690829517063
0.410655070682706
-27.29063723503783
-4.660954397269022
20.24498317931154
14.08455173157077
3.676619006388877
20.26418237169674
-14.38277017325187
-18.64718338957559
-3.201862426743834
17.29557137481741
16.58756336581118
-18.05938917880511
22.62968283905815
-2.968610999257344
-4.264413215922048
15.4453209625832
-42.94976990353543
-12.50601025843689
46.40988025148419
-6.349892661021252
36.82849334327528
-21.03966182339607
-7.329872028310839
-6.135529971939101
13.16756177338944
20.76535098985887
13.70978979518589
14.90413185498156
-25.59829383960448
-18.00050462365141
18.59937262162753
18.74550612811997
20.49743380171942
26.90088096277825
16.53585101709527
7.597789216730376
30.44375964402185
-10.36502994784236
36.59987724389679
-40.80878958965405
49.33450360120307
44.16496132462697
8.78513736933575
49.59392695939174
-29.01706027390188
2.622806755434684
31.63986702981685
15.54683281875853
14.60559257670669
-22.15944665268153
-11.86301639091137
10.29643026309597
28.9445165556718
-6.160431447341644
11.4502468331607
-15.96440010874044
21.2556361585198
60.61003463235264
-7.097159530662943
-41.0731067469489
28.10491666350886
-33.45866983494928
28.68570326924054
37.22003626592888
-17.49426972480532
-47.44294124476465
-38.90860824992918
0.4457902241568581
-1.797400423599665
10.03384351260656
21.77367196863428
8.534332995356595
-7.275751997918814
45.64554082119415
39.35439847419595
-17.43699715452525
-49.94211512307905
-32.50511796874277
21.32788174396239
-9.802397229184857
-28.28486820458706
-19.16910577853416
3.958069778021021
17.7317104756819
24.63521151659156
-29.47072323510293
23.45056958279738
-66.71508117416322
-33.37198308738028
-0.4708809014750415
20.8805770722304
52.92129281820611
-37.24435793936635
-2.569992506726642
11.8312439360014
21.96028041904619
12.48243677417089
33.34309808846053
-19.41667482928198
-19.2705413252979
-52.75977291524757
-9.581386906515132
32.90110218584349
28.8437740910855
0.1461335058792551
-14.42514288521621
-18.48247097859416
6.926315086922775
24.32831169712506
27.53410770567944
38.42516099598588
-5.169542276093342
25.21109355669898
-4.057328094796705
21.35145797355758
-13.21406743802783
9.115762425921721
30.38063583230947
-35.37982395474901
15.77361319091493
-3.598105750140292
3.125983948546573
-18.20512839223266
30.18382260070561
18.73172410923172
-14.60702264253845
22.32982986178994
6.385809840788577
-12.40295928628578
-15.13858266598584
13.85130014712938
5.538559070410447
-21.23266083259188
-3.309044151112482
22.64813802405251
-17.97679040387517
-26.93857117350622
-64.78286253855531
10.04040206793688
-31.89980926072815
29.59103727283788
5.07916397983969
-28.88956495638343
-2.416294585092545
24.51712028514659
-37.84429136726965
36.97897323999321
3.010244305257976
-30.9005492419087
-23.57842568791646
19.06607634250747
-21.26684346698113
26.00981847232742
-41.39857897106882
2.311582222390896
6.943742127581093
33.73566141012646
-1.707022468814116
-21.27231989005749
25.87301873298021
43.71016119346431
85.91383918873987
-37.93227412599736
12.5196103975751
-21.33111234033295
27.05783865314233
-17.63409301702396
20.51424674907718
42.20367799574444
47.27666194026994
17.40199661211378
15.05242927874574
10.1290364843525
19.71905120304319
11.73982845651415
-9.477843642498753
10.70042060960373
21.21231708676967
9.590014719230943
-22.52086651979081
-10.10078279578209
20.51499311124275
4.728220778370306
-18.42453637516082
16.60116178484078
-24.51187329242365
20.29818110993568
-5.073916988940971
-30.15370341549554
7.994636351232272
26.93778104612014
-13.54287924606021
12.91813282696856
-49.90999008000488
-3.140689274032386
31.59257441851219
40.79250684316377
47.74359782140571
25.6632233966393
46.76930080594437
-17.64746145971661
26.47327037220385
-12.38161417897464
-38.98377749183504
-33.91079354736375
26.93341487120105
-38.8548845508839
-17.74880714113783
16.98445655206844
-6.543591903815275
14.41070044246055
-11.45209849413705
11.67507706234917
-25.37209809993441
-12.15274790089505
16.61082417101512
-18.78876912487974
-6.029302744883388
7.465490304954903
20.78962869933036
10.94227244941474
18.94314469499042
20.95429234490835
-22.8753136636868
-9.540978407666955
20.44727940127385
-8.629484242654023
2.011147649586449
14.77061403048855
-14.01964821935867
5.016689685856558
24.24214991545992
-1.154675641907205
22.17147565563353
3.324277494393704
-24.32132639625235
-22.53995572042205
13.21935020009679
-9.948958319820719
28.76357207396859
-23.16830852057935
-7.017285118478596
7.378291997636341
12.75946638026344
-2.735623379262306
-25.39682555657641
1.064186517150482
20.10052442202434
14.9337895513449
-2.070674261298326
26.46101207366295
-21.38528007798615
21.1060774095816
-43.31068485644717
-26.60216331297484
34.73326369301652
16.70852154365813
16.15102340299387
-9.753924345270477
9.02657865695617
16.97157519430803
19.03633790480992
-5.166734870908647
19.24011227271486
18.7805030026928
-28.91872968330367
-19.90930869144947
-3.433598184573847
-16.33760443479878
0.7752623244821875
14.5008370210168
18.14183782283029
-20.02307156793217
17.80255476984305
1.077430730050465
-15.26960296699633
-25.21293742144146
-17.00446381256592
24.40684714403761
2.997643603347711
20.11051036051819
-17.5547161554003
-5.18986585350953
-18.84719816175291
7.420982168017557
20.00210741525823
17.58409377143077
8.998871638391334
30.22297673905338
-7.862642677145868
26.26818033028329
-27.64560389075057
-0.06556268902430569
12.63888296762286
27.04413863604571
20.6112383314086
9.472228701550105
18.48164969491994
21.22410510083555
-16.86151431667756
9.009420992612078
12.58112524789649
-26.3337430193678
-17.07504563641156
0.8593895704552066
28.67771145407347
26.75268353384304
-5.598749272719479
14.30474894378295
2.74245540572972
16.47571050797316
-8.047674805318477
-7.490515756448805
-17.33787200667242
13.28133150694942
14.32850562522852
15.53287268639046
13.73325510288696
7.972355363964299
25.20955146720689
-6.432900304815841
20.99495164258868
23.87473748581335
17.93443520623939
11.47629636422523
-0.4596092695206758
22.85696362887064
-4.296336783933231
16.77558447133306
13.07023871069839
23.12717555563703
20.67714173816073
-20.7957917394171
-2.967094825056695
11.7599849386636
23.74331786782187
-17.58999572872237
4.115241041224388
-10.68649468744481
-2.349567335693405
17.82869691458869
3.205796010466171
20.178264250829
10.51189647729392
14.72707976443921
4.215183286822269
17.60667077132107
9.282917189794745
-11.62230236717367
-16.37638836301909
-2.984900876516406
11.84410270393733
7.124602151917609
16.22925067441044
11.98333292979501
13.39148748517746
23.50099051584257
-19.62807682600225
11.51765758612802
2.496271714003325
24.67072707628206
6.90350104172254
4.096330146012863
-16.80888940596146
-24.78811215101237
-19.56529742124522
-12.61420644285068
27.58004120183037
1.78137067502522
6.951090978396095
14.39557711700793
17.23519373890341
7.944996537945816
-6.081379156015824
-9.786724919889338
16.0190604508061
16.29480127608581
27.42785194981566
17.23719610308385
17.11286675822585
17.36657549606166
-16.36912533372488
-9.880130687584739
-3.044986936267371
17.72686032792795
20.88316842427983
12.24421785239805
-15.89840989472064
-2.745340405083704
8.997587843095582
22.53147967963215
7.863733426287028
-6.793761370937774
14.82900357730315
-8.323753581570056
-15.78677233362137
3.255870428988382
-11.40162436505971
4.38514796944266
-20.90521955521114
-14.46515954260411
-10.82415873808137
14.98162663572517
11.42813441949568
-9.290197201136907
22.37618043057979
6.488994648513073
-8.312741078483411
13.32413839517098
-14.80173572722516
22.1243485393371
13.15306948995522
9.104648522971329
3.641000803325321
25.89329396310139
25.80578537222065
-20.5542130506669
-9.452181944959657
10.26166082462363
-5.090926016894516
12.62339401417085
-1.925027919639325
17.44919942876568
-14.37296251088134
1.102165729014483
11.10203110700257
-3.553492217231216
0.2757408256850496
15.46328703417278
-14.65552332402232
19.71384276914659
4.71870402524784
19.3742273488078
-1.7299853009663
-16.72512404091939
11.60434995304854
-14.99513874241547
13.33433525601994
2.361733188464144
14.24582942495965
-16.34703369931034
17.88291300526466
-16.09303421153819
-33.97594721674348
35.20207619376004
7.614436909580037
5.072983944356346
-7.979222746341198
-10.19065584809862
9.712842368338514
2.879785844728883
15.24463615054103
19.90349821636442
15.47512824046583
5.531793780841208
-9.943334457034933
12.36485030359752
-9.847356250069694
20.77184726379688
-19.3419736607159
-16.18566556446159
-4.185944889753517
11.96585517195775
2.884170215434169
20.3494929152269
3.156308097494301
15.15602877064359
2.251541179017313
-8.638950571576519
13.53550479095891
19.0698357808187
-20.70581591022241
-6.596961256132442
9.554838807516738
-5.518269704701324
10.63490024801277
-19.50144884680225
23.43349236125945
15.18754620657334
1.204367062029571
22.17445536223006
21.75832728245542
11.74292824886351
5.534330992590778
16.15180006223457
-12.90448759097557
-21.44485464452564
-21.32514631359742
40.58560934539121
-8.394985413304964
5.630177803912942
8.383637743981245
19.46012603543814
13.87865355377656
-29.07676364435974
-18.12036981047304
0.1197083315612434
16.15316995376629
17.71432003018095
1.561150075462144
12.79859211473576
24.40164015153729
-10.0153990333321
-16.2239962900115
1.241326408233919
10.65645269421922
16.23462778031471
-22.80093212354635
-22.41940332803521
31.49710291637353
-0.1214337238405237
-21.75216490592645
13.53389183717242
20.67185172676522
-12.93389238392885
-18.51536486760793
19.82603076545203
-6.912316830111686
11.32776131577492
24.25792221815564
11.88409624042222
22.84049007543507
10.95639383479238
17.46532270012618
25.95718217516998
7.13795988922798
-14.66774625303414
11.07648829190103
16.82448608685156
14.99330137396158
-11.02833369352244
15.98359166158126
22.6794984014273
1.048767217463002
-12.85951840689322
-5.581472482815525
5.747997794506551
32.75992314851718
11.60304803753379
27.01192535516249
-1.831184713324002
4.431891453880338
6.695906739905046
25.33610312202305
18.4570546718747
18.24007814458504
12.93016090133665
-28.07638309160134
-34.95543154156277
29.1223098650164
14.02516321729844
-18.81922228692448
0.6672384222048877
19.48646070932844
5.578175085512668
-31.61853664078393
-12.97834025922411
38.92872897655704
18.64019638212934
-14.65749479563652
-13.90828562440285
-6.879048450054976
51.90706923578081
57.1986929566274
5.291623720855721
