21.81522743579539
-11.49012323979302
4.122123382003974
-3.300249631859166
1.972404143380789
18.90781199112246
-22.49127568934277
1.364401095597404
6.31265167397814
4.588475439285465
5.713527068052007
-7.198201296564628
-24.69522735945853
21.44590410170107
-3.331855076352229
21.15084631015314
16.07238276773278
20.84736781694141
-21.51865419752928
-5.157651840798811
12.63546093490948
-13.27727092744477
74.45314791281733
56.68654143088592
73.51226106363262
-31.64723569952421
-27.84798265865827
-7.831281884926842
34.20824132684716
31.2787342004703
7.856614614710604
-7.360740725244657
18.18739110802923
21.82309997079271
-20.44808404754966
-21.4403330233293
-5.959517349806638
-4.48016678396677
15.77070017379246
20.94733599954701
21.14633455699491
-13.0913430975265
5.267757116211524
-9.455634229677781
15.83374565472183
-18.37117675061457
-29.05348835959135
-8.671485092752052
15.76371434045816
5.422418776194478
16.86441072275886
24.00336813210335
10.37883308785015
-5.078463542439803
8.786012792043094
-13.62453504437183
-15.21735534006034
10.33077649342383
10.16906048172388
-15.45729664755539
-10.68231161364285
23.7935955268393
-1.368386383517513
19.01361687930319
20.18575983531792
4.749782156321404
-15.90058043694358
-21.0610602728863
4.774985051177799
20.38200326618326
-19.69267387993144
-26.00501965787367
-15.87857744392424
4.064983144923566
19.58323623052934
-5.312588882076908
15.23251376200956
24.4351994314497
1.17214295863577
13.06713139183648
-14.22288351511776
-14.38459952882967
4.136216711731459
-2.942607582173023
24.07977729442292
14.18442078141873
-0.1617160124435893
18.35910022566276
-0.9922489772710243
-11.36806803785237
15.96791726589777
1.100696382622973
-14.13237823325222
1.491725638358362
-16.22699936595917
6.787570849328254
18.32313626143413
14.0510049900239
11.44199194677388
22.27080748597279
12.63466632869349
11.89498843169019
-15.43597767825639
-2.614061550043314
-9.636141155421635
-10.37581905743203
15.48081567157176
1.747684517857356
25.11695682502008
-16.5815559711512
14.90334985151883
-15.24872787670422
23.17990251695934
13.36448796739599
10.34713639537844
-14.61733029864006
-28.20101171543563
-16.16492204579666
-6.372770403864688
-2.379513749983094
-16.5863773748319
15.35744711845271
18.54043533398326
-18.329240488343
13.15566533228696
-14.82442366173946
-2.784057168789165
10.2546738199078
-10.21360697166092
21.73021752275186
28.47081927151419
10.75209426658154
-17.29987072443283
-4.261139735549344
-10.24466454679635
9.51078331375253
-18.70134711945909
-16.46140663371692
1.332828093804213
3.504816826485316
7.212259086402172
2.239940485619726
20.03417521321987
-19.47922517221852
-13.43810350635226
27.94940104573746
21.0256303174348
27.30388163536434
-11.01864453820438
3.473512096574226
27.22975892832756
10.59374007747669
22.53158034666669
-23.13238554078015
-4.729071898240615
-14.2068636241549
-2.094621132715128
-17.10785513546714
20.91994908406393
12.82191612663827
-20.6503625920778
-2.900991512056903
-17.71872500430925
-18.96003595814463
-6.208401810504097
12.55927935309425
14.27068387806153
27.98052483847404
-15.01323400206605
7.616044365079136
19.65641085569573
8.419223561319862
-9.319997706502869
-15.00906217568768
19.96622345781476
-21.71916565760861
-2.658883081655529
12.04036649283185
-22.62510654045208
-11.23718729516754
13.03873098879026
7.055206177685635
-23.61023885920506
-0.5308216219683727
18.4012540207052
16.38349301915021
21.99679329141441
18.2923934729715
2.92378573772539
-17.73922126736498
-11.48598218614438
-24.66751703988949
19.75544786105123
9.800620982237799
-15.36860773511641
-9.954826880067149
12.75163414923355
0.3420152551297732
13.0912522650785
19.96033283687593
-12.74141013429996
-17.61752193148511
1.314553721767699
-16.60761770283341
-9.738537135126869
-6.650393674871435
11.57937425468137
13.82869201753988
28.51822398614408
12.74923700741999
22.70646103210562
-25.16922871722425
-13.08342538732449
6.869080569233782
9.957224027115396
21.28748785278033
24.01787209936877
-14.5586047087386
17.65547382172874
0.8820190924868213
23.07941725600835
6.158136443407806
-10.47788239909064
-18.6457791171612
21.31791139157633
21.24693304579661
-2.886396147863992
20.4790856903711
12.08580333388478
-9.711589323854685
-14.40976792439697
-4.876111795080075
-21.79739265164519
-16.92128083137172
18.93207564775082
-21.32141149695805
-5.689064469499251
-21.94645250289214
-6.928295770594736
-3.42793554643845
15.63234702818747
-13.24335009108737
-20.81969959433344
-0.6250410081283767
-16.63601884249831
-4.698178591101608
-13.18153485427238
-27.26065225028332
19.94356058429373
-17.88971758113289
-5.734553593918743
-15.62991010500407
17.69400025499604
7.537785200771171
17.84959158502857
-22.54578879081001
-15.3430677814886
25.51871895423075
3.521022949125023
-19.69379023104527
-14.86722088502039
2.259807477238241
25.42750278362808
3.343760599076475
-29.92840144210453
2.876060402601443
19.1247511830016
-20.57347193454621
-2.017761003509936
15.75938297135
5.613300274724337
17.77714397681494
12.1638436998322
-25.91273186235415
6.041121664391346
19.06028257535434
-9.815414546041826
-12.8327661225247
20.91005727059633
2.036169486224451
-0.645519408853871
-24.47588894948275
-5.160479839445356
-18.87388778785966
-21.55557667463524
22.67334813885264
6.27825131751426
16.36100235686403
-16.39509683140248
-6.312345778731621
-7.576349503076175
-27.98181826678883
-3.632014030623798
20.19465858806685
-20.40546876388278
-26.51205844071219
-6.362398278430253
17.46427432778329
18.40331364651628
15.44062380122502
1.856942384087966
-1.72417622170253
23.82667261826271
15.01815673199464
0.9390393227095345
-14.079117403606
-13.58368141734346
17.12702836338824
-21.10356543536476
-4.164715699553183
11.97888445955529
65.31782839438442
20.80946526579276
-3.581118607233281
-2.456066964847361
12.03608967061005
1.125051641756529
14.4921566350986
16.93884973374983
-0.07097834705922661
41.91303070425281
9.677133221875119
25.28937986420322
15.51825308187527
-9.895356512044772
23.42855385082736
-17.69310405379112
2.851998569623065
18.86409073498102
7.910300764390979
-4.350722459414769
15.61224663206267
-21.99769601682105
-13.80401189380186
3.799253040865538
20.54510264670666
-10.95378997711563
8.19368412861334
-17.36132101020982
1.786153119343435
19.3894180785051
20.33496712803107
-5.325301737016164
-17.2057296761346
19.14747412418862
0.1555913331031558
17.60326494026148
0.9455490460322742
20.01670077980436
-41.87309130917416
63.89113711234875
-39.27864536679468
-21.56621914900457
13.67037508964769
-12.81012069323493
-22.89950318730093
-0.995063328050259
19.46599491488051
-23.8378150633031
34.92501933475527
19.07115173483356
32.27611560846647
-25.66026886395202
-11.02769437114335
42.03952321363396
13.20496387321197
-21.30650676078316
-4.211562088707423
21.63324975097033
6.062363384760485
20.69493787653514
-16.12987093745274
3.182988217064176
17.09494466994388
5.176635825078977
-19.00892863982083
-5.096972189906267
20.74783964656618
26.82460993707131
10.60973515511061
-7.473363224876864
13.91195645134616
11.53556541453602
25.84481183712202
21.90443985736087
6.076770291795802
-0.9383118745795911
-20.13563959592668
8.551985379339026
37.25928746825269
31.7641794787061
-10.45071851341731
-26.31685958683734
-18.47070241535297
-34.29837198023544
-6.586092089017207
13.60016279300183
17.44938024735187
24.99983129245977
-15.82766956603708
35.92008266265441
27.71227989124857
-16.21487478186359
0.4030734159671791
-27.30920647478737
-4.687672085836581
20.18625488204933
14.00503488870703
3.699772218170877
20.31772041532081
-14.38332616266295
-18.65545743421591
-3.234211950070289
17.31765865624122
16.6179481977333
-18.08309838011806
22.62153439020123
-3.000061761398563
-4.272131271266293
15.42124548378402
-38.57467088741911
-9.66373451205893
43.14996485380613
-1.996442909467954
28.28411329418971
-20.97951137659826
-7.269670413517531
-6.28997941312926
13.28220019275822
20.89468821136987
13.70984096322895
14.68953196694065
-25.62159615284981
-18.00910813466677
18.5691198461275
18.69270697379004
20.5518706063507
27.1846676254346
16.14360015743996
7.612488018923049
28.91093637424523
-11.041067470109
36.5782279793729
-39.95200384210178
37.9478478057033
46.65910213250179
13.38694009025816
53.33894393271875
-28.8345593427029
2.594445942378973
31.42900528799241
15.45902441969889
14.63257449229175
-22.19223432347691
-11.88042793830702
10.31180638598152
28.68762497685289
-6.181219992909422
11.39966849967612
-15.90639260296008
21.34251835918873
60.89793716098196
-7.062393042227548
-40.74480013391271
28.17420119919974
-33.19434908404546
28.70730209128183
37.24891096078984
-17.28795647950216
-47.66037674923172
-39.11876788165321
0.4366509203834572
-1.764430112393873
10.05343871883442
21.80002320911509
8.541608868148872
-5.495107987727033
45.89594663684569
39.5554188021621
-17.49702606290994
-50.2207620227003
-32.72373596150943
21.36337228591908
-9.773368586808729
-27.98201555677779
-18.94077116720843
3.94638592884059
17.68968893289176
24.58589876757787
-28.16444161816913
23.22661300514146
-70.37933960965425
-41.2226600394543
-0.4470020195134981
20.69458743371952
51.39105462364339
-42.21489799181847
-2.532025567556928
11.81786883087027
21.95466640771772
12.48452652641797
29.15667957184624
-15.98972819673385
-15.86614107164807
-45.14640776605248
-14.86585155788953
40.77565801984752
36.81657584772133
0.1235871270135385
-14.24956480273665
-18.20864697343084
6.892024648879194
24.25846105532455
27.463057520441
51.6824274039634
8.711254327314943
38.7762027565081
-3.959082172134964
21.14158945305639
-12.90622464616372
9.041244389353785
30.06494842867683
-33.27216204166321
15.78099058256091
-3.52625225975189
3.09217848833367
-17.81021010649821
29.75762915805689
18.42121677111864
-14.28395784722607
21.94746903332528
6.379543586963464
-12.38156943993397
-15.10926591963161
13.8386867863808
5.530246916996647
-21.22238535028259
-3.307492608052035
22.63791968388389
-17.96834089096004
-25.6502655257293
-44.50836313147848
9.354929506067799
-30.22361590092543
28.23111146676692
4.781579129915986
-27.91689858694063
-2.267270114828665
23.34689580464035
-18.85809760792202
35.00519503030652
2.306717314854532
-31.03188076446745
-24.133329194856
41.98400905291717
-18.17717530613346
29.81022590073798
-38.07657556212269
5.95615389012787
-12.1737831543727
33.2131731701571
-1.668922984962055
-20.44732656570474
25.46246091667829
44.03272945220353
86.7895319917219
-37.15107937632765
12.32128525199781
-20.90238859435193
26.6654506706466
-17.2995882325006
20.21122177926003
42.7568025401793
47.98740120778433
17.3664364084709
15.01655209162158
10.13679757855399
19.72429637460744
11.74658449114667
-9.470139878629173
10.6957617934545
21.20254763190237
9.587498794056252
-22.5083924670145
-10.09668334350549
20.50321977112371
4.724012955102509
-18.41568353995801
16.24869078118808
-23.44953233631619
19.85149114477076
-4.884215663330617
-29.62087348530165
7.889936527013796
26.62882661136193
-13.31824217431163
12.75578220787593
-49.15365440618003
-3.066798171980843
30.40848645631785
39.21338677062796
45.90953445441983
25.41751581563795
46.08685623456863
-17.76660648232453
25.64962847298163
-12.21079408079634
-38.56919674689032
-33.33859807947182
25.61416592039618
-37.86042255343937
-17.19108213202489
16.28420249934573
-6.454228891037403
14.27844118580921
-11.33641238963855
11.5507447058437
-24.73570680914989
-11.91916699219232
16.30263131203923
-18.76111302422029
-6.021359116710461
7.459143197390348
20.77514748925299
10.93401904493888
18.73889008455257
20.7326700753577
-22.87041058423716
-9.540015015301316
20.42963275696392
-8.627819143009837
1.993779990393233
14.73353389823547
-13.87304440357593
5.003872392812841
23.88745189856855
-1.139422133574032
21.84596787970454
3.271822987191691
-23.92441979073137
-22.20496039320728
12.81653981800578
-9.329963421742956
28.22179830600226
-22.14650324045357
-6.645455242633213
7.15626004850583
12.73975390753788
-2.727696479167018
-25.02687403130983
1.047150352017031
19.92406714787218
14.78093991766239
-2.041484019992323
26.07402438333243
-21.06553825999351
20.6693404211718
-43.18412229848118
-26.3584026661383
33.47528463042261
16.82571963235527
15.50104799886178
-9.729661505726822
9.01630054417142
16.95537816105339
18.87691679586087
-5.143127230195002
19.20512558943661
18.74596204997663
-28.79664729831883
-19.85222819283981
-3.42841573840636
-16.28454708544014
0.775485370855978
14.48980702210862
18.12791365824235
-20.01051188964259
17.79648219354105
1.077735608386087
-15.26007258062408
-25.1970507166601
-16.82242393732002
24.34825281953509
2.997990093785939
20.05802254908382
-17.54341089351852
-5.186538827017765
-18.5741448925548
7.308313817221079
19.82041403002541
17.21996178778609
8.867663977453605
29.84696667499034
-7.750712253478498
25.88245870981795
-27.19624277803358
-0.06485887644243897
12.62700488720455
27.01585932855517
20.58935924485333
9.328941336331749
18.27336044311283
20.97930269774969
-16.61837623897973
8.944419106130104
12.51210021313919
-25.94731758335886
-17.05983045273432
0.8583923064115447
28.65901604419259
26.73497591917632
-5.594133616394243
14.29527379877906
2.705942254617467
16.42381245453453
-8.042646320711704
-7.486316787616347
-17.32744523198605
13.27376783255978
14.32015582157243
15.52404708015215
13.71787019966118
7.962354360291577
25.18356703254531
-6.426500086344782
20.97761403199939
23.85567678293357
17.91822276050388
11.46569683401976
-0.459163539527069
22.84252431406934
-4.290230270354446
16.76471298785611
13.06219801512743
22.88715709468369
20.63951283824106
-20.78156639730052
-2.965549047843878
11.75323551837345
23.72920529150977
-17.5769699296172
4.112733607491571
-10.68076009385537
-2.349884319396345
17.81601734999752
3.204596467142106
20.16590167036326
10.50678583655415
14.71878456722249
4.211998729239135
17.59670765725861
9.277707443892997
-11.615048835036
-16.36723769514044
-2.982528754705264
11.83816759390705
7.120724070929237
16.22112140209923
11.97596977316551
13.38470892906109
23.48796177181691
-19.61647168418313
11.51199200184236
2.49496690351635
24.65866912400292
6.896209835426836
4.092708939722143
-16.80004730195063
-24.7777591782942
-18.77840358080395
-12.08225589599123
27.1313839017012
1.719459397434214
6.696147684873489
13.80171529218021
17.22387652646474
7.939077616730978
-6.077811325443401
-9.780326299867617
16.00940724499689
16.28499081732518
27.40411413687534
17.22121267106723
17.06003245579721
17.35242828586497
-16.3592690544051
-9.874215227848092
-3.043264758758929
17.71681986146493
20.87170468399556
12.23722336272749
-15.89073280771061
-2.744055689898198
8.993274271558324
22.52081033400979
7.859962046279804
-6.790335466542075
14.82069632361019
-8.319000214385186
-15.77920682277313
3.254044461448251
-11.3962530293444
4.382953799002463
-20.89275626660796
-14.4555488071928
-10.81744216551609
14.97229138275144
11.42103480229444
-9.284798910695692
22.36280214199858
6.485053828256769
-8.308439870996809
13.31600429313739
-14.79349369976175
22.11143858835752
13.14667712022
9.100397334615348
3.638106638115829
25.87658361233208
25.78973354577267
-20.54416936390047
-9.447921888142421
10.25661325043463
-5.088279593649316
12.61774485076955
-1.924040122231508
17.43947305334392
-14.36374224819818
1.101664836786798
11.09624748073858
-3.551256583301899
0.2755835727201336
15.45588976579047
-14.64750405811227
19.70453513551382
4.716009133016273
19.36351318304825
-1.730220626193558
-16.71874659356783
11.60017492679215
-14.98852598634391
13.33039556893592
2.361131592154586
14.24259147235103
-16.33780820868743
17.71242622044629
-15.96998087120359
-33.68240709223354
35.23659424003979
7.550451047487604
5.230598667373971
-7.97771188556994
-10.18290147377259
9.706505944843657
2.878062764287451
15.23493486533648
19.88940741566502
15.46540708808179
5.528428907624092
-9.936978158246934
12.35687208179599
-9.841128444341946
20.76008462020013
-19.3328401573227
-16.17795533076829
-4.184079883264737
11.96031000696976
2.882889924883166
20.34010380339202
3.154884825425279
15.14876027557455
2.250279246834918
-8.63448132062434
13.52922090168219
19.0608452553485
-20.69613194921205
-6.593759652134219
9.550630244373256
-5.515825764405503
10.63002908126312
-19.49224068345925
23.4230828039338
15.1803061896368
1.203891260855817
22.16370222166286
21.74802654114622
11.73732996259575
5.531624354346865
16.14438989261516
-12.89848102941247
-21.43940444697314
-21.31753853945729
40.50509480367568
-8.393033694877163
5.625373135053425
8.379793798979538
19.45117171041245
13.87245255948726
-29.05745190380133
-18.10788755927105
0.1218659121913385
16.1458548504988
17.70602443573437
1.560169578393876
12.79305372921777
24.39119384644507
-10.0106965772302
-16.21640218661357
1.240811689638004
10.65149538277389
16.22702048366096
-22.78990131233082
-22.40811294680215
31.47993385520629
-0.1216589071272541
-21.74151079428029
13.52753606562747
20.66219195731561
-12.92757340353218
-18.50629255984213
19.81631410083489
-6.908152439791743
11.32160105854059
24.24610591855937
11.88145991131995
22.83102426313369
10.94956434998555
17.45721387821298
25.94541229209679
7.134655890182835
-14.66084828503346
11.07137791158353
16.81658080680603
14.98620879598432
-11.02307094515554
15.97561366500306
22.66824241754153
1.048390516466055
-12.85344295483496
-5.578719152584584
5.745202895072106
32.7438875006416
11.5981401207225
26.99868460998081
-1.830372010927393
4.429791824008576
6.69262875236091
25.32242431196864
18.44819866001535
18.2297534895556
12.92450485229946
-28.00549601777498
-34.87972166899065
29.09690553707857
14.01840683010888
-18.81075640956625
0.6666021541365156
19.47735856450251
5.575525099230303
-31.60159276719338
-12.97179721218421
38.85795056750383
18.62979555986879
-14.6502975018073
-13.90183347005274
-6.874225651584343
51.82974777968807
57.10240155489072
5.272653775238736
