21.81676609479563
-11.4906896836855
4.122323247369095
-3.302558241111797
1.974712752633436
18.90745959189927
-22.49123922390117
1.364376071477893
6.313123777434007
4.58880847995423
5.713930930275463
-7.219014094517207
-24.69598717823259
21.44599010488111
-3.331862459979747
21.15132176184632
16.07253885130302
20.84773590223283
-21.51859818317538
-5.157965735322066
12.45750688317624
-13.28558897758134
74.33450372197989
56.59099247622904
73.39205603670095
-31.65927999404456
-27.85869646692196
-7.834623757258123
34.30406197423548
31.28125687948209
7.856974848923282
-7.360465389127491
18.18853398707747
21.82535465725083
-20.44959042430452
-21.4419158950779
-5.960021023373639
-4.480505287959266
15.77200851688582
20.94917175279718
21.14739757379916
-13.09272289640434
5.267873295275294
-9.455902222231506
15.83455255106282
-18.37154242211452
-29.05405263838772
-8.671746341940636
15.76452823044309
5.42250123298834
16.86534784401212
24.00312623685286
10.37892433458498
-5.078782910570825
8.785685998714071
-13.62420190237142
-15.21744023813886
10.33155913824232
10.16984175244837
-15.45770725871344
-10.68251021984875
23.79404365522364
-1.368367536531469
19.01393875697552
20.18615616218998
4.749910727492909
-15.90109468985155
-21.0616070476826
4.775197052422147
20.38230629605417
-19.69323950379855
-26.0057016376612
-15.87952428106887
4.065324753999601
19.58517529443927
-5.312845006830489
15.23385382632928
24.43627457064511
1.172217407387687
13.06771969088526
-14.22401056551804
-14.38572795254545
4.136585636587838
-2.942881340924103
24.08143466661855
14.18538639154364
-0.1617173861978676
18.36059620106701
-0.9923254724505707
-11.36855487802082
15.96908513881674
1.100819613549896
-14.13360838732095
1.491873096505644
-16.22839648389146
6.788156859150764
18.32512552827879
14.05254557914833
11.44284661147018
22.2717316819837
12.63507307035264
11.89550228230338
-15.43624543415301
-2.614084127234168
-9.636658609953269
-10.37622940262534
15.48189486960563
1.747761773271516
25.11855347753932
-16.58200435742381
14.90424709227789
-15.24915719590751
23.18031558611063
13.36473317438535
10.34767733222735
-14.61765119716227
-28.20175506236651
-16.16599944831656
-6.373272346373185
-2.379705062757908
-16.58757872879234
15.35875719233733
18.54206018529007
-18.32976613014312
13.15648531770359
-14.82485023159776
-2.784149927233123
10.25525718728444
-10.21430638331686
21.73202953926972
28.47322595630257
10.75295637548032
-17.30076443561231
-4.261357321151849
-10.24526054321561
9.511470775519419
-18.70174346643167
-16.46174279974417
1.332847160765231
3.504915898452263
7.212429321358208
2.240000666604671
20.03459062716793
-19.47960531665646
-13.43857609507252
27.95087984943472
21.02698052192342
27.30533006487959
-11.01885942876535
3.473243234259099
27.23056917269514
10.59401471327935
22.53221301001983
-23.13274857047506
-4.729117345579847
-14.20787366513649
-2.094788096701646
-17.109101794276
20.92176524804064
12.82216130571946
-20.65100541609203
-2.901228130010266
-17.72026958026582
-18.96175518112035
-6.208884960187512
12.56067248411597
14.27225729923996
27.98376678741832
-15.01431369671013
7.616209601301775
19.65690990363311
8.419439566052461
-9.320195983558506
-15.0093905736215
19.96665869621418
-21.71960598277389
-2.658941476986612
12.04070030427131
-22.62560017432784
-11.23747033839735
13.03940711448906
7.055503892334606
-23.61066809840402
-0.5308803372888565
18.40199331603917
16.38412154392889
21.99782385235713
18.29297423083154
2.92387493643051
-17.73963554924051
-11.48620670132841
-24.66808932814332
19.7567313190567
9.801021517848227
-15.36909929423921
-9.955709802320753
12.75287022238118
0.3420480433340451
13.09247826498788
19.96204928113908
-12.74193171193566
-17.61818948071027
1.314684181157151
-16.60932468961779
-9.739753677387698
-6.651174879062861
11.58170945952822
13.82996738424212
28.52105347018382
12.75043021958567
22.70858002717205
-25.17012081192543
-13.08397975375686
6.869571013719735
9.958149809767139
21.28792956937284
24.01834311309582
-14.55920808194403
17.65584298047749
0.882050004807812
23.07978777580706
6.158179060604656
-10.47837539227005
-18.64736510161108
21.32146313871352
21.25286250250477
-2.886728054380902
20.48114226124163
12.086141061429
-9.711725460403686
-14.41008163796623
-4.876257767261939
-21.79786651687093
-16.92160872989393
18.93287365733151
-21.32186283283702
-5.689194590658166
-21.94692690967084
-6.928453777368086
-3.427996261716401
15.63266824286318
-13.2435786692035
-20.82008347401336
-0.6250640785867043
-16.63655445287455
-4.698356170118925
-13.18188262702227
-27.26133035983196
19.94484903150034
-17.89116650150505
-5.735116025797848
-15.63116429881279
17.69597125295473
7.538510537863425
17.85160964167273
-22.54869369456906
-15.34511627955664
25.52303402314757
3.521485918570484
-19.69643773280204
-14.86826552704185
2.260002203826371
25.42967704094538
3.371901163996137
-30.02773775705179
2.871058498561497
19.12621702241656
-20.64561553566868
-2.017871773602206
15.76063704885907
5.613702310345305
17.77850882395331
12.16480651181071
-25.74309586075759
6.041029220773195
19.06066450526373
-9.815582408907348
-12.83263825475828
20.90970763423776
2.036040160701723
-0.6455497833705356
-24.47763661544139
-5.16051236057277
-18.87366747640633
-21.55525741379991
22.67309458494987
6.278349542642869
16.36063244795975
-16.39474505021601
-6.312462134481256
-7.576504804752211
-27.98238437211914
-3.63208658855468
20.19501939679736
-20.40587956742471
-26.51367678013658
-6.362500133217362
17.46460584232143
18.40363122799288
15.44125808675151
1.857154221295556
-1.724315287335637
23.82710598501122
15.01847313206086
0.9390253887689934
-14.07944773881395
-13.5841038656221
17.12826773209506
-21.10517451957748
-4.165830504535508
11.98674967640961
65.44800294199545
20.86954502601021
-3.581469509762476
-2.456347048798928
12.0357556147878
1.125122460465228
14.49210266329049
16.93934401296892
-0.06860063750559055
41.97471954869444
9.677441810217875
25.29045475738824
15.51985053763165
-9.896048274044919
23.43108728025964
-17.69444284742628
2.852255969466575
18.8666022015693
7.911236739045864
-4.351321460944686
15.6130129391126
-22.00154811374616
-13.80658007374275
3.800583527122225
20.54669883516
-10.95536546771187
8.194968044383348
-17.36382113569076
1.786512395167253
19.39367601527276
20.33908216391894
-5.326141168210278
-17.20818274347806
19.15033352655628
0.1556383913319198
17.60716360524484
0.9454061459318123
20.02407271439274
-42.00770941334818
63.8481429224104
-39.40073998304751
-21.62722278593202
13.65239280874665
-12.81496849322574
-22.9065318856243
-0.9970179772461832
19.49042100417288
-23.84499289846653
34.99347093483128
19.07866656932427
32.30538949776363
-25.66522333099181
-11.03002440642982
42.13868573293496
13.22672292807644
-21.30910291790751
-4.212116139376065
21.6368609280767
6.0632009935121
20.69839991677934
-16.13193968422668
3.183302994570736
17.09698677643488
5.177163235365595
-19.01131147212865
-5.097627693252695
20.75134937121235
26.82928222158445
10.61129611016525
-7.47434280034797
13.91368378024615
11.53696867144378
25.84897706510614
21.90951390650722
6.077932851643422
-0.9384610114446339
-20.16632296079045
8.621333023034117
37.3743929938563
31.37298321147097
-10.36745149052794
-26.36095220018355
-18.50578180845352
-34.33736286263397
-6.592625710906227
13.62428543292227
17.48470710351333
25.05786744780412
-15.83158105532384
35.9904889119169
27.74473715176721
-16.2179861113361
0.4037737186057007
-27.34096343267927
-4.696438343413076
20.21691114386794
14.02228190206017
3.70042674922214
20.32218657851729
-14.38521216218805
-18.65779211155121
-3.234697809538864
17.32125726251767
16.62175982985831
-18.08563891066446
22.64452509052655
-3.000929318333564
-4.272579949048033
15.42309430167867
-38.95235472841649
-9.826514341988
43.38427819523435
-2.353516689160436
28.93512166101873
-20.98219129671104
-7.270681805840702
-6.291105215936288
13.28527326622408
20.90114960056037
13.71150949100662
14.69108608426003
-25.64545441012007
-18.02957807623475
18.56925996584437
18.71872024472835
20.55595507212557
27.19225481744349
16.15258017926519
7.615876334634844
29.12584038532328
-11.03967464030414
36.59883804066783
-40.16551502338572
38.76163600247065
46.69537716179938
13.29573823970866
53.46125326346413
-28.91196280668367
2.606969430300111
31.51893223929546
15.50304993050788
14.63519892391469
-22.19514067877805
-11.88204157432986
10.31309910538632
28.78765598540301
-6.194629241383577
11.43358201510807
-15.94506793992987
21.35443630467317
60.91548987553217
-7.082902752948214
-40.8723022631487
28.19671284402827
-33.29914191408012
28.75305997318408
37.29950424325123
-17.35407397261226
-47.67070298516012
-39.1242587170029
0.4367948541021887
-1.763602361824568
10.05412619316643
21.80091957684899
8.546444268715138
-6.001409780571547
45.90710062334883
39.56105357122664
-17.47697308373141
-50.1957501136631
-32.71877703127389
21.36412472049991
-9.773211885560924
-27.97512323519632
-18.93498109769864
3.946257704980769
17.68900271196542
24.5850528101195
-28.7257449967132
23.18276540595773
-70.46617969808908
-40.87134579427745
-0.4741587124565423
20.65122287594429
51.90851040299675
-41.74043470170228
-2.531542526154696
11.81772855467091
21.95489290090692
12.48488379447712
29.59483390546612
-16.14296098421699
-15.99350070789234
-45.73779488716401
-14.44915653249728
40.3971870817358
36.42942180855123
0.149460278244106
-14.23414608126477
-18.20191135303074
6.891235505531955
24.25761728571609
27.46221459828428
50.87857833940951
7.933741159836579
37.97668039715862
-3.967765273201054
21.12538158823162
-12.90189794096758
9.040142137303182
30.04293923681442
-33.39963892152011
15.75431585704731
-3.528103746306271
3.093187735311622
-17.81672712672108
29.748719004742
18.41393632733533
-14.28862338088594
21.94204007608694
6.379374699215062
-12.38140914139531
-15.10862980432731
13.83845839596697
5.530165298686481
-21.22261899277036
-3.307537395843128
22.63814525447087
-17.96848656195615
-25.70466733591177
-44.57845791888356
9.382122219903005
-30.29159927009924
28.31186431873428
4.795190284780548
-27.98204211816262
-2.280789018030838
23.41727001921186
-18.8737905851567
35.08678955433455
2.309557152817443
-31.05626452641166
-24.13959055809268
42.04332018781657
-18.07259427148918
29.8608462509509
-37.90790237250987
6.066996288021122
-12.18247393907032
33.20734195751912
-1.668183024683449
-20.4915120444238
25.45929604964446
43.97489866049666
86.6776450148654
-37.16507338701039
12.318059054089
-20.90991486156132
26.65553127036858
-17.29964181339622
20.20430555872615
42.7027463549826
47.93344052336487
17.36638178218152
15.01642631832814
10.13716434784447
19.72462720948455
11.7467933844545
-9.470009103831575
10.69571882399259
21.20242545352386
9.58746286026636
-22.50829336925245
-10.0967470257731
20.5031892758427
4.724050134297971
-18.41568049169112
16.25515852465223
-23.51667403340878
19.86543157456292
-4.89459430073798
-29.61770086831168
7.886246504384167
26.6176247745902
-13.31465303909919
12.75059159940296
-49.18780772490366
-3.068615562470205
30.48976203545158
39.32303777061038
46.03408899058231
25.42053421656775
46.11919216270245
-17.74351124605062
25.70125310101244
-12.23353394476677
-38.5965158476194
-33.36582167939078
25.6980590381788
-37.93478704545192
-17.2361290973465
16.32224850304607
-6.451225711317699
14.273676785374
-11.33478268009748
11.54645612213809
-24.76002587635192
-11.92169672689874
16.30304783039053
-18.76078383805191
-6.021309404905154
7.459083694882434
20.77500323950506
10.93389104011768
18.73137827038521
20.72490249523309
-22.86942234355055
-9.539381034446832
20.43166489491478
-8.627384054363359
1.993524224456078
14.73299865807652
-13.86703317530596
5.003592422108192
23.87927056897285
-1.138791013895779
21.83777161663437
3.271378493191912
-23.92107051087765
-22.19250870721045
12.83832915050391
-9.375810535824511
28.22474455913013
-22.21413968702284
-6.669812732299969
7.171026867959164
12.7394744332337
-2.727220662424448
-25.01806158204506
1.047183057491516
19.91780865442021
14.77517386943756
-2.041498953551817
26.06524463952437
-21.05371769345626
20.69865794788259
-43.16404546303274
-26.36298190291429
33.55837759963364
16.80106356017345
15.54432695572594
-9.72940623635491
9.016131234158328
16.95520044457585
18.87062559691669
-5.142634785028105
19.20464890484985
18.74553747068718
-28.79433934280354
-19.85119775736294
-3.428307325943116
-16.28357841224144
0.7755224142220856
14.48971449433765
18.12783233837612
-20.01123671208668
17.79608728016566
1.077523869805616
-15.26054187153436
-25.19772112598121
-16.8166728227184
24.34728368990712
2.998012284935027
20.05711311012664
-17.54308351885523
-5.186484413894771
-18.56639312360072
7.30392417648272
19.81468510667759
17.20880491549937
8.862911514511188
29.83556405222244
-7.748045907874205
25.87031730024167
-27.19244900417901
-0.06496992990520369
12.62675913672331
27.01541493750503
20.58895257542826
9.324329792891564
18.26747137968667
20.97265253791442
-16.61095742873408
8.943141586117962
12.51076093060882
-25.93528722797406
-17.05963579034269
0.858386029219665
28.65908422013662
26.73505936655523
-5.594027868884224
14.29527391392101
2.705181158167473
16.42289043176597
-8.042658086846481
-7.486305829904377
-17.32741802940871
13.27376861339137
14.32017780926334
15.52406319976452
13.71770927356377
7.962193440741554
25.18331719257068
-6.426462364113525
20.97760337579356
23.85561529381289
17.91802182043211
11.46560791983995
-0.4591114340898576
22.84250960981201
-4.290170579809319
16.76471771883459
13.06213934199455
22.881238801424
20.63879510466388
-20.78127726778456
-2.96550480924652
11.75314216076493
23.72906626526016
-17.5766799527545
4.112687532720961
-10.68062985369886
-2.349955466345746
17.81577245900209
3.204597314565675
20.16572792621356
10.50670662813423
14.71864697094698
4.211940341656111
17.5966025506793
9.277669071480222
-11.61496259104874
-16.36720920452775
-2.982546985649813
11.838250213679
7.120733833070182
16.22118906331185
11.97592410467417
13.3846622099751
23.4879430421545
-19.61637873251669
11.51201893990608
2.494974171573705
24.65874964731363
6.896050098912209
4.092612887451984
-16.80001874575638
-24.77785256505735
-18.82332901978713
-12.1122777990115
27.12747907438276
1.728561803401982
6.711051220821947
13.84083960126195
17.22382915175238
7.939069210449781
-6.077791890022844
-9.780370268937686
16.00949267513148
16.28504400683405
27.40406575447329
17.22112375089538
17.05910082582776
17.35230992244441
-16.35918319836561
-9.874158914732176
-3.04326365013147
17.71681079339699
20.87169868720052
12.23719399152046
-15.8908113277552
-2.744080623753523
8.993313017327848
22.52092583890336
7.859976669010761
-6.790356089656958
14.82079717970001
-8.318933479979021
-15.77913914682052
3.254132432484084
-11.39620030879055
4.382938842449561
-20.89263165280622
-14.45559702981802
-10.81747918093362
14.97238376646616
11.42107630472926
-9.284759942072238
22.36283589590221
6.485024285499009
-8.30829309893047
13.31591954577972
-14.79331738486904
22.11135290442182
13.14673070589534
9.100455232957263
3.63811784590489
25.87667333693868
25.78986294512872
-20.54424144436217
-9.447930076009795
10.25672854868178
-5.088325974295068
12.61778126850102
-1.924024851335772
17.4396860159912
-14.3638103084611
1.101620253213053
11.09631137242634
-3.551307464128414
0.2755513320972157
15.45591546680163
-14.64761883203188
19.70465862227496
4.716092047237319
19.36371087306203
-1.729996869398196
-16.71856341698096
11.60004442718448
-14.98856656249198
13.33004130910379
2.361052713385684
14.24203831362286
-16.33806575673533
17.77351719920124
-16.01588231109879
-33.78939951072552
35.27961559582757
7.573160346679717
5.230694168166608
-7.977833826574945
-10.18294200991935
9.706359775467297
2.87801192845841
15.23461106043519
19.88930178314279
15.46543056414973
5.528251274928451
-9.937179271834083
12.35659911691413
-9.841112199445895
20.76007444341221
-19.33290121682722
-16.17801332001386
-4.184089078898524
11.96035281842209
2.882904406465634
20.34020147617417
3.154887896266976
15.14881213899375
2.250294585698209
-8.634504695119775
13.52927078205512
19.06091772647813
-20.69619327373984
-6.593790322265465
9.550651580261908
-5.515829145996169
10.63006377903338
-19.49230787727476
23.42316566785489
15.18036413164478
1.203885392430632
22.16377547661464
21.74814227649722
11.73739364210862
5.53164694560785
16.14444189924447
-12.89851755364256
-21.43891835557359
-21.31749342115013
40.52252312485408
-8.392824971758454
5.626010691635674
8.37984865985557
19.45132825254692
13.87251408754592
-29.05904895226981
-18.10895145846311
0.1214249381043656
16.1458929289306
17.7061072360296
1.560214301705157
12.7931018941249
24.39129742981526
-10.01074863332917
-16.21649533078534
1.240801736840637
10.65158734194653
16.22719506713531
-22.79041761208856
-22.40870609142072
31.48112102338477
-0.1215975607319104
-21.742035523243
13.52761282412666
20.66233597305514
-12.92781839241171
-18.50663256196928
19.81673140269591
-6.90843702397972
11.32193939379785
24.24660785534486
11.88098562467268
22.8310831242469
10.95009749814391
17.45729706956743
25.94568265043652
7.134723147703644
-14.66094916778264
11.07147959291415
16.81678494666176
14.98639333223609
-11.02324865840332
15.97599578388687
22.66882006108406
1.048382087612213
-12.85364027208631
-5.578814166536019
5.745305353525107
32.74454979208603
11.59819553850538
26.99924444217077
-1.830391614612378
4.429876457677142
6.692824277077972
25.32341628976242
18.44871212584568
18.23037641083873
12.92466845546937
-28.02180827020366
-34.8965124335172
29.10192019393855
14.01883566354879
-18.81095950874488
0.6666705694189796
19.47763007881586
5.575607723796203
-31.60271858792185
-12.97212657884288
38.87433089161498
18.63059201288392
-14.65033274997122
-13.90202235876886
-6.874704163615132
51.8464574704578
57.12372846417256
5.277270993744385
