21.81054809983377
-11.48840301068373
4.121513702221457
-3.293124966320108
1.965279477841505
18.91076446471697
-22.49356624579302
1.364614047803825
6.311197993862252
4.58744579064549
5.712278624833697
-7.136716758341201
-24.69938533833163
21.44793770279495
-3.33264075402584
21.14937472028032
16.07189798950658
20.84623741372609
-21.518880682953
-5.156682692075638
13.06455019520832
-13.23839728827621
74.81091542834086
56.97768976078459
73.8750489915802
-31.61444141180289
-27.8189785529748
-7.821837434012942
33.93694543052254
31.27096724721579
7.855557877129777
-7.361581001518525
18.1838906569943
21.81613132416626
-20.44343579523561
-21.43544287514877
-5.957957431589645
-4.479136909786065
15.76668572879247
20.94172985458448
21.14308641143867
-13.0870765986332
5.267413758464263
-9.454835923049689
15.83127692642361
-18.37005431052054
-29.05174928125802
-8.670676225815514
15.76122579487478
5.422168817580707
16.86153114251141
24.00414109615301
10.37855761831309
-5.077476730770718
8.787002217347295
-13.62558347800503
-15.21713887880577
10.32833278002215
10.16663964806312
-15.45603437774448
-10.68169497875409
23.79222312785158
-1.368444983255029
19.01262806486113
20.18454940920307
4.749389638376803
-15.89899688594341
-21.05937532539699
4.774339427650881
20.38107305397951
-19.69093032630681
-26.0029201060202
-15.87567265794213
4.063934888884789
19.57735662742858
-5.311809451655646
15.22844994701673
24.43190201886086
1.171921348337917
13.06532854141236
-14.21941690872604
-14.38111004508059
4.135073469707365
-2.941747721603815
24.07468100695181
14.18144960508378
-0.1616931337425494
18.35449037679502
-0.9920070808360719
-11.36657347561886
15.96429888728485
1.100305349004653
-14.12861895864137
1.491334920865773
-16.22270850126456
6.785752610399729
18.31709451050597
14.04633624438533
11.4393623244153
22.26797357781937
12.63342972077898
11.89340719059176
-15.43515976948476
-2.613988487110606
-9.634543854629438
-10.37456639100527
15.47748544206084
1.74745582457594
25.11202929485709
-16.58018541394726
14.90058359259288
-15.24741820477112
23.17863305259127
13.36373222310752
10.34547420373025
-14.61634587982227
-28.19872764211916
-16.16164343150563
-6.371220647592287
-2.378912993121432
-16.58266634826645
15.35342251232712
18.53545857672255
-18.32764123750819
13.15312776642098
-14.82312138524194
-2.783767451389437
10.25287084140493
-10.21144570074267
21.72464315997166
28.46349144070145
10.74944801737437
-17.29711101413572
-4.260472720409885
-10.24282177225542
9.508694973789478
-18.70013889957568
-16.4603809595172
1.332767208866376
3.504519852069939
7.211734828254475
2.23975793981427
20.03290610835445
-19.47806920523828
-13.43665169679533
27.94491764831217
21.02150149726329
27.29948703326534
-11.0179582318623
3.47437377755052
27.22735349850669
10.5929172614399
22.52970292954786
-23.13126906054379
-4.728917165561021
-14.20375335507641
-2.094089542254522
-17.10401027967624
20.91437157026299
12.82117127964763
-20.6483865233352
-2.900256924958206
-17.71404342249897
-18.95479646743323
-6.206905642365764
12.55500132481073
14.26595083788886
27.97059487990485
-15.00992073728203
7.615539818824083
19.65489374941932
8.418574049510562
-9.3193920382708
-15.00806787460957
19.96490080795521
-21.71782714561471
-2.65870688548821
12.03935393365603
-22.62360769397997
-11.23631970062333
13.0366382932602
7.054289242269498
-23.60890012962188
-0.5306474263623415
18.39898205726246
16.38161222526161
21.99380565768835
18.29060894306674
2.923514637909807
-17.73796608705577
-11.48529233113336
-24.665783716931
19.75151674710079
9.79938226808342
-15.36709430512453
-9.952134480703839
12.74789082710419
0.3418955125321931
13.08743685256591
19.95485805408602
-12.7398190633583
-17.61547524756193
1.314154252902533
-16.6028014801095
-9.735380283200392
-6.648317500338951
11.57384242664697
13.82453898366231
28.50874762067513
12.74554133609123
22.70002531164118
-25.16647657317526
-13.08171457196661
6.867421198551152
9.95448397874379
21.2861960329733
24.016448374373
-14.55673857805296
17.65439586359746
0.8819716560609994
23.07825273455264
6.157990619832708
-10.47644560332385
-18.6407038045373
21.30922271152422
21.23311976781102
-2.885366752520285
20.47285648203281
12.08476200741764
-9.711156370454564
-14.40880697055159
-4.875656180279924
-21.79591836830056
-16.92026214601232
18.92962949199804
-21.32005857547462
-5.688675835792159
-21.94502794994791
-6.927817626732138
-3.427737517887536
15.6313827405465
-13.24263834038183
-20.81849206290891
-0.6249693780219858
-16.63443622315647
-4.697650584528005
-13.18049138730611
-27.25862010399311
19.93960753925224
-17.8852881577673
-5.732852972184252
-15.62608437256751
17.68806426437921
7.535578604314699
17.84352039473766
-22.53710195690042
-15.33697035765584
25.50618677432762
3.519679083420852
-19.68587700652607
-14.86399353993603
2.259203786233624
25.42086676425618
3.265607875371521
-29.61957416853832
2.887186967445792
19.11805635165817
-20.34549998573549
-2.017369835377749
15.75533705537076
5.612193436555622
17.77270689412536
12.16051345389508
-26.30294748348446
6.04141750492281
19.05912025929779
-9.814900823802857
-12.83315885000393
20.91115010593938
2.036573755255632
-0.6454306124999654
-24.47054387124545
-5.160378445288124
-18.87457635606937
-21.55658071053374
22.67418777767181
6.277985535273372
16.3621979910958
-16.3962022590772
-6.311989781023511
-7.575853722012573
-27.98007810423877
-3.631800168680752
20.19352268825639
-20.40422438274092
-26.50711763460929
-6.36205251215245
17.46327032413129
18.40235190165706
15.43871023411326
1.856328471198898
-1.723752181492334
23.82532285624177
15.01721032272703
0.9390815841997253
-14.07812872916356
-13.58238176324432
17.12319732700169
-21.09860711927317
-4.163701921012838
11.95907179867221
65.01340703770514
20.73361662409165
-3.58008065509085
-2.455247798147733
12.03708421229974
1.124832855912639
14.49233200989745
16.93490519623409
-0.07610294493864654
41.83222374642449
9.676196069127835
25.28611281611356
15.51342173198403
-9.893231401125702
23.42091723972008
-17.68903439761196
2.851224966856648
18.85664944828348
7.907495500170348
-4.348906665352424
15.60991672994563
-21.98650771044099
-13.79660372009931
3.795462858827611
20.54025940318747
-10.94915395874696
8.189903999667228
-17.35392030583918
1.78513769194282
19.37720431150059
20.32307794018633
-5.322841881063794
-17.19846416975577
19.13905798915125
0.1554561348304222
17.59206658825233
0.945873622794617
19.99714112916632
-41.51041859160264
64.03953298708083
-38.94747909884529
-21.40157651590099
13.72576877035287
-12.794720862406
-22.87787571386649
-0.9904065101436
19.39955294491
-23.81565358826777
34.74060119386075
19.05126750804478
32.19427380762285
-25.64591982028373
-11.02093272658766
41.75878286768763
13.14300629897883
-21.29871010810139
-4.209921950395544
21.62266305938447
6.059898093159299
20.68488518661977
-16.12366598532833
3.182036065670827
17.08878815546545
5.175044124718365
-19.00175999292014
-5.095007906021797
20.73757709988343
26.81083767615336
10.6050548305284
-7.47041808940482
13.90675208851923
11.53134190288825
25.83258500658143
21.88746920177384
6.073260577620573
-0.9377778729008446
-19.96932686400156
8.441357965034808
37.06147786943696
32.83436380169719
-10.70444747547626
-26.1197060322398
-18.37587561736224
-34.19008424083427
-6.571282987870825
13.52506248851784
17.35513208657245
24.83999065269543
-15.81420862466171
35.73100770388242
27.61880125296478
-16.20578284548429
0.4015284862500532
-27.21727276618369
-4.671578339646065
20.09634547639022
13.94596630566712
3.697883702261931
20.30519503320906
-14.37758921836049
-18.648347484346
-3.232753930312803
17.30651589937688
16.60731133159336
-18.07547291999951
22.54569442775698
-2.998679136104206
-4.270758265787085
15.41559355358499
-37.62889392342054
-9.683608485209518
43.25428179507946
-1.11524941954115
27.41049860697542
-20.97094189644685
-7.266297851837197
-6.286733264470071
13.27297197768001
20.8733260396988
13.7046440447952
14.68420863540576
-25.54437356507997
-17.94401950341962
18.56962500336544
18.61754464453245
20.53926982963636
27.16005930506864
16.12277371805209
7.600354062370394
27.94528543706523
-11.03728558909501
36.51364450533241
-38.98257102387392
37.09410709161056
46.95694625779456
14.07176421275988
53.05433523695809
-28.61577657237994
2.562939492756504
31.17871606988951
15.34104824869632
14.62498709357829
-22.18356408044095
-11.87562228826796
10.30794179259719
28.41068483065108
-6.150379170262871
11.31492816437043
-15.80641597516561
21.3256160760344
60.8749801278789
-7.003460802609774
-40.38703121635157
28.12388448787374
-32.9021726455224
28.62011990678969
37.1320320498185
-17.09575666863141
-47.62516614976563
-39.11325400872644
0.4361100433537518
-1.76461524157784
10.05446673616884
21.80285463676057
8.511912141647699
-4.227114065902493
45.86055090817926
39.54936405221783
-17.56266858000634
-50.31376421672736
-32.75109563959865
21.36674458885643
-9.775140809671088
-28.00736327748618
-18.96038247602783
3.94728594337267
17.69390474632904
24.59148405598286
-26.67628452507367
23.41138044770682
-70.21509580156102
-41.3087427766989
-0.3452011513452888
20.87822764443684
50.08766497313501
-43.53881127684222
-2.533152799386351
11.81908197727208
21.9569952863188
12.48530040427489
28.90635302648298
-15.46317819349923
-15.41525855496414
-44.36953121742833
-15.84378318635031
40.96354162523453
37.05923513744909
0.04791964048910658
-14.32791598516959
-18.23222247148105
6.895512808954842
24.26399888074373
27.46904555668814
52.90301832212555
9.862839166727301
39.98581727844697
-3.90430648776967
21.22342879558241
-12.9172010423607
9.046980801177455
30.12297811117637
-32.8851820444234
15.85244847495066
-3.520934760561724
3.089752566453091
-17.79146439736376
29.78608275167747
18.44324707827371
-14.27052963730862
21.96418184131963
6.380856623742077
-12.38362549005064
-15.11307516639965
13.84097734017568
5.531122944149597
-21.22328171069789
-3.307602425039121
22.6389725062534
-17.96927378574804
-25.48342410815571
-44.27979041646473
9.274074181279524
-30.02406247207119
27.9661227691645
4.733435816343439
-27.72823701274789
-2.242097551539822
23.11555181736825
-18.79636631044361
34.75749828791181
2.295825460158163
-30.94236964103936
-24.11848652149082
41.90832669293249
-18.37983189285062
29.76232336663081
-38.46346093729908
5.738654630007054
-12.14600332846027
33.23334586529423
-1.671379096147492
-20.30948251596807
25.47416225541713
44.20211556721956
87.11344628068856
-37.11208634904028
12.33138630204627
-20.88121696330995
26.69633018610284
-17.30013363362937
20.23281648014236
42.91133071427512
48.14215526035693
17.36848607390104
15.01845320115563
10.1379133110542
19.72688520155059
11.74838790174538
-9.471694879151565
10.69728410830114
21.2055088413085
9.588971886585471
-22.51066535745252
-10.09749519642249
20.50492675769404
4.724201489546415
-18.41744701264701
16.23086938497151
-23.2326869523184
19.81195271633765
-4.850570952964387
-29.63151993640706
7.901430177859305
26.66438222802956
-13.32955063591987
12.77207057584048
-49.02727269598403
-3.060314931775488
30.1592726163598
38.88066175636425
45.52927768785754
25.39397886525603
45.96695776489614
-17.83322566823663
25.48613946204254
-12.13917434300026
-38.46901964710401
-33.23819510131028
25.3576493698069
-37.62531380466947
-17.05233490093175
16.16725265215097
-6.463513705536695
14.29428241882277
-11.34283567613398
11.5648327423201
-24.66252367034257
-11.911257507491
16.30196930114944
-18.76448211075098
-6.022192869497075
7.460120713923657
20.77774633344201
10.93557765349792
18.76295205045283
20.75779612277586
-22.87526286457644
-9.542726161168495
20.42494751626984
-8.629835259482441
1.994844071848536
14.73713331300015
-13.89231165219078
5.005452075684925
23.9130379252693
-1.14132273855308
21.87163543969983
3.273343625470422
-23.93671987778196
-22.24201523352165
12.7512661638917
-9.190396718350408
28.213226810199
-21.94166288297878
-6.571657811373437
7.112534317363228
12.74228924110074
-2.729449675746229
-25.05436066296614
1.047260550241264
19.94502427743323
14.79990288967726
-2.041402486435181
26.10162121326916
-21.10069249599849
20.57297890343219
-43.22720453432865
-26.3298453040942
33.2195875515451
16.89735923011687
15.37000507277135
-9.731681237365976
9.017872329528865
16.9577705219416
18.89776372725401
-5.1451213875556
19.20893918632497
18.74955356667928
-28.80688995665646
-19.85762156113991
-3.429066395235237
-16.28938941148318
0.7754469294457156
14.49161164460911
18.13001904148668
-20.00987270980635
17.79917866860022
1.078545688399133
-15.25986170626667
-25.19707302907269
-16.84130537558154
24.35406057339808
2.998345485688781
20.06318182646069
-17.54615041355528
-5.187200319266561
-18.5982918139134
7.322150313869508
19.83965085986803
17.25471498938333
8.882458363335227
29.88383824714007
-7.759183609876976
25.92044212746693
-27.21006350336497
-0.06452215183331066
12.62912325775711
27.0200977691288
20.59283383304563
9.34332227443465
18.29259067108862
21.00137988404751
-16.64164198647087
8.949268396085275
12.51750054609047
-25.98496427416397
-17.06218784336649
0.8584901931124508
28.66145913710476
26.73720489036438
-5.595029121747644
14.29661213073341
2.708789213065704
16.42855516525419
-8.043376487113589
-7.487055707151618
-17.32922438696482
13.27498662418192
14.32140541440293
15.52541635128962
13.71976595125321
7.963710579792139
25.1869246663349
-6.427263940586874
20.97968784213549
23.85818029023895
17.92067803933539
11.46715871714539
-0.459385620142814
22.84480895206474
-4.290878746454432
16.76636046914566
13.06369336504971
22.90766841769748
20.64419811204754
-20.78502164562714
-2.966075537758774
11.75471521266001
23.73193344248917
-17.57997496679214
4.113292933414977
-10.68239565552643
-2.350032875460389
17.8189461086463
3.20504667805672
20.16897898539494
10.50822472958925
14.72079075163707
4.212566019782242
17.59871449058284
9.278762646299057
-11.61653695006848
-16.36883945793005
-2.982690966855198
11.83900580209696
7.121337711302879
16.22237064693262
11.97721822939848
13.38614847211747
23.49017717863343
-19.61864050981547
11.5129589547743
2.49516557732424
24.66059799148866
6.897579310342031
4.09321836598765
-16.8020811687708
-24.78057845719869
-18.63810341992609
-11.98948748673333
27.14554135164381
1.694704644705399
6.648615933297876
13.68419212990244
17.22574608914817
7.939898191698503
-6.078448482715537
-9.78111558734415
16.01062437848445
16.28633341848118
27.40695181342243
17.22321408458131
17.06483634085065
17.35457211109744
-16.36118468911553
-9.875350501298373
-3.043559065286285
17.71848326552613
20.87363753108709
12.23845559091044
-15.891854173739
-2.744215144264099
8.993867881606356
22.52221857097861
7.860547202249457
-6.790821221537882
14.82169672746054
-8.319951846038723
-15.78072527942965
3.254007928474087
-11.39736045905649
4.383364829489351
-20.89529957607298
-14.45674740245286
-10.81833999789315
14.97339997156265
11.42196729002102
-9.285847899001197
22.36478190099298
6.485834189007629
-8.30985439752436
13.31762562115388
-14.79568858725056
22.1138060888008
13.14763903345972
9.101032941313917
3.638407399214779
25.87871469670944
25.79173996627334
-20.54565840646978
-9.448677454292168
10.25708755742154
-5.088540426273348
12.61864628654055
-1.924254242302794
17.44031090599446
-14.36484701080891
1.101903465037142
11.09698095994091
-3.551432685777219
0.2757090403816487
15.45711797206938
-14.64841363547901
19.70576500666328
4.71615153944734
19.36456516109895
-1.731019585557614
-16.7206329941136
11.60151709137875
-14.98961343998935
13.33253670340802
2.361558715572308
14.24542765674003
-16.33840742748114
17.54590258735031
-15.83766782594586
-33.38357041436567
35.12734528836877
7.484858568476104
5.230824545803217
-7.978497303646532
-10.18373774178875
9.70790351677339
2.878492470400235
15.23744262235074
19.89164125344267
15.46675048084833
5.529539084029611
-9.937211359812402
12.35895011983756
-9.842168679878661
20.76204233107306
-19.33430632848699
-16.17915205578998
-4.184412519623065
11.96113696840557
2.883090538541478
20.34143552457953
3.155154269779423
15.14989381176621
2.250429726096271
-8.635181939277249
13.53025047788842
19.06224259310267
-20.69768274595081
-6.594207707248781
9.551341790324203
-5.516273826525999
10.6307648544655
-19.49367179817997
23.42469598912999
15.18140892710596
1.204010940227075
22.16543241626635
21.74940111848646
11.73808302735355
5.531992114347606
16.14554949181077
-12.89946408734316
-21.44238471416057
-21.31918205494139
40.45290499629177
-8.394247842554455
5.623828808972455
8.380298560123508
19.45221711574756
13.87335419865283
-29.05478278214829
-18.10600281936859
0.123202666948263
16.14703868867265
17.70718669824437
1.560147998289565
12.79393114502707
24.39279697398763
-10.01131808901238
-16.2174090037028
1.240935979541434
10.65203175031019
16.22772601184897
-22.78995714677915
-22.40788079358594
31.47850725151726
-0.1218407056131022
-21.7414595224041
13.52835069446636
20.66334983519828
-12.9277969220291
-18.50665984705099
19.81649943631008
-6.90779401365775
11.32141151689508
24.24634575479668
11.88386899281351
22.83264896753543
10.94877997166249
17.45834498526722
25.94657493157088
7.134999138365582
-14.66167136423289
11.07191855555384
16.81723994495409
14.98679003433051
-11.02335530222147
15.97561966798929
22.66811646151382
1.048497621712891
-12.85380521047469
-5.578862919136421
5.745321389470823
32.74429635245366
11.59886583454586
26.99897496985298
-1.830449910479494
4.429846328624001
6.69249679316701
25.32116899511481
18.44792299021569
18.22920551613779
12.92493422514427
-27.95583018414703
-34.82907618789936
29.08222883509205
14.01807665177617
-18.81157580589136
0.6664212739418849
19.47799708108625
5.575694259070897
-31.60034796522513
-12.97167577092135
38.80797880427242
18.62867220239838
-14.651368405659
-13.90230282996099
-6.873246004325419
51.77965457519444
57.03805901929767
5.258404444158809
