21.81780109987051
-11.49112680811126
4.122473823153836
-3.303689107519929
1.975843619041616
18.90710197607805
-22.49098065318425
1.364350119607132
6.313349263241096
4.588968614752754
5.714124814623259
-7.229381563717017
-24.69643779310743
21.44577687208859
-3.331867948651376
21.15178372670958
16.07278866527348
20.84814023911824
-21.51881091892784
-5.158186026523447
12.3546394133324
-13.28754739637699
74.27015836638776
56.53994157979623
73.32817004698983
-31.66560667699868
-27.86430583671674
-7.836334548570725
34.35072570194228
31.28294746774553
7.85729921287821
-7.360353896468685
18.18936311564701
21.82678033132473
-20.45059734821328
-21.44297248564894
-5.960351598389678
-4.480728713855981
15.77286540841835
20.950365114117
21.1481972985516
-13.09358435556247
5.2679974518204
-9.456167136421039
15.83515879410889
-18.37192861652442
-29.05465261683094
-8.671972029011522
15.76512542628689
5.422606008001561
16.86602150468991
24.00326685799656
10.37908049351826
-5.078995061467768
8.785613748570006
-13.62418636457438
-15.21765310942663
10.33206390284857
10.17034825988073
-15.45807556671636
-10.68272400334456
23.79453462469127
-1.368372605767109
19.01430797964414
20.18657483628646
4.750026132871898
-15.9015244146265
-21.06211225610624
4.77535157510192
20.3826805875563
-19.69373964401456
-26.00632626573467
-15.88019984898229
4.065542333450132
19.58639283370943
-5.313038490652554
15.23471380550876
24.43709745357046
1.172266858594791
13.06816388178505
-14.22475691091231
-14.38647255472937
4.136824905572006
-2.943057057194076
24.0825670835186
14.18604645483599
-0.1617156432040636
18.36158181551829
-0.9923751392045882
-11.36893357005709
15.96986863690609
1.100896078215364
-14.13439584023484
1.491938726338899
-16.22930281423195
6.788554347201277
18.32639490453051
14.05353373853695
11.44341549725164
22.27245544731601
12.63542225832457
11.89589702215195
-15.43654870296723
-2.614125422741004
-9.637033187402274
-10.37655842800831
15.48262088508776
1.747818882690237
25.11965407044753
-16.58241972623203
14.90487023643531
-15.24954767956036
23.18077444580538
13.36500026826527
10.34805423761712
-14.61796415468038
-28.202417886661
-16.16669031426079
-6.373601405892361
-2.379834962903272
-16.58838523691019
15.35961559923489
18.54311522620303
-18.33023860842586
13.15705135247756
-14.82523376226281
-2.78422985456626
10.25566471402696
-10.21478383201616
21.73321700574797
28.47476135051832
10.75351980961607
-17.30140469358445
-4.261510125168654
-10.24567547201453
9.511915361975108
-18.70214417931212
-16.46208938539813
1.332872045867227
3.50500484608227
7.212592945899328
2.240054793850754
20.03501622515752
-19.48000576623197
-13.4389576004867
27.95187583039082
21.02784329951596
27.30630562134115
-11.0190659820224
3.473129753994253
27.23125972967788
10.59426400132861
22.53276442970087
-23.1331874906545
-4.729194935032083
-14.20855027300834
-2.094906974188943
-17.10993691007425
20.92295018904717
12.82242327921195
-20.6515505462139
-2.901386637998909
-17.72124154037892
-18.96284598885777
-6.2092407116041
12.56159501369327
14.27336825449077
27.98593100031012
-15.01502993493314
7.616376315126701
19.65738022093796
8.419639866206547
-9.320396441535198
-15.00971678160327
19.96709422969789
-21.72006055946853
-2.658998865099551
12.04100390761554
-22.62609309599611
-11.23774035556043
13.03989456850457
7.055729221452911
-23.61114270266689
-0.5309186765529448
18.40254814672272
16.38459047022354
21.99848294581659
18.2934695771036
2.92395127513214
-17.74003630741431
-11.48644433211035
-24.66864288172917
19.75759083422218
9.801328870595636
-15.36951830179371
-9.956261964668968
12.75360527863065
0.3420771188972688
13.09321583966953
19.96304739778195
-12.74232645474738
-17.61871120114397
1.314755629665355
-16.61033471800361
-9.740503163728594
-6.651606188513356
11.58298936551301
13.83100278147463
28.52385598403307
12.75113871893121
22.70986724560466
-25.17084717221144
-13.08440357242388
6.869831555746112
9.958728528731477
21.28835945683266
24.01882525757236
-14.55963286267698
17.65619648748046
0.8820646013292431
23.0802240387942
6.158264920979374
-10.47873080172204
-18.64829176953677
21.32349253105374
21.25598956881996
-2.886937409633934
20.48260896791325
12.08644360269071
-9.711900294397315
-14.41039560729199
-4.876384745175971
-21.79834389268455
-16.92195913049475
18.93346682674979
-21.32231526027828
-5.689320340801665
-21.947396529361
-6.92860657297484
-3.428066773081263
15.63299492013903
-13.24384094671669
-20.82051051214572
-0.6250812706179439
-16.63699572270128
-4.69849530643585
-13.18219854966842
-27.26195936840115
19.94574217935077
-17.89212309976042
-5.735471524534806
-15.63199215108795
17.69719152696838
7.538970726934046
17.85285607421206
-22.55045340586429
-15.34634939179276
25.52554938829284
3.521768286196225
-19.69802840714979
-14.86897256048029
2.260130949818738
25.43109382819873
3.388888676092225
-30.08069595351423
2.867564404623895
19.12412065433369
-20.68621114400223
-2.017957677762875
15.7613543613227
5.613892477242379
17.77931204034935
12.16541956153698
-25.64218680970935
6.041048165261632
19.06106169388252
-9.815774175069121
-12.83272020902863
20.90976684393246
2.03599847136793
-0.645570208030089
-24.47874607663581
-5.160587843846097
-18.87376837513052
-21.5553370486504
22.67321151689179
6.278462321562141
16.36062489249751
-16.39474920217605
-6.31258662225433
-7.576669565426771
-27.98296442342778
-3.632162969054479
20.1954292426564
-20.40629485800339
-26.51474455149835
-6.362628770596672
17.46496343261443
18.40399255828661
15.44169746400594
1.857243731817773
-1.724380639747568
23.82759221141298
15.01878995617434
0.9390291283362761
-14.07976082395252
-13.58445373233442
17.12910351157388
-21.10496352046757
-4.164096897542729
11.99315530753703
65.51581878364001
20.91191883513322
-3.58162437254306
-2.456468163498336
12.03572757302304
1.125156208611164
14.49219573625607
16.94086662084625
-0.06750296353914445
42.01688235871314
9.677725271535905
25.29132591673956
15.52085049790631
-9.896520627617887
23.43266305281026
-17.69532727671641
2.852425005349478
18.8681176809749
7.911812551804553
-4.351679021991759
15.61360063823451
-22.00378111001038
-13.8080553304264
3.801300840281598
20.54775229785542
-10.95630513369978
8.195725783365539
-17.36531442283474
1.786716510498258
19.3960726978571
20.34144927573427
-5.326641699573628
-17.20964987236646
19.15203092955508
0.1556645496324193
17.60935617448948
0.9453765755466715
20.0279712922126
-42.07296118824619
63.82550735643519
-39.4599403866241
-21.65644929605616
13.64328609965107
-12.81764158643587
-22.91046518265314
-0.9978413002333779
19.50232239484409
-23.84900230861086
35.02595834910171
19.08259471743185
32.31996398165171
-25.66809097414959
-11.03136072342017
42.1870602517485
13.23736926388552
-21.31068770208944
-4.212452337276256
21.63897289384953
6.063705520119845
20.70043576942594
-16.1331879985258
3.183499628627796
17.09823536273395
5.177499705216904
-19.01277062816784
-5.09803489706127
20.75339033118404
26.83205029236218
10.61227238055227
-7.474930068277234
13.9147357324465
11.53784055958865
25.85142522888223
21.91262388055817
6.078659962439938
-0.9385371245723616
-20.22285676082416
8.612559051213493
37.38298324301454
31.22224693219054
-10.33517453029499
-26.42143733847103
-18.52256071869961
-34.35652463613405
-6.594586746273201
13.63972215402816
17.50123893052004
25.08601776062932
-15.83396391857231
36.02379964916985
27.76193788990477
-16.21977791173367
0.4043910081155981
-27.35754688131269
-4.696412467524173
20.23430890034524
14.03572832029195
3.700792218343582
20.324961137563
-14.38641023140779
-18.6592713976783
-3.234935412378922
17.32340138970237
16.62416891977265
-18.08720244899089
22.66113441505375
-3.00155975020192
-4.27286116594144
15.42433598497943
-39.2172108583296
-10.03280258176949
43.51265640638082
-2.592740453660145
29.4097729215724
-20.98409696782434
-7.271534219301403
-6.29124377044843
13.28680258280974
20.90422343052426
13.71256274865336
14.69285320086788
-25.66269416652046
-18.04527331926792
18.5791970882148
18.7321407870755
20.55833680216499
27.19546720192512
16.15725220339427
7.617420848006727
29.1844082754597
-11.0382150006623
36.62447040607636
-40.22262327388556
39.44257550281034
46.76962483035454
13.30004019971501
53.52266347397567
-28.94969098946292
2.613020801621547
31.56271179310113
15.52363595411948
14.63673025001784
-22.19689351957438
-11.88300817179252
10.31388534878239
28.83541581361168
-6.19858057963333
11.44629560683135
-15.96231572159865
21.35909967219568
60.92125259261136
-7.093647833900582
-40.93621476710461
28.20608756386858
-33.35143593220825
28.77042419415991
37.32141539244607
-17.38912020909369
-47.67627804767925
-39.12528685129343
0.4368660693698247
-1.763115644216216
10.05454922156667
21.80143591776205
8.550991196937613
-6.160736309013168
45.913162403479
39.56215292078282
-17.46705622940642
-50.18222125678349
-32.71516502853368
21.36456984642423
-9.772898431231889
-27.96982673446785
-18.93072360319525
3.946103852918597
17.68826254498992
24.58414186931966
-28.92184859274239
23.15205011850665
-70.47927005461246
-40.61307969367716
-0.489800238664376
20.62100879173818
52.07389871157145
-41.55742146219299
-2.531041322912811
11.8176648654815
21.9549948789652
12.48513606537422
29.86619036259371
-16.23920650272693
-16.08626280641701
-46.1053968628057
-14.10288348309424
40.12327945493167
36.14674483853472
0.1529436982252628
-14.22039369161347
-18.19692830659844
6.890415337191383
24.2565833178749
27.46116097698845
50.24962831999397
7.327049328047846
37.35021930646067
-3.976534616417313
21.11080903023696
-12.89940901225416
9.039103131088453
30.02316997790941
-33.46958463007367
15.73523197686396
-3.529675550553567
3.093650948669928
-17.81761355225513
29.74215713467034
18.4088365881686
-14.2879380021685
21.9385121411629
6.379202114507658
-12.38108124509426
-15.10800696811832
13.83816854329767
5.530031046149849
-21.22256692909739
-3.307532149159912
22.63808194065584
-17.96841432131683
-25.72820741857202
-44.60389995141069
9.39448480803699
-30.32092002297842
28.3555477510653
4.801772202705718
-28.01032629810743
-2.283771977746764
23.45537198488466
-18.8756925350295
35.12269222513393
2.310593725757308
-31.06253906231199
-24.14292697966652
42.08438532387441
-18.00793906921608
29.89753880099254
-37.8076063711905
6.134987911874165
-12.18684652509197
33.20171322077555
-1.667593883115329
-20.51230804901872
25.45561913214686
43.94259428303656
86.61571744391934
-37.16782075177075
12.31547787050544
-20.9112645004579
26.64850618694595
-17.29791910968953
20.19928288943898
42.67312316147352
47.90547787113923
17.366167982667
15.01617738600785
10.13733001504383
19.72470284146175
11.74688669692074
-9.469858811028436
10.69560016252489
21.20216800850866
9.58737282535149
-22.50804284139938
-10.09669721272046
20.50298381073254
4.724018428688855
-18.41551946804661
16.25655625051145
-23.5537755478096
19.86990164303241
-4.900175767401849
-29.61339698103287
7.883805018678149
26.61021111904391
-13.31170328328497
12.74713103299251
-49.20171838581041
-3.069296247574516
30.52870043374582
39.3756288227244
46.09376827184256
25.42039772487026
46.13242213845596
-17.73021678684551
25.72655432124671
-12.24310145262154
-38.60548749776503
-33.37313278823672
25.73914396357191
-37.96965577354651
-17.2576313582407
16.34036532525585
-6.44922329719431
14.27043262988803
-11.3333205491879
11.54350690654253
-24.77007741148647
-11.92195233824693
16.30169369898995
-18.76028335710196
-6.021188902592235
7.458966426998178
20.77470999871215
10.93370316591369
18.72640610053248
20.71965592563858
-22.86877588443151
-9.53900473942293
20.43247297820651
-8.627110541125999
1.993249824724135
14.73234427977708
-13.86308008618426
5.003310460922505
23.87337557180029
-1.13839506374116
21.83191564010436
3.270923809898473
-23.91730226767758
-22.18429409174513
12.84812507429147
-9.398778639007425
28.22364603911254
-22.24690371398816
-6.681835876361457
7.17774701325666
12.73909445462562
-2.726925722527785
-25.01177063472272
1.047063682536633
19.91345422918155
14.77123469052049
-2.041459932951143
26.05883431723851
-21.04589902803763
20.71202441509264
-43.15061451207846
-26.3623860452137
33.59799668283029
16.78822846694086
15.56506783861132
-9.729033819281732
9.015908478359068
16.95489206813238
18.86639054662429
-5.142219538736229
19.20402336459585
18.74494229786182
-28.79229897054291
-19.85019766702108
-3.428201239099537
-16.28266021672015
0.7755365813566715
14.48950204819355
18.12758627086682
-20.01141050126376
17.79576681017111
1.077414527203298
-15.26063284422773
-25.19781862054569
-16.81269462323197
24.34624290342316
2.997974342298072
20.05617113896811
-17.54275185512196
-5.186408119282181
-18.56099183042137
7.301030211294623
19.81066896460581
17.20111723272858
8.859746003021533
29.82759717470062
-7.746094088628271
25.86202204193148
-27.18822607768491
-0.06501306247921257
12.62647994197224
27.01482345313185
20.58846427977698
9.321194999926137
18.26329630482817
20.96785117187747
-16.60584009716059
8.942101304212052
12.50963875376414
-25.92703510259724
-17.05933128191483
0.8583720049807052
28.6588417770672
26.73484127961884
-5.593911041778844
14.29513353352657
2.704554866968893
16.42199642838854
-8.042587407076027
-7.486229851915074
-17.32723668486073
13.27364695028221
14.32005671204408
15.52392937724264
13.7174415614939
7.961984339542479
25.18286179967361
-6.426359175092763
20.9773715105042
23.85533077144232
17.91770328752449
11.46542023886351
-0.4590810665923
22.84227588028429
-4.290071764545833
16.76455180126421
13.06197792239445
22.8768274549126
20.63803801593667
-20.78091993569999
-2.965451564068823
11.7529788662728
23.72876171702672
-17.5763422741761
4.112621139571195
-10.68046294903055
-2.349990599124613
17.81546837205745
3.2045776610972
20.1654589719968
10.50656784483151
14.71843043124293
4.211862585389285
17.59637917427152
9.277556907455329
-11.61479518124507
-16.36704099553478
-2.982524398060757
11.83819127730731
7.120674443711218
16.22108469266167
11.9757828510068
13.3845165897898
23.48771544321534
-19.61614057734062
11.51193259425698
2.494955530749021
24.65857972956087
6.895879325096538
4.09252338187517
-16.79982868141793
-24.77764482091461
-18.844714165943
-12.12657471612741
27.12321301531405
1.733008175580574
6.718139449854744
13.85958289060247
17.22363286655938
7.938983589895847
-6.07772407797441
-9.780297959105956
16.00938805431572
16.28492004202226
27.40373069820819
17.22087745932205
17.05819679737364
17.35204968770773
-16.35897901659579
-9.874032430697262
-3.043235441355073
17.71664136116614
20.8715045137372
12.23706367920266
-15.89071843201131
-2.744071299648626
8.993257810131137
22.52079860477631
7.859916429353829
-6.790308176260591
14.82071565838876
-8.318822267478069
-15.77896538659164
3.254152609225617
-11.39607198128171
4.382893409160455
-20.89235208025896
-14.45547954266769
-10.81739531549222
14.97229070122443
11.4209897294235
-9.284649277338382
22.36264411895089
6.484946587845855
-8.308137498816219
13.31574357281305
-14.79308408706786
22.11109610826002
13.1466471340029
9.100410251306124
3.638084224482628
25.87646927425895
25.78968601455597
-20.5441031910331
-9.44785740056016
10.2567037660089
-5.088308200781903
12.61770217885433
-1.924000495468705
17.43963663590636
-14.36370824552011
1.101589246049512
11.09624579409994
-3.551300973968809
0.2755319881026385
15.4557949875752
-14.64754676423895
19.70456116447111
4.716090377297617
19.3636371362531
-1.729881525205545
-16.71835228870512
11.59988960897298
-14.98847077640685
13.32977114500867
2.360998407272883
14.24166536444328
-16.33804738471482
17.80349109237233
-16.03907584099792
-33.84256693371778
35.29973539673824
7.584778832502853
5.232354709457652
-7.977816145807854
-10.18285324442741
9.706191333034255
2.877959269940301
15.23430302908244
19.88904457556683
15.4652974937388
5.528111687404045
-9.937185791326405
12.3563437461457
-9.841006832872067
20.75987680235934
-19.33277026281578
-16.17790710773493
-4.184059426217886
11.96027732622113
2.882888617344797
20.34008646557644
3.154863154821857
15.14871083744029
2.250282426326143
-8.634440834015496
13.52918336604136
19.06079572522713
-20.69605161153354
-6.593750528569248
9.550586228550738
-5.515788618379133
10.62999742919498
-19.4921789409673
23.42302181208791
15.1802629965973
1.203872666957093
22.1636241995378
21.74802287727969
11.73732911075179
5.53161236061926
16.14433675413758
-12.8984284113005
-21.43855028615762
-21.31732888961736
40.53091105865132
-8.392671245062179
5.626287215661066
8.379809141235031
19.4512522107933
13.87243558350309
-29.05958352191219
-18.10931577940836
0.1212213997308678
16.14578605101693
17.70601037381559
1.560224318118876
12.79302438758296
24.39115904729501
-10.01069376559707
-16.21641051659667
1.240787329638611
10.6515476332927
16.22715401285875
-22.79050935435927
-22.40884103633391
31.48149015033516
-0.1215694429476048
-21.74213891097402
13.52754079688828
20.66224139689987
-12.9278399045604
-18.50665653599879
19.81678726482599
-6.908521874245785
11.3220153233125
24.24667297840401
11.88066697830802
22.83093472583224
10.95026774628954
17.45719784816692
25.94561408991938
7.134700598925075
-14.66088217360176
11.07144306981663
16.81675433084142
14.98636668515175
-11.0232511614342
15.97606474781618
22.66893991985175
1.048370442325026
-12.85363880657814
-5.578816628763883
5.745311260766723
32.74462716671179
11.59813466219183
26.99931590915971
-1.830387645916271
4.429885717986954
6.692875171945082
25.32373631252173
18.44884418284229
18.23053719152582
12.92465764982336
-28.02973171411207
-34.90462384325479
29.10430670675767
14.01895846086615
-18.8109134961975
0.6667021264170081
19.47761562319368
5.575606378303756
-31.60305959656787
-12.97219845910686
38.88230723525561
18.63086114074576
-14.65022459806091
-13.90200924813058
-6.874892129411115
51.85450569436227
57.13403842089682
5.279532726560819
