21.81056288672671
-11.48840502979258
4.121514077033103
-3.29317078608601
1.96532529760741
18.91074539015145
-22.49355168227467
1.364612650949969
6.311204739325872
4.587450479070623
5.712284168940794
-7.137488704040569
-24.69930082821325
21.44791852862529
-3.332631534555593
21.1493594201208
16.07188202124792
20.84622018375865
-21.51884324174742
-5.156682072091511
13.06092111024186
-13.23792202909986
74.80811514677012
56.97534803078871
73.87207373221665
-31.61466834118556
-27.81917683865174
-7.821891206890911
33.93869829783213
31.27099424388924
7.855560239377875
-7.361563441722097
18.18389994179046
21.81616102991912
-20.44344528411558
-21.43545394314895
-5.957961195500846
-4.479138157297823
15.76669841436394
20.9417534365834
21.14309004908072
-13.08709431048802
5.267410796348214
-9.454833213970277
15.83128018202429
-18.37004246159902
-29.05173086717819
-8.670673128933094
15.76122713884793
5.422165057135365
16.86153490285911
24.00411047578129
10.37854912346846
-5.077477398869992
8.78698679452425
-13.62556135247762
-15.21712368125709
10.32833970256986
10.16664616423261
-15.45602655092196
-10.6816884135731
23.79220751848663
-1.36844320192448
19.01261452901664
20.18453612607805
4.749387111964738
-15.89898806183918
-21.059360866151
4.7743381659322
20.38105773678756
-19.69091764843465
-26.00290225606804
-15.87567925768788
4.06393769924334
19.57738197959234
-5.311809833786024
15.22846664041302
24.43190026595207
1.171921601048084
13.06532750736202
-14.21942690651501
-14.38112044923169
4.135078221601606
-2.941750604951442
24.07469516897349
14.18145609932233
-0.1616935401137556
18.35450512648129
-0.9920086599601149
-11.36657275676087
15.9643071286563
1.10030776537214
-14.12862739367591
1.491330717074319
-16.22271813949636
6.785759782698365
18.31708790318426
14.04630913245592
11.43936984521323
22.26796999309193
12.63342390498005
11.89340590383783
-15.43514901277587
-2.613986226886615
-9.634546085704677
-10.3745640930275
15.47749274614676
1.747455267926113
25.11203883001731
-16.58017636118767
14.90058848554466
-15.24741012875555
23.1786041800247
13.36371397850201
10.34546734188826
-14.61631808572491
-28.19865874662213
-16.16162529817938
-6.371223588933323
-2.378916218779606
-16.58267393180955
15.35343602046321
18.53547095840149
-18.32763162810114
13.15313321602409
-14.82311395025281
-2.783766604839067
10.252874763497
-10.21145034294895
21.72465960945137
28.46350090731819
10.74945204955469
-17.29711473967298
-4.26047337041047
-10.24282602289791
9.508698376053259
-18.70012660598365
-16.46036939229421
1.332766232120096
3.504517677652556
7.211730054395408
2.239757213446044
20.03289283801643
-19.47805332473176
-13.43664512012969
27.94488644111356
21.02147962389357
27.29945559701309
-11.01792607659195
3.474360585297777
27.22733815544839
10.59291190581364
22.52968989177959
-23.13124521039793
-4.728913757897641
-14.20375771295712
-2.094090745454327
-17.1040161650636
20.91438717759793
12.82116278317052
-20.64837517281752
-2.900258452467467
-17.71404885693677
-18.95480253178528
-6.206891400750517
12.55497841667371
14.26581045504314
27.97048022527148
-15.0099254194659
7.615534475480131
19.65488181764286
8.418568188594813
-9.31938471179477
-15.00805720157065
19.96488706632326
-21.7178105387346
-2.658704610728459
12.0393473452178
-22.62359167759128
-11.23631362976314
13.03664136879938
7.054288717161961
-23.6088835607473
-0.5306478584499168
18.39897702389617
16.3816064409712
21.99380174467222
18.29060234709865
2.92351389409825
-17.7379528996658
-11.48528284263577
-24.66576612297667
19.75152440000333
9.799379909004745
-15.36708845296735
-9.952144492682136
12.74791113306848
0.3418965971281051
13.08745622223566
19.95488000868093
-12.73981553748215
-17.6154693911095
1.314155508033911
-16.60281425064949
-9.735390468811698
-6.648318238033099
11.57361693191759
13.82438362150789
28.50796389291164
12.74555962117462
22.7000556295768
-25.16646836193874
-13.08171213069867
6.867423783479065
9.954496011590846
21.28615638783016
24.01640529969206
-14.55670360838067
17.65436173644046
0.8819697375109552
23.07823573350578
6.157984984926363
-10.47644125083575
-18.64072450399203
21.30900740240677
21.23294449062288
-2.885376206009896
20.47270185757204
12.08475623743403
-9.711148443511716
-14.40879673823581
-4.875653849715941
-21.79590467139763
-16.92025077978711
18.92962489069703
-21.32004316958771
-5.688672489235092
-21.94501338442736
-6.927813220175997
-3.427735245100397
15.63137068121574
-13.24262543964767
-20.81847085007169
-0.6249702183791825
-16.63442623576202
-4.697648279196521
-13.18048328184274
-27.25860365853774
19.93961694937694
-17.8853056951006
-5.732859289161778
-15.62609835732522
17.68809391013972
7.535585896496662
17.84354943762109
-22.53714354287569
-15.3370006211968
25.50626949088416
3.519689033897516
-19.68591592891958
-14.8639993649406
2.259207338809729
25.42089159376841
3.26628683013069
-29.62014657652519
2.886953057962174
19.11850556008658
-20.34537276163705
-2.017370586292242
15.75534830132708
5.612195307818605
17.77271889098655
12.16052357950287
-26.29884313934165
6.041408201095795
19.05910592717898
-9.81489019585641
-12.83313683927806
20.91111181119886
2.036566775056418
-0.6454308415605632
-24.47052585629849
-5.160372810130619
-18.8745450415152
-21.55654264487472
22.67414578435075
6.277975972392976
16.36216116987376
-16.39616982859178
-6.311984608940012
-7.575845409911842
-27.98003206553213
-3.631794650696436
20.19350063505178
-20.40418665613269
-26.50709263944212
-6.362043564624552
17.46325170052556
18.40233145915635
15.43867334589092
1.856332684378107
-1.723754238589898
23.82529528505464
15.01720016376387
0.9390797652864932
-14.07812038913855
-13.58234066184194
17.12320670458438
-21.09899692416952
-4.164649958942514
11.95961200140215
65.01585118034585
20.73356348760574
-3.580086925361147
-2.455253212797853
12.03703345012412
1.124833711535524
14.49228666237323
16.93434696320053
-0.07606291300970944
41.83256041483519
9.676194221909274
25.28611336272385
15.51344427380836
-9.893239068907354
23.4209532024497
-17.68904880969325
2.851227630393607
18.8566896622819
7.907508921095954
-4.348915324160175
15.6099191238203
-21.98658047646795
-13.79665251996664
3.795491502533345
20.54027647870136
-10.94918075179197
8.1899279658016
-17.35396441811628
1.785144338739906
19.37728840176153
20.32316529919027
-5.32286178004435
-17.19850888492132
19.13910874824756
0.1554555319438727
17.59214403180013
0.945876891553861
19.99728564193731
-41.51231032863689
64.03833637680225
-38.94915711462473
-21.40211457277092
13.72551740008037
-12.79487825473345
-22.8780835255556
-0.9903609782427309
19.39999729163862
-23.81586458650422
34.7416153259381
19.05140875205237
32.19487554667923
-25.64602707826736
-11.02098633249902
41.76058950786641
13.14346679402881
-21.29874714229162
-4.209939769778326
21.6227403271233
6.059918522283436
20.68495926781078
-16.12369212308707
3.182034939215422
17.08880737027363
5.175055021148522
-19.00177663881856
-5.095004210657086
20.73767588237429
26.81102246051816
10.60508105799228
-7.47044851492746
13.90677242978108
11.53132812326552
25.8326800937074
21.88772254536421
6.073346579494096
-0.9377810594487189
-19.9730530860487
8.440249415258041
37.05708925023734
32.83818220425123
-10.70311766341469
-26.1261172138031
-18.37641349020807
-34.19078945539695
-6.571064792143887
13.52497430200586
17.35556281390289
24.84095016684626
-15.81437596637832
35.7319763040587
27.61972466325459
-16.20594140238551
0.401354892005462
-27.21836977071835
-4.668993343279146
20.09603909415149
13.9429749639126
3.697944667459495
20.30524096106397
-14.37758490615052
-18.64836367674562
-3.232861869209953
17.30696187168654
16.60729629425029
-18.07552957298647
22.54937642865879
-2.998279091649783
-4.270778770396069
15.41550180708805
-37.63934065439536
-9.687868743297997
43.24818313329811
-1.12543157452489
27.40797545480265
-20.97084716236172
-7.26617738953922
-6.287266895994692
13.27364635118573
20.87543965463021
13.7046697730078
14.6835802697963
-25.54765552152756
-17.945862218442
18.56804686433372
18.6119683064112
20.5398237408438
27.16270655152492
16.12426195871147
7.601793303795812
27.9514719099518
-11.03844459489215
36.51390908132328
-38.98991650255785
37.09584419752647
46.95275608176649
14.0663226739862
53.0562391768686
-28.61712271749938
2.563153214011303
31.18027593625126
15.34161803404558
14.62504074564786
-22.18361064731916
-11.87564710445035
10.30796354329562
28.41330250292125
-6.153064129778856
11.31597586503341
-15.8065667719079
21.32493282402925
60.8750585149953
-7.003580317883929
-40.38928077152063
28.12405165918721
-32.90389341387073
28.6168398373667
37.13149959455578
-17.09732664023842
-47.62875192616914
-39.11409217096926
0.4360335202325331
-1.764823881231303
10.05435016327089
21.80270282296769
8.514659755808125
-4.218907044148946
45.86392804492943
39.55012569133937
-17.56181212418859
-50.31281897672131
-32.75100685540252
21.36666929819652
-9.775164682744244
-28.00706176361485
-18.96015330494105
3.947290859718365
17.69393045195581
24.59151605950378
-26.67415140876725
23.40868367901013
-70.21545127574738
-41.30875755221934
-0.3462794225511642
20.87547101902116
50.08283508813174
-43.54129986733486
-2.533212656105459
11.81917404402838
21.95705144724118
12.48533724985806
28.90669372514909
-15.46692098803514
-15.4229995485892
-44.37361471063053
-15.84020767674193
40.96247812954928
37.05686531042969
0.04392144139977242
-14.32628426688929
-18.23189708453519
6.895466173025611
24.26404946773674
27.46909513538843
52.89707298549796
9.856911884783139
39.9806496742136
-3.905612819103992
21.22175044137277
-12.91642330996665
9.046908458393361
30.12373778888733
-32.88643340716922
15.85221872861972
-3.52024118683186
3.08966762295046
-17.79176024767619
29.78580730702659
18.44309057682581
-14.27151906135072
21.96333176614166
6.380863844695585
-12.38364942245122
-15.11309694486232
13.84098079506108
5.531128252861828
-21.22327028672571
-3.307601128763953
22.63896102355455
-17.96926478359191
-25.48495015625521
-44.28228769559157
9.274773813365055
-30.02581509914433
27.96623468869523
4.733908869455776
-27.72967872304423
-2.242667459936643
23.1156944472865
-18.79733754147122
34.75972396809706
2.2961363769352
-30.9431014792184
-24.11832069779252
41.9086233294145
-18.3774087616531
29.76285939596188
-38.45936671876419
5.740911937506548
-12.14576393561144
33.23346928005356
-1.671383919690609
-20.3100496769185
25.47429034170559
44.20027865618442
87.10999576214741
-37.11298037376267
12.33130355521325
-20.88142787011993
26.6961396849549
-17.30037424029042
20.23267595600999
42.90971710676808
48.14026815849075
17.3685832968227
15.01854990345894
10.13787740521825
19.72683887916508
11.74835266084851
-9.471714194492279
10.69727174248896
21.20548754978033
9.588961470048842
-22.51064646559914
-10.09748596433297
20.50492403973973
4.724204836751541
-18.41743038378693
16.23155250288374
-23.23232581873657
19.81260613439911
-4.850540242577102
-29.63167779623559
7.901372400559886
26.66419078076754
-13.32956359386483
12.77197291245087
-49.02807968569753
-3.060367126906272
30.16034015287913
38.88206525520199
45.53085726224611
25.39414773244657
45.96771255947667
-17.83276711665981
25.4870112639423
-12.13959975862033
-38.46978890770185
-33.23923785626661
25.35836190812217
-37.62661102218953
-17.05304619107295
16.16766109364706
-6.463463728521618
14.29417495335032
-11.34271673293079
11.56472743078478
-24.66314637801681
-11.91143148003599
16.30211420303559
-18.76451326410753
-6.02219807533189
7.460116947858809
20.77773391674115
10.93557266827227
18.7628183804897
20.75763868028899
-22.87522482544741
-9.542705918360328
20.42498427817893
-8.629819653853255
1.99482029932522
14.73713548800152
-13.89221786831896
5.005444073787033
23.91295428504375
-1.141293434295846
21.87159434747651
3.273338226530065
-23.93686398017883
-22.24201591745648
12.751714899021
-9.190700815169579
28.21354568463157
-21.94241571492704
-6.571898605455103
7.112823203603662
12.74231518862371
-2.72944752180881
-25.05424771848349
1.047288789277256
19.94495073070054
14.7998398007795
-2.041359938434718
26.1015365078221
-21.10072248418603
20.5735648308115
-43.22691484994022
-26.33018914907236
33.22070728318642
16.89672570075116
15.37051711063708
-9.731691414266955
9.017874977162522
16.95777074255387
18.89766194148494
-5.145110929721932
19.20894926508463
18.74956639121591
-28.80683549118512
-19.85759172483454
-3.429062614843491
-16.28937006462338
0.7754474794936906
14.49160587709486
18.13001196439789
-20.00987974754209
17.79915230644331
1.078539379708392
-15.2598649010491
-25.19707561809842
-16.84119973868465
24.35406019432669
2.998364301802456
20.06318184575685
-17.54613273585275
-5.187195870556566
-18.59825612063286
7.322098611706099
19.83956403908699
17.25460755800555
8.882416383380201
29.88372585927392
-7.759178938347845
25.92035473202542
-27.21020220682148
-0.06452794545835784
12.62911830126874
27.02008247197778
20.59282249225277
9.343287324187916
18.29253109167705
21.00130947613618
-16.64159533495149
8.949243766919862
12.51746542747448
-25.98488267236262
-17.0621790865485
0.8584894020379406
28.66144511823278
26.73719258000346
-5.595024350970975
14.29660437304726
2.708778384565098
16.42852910934565
-8.043372925051342
-7.487051276409601
-17.32921252474884
13.27497833309849
14.32139758340064
15.52540693789096
13.71975072384987
7.963704195475059
25.18690545291108
-6.427259984216125
20.97967471809315
23.85816432987589
17.92066849143275
11.46715473111863
-0.4593828743629291
22.84479715957637
-4.290878348089491
16.7663524877653
13.06368613626865
22.90744416295867
20.64422519922322
-20.78502433964224
-2.966071802856497
11.75470718707792
23.73191643931797
-17.57997866910216
4.11328958652591
-10.68239305994595
-2.350033396077595
17.81895253756207
3.205045669763408
20.16898593492575
10.50821580388356
14.72077899115127
4.212563185007786
17.59869839331934
9.278753945881503
-11.6165260750894
-16.36882636645351
-2.982691137920856
11.83899974592385
7.121333971095643
16.2223624938764
11.97720925181249
13.38613520962655
23.49016034692494
-19.61862685352944
11.51295110063593
2.495164101791048
24.66058343359228
6.897585608236521
4.093216102936744
-16.80206385658979
-24.78055006355784
-18.6386657573331
-11.98987374859414
27.14567426147527
1.694848063163831
6.648792008843775
13.68472181022366
17.22573536198267
7.939895764680922
-6.078444671603697
-9.781111023640886
16.01061793745706
16.28632583653392
27.40693473292703
17.2232012554798
17.06481754403598
17.35456448395677
-16.36117358216063
-9.875343482988276
-3.043556608970965
17.71847300001986
20.87362465200638
12.23844747738645
-15.8918463488684
-2.744214023131966
8.993863874541722
22.52220788675886
7.860544223932306
-6.790817809560734
14.82169084246462
-8.319944449187799
-15.78071921423956
3.254005506648583
-11.39735649068393
4.383362732647865
-20.89528000073027
-14.45674104005921
-10.81833494508849
14.97339401963513
11.42196213313841
-9.285839598849293
22.36477050793005
6.485830100366273
-8.309852543698296
13.31761697051543
-14.79568264478172
22.11379095697479
13.14763232971059
9.101028528449788
3.638406089637852
25.87870317742378
25.79172896154583
-20.54564538516477
-9.448670033603142
10.25708297262941
-5.088539230845543
12.61863857891612
-1.924252533802898
17.44030565879415
-14.36484074961191
1.101901331871904
11.0969753593061
-3.551431890722907
0.2757078994618006
15.45710614621696
-14.64840723981904
19.70575300119558
4.716150979332216
19.36455820536271
-1.731010977247613
-16.72061294061023
11.60150790343905
-14.98960199471167
13.33251890708716
2.361555592776337
14.24540522310139
-16.33840431348398
17.54704254624798
-15.83865790694586
-33.38570045426007
35.1276319749613
7.485387355296663
5.230551051444383
-7.978486222146168
-10.18373349036114
9.707895239720369
2.878489634019019
15.23742655682067
19.89162872497669
15.46674208647321
5.529531295611248
-9.937210753955677
12.35893689077569
-9.842161248404066
20.76202960924954
-19.33429436228889
-16.17914270318738
-4.184409833220793
11.96112996872415
2.883088842831365
20.34142437323334
3.155151656196022
15.149884531961
2.250428603782761
-8.635177173722246
13.53024216107224
19.06223154479622
-20.69766901205774
-6.594203713286977
9.551336098180197
-5.516270777538448
10.63075942367228
-19.49365964670837
23.42468244706003
15.18139824218116
1.204009357823512
22.16541933389689
21.74939023973576
11.73807789915445
5.531989382867796
16.1455398057176
-12.8994559298447
-21.44235502653807
-21.31916497230335
40.45323244627652
-8.394236624610615
5.623836731196758
8.380294408449304
19.45220800567004
13.87334634872742
-29.0548039384108
-18.10601880957083
0.1231900619431355
16.14703020887259
17.70717779523193
1.560147575107207
12.79392303372454
24.39278240583054
-10.01131233846619
-16.21740085643361
1.240934671178169
10.65202712947489
16.22771913233385
-22.78995231345483
-22.40787890900572
31.47850352582989
-0.1218388059895348
-21.74145599106966
13.52834401729827
20.66333946382651
-12.9277941303671
-18.50665579521968
19.81649569697072
-6.907796418691898
11.32141249694059
24.24634087007984
11.88384968183205
22.8326348225827
10.9487851376996
17.45833552963435
25.94656215259607
7.134995444167723
-14.66166365834247
11.07191359715201
16.81723364921432
14.98678446317823
-11.02335214936196
15.97561762718363
22.6681135277589
1.048496319730303
-12.85380133303599
-5.578861658981725
5.745320052131395
32.74428982146691
11.59885937767715
26.99896977618904
-1.830449185893701
4.429845183220465
6.692495900218967
25.3211683176111
18.44791854906567
18.22920890125559
12.92492836041599
-27.95614594825701
-34.82939571565839
29.08230914905197
14.01807335605616
-18.81156672108036
0.6664229206883611
19.47798964301867
5.575692000396558
-31.60034233989231
-12.97166993012362
38.80828908360798
18.62867241784141
-14.65136201541282
-13.90229765054634
-6.873249767973095
51.77995901373225
57.03845509736744
5.258496083690622
