21.8102192168178
-11.48828390249423
4.121471876781492
-3.292562000108082
1.964716511629444
18.91097651686147
-22.49372062574604
1.364629293195128
6.311077961199656
4.58736145962072
5.712175809250604
-7.131810180329464
-24.69963280666729
21.44806141206581
-3.332693202399205
21.14926237442433
16.07186140004525
20.84614940507056
-21.51888632229333
-5.156606808735495
13.10481205692401
-13.24035080067507
74.85387367021272
57.01178318101961
73.91797919030424
-31.61159033457661
-27.81643511068784
-7.82103900301622
33.91423077656512
31.27038551083231
7.855468928961243
-7.361656232157427
18.18362407775228
21.81560385348221
-20.44311109321184
-21.43510252306357
-5.957849901197328
-4.479061909369222
15.7664027498481
20.94133544763852
21.14286588885021
-13.08676144175383
5.267391230532731
-9.454781657350267
15.83110991335105
-18.36997357544908
-29.05162648554728
-8.670619233775176
15.76104060196754
5.422152828868301
16.86132045448012
24.00420997322174
10.37853989345524
-5.077400974374441
8.787084811941517
-13.62567007993529
-15.21712516128031
10.32815514895282
10.16645632224492
-15.45594089739062
-10.68165291837942
23.79212640404553
-1.36844921240784
19.01255803177702
20.18446030321032
4.749359260304471
-15.89887462940763
-21.05924411576272
4.774288008571957
20.38100725024551
-19.69079488701486
-26.00275621403129
-15.87547466342926
4.063860085465104
19.57693419238934
-5.31175594110123
15.22816039095652
24.43165983390773
1.171902275537755
13.06519481660441
-14.21915859180093
-14.38085742309207
4.134994102469625
-2.941689799055903
24.07432884151158
14.18124308532703
-0.16169882857329
18.35415269259657
-0.991991430729891
-11.36646501546813
15.96404918564015
1.100279853963001
-14.12835256807043
1.491301777008797
-16.22240713847933
6.785623634169013
18.31662788211566
14.04595941217349
11.43916762503934
22.26776611559097
12.63333420872322
11.89329253850718
-15.43510104151686
-2.613984707011496
-9.634431904413066
-10.3744735809111
15.47725262040363
1.747436648660891
25.11168452299444
-16.58008272678187
14.90038784473758
-15.24731891253044
23.17851529094009
13.36365917076713
10.3453306197699
-14.61622772084402
-28.19842505493981
-16.16133200969224
-6.37111249378092
-2.378873990245951
-16.5824091705221
15.35314015686636
18.53510221275044
-18.32751937440007
13.15295119446318
-14.82302313218714
-2.783747647811757
10.25274307243894
-10.21129667676039
21.7242526506694
28.4629738696705
10.74926495293983
-17.29691450064652
-4.260423779405739
-10.24269475940911
9.50854718340153
-18.70004867293262
-16.46030544758108
1.332763813967972
3.504496242010396
7.211696154647709
2.239743225097762
20.03281248680955
-19.4779779669299
-13.43653773589204
27.94447224418839
21.02108869761303
27.299048236718
-11.01785543457263
3.474411557679392
27.22715780690978
10.59285268138783
22.52955044877679
-23.13117057922162
-4.728910010304551
-14.20353518025681
-2.094054570010532
-17.10374330191605
20.91397620344072
12.82111633168799
-20.64823388874318
-2.900208121987174
-17.71370891588644
-18.95442668680101
-6.20678095286656
12.55465763644496
14.26548768492663
27.96975489437655
-15.00968873180889
7.615502826082221
19.65477830712737
8.41852231387778
-9.319346841366785
-15.00799246858654
19.96480168586128
-21.71772119265238
-2.658693608920271
12.0392754841727
-22.62349529528299
-11.23625599395807
13.03649072074582
7.054219741653354
-23.60880003959133
-0.5306304824813221
18.39880613792642
16.38145275741335
21.99353378071672
18.29047573578958
2.923493619942525
-17.73786915449784
-11.4852401064248
-24.66564996631539
19.75124194391015
9.79929073934699
-15.36698211582226
-9.951951206283688
12.74764573600616
0.3418933323157892
13.08718293375079
19.95449565499996
-12.73969491775731
-17.61531844021614
1.314118197525328
-16.60252347888483
-9.735210762287627
-6.648216125766498
11.5737528110344
13.8240525157654
28.50714520248626
12.74528959738092
22.69959694620417
-25.16627285514414
-13.08158824600568
6.867312718248267
9.954307352077379
21.28604881435564
24.01629258772378
-14.55650074894499
17.65427013350761
0.8819684235804102
23.07816958939122
6.157982240007041
-10.47632287116615
-18.6403774609311
21.30896357499163
21.2325088456349
-2.885286171360366
20.47226863956916
12.084684615523
-9.711126337714818
-14.40873372795315
-4.875623518391558
-21.79581094339163
-16.92018738166474
18.92943662904114
-21.3199511185442
-5.688645626605229
-21.94491501493545
-6.927780808578658
-3.427722089197228
15.63130549281368
-13.24257820221699
-20.81838469948405
-0.6249639000467868
-16.63430511117307
-4.69760737418573
-13.18040986147647
-27.25846046824231
19.93933474108166
-17.8849787993099
-5.732729495000414
-15.62581524973451
17.68763336524685
7.535418555355854
17.84307742843493
-22.53645224448061
-15.33650953583745
25.50522388388742
3.51958000452859
-19.68528330473607
-14.86376933332594
2.259163550603232
25.42039735687535
3.260535942980456
-29.59452765621906
2.88750697533832
19.11727182086664
-20.32646072456613
-2.017353384002249
15.75509129302714
5.612081027564064
17.77244468051852
12.16036364916794
-26.34516285759896
6.041440227355876
19.0590275828853
-9.814856114321659
-12.83318467232803
20.91122682877023
2.036601933464319
-0.6454240048424058
-24.4700606870057
-5.160369492373406
-18.87462490084144
-21.556650825463
22.67424084788414
6.277959538351533
16.36227951378305
-16.39628132673339
-6.311961328367452
-7.575806496725354
-27.97988689296401
-3.631778680131853
20.19342080292576
-20.40408039678059
-26.50666262882305
-6.362022455639375
17.46317700611954
18.4022605758042
15.43846917252468
1.856271837789653
-1.723716479165245
23.8251994823411
15.01713420585344
0.9390835765714565
-14.07805061962757
-13.58219733507474
17.12293288473779
-21.09723377759516
-4.163841381920411
11.95883662445314
64.99611620725527
20.73420079988175
-3.579988319430081
-2.455173946324481
12.03709304699017
1.124814372043547
14.49226699274959
16.93339239365132
-0.07645473057790755
41.8314345805337
9.676135721877664
25.28589153630305
15.51307410014133
-9.893085755459396
23.42036286350205
-17.68874734003596
2.851168956749483
18.85608954779689
7.907288755557886
-4.348773785903442
15.60975579685074
-21.98564389951033
-13.79602591607564
3.795155223888273
20.53991633672187
-10.9488008031973
8.189617993054993
-17.35336439816321
1.785054438684108
19.37623562055307
20.32216152969932
-5.32265745480542
-17.19792032911742
19.13841882795859
0.1554440677705992
17.59118114958408
0.9459259030655625
19.99539611820252
-41.48246429417099
64.05783691963786
-38.92192083347819
-21.38942166324743
13.73191840362343
-12.79378037966334
-22.87640424888266
-0.9898898999099341
19.39333568474122
-23.81418417386456
34.72557096646005
19.04947021685852
32.18711606470788
-25.64481898354845
-11.02040379489956
41.73526978283587
13.13764584723605
-21.29813640762186
-4.209807896185643
21.62191314572428
6.059718033908356
20.68413322238454
-16.12320371289737
3.18196205713915
17.08832850918721
5.174932696685346
-19.00122264306579
-5.094856193908683
20.73686484407348
26.81002248799772
10.60475059563911
-7.470218391664853
13.90636645079298
11.53100425075651
25.83172103866052
21.88651434701889
6.073157645279637
-0.9377799234752775
-19.95007184480063
8.435358111329782
37.04801278249232
32.90946003674998
-10.71160109239892
-26.09978955329138
-18.36821886482059
-34.18157556587864
-6.570138085493057
13.51811457999711
17.34724200148215
24.82620614271772
-15.81335670225055
35.71546086625038
27.61143748038455
-16.20527189221447
0.4012618493298157
-27.21017563052077
-4.668918397817844
20.08825266548938
13.93853495450951
3.697798549528549
20.30433229027713
-14.3771704384521
-18.6478389082371
-3.232741651352649
17.30601236976461
16.60653374139979
-18.0749689873651
22.54125723391979
-2.998319922780794
-4.270668469593623
15.41509725642936
-37.55279753116713
-9.686071975256084
43.27895895194013
-1.04758390897931
27.38189180193336
-20.97015300684754
-7.265885794809952
-6.287060325154796
13.27286822612392
20.87385815413379
13.70426721222614
14.68309268511831
-25.53957715791686
-17.93858723025976
18.56662639483873
18.6074533515444
20.53875402105657
27.1609184801855
16.12267800474343
7.600989928364705
27.86672555476276
-11.03824047751763
36.50521362364335
-38.90496602999136
37.06796377661273
46.98737715074664
14.13231355041726
53.03727958073014
-28.59762393938017
2.560543460691918
31.15816740497083
15.33223528145812
14.62441518856254
-22.18292174881357
-11.8752628739185
10.30765887528874
28.38542995774733
-6.149717710517447
11.3080915629114
-15.79882336310986
21.32724643731142
60.8827413599522
-6.996694604309199
-40.35512590797309
28.1246454669056
-32.87616176203541
28.61265467355161
37.12606979903803
-17.07733839718872
-47.63294512157294
-39.11952999808096
0.4359649247949013
-1.764705702775036
10.0544427868561
21.80290453843857
8.513415124103517
-4.138552743903746
45.86823941878815
39.55549492301444
-17.56782262635376
-50.32591851601383
-32.75809589262929
21.36693960895599
-9.77529289011288
-28.00960411710246
-18.96200397161789
3.947362328928109
17.69422567946301
24.59190566838054
-26.57824009729349
23.42855206409404
-70.19930122575234
-41.30177377424593
-0.3385615132845947
20.89532446197776
50.0067921617438
-43.62106112881551
-2.533227598231212
11.81914848914733
21.9570833328785
12.48527870367172
28.89752745312528
-15.42901541316018
-15.38818845909087
-44.32654286372947
-15.89706714825085
40.96321226084017
37.06687977951024
0.04082695602545178
-14.33797875081899
-18.23431123067166
6.89590722278242
24.2644452481268
27.46951857025983
52.96394692608506
9.919413374679362
40.0462836276084
-3.896332481312234
21.23388597506079
-12.91766329715665
9.047600145198476
30.1268702523836
-32.85506359971559
15.85673587655249
-3.52020998064736
3.089630135772726
-17.79034435705046
29.78843205496529
18.44505345700059
-14.27013437691183
21.9652634401345
6.380949285001224
-12.38375886086803
-15.11336078647626
13.84113855539104
5.531182550919028
-21.22334527789081
-3.307608249599615
22.63904308208318
-17.96933489702167
-25.46951117512991
-44.26191541022193
9.268066930126965
-30.00854688899133
27.94299891477895
4.729031215239786
-27.71307598798722
-2.240577577313072
23.09555771538819
-18.79240423722353
34.73757810373079
2.295470901836126
-30.93899243037643
-24.11779501815187
41.90788931267805
-18.39753673690566
29.76130112381339
-38.50552650668513
5.720258282609958
-12.14658819102043
33.23523978737327
-1.671577850951233
-20.29795031516087
25.47533072078931
44.22578478920531
87.15832999182622
-37.10973933935576
12.33224016616043
-20.8799744923141
26.69880192006747
-17.30034350082249
20.2345651877264
42.93254520343856
48.15883786159153
17.36853802746339
15.01850629938531
10.1379348457624
19.72699618054489
11.74846175275876
-9.471804626296958
10.69738089680592
21.20570195485002
9.589061330720567
-22.51082129353359
-10.09754542407781
20.50503787987822
4.72421673868099
-18.41756443080851
16.22976484628515
-23.21396769903909
19.80939583945864
-4.847441200556005
-29.63258366770864
7.902325021329956
26.66722557045914
-13.33048188393366
12.77335965540034
-49.01606523757095
-3.059600442970563
30.13882774415641
38.8534774432336
45.4981072384776
25.39181859522342
45.95646479531378
-17.84209048989624
25.47249841150581
-12.13304291289578
-38.46075599017924
-33.23446333232237
25.33613529359784
-37.6055413240255
-17.04089511970771
16.15753307251662
-6.464236731911426
14.29558962462484
-11.34337860069731
11.56598769887218
-24.65683704105453
-11.91069046114282
16.30210178440715
-18.76470814279873
-6.022247460979451
7.460189267841792
20.77792812510058
10.93568709590935
18.76490054941797
20.75982635494508
-22.8756431533982
-9.542944245704531
20.4245539368954
-8.629994157744408
1.99492580504763
14.73738648673027
-13.89386591505354
5.005562650131578
23.91511290609401
-1.141426309865068
21.87378430138514
3.273462166728137
-23.93794520302461
-22.2450475637235
12.74614658095117
-9.178602221775842
28.21279224709198
-21.9247488034662
-6.565469309006535
7.109170995367078
12.74246068165179
-2.729601924999671
-25.05653921510127
1.047302325703225
19.94673089019262
14.80146532960363
-2.04132860555376
26.1038415408708
-21.10362125494112
20.56464620400719
-43.23390908598047
-26.32771307726962
33.19842819063954
16.90619600858304
15.35927949563592
-9.731823836629399
9.017980345987564
16.95793455579929
18.89942856455599
-5.145265560373954
19.20920305520862
18.74980418237816
-28.80758135955622
-19.85793892515143
-3.429111522526391
-16.28970745952678
0.7754438843424666
14.49173895230464
18.13016717679849
-20.00981276393461
17.79936292515266
1.078605669421196
-15.25983777020926
-25.1970602327239
-16.84279393461096
24.35446861506959
2.998393064823356
20.06354440860208
-17.54634722020186
-5.187247468789526
-18.60032213431269
7.323313097080866
19.84118699800658
17.25755009890813
8.883694015326054
29.88682754703861
-7.759909066583848
25.92363523104927
-27.21140736986543
-0.06449879815650597
12.62927744813086
27.02037393425479
20.59306220376271
9.344530914644135
18.29417335017321
21.00313353195756
-16.64360309557959
8.949642434966933
12.5178739009985
-25.98813402389322
-17.06235394238036
0.858496528927756
28.66162699974301
26.73735792443273
-5.5950918675668
14.29670463601182
2.708960181901191
16.42882740191526
-8.043427625084108
-7.487105866442585
-17.3293468954883
13.27507084952915
14.32149165840348
15.52551068181949
13.71986721902517
7.963784760282338
25.18712928705854
-6.42731173514263
20.97982627564615
23.85834991547668
17.92085047428281
11.46726207017026
-0.459398873361533
22.84496798818583
-4.290924205954087
16.76647460370521
13.06379908607303
22.90936629881631
20.64454333888455
-20.78526566467821
-2.966111876576198
11.75481931150088
23.73212430556585
-17.58019233962899
4.113332280177639
-10.68251234905715
-2.350031730806304
17.81915378889872
3.205073324252157
20.16918552101847
10.50832105450572
14.72093118931214
4.212610132474845
17.59885556323132
9.278836527561813
-11.61664061932944
-16.36894724746463
-2.982701795813809
11.83906045253057
7.121379385384397
16.22245231606927
11.97730499359796
13.38624543209508
23.49032664253776
-19.61879202617505
11.51302165466446
2.495179004109827
24.6607234622764
6.897679989601706
4.093256884579318
-16.80222019878119
-24.78075461485382
-18.62637246431859
-11.98174266732086
27.14690857182117
1.692897639788234
6.644629797106345
13.67464030554962
17.22587347698779
7.939954209053032
-6.078493384321741
-9.781168902394869
16.01070572354313
16.28642589878267
27.40713804244916
17.22334452475362
17.06515134382425
17.35472329155812
-16.36131809418159
-9.87542947449267
-3.043579232570369
17.7185974828353
20.87376938650399
12.23854156103449
-15.89192610858305
-2.744224308438698
8.99390796122192
22.52231323129545
7.860586575600837
-6.79085316080818
14.8217622055516
-8.320019037482478
-15.78082115283672
3.254010384503723
-11.39742931452585
4.38339184770664
-20.89547712596752
-14.4568303208304
-10.81840208848558
14.97347254109742
11.42203106977815
-9.285919269532801
22.36491928294534
6.485888620839185
-8.309956005961265
13.31773885892276
-14.79584462753561
22.11397103202514
13.14770180425365
9.101072936545682
3.638428226859097
25.87886139495381
25.79187462634627
-20.54575812974705
-9.448727215145585
10.2571130907707
-5.08855876494543
12.61870726914799
-1.92426907074239
17.44036412547828
-14.36492236829904
1.101920638077389
11.09703092258442
-3.551441475664559
0.2757201756240442
15.45719935638538
-14.64847238766983
19.70584030070886
4.7161608360536
19.3646332094426
-1.731077865940181
-16.72075727007799
11.60162101445177
-14.98967943655489
13.33269890769375
2.361594164406774
14.24564904891912
-16.33844347348232
17.53249917477493
-15.82593212841105
-33.35843130429385
35.12134006904291
7.478964143586648
5.226292657870649
-7.978534431764158
-10.18379353103655
9.708002978830935
2.878523662833027
15.23762347373096
19.89179650457711
15.466843011529
5.529620472667689
-9.937222500688019
12.3590997777702
-9.842241029118481
20.7621767156888
-19.33440270187469
-16.17923079082434
-4.184434133753748
11.96119259844764
2.883103159172394
20.34152440345159
3.155171907991641
15.14996857113257
2.250439831258807
-8.635227824549924
13.53031663671109
19.06233394869489
-20.69778509997758
-6.59423732003829
9.551389421965556
-5.516305931794735
10.63081662043471
-19.49376606538452
23.42480490340803
15.18147917608893
1.20401902684043
22.16554446034155
21.74949316022916
11.73813227117084
5.532017310995061
16.14562673609411
-12.89952874162596
-21.44261940585536
-21.31930888169695
40.44879051103881
-8.394344407992273
5.623708178059979
8.38033180906336
19.45228599167438
13.87341548128331
-29.05454810123869
-18.10584225355107
0.123310532128546
16.14712256013554
17.70726601905958
1.560143447291676
12.79398829363692
24.39290425348629
-10.01136088687461
-16.21747584877829
1.240945392664724
10.65206637139134
16.22777163494309
-22.78995713567727
-22.407859966514
31.47840079329731
-0.1218576252124833
-21.74145120714315
13.52840527531903
20.66342725402838
-12.92780767422203
-18.50667819274092
19.8165049471312
-6.907762228331753
11.321390602954
24.24635510296845
11.88405493777742
22.83276079777528
10.94870585684063
17.45842124347091
25.94665133197044
7.135021976275037
-14.66172665105636
11.0719541825234
16.81728164897992
14.98682624430625
-11.02337155377483
15.97561360241408
22.66809953144453
1.048505925786947
-12.85382695598114
-5.578870512462963
5.745327466544537
32.7443126152973
11.59891596559976
26.99898515581686
-1.830455404509835
4.429850166278638
6.692485928658668
25.32107521472882
18.44790276270998
18.22915281642593
12.92496448685957
-27.95190988273547
-34.82508233357539
29.08109641120975
14.018052586307
-18.81162936877867
0.6664087622212835
19.47803813228872
5.575705261019856
-31.60025842685972
-12.97166914867374
38.80405863365351
18.62858928653574
-14.65143971771935
-13.90233287946427
-6.873172451429101
51.77572778232796
57.03300629400546
5.257278511734621
