21.81247994389125
-11.4890969283688
4.121762098767484
-3.296184537265802
1.968339048787467
18.90950538772249
-22.49265001182912
1.364523656293093
6.311824490991075
4.587889941360873
5.712816868120256
-7.16327567263054
-24.69740649491986
21.44716180770271
-3.332284280412291
21.14993235386739
16.0720508092612
20.84664757877695
-21.51869901944512
-5.157077355599305
12.91973466455193
-13.26122817572859
74.67066731803895
56.86245588989195
73.73251997617307
-31.6277186251852
-27.83070075122045
-7.825708368525788
34.0482937163138
31.27415631675843
7.855959268973294
-7.361215053855005
18.18530184934681
21.81901648052844
-20.44536800242225
-21.43747398696283
-5.958603692106014
-4.479567638846484
15.76835368157493
20.94404867363179
21.14440843932414
-13.08885447440507
5.267544212324399
-9.455139836230151
15.83228136084953
-18.37046817966559
-29.05239305969024
-8.670992897499579
15.76223273525374
5.422252668863536
16.86270042526926
24.00372242772118
10.37864006673159
-5.077881544612275
8.786548104757872
-13.62508236113483
-15.21717432296337
10.32934258050877
10.16763848592419
-15.45652163513917
-10.68192488661086
23.79272084839926
-1.36841501096348
19.01298514531187
20.18499595552086
4.749540350807051
-15.89961801260656
-21.06001997904028
4.774596772323417
20.3814001610718
-19.69160495497152
-26.00372493455813
-15.87686423118821
4.064373033377653
19.57979862768149
-5.312127050731351
15.23013418880802
24.43322563095361
1.17201081361821
13.06605411190523
-14.22085073065944
-14.38255482862349
4.135547973899236
-2.942107073012771
24.07678523034336
14.18267796567721
-0.1617040959248792
18.35639870311289
-0.9921059857057463
-11.36717151724842
15.96580036561549
1.1004676909377
-14.1301919521807
1.491517264318384
-16.22449753037746
6.786483753645236
18.3195091847833
14.04817308605915
11.44044775619927
22.26910882074334
12.63391275913176
11.89404329621943
-15.43545560362887
-2.614011045293445
-9.63519605943697
-10.37506552803339
15.47887029316555
1.747548726577879
25.11406635070987
-16.58071260181735
14.90172956804549
-15.24792380177039
23.17908487278573
13.36400154989798
10.34614305887528
-14.61669270337535
-28.1995462276274
-16.16296536075888
-6.371867954225602
-2.379154640115443
-16.58420473489752
15.35508941864335
18.53752106676193
-18.32826132752961
13.15418083996638
-14.82362729558211
-2.783881352573205
10.25362278964268
-10.21233678100703
21.72695737308421
28.46656384363141
10.75054904798667
-17.29825766087463
-4.26075351804466
-10.2435892575549
9.509577126438282
-18.70058999086178
-16.4607628243476
1.332788799594976
3.504634031784676
7.211934233951678
2.239827166321886
20.03337879038794
-19.47849137774603
-13.43722412966182
27.94670067994957
21.02315753869364
27.30123313278948
-11.01819495665596
3.473983718770537
27.22827543851098
10.59323089900271
22.53041854761625
-23.1316505729801
-4.728970363703326
-14.2050500944468
-2.094305577988808
-17.10560814407705
20.9166757071593
12.82144455610026
-20.64915836234194
-2.900558050153289
-17.7160147949038
-18.95698671765574
-6.207486682783148
12.55665582309079
14.26763366940696
27.97436773419725
-15.0113025657156
7.615730085096075
19.65547602524212
8.4188206938042
-9.319618710232724
-15.00844059278437
19.96539685303154
-21.71831854429199
-2.658773824301412
12.03974594284592
-22.62417067805944
-11.23665533218545
13.03750414252301
7.054668403564085
-23.60941291438466
-0.5307198474766859
18.39992219221264
16.38239466377044
21.99510192132847
18.29132373590006
2.923622715168309
-17.73843940342559
-11.48554955621938
-24.66643789737329
19.7531663848131
9.799892370675622
-15.36770102065808
-9.953274015639538
12.74950003672002
0.341943551941002
13.08907727679048
19.95722596165872
-12.74047144059212
-17.61631038454623
1.314331669311388
-16.60482148586538
-9.736672805386371
-6.649181147804095
11.57483611567481
13.82593920817519
28.51112808962521
12.74713372151028
22.70277405575386
-25.16759339125972
-13.08241498938536
6.868148682072189
9.955640337111355
21.28664724178161
24.01694801883169
-14.55746056716259
17.65477409183885
0.8819831776420295
23.07869309285794
6.158038339725486
-10.47700618824389
-18.64289429514607
21.31150892277712
21.2365330341027
-2.885819306865637
20.47512035398004
12.08517840713431
-9.711315355674449
-14.40917227247752
-4.875838940806536
-21.79649375472128
-16.92065477908177
18.93064204665606
-21.32055967665852
-5.688821882372361
-21.94555907776714
-6.927998491322501
-3.427806923361182
15.63173779509255
-13.2428902401448
-20.81892042621234
-0.6249994040794171
-16.63504452796922
-4.697856903848945
-13.1808883422438
-27.25938891870722
19.94123725827918
-17.887118996988
-5.733559373605316
-15.62766663660126
17.69052439955105
7.536497313491085
17.84603471784076
-22.54071004204238
-15.33950227701096
25.51136413363776
3.520228963976891
-19.68916668971019
-14.86533267637182
2.259452361452813
25.42361631246144
3.296399425198263
-29.75073631759218
2.882789318845591
19.12234878602884
-20.44139235906864
-2.017527531212202
15.75707499107905
5.612707260974507
17.77460252506123
12.16189526101665
-26.18096284028043
6.041267245438075
19.05954471925986
-9.815083318128254
-12.83294181497061
20.91060050759238
2.036391450699084
-0.6454675450517907
-24.47271696159284
-5.160401971273827
-18.8742090614686
-21.55606804605765
22.67374164927601
6.278075593500939
16.36162166402778
-16.39566606963116
-6.312119980675154
-7.576030185700085
-27.98069425434499
-3.631873149361741
20.19392102485901
-20.40466406901259
-26.50910841907617
-6.362173928119408
17.46362022893697
18.40268021480006
15.43944374480406
1.856590220052294
-1.723934531632726
23.8257941736395
15.01756058603507
0.9390599913861588
-14.07850058685712
-13.58285352502898
17.12478503878349
-21.10140972031098
-4.165117742078341
11.96812166925405
65.12598718689344
20.74208555255346
-3.580524753676236
-2.455597808059881
12.03658086824971
1.124926944756807
14.49217867584098
16.93629197619108
-0.07497588992307277
41.84349527593935
9.676562113900735
25.28742116933614
15.51542558895099
-9.894107263831094
23.42408377578217
-17.69071784512341
2.851543365988248
18.85973124698308
7.908658180547658
-4.349664426355087
15.61085904128597
-21.99113518585795
-13.79966879769401
3.79701787396428
20.54226124324731
-10.95107307531543
8.191466395896356
-17.35697916604209
1.785560337903232
19.38224704330449
20.32798727759407
-5.323867011211881
-17.20146884274532
19.14253949670896
0.1555103221637801
17.59668667939061
0.9457402294224959
20.00499239113496
-41.6523484954582
63.98018432183989
-39.07758180184013
-21.46677373555511
13.70456932999514
-12.80172970459512
-22.88750602213964
-0.99204879152417
19.42634191517885
-23.82548479205411
34.81628843057052
19.059252163124
32.22807162009985
-25.65185428778474
-11.02375508833387
41.87400208743887
13.16881945645275
-21.30191211143509
-4.210601338205176
21.62700008006765
6.06092211288485
20.6890213117597
-16.12621712214325
3.182431649503976
17.09131077103592
5.175694991153066
-19.00467099037051
-5.095791871763907
20.74180954292006
26.81660204698156
10.6069732029281
-7.471645556067405
13.90887912014657
11.53302543376973
25.83760141534875
21.89545722869191
6.07479250538644
-0.9379787684474949
-20.02985992229268
8.487836235216982
37.14956876508786
32.4093977050958
-10.6001524070767
-26.19172894565696
-18.41494360497679
-34.23560832760062
-6.577484346155748
13.55548753955087
17.39339361703498
24.90389291225889
-15.82066472379843
35.80833722196025
27.65812398145872
-16.20962884393152
0.4021806184065067
-27.25594336253714
-4.678076209591391
20.13297188572054
13.97110285989432
3.698743680075851
20.3105531416723
-14.37987507967624
-18.65121117838408
-3.233499268412777
17.31151081208223
16.61180946221569
-18.07861875908939
22.57786715417848
-2.999042331882292
-4.271336098471623
15.41771190956024
-37.99359430072978
-9.632089154018596
43.16057985992995
-1.458285973056223
27.68210674023915
-20.97414252151006
-7.267408454093963
-6.28895364513872
13.27760162628722
20.88582531530097
13.70673406758561
14.6851888798187
-25.57690948729303
-17.9686857986679
18.56662253188439
18.6491790687167
20.54501008048131
27.17477896135484
16.13323940968413
7.608223689348069
28.36150514557875
-11.0415395537646
36.53530832911317
-39.40304469707165
37.31419589369582
46.80195656202692
13.75482081813846
53.15786551554922
-28.70518263406563
2.57476669361738
31.27994933164906
15.38994651517089
14.62809919916289
-22.18713923668693
-11.87760183094425
10.30953740633207
28.51769615911259
-6.161869025377794
11.34840537291175
-15.84692805347071
21.33453689083764
60.88691998846269
-7.02590725296862
-40.52671814362761
28.14543581619201
-33.01621884367545
28.66173253225013
37.18146494293638
-17.16929078854058
-47.63576292537102
-39.11603051664863
0.4363525812152956
-1.764748949752875
10.05390498132555
21.80147480334004
8.519732409314635
-4.740171058162219
45.87101397561651
39.55238309799633
-17.53413082230526
-50.27561499184413
-32.74148417192181
21.36512221831626
-9.774568063024313
-27.99812874331419
-18.95300857726906
3.94695081544011
17.69230653347668
24.58933335817094
-27.273252795243
23.33793223725112
-70.28280290675016
-41.33807014107484
-0.3892861280229513
20.80519179126068
50.61118503283938
-43.00955011185264
-2.532740442114668
11.81865393065358
21.9560594109494
12.48499185051938
28.94473276730697
-15.67413307101679
-15.59157653679267
-44.61886583578119
-15.47847311794861
40.94878401294407
37.02538642320978
0.08255653616686236
-14.30016309559035
-18.22356068386865
6.894314822052936
24.26201668612745
27.46687459721118
52.50385953949596
9.487760668862803
39.59161734512573
-3.923397589729072
21.19447791909382
-12.91224219306357
9.045120165792246
30.10385667573131
-33.04713574329055
15.82594935948242
-3.522688327839921
3.090806945553637
-17.80059564468845
29.7752076900555
18.43467402633718
-14.27790731734354
21.9573623566486
6.380325696418329
-12.3828409187816
-15.11159205059223
13.84005769304172
5.530790490057229
-21.22294952331549
-3.307564897423394
22.63857394940215
-17.96892204326902
-25.55784905715193
-44.38390163720649
9.309343957014413
-30.11379933348423
28.07757535727069
4.753393679689327
-27.81351355665502
-2.254490868272869
23.21297848600844
-18.82605258220557
34.86719301265706
2.300285777679207
-30.98607582856907
-24.12235234214327
41.91847116744724
-18.32630055745135
29.75844792540888
-38.34285810122389
5.79605178607529
-12.16002324421196
33.22575691747776
-1.670455593375832
-20.37046311380586
25.46986606797487
44.13890988722959
86.99374815265394
-37.13096205847276
12.32765111081903
-20.89140258974675
26.68440074539944
-17.30086951697771
20.22453561980928
42.85483826616844
48.08474848375185
17.36770186614965
15.01773229019338
10.13740548217487
19.72575736095312
11.74756982304554
-9.471067557632225
10.69665024786206
21.20428345934312
9.588351875683919
-22.50974722186355
-10.09717175428709
20.50426904511828
4.724141407370778
-18.41673767116816
16.23955946795479
-23.32418167706487
19.83009254242928
-4.864596872445877
-29.62852062855892
7.896884508748874
26.65043985007467
-13.32538695934091
12.76570192871304
-49.08762211319441
-3.063516846239206
30.26695522544702
39.02322919088919
45.6929059802577
25.40758489647157
46.02410526750522
-17.80821142870455
25.55902268923188
-12.17053958363995
-38.51627182371578
-33.28636160637681
25.4674693551923
-37.7295622725133
-17.11304189807779
16.21743017775015
-6.45986512519815
14.28817685750308
-11.34053366643565
11.5594257254895
-24.69468941591914
-11.9151912367395
16.30313367004391
-18.76316661231385
-6.021876775929131
7.459731994319431
20.7767031192213
10.93495287856661
18.75355534157494
20.74804198115834
-22.87323615017243
-9.541584557097472
20.42701103727664
-8.628992284289762
1.994486639135798
14.73577647560391
-13.88473792140097
5.004825981840567
23.90321309391853
-1.140607983520231
21.86173886296172
3.272805083536508
-23.93218877097938
-22.22794072968187
12.7794981802233
-9.250039178135941
28.21832490843192
-22.02953735908235
-6.603586604330689
7.130992164401791
12.74128983630896
-2.72875113123884
-25.04382107659176
1.047267812780443
19.93683171540277
14.79245690242176
-2.041474231934909
26.09108888940957
-21.08733274690609
20.61652037415718
-43.21579632587725
-26.34573224008943
33.33047207454361
16.87006408572555
15.42595075586335
-9.730950493922343
9.017261092003237
16.9568296536376
18.88956390265997
-5.144374812859908
19.20750588834127
18.74821158583556
-28.8030552917153
-19.85558276596902
-3.42881633353865
-16.28758496677841
0.7754605509998841
14.49088204297937
18.12917531272418
-20.01027673678752
17.79804563360279
1.078175673374444
-15.26004146340534
-25.19719895315653
-16.8339311339096
24.35188070088347
2.998206258086494
20.06125177534864
-17.54498172864809
-5.186922216369251
-18.58893377926213
7.316667065353137
19.83213739073118
17.24134116593673
8.876669623306949
29.86958390741196
-7.755890849502694
25.90560084445226
-27.20499385462785
-0.06467219331721571
12.62824274147553
27.01842271201921
20.59144750473744
9.337712538705807
18.28518506566031
20.99291428433501
-16.6325604838453
8.947472526350412
12.51547032557371
-25.97027303358653
-17.06124542681702
0.8584529471873055
28.6604892489916
26.73632373504081
-5.594658916431179
14.29607441688162
2.707729218727551
16.42676643210049
-8.043084484316404
-7.48675877989864
-17.32850902050165
13.27450130768315
14.32090678488571
15.52487168423639
13.71903721272765
7.963204766971463
25.18562371789087
-6.42697521099137
20.9788624124712
23.85717366534089
17.91969837622141
11.46658650683099
-0.4592943028192666
22.84388942987894
-4.290628925216666
16.76569879296445
13.06308583538722
22.89995939115029
20.64238254219659
-20.7836043609583
-2.965856137805934
11.75411494353319
23.7308337898778
-17.57874644712232
4.113065814600496
-10.6817196210452
-2.349969578599537
17.81774822382889
3.20485791315909
20.16771780358053
10.50763320871337
14.71997108246657
4.212337871844518
17.59790253994043
9.27833659975609
-11.61593157979142
-16.36819988901643
-2.982635203999398
11.83867802656991
7.121094914824959
16.22187966515289
11.97671884611025
13.3855646692953
23.48929481168316
-19.61776797577249
11.51257597011023
2.495087311037246
24.65983923637292
6.897026825404653
4.093009568243412
-16.80125856008616
-24.77944608843423
-18.70000752051671
-12.0303307297404
27.14032166142212
1.704248041514899
6.669676790862518
13.73457876984381
17.22499309531149
7.939568561160593
-6.078190636469389
-9.780803595075357
16.01014223195299
16.28580063275583
27.40583764897004
17.22241894928847
17.06304551752047
17.35371476053415
-16.36041094890967
-9.874892721477959
-3.043439819921873
17.71782026738175
20.87286805392811
12.2379625694647
-15.89141813732843
-2.744154877071587
8.993639083033866
22.52167732126517
7.860320168763881
-6.790633373233677
14.8213131961136
-8.319565941625482
-15.78012764709657
3.254027482974024
-11.3969260288376
4.383201625863505
-20.89426816265511
-14.45627501503369
-10.81798173851952
14.97296409204002
11.42159576868186
-9.285424535450913
22.36399126877994
6.485518228839568
-8.309267204531542
13.31697112638349
-14.79478543399994
22.11285528804266
13.14726326356864
9.100784755056905
3.638293271930504
25.87787078735779
25.79094582767061
-20.5450872148991
-9.44838118717036
10.25691374646392
-5.088444807426062
12.61829459735376
-1.924165510218155
17.44001607199855
-14.36441483584263
1.101798896924888
11.09670603430455
-3.55136832700045
0.2756584011903732
15.45664240091017
-14.648074352905
19.70529492943231
4.716107251215715
19.36418159274537
-1.730682342193818
-16.71986997179411
11.60096922889871
-14.98918765571488
13.33165159307502
2.361380839634005
14.24424390877226
-16.3382171639897
17.61080806994425
-15.89000282044376
-33.50081089125013
35.17134306735542
7.510499297588068
5.229910217325234
-7.978187541009733
-10.18341871050243
9.707314627766911
2.878311271350249
15.23637083142859
19.89073333407453
15.46621373695697
5.529056185816493
-9.937157520445892
12.35805953345274
-9.841750240628858
20.76126008744286
-19.33373269546401
-16.1786849031097
-4.184281380453887
11.96081602635433
2.883011982584742
20.34091994842079
3.155047790199863
15.14945131732112
2.250370375650347
-8.634905483673016
13.52984644415987
19.06169688486072
-20.69708146591203
-6.594035611470685
9.551061803486068
-5.516097476748703
10.63048002750183
-19.49311655726073
23.42406546156107
15.18098399562809
1.203964902236881
22.16475192704257
21.74887234536831
11.73779396144177
5.531850440494347
16.14509740999237
-12.89908094291704
-21.44115081253596
-21.31852535035879
40.47534997464183
-8.393747289830198
5.624497808101514
8.38010392542199
19.45181902811765
13.87300365795586
-29.05600332686587
-18.10686151802338
0.122625468603019
16.14657751071519
17.70673939272118
1.560161872618079
12.79358544279398
24.39216681021751
-10.0110783821475
-16.21702190454466
1.240886058726572
10.6518297724694
16.22746468997086
-22.78998379317843
-22.40803046331809
31.47917760430022
-0.1217620445502544
-21.74152984649743
13.52803824250688
20.66290815110524
-12.92773215023121
-18.50654752723525
19.81646613359908
-6.907966156066196
11.32152086738675
24.24629894913063
11.88286311202764
22.83200493082322
10.94914181626342
17.45790796526783
25.94613884705377
7.134869906599468
-14.66135714877296
11.07171510271963
16.81699965600168
14.9865786332409
-11.02325969877504
15.97565403293494
22.6682217655585
1.04845394447871
-12.85368071968978
-5.578815372040305
5.745284553258413
32.74419827886648
11.59858137211646
26.99891373142914
-1.830421022723486
4.429832824024851
6.692567732342958
25.32175432191949
18.44807793032061
18.22948701144337
12.92477807113623
-27.97717577640451
-34.85085216703048
29.08856181607349
14.01824509815097
-18.8112689509925
0.666500619092035
19.47776957114414
5.575634915379714
-31.60093965556515
-12.97175307233353
38.82946093418973
18.62918658994617
-14.65095352690463
-13.90213466235947
-6.873676391112236
51.80121400652342
57.06573759252732
5.264523586051249
