21.81002336385728
-11.4882093286519
4.121448551236853
-3.292274810053355
1.964429321574713
18.91109509782403
-22.49383557885733
1.364637818050219
6.31102734277135
4.58732574718318
5.712132650549714
-7.129004965025276
-24.69955560264944
21.44818312757564
-3.332709440083454
21.14919694123156
16.07183586904796
20.84609784042575
-21.51889446055458
-5.156568607149893
13.11299905942918
-13.23563720416223
74.86571859421608
57.02149869063139
73.9297186303417
-31.61018069741105
-27.81518647169369
-7.820708210850006
33.9051896720984
31.27006575977045
7.855434910709416
-7.361660374454984
18.18348311670128
21.81531688813797
-20.44291506531627
-21.43489417073356
-5.95777920007732
-4.479021628255388
15.76623005431033
20.94108991888426
21.14272945431834
-13.08658265187401
5.267380111276614
-9.454748871632638
15.83100533163834
-18.36992158950407
-29.05154555298548
-8.670582320183181
15.76093640989129
5.422138690310995
16.86119793193587
24.00422643738339
10.3785248146768
-5.077361072178176
8.787131152055352
-13.62570162287721
-15.21709528532812
10.32804820615573
10.16635865474863
-15.4558859168661
-10.68162397189495
23.79206027953212
-1.368450557673479
19.01251266741113
20.18440763426174
4.749342381926378
-15.89880803412566
-21.059171431062
4.774261974982092
20.38096323124388
-19.6907208567961
-26.00266644780431
-15.87534934822552
4.063816312232388
19.57668489396863
-5.311724087762823
15.22798671230056
24.43151872823671
1.171894971009319
13.06511938386837
-14.21902012561385
-14.38070968169801
4.134942659844737
-2.941650441709621
24.0741083103153
14.18111606072392
-0.1616895533133955
18.3539627837668
-0.9919791062731049
-11.36639934253036
15.96389343883952
1.100261523536194
-14.12819480778037
1.491305727219467
-16.22222337250383
6.785531512293058
18.31634842662415
14.04574262643587
11.43905924102386
22.26764463881435
12.63328215121766
11.89322441026117
-15.43506525092264
-2.613980067855807
-9.634362485120127
-10.3744202324053
15.47711496921147
1.747429997467637
25.11147745251482
-16.58002287391071
14.90027602102861
-15.24726221582629
23.17845354103551
13.36362223574946
10.34526034345434
-14.61618331289609
-28.19832812803833
-16.16119669462149
-6.371050464450064
-2.378842743722482
-16.58225189445776
15.3529587895717
18.53488357708493
-18.32745287032181
13.15284602193866
-14.82296862755884
-2.783733402185783
10.25267357473087
-10.21120143000227
21.72400925402882
28.4626804278728
10.74915132688405
-17.29680868482951
-4.260401706893487
-10.24262018714358
9.508470720410937
-18.69999852290773
-16.4602625798048
1.33276065781413
3.504484242557339
7.211673999940443
2.239735942844352
20.0327591806291
-19.47792840877327
-13.43647641698829
27.94429720767323
21.02092573783107
27.29887588517018
-11.0178184871559
3.474458417557801
27.22706116676187
10.59281788122905
22.52947516988282
-23.131117171635
-4.728901629319863
-14.20340915074059
-2.094028564310247
-17.10358159760898
20.91372632126442
12.82108518020404
-20.64815041509116
-2.90017244718112
-17.71352910013647
-18.95420970799929
-6.206701512900009
12.5544369004912
14.26522327752213
27.96924332800556
-15.00955303322363
7.615481601701246
19.65471682370756
8.418496645074441
-9.319321784565322
-15.00795118669857
19.96474681858281
-21.71766435227364
-2.658685969981303
12.03923522516726
-22.62343278904802
-11.23622017933856
13.03640697742642
7.05418849811525
-23.60875556296504
-0.530623878912756
18.39873476801314
16.38140674292922
21.99348648380506
18.29040867763408
2.923484309402862
-17.73781842888249
-11.48521294083697
-24.66557979085354
19.75109090867583
9.799246663376815
-15.36692436821022
-9.951844247036565
12.74750819718849
0.3418809575903082
13.08703573353946
19.95431351836286
-12.73964162883579
-17.61524812583551
1.314110538671123
-16.60234001251032
-9.735062232359351
-6.648142331837303
11.57314264963236
13.82378246231957
28.50648502236729
12.74515477183927
22.69935244817995
-25.16617103156573
-13.0815225822869
6.867277781806542
9.954197679624963
21.28598363900931
24.01622039591938
-14.55643294741907
17.65421486509533
0.8819626908365673
23.07813171682758
6.15797861829771
-10.47626465266712
-18.64020298319954
21.30820488365769
21.23181007909512
-2.885244666200233
20.47192479219703
12.0846484557511
-9.71111122239636
-14.40869725186435
-4.875606492860679
-21.79575966816403
-16.92015313130449
18.92935865568935
-21.31989429732338
-5.688629401484754
-21.94485591345677
-6.927761358684266
-3.427713483838114
15.63126489671865
-13.2425447818891
-20.81832937875379
-0.6249616198423436
-16.63424327096471
-4.697586013173594
-13.18036685164115
-27.25837680850201
19.9391656525262
-17.88478528193032
-5.732658449733836
-15.62565069789194
17.68738128441986
7.535326262840598
17.84281969521215
-22.53609714781564
-15.33626306480759
25.50469074980244
3.519517577216015
-19.68496121344516
-14.8636319169486
2.259134585063257
25.42011154699824
3.257803096920042
-29.58137387533201
2.887977217317813
19.1174913779657
-20.31549205816025
-2.017328028629236
15.75495832050704
5.612079745202434
17.77228635268157
12.16020660363668
-26.34863626359127
6.041451988022078
19.05897838143646
-9.814831299349525
-12.83319319874641
20.91126342065943
2.036618238336508
-0.6454213198345164
-24.4698387906186
-5.160363403046556
-18.87464518793346
-21.55668473222233
22.67427145183716
6.277950146573289
16.36232585363332
-16.39632132272567
-6.311945592379653
-7.575784596309403
-27.97980555002034
-3.631768773187259
20.19336776245944
-20.40402095426649
-26.50645703743054
-6.362005532270383
17.46313098175498
18.40221554930871
15.43839563825492
1.856250822462534
-1.723701572829861
23.82513653491964
15.01709455426183
0.9390845745469242
-14.07800996991517
-13.58214481613697
17.12276650280876
-21.09680115105576
-4.163458774102622
11.95780603574879
64.99160799669413
20.73835886161736
-3.579952397805356
-2.455145470602699
12.03713143518763
1.124806926124818
14.49227690521776
16.93334237493115
-0.07639480578160564
41.83516001572847
9.676096252780471
25.28575416835348
15.51286857484177
-9.892992248874826
23.42003973745758
-17.68857481262007
2.851135951636711
18.85578064956649
7.907171154694409
-4.348698165903705
15.60965789773106
-21.98517319304659
-13.79571557085364
3.794994225716877
20.539710804802
-10.94860950599262
8.189457631960639
-17.35305201332437
1.785015165837551
19.37572500495025
20.32166427098037
-5.322556364953722
-17.197613596608
19.13806717014415
0.1554384154300724
17.59070980633809
0.9459392598546376
19.99447827153782
-41.47493407839713
64.06380011614988
-38.9150563848124
-21.38623588950146
13.73399416596698
-12.7931993406352
-22.87559156632537
-0.9897567571557141
19.39067696015405
-23.81332980809147
34.71755946288327
19.048539013429
32.18387630109077
-25.64422063498285
-11.02013046814084
41.72589788625422
13.13533728704146
-21.29779813832557
-4.209736241813093
21.62144079344228
6.059612386620403
20.68370255332116
-16.12293827684105
3.181924788758156
17.08806189425917
5.174859863453157
-19.00090400972113
-5.094766907108419
20.73641012419272
26.80937696125849
10.60452374783907
-7.470087091913151
13.90613710425609
11.53081691715486
25.83117703198057
21.88583480721345
6.072966838423585
-0.9377382402563564
-19.95174597685311
8.429111359354891
37.04398640317112
32.95663804858293
-10.72457875290474
-26.09771601182364
-18.36387022678419
-34.17673819489284
-6.569074115344438
13.51607871791574
17.34344599318877
24.82125955800016
-15.81286796930257
35.70731621992055
27.6076640795462
-16.20485321327357
0.4011482515395913
-27.20651582747116
-4.667082761408746
20.08515283325823
13.93918279579642
3.697719094501123
20.30372055851431
-14.37689174592153
-18.6474975459416
-3.232691119467504
17.3055409939912
16.60600146466691
-18.0746108398108
22.53943306727803
-2.998179566789522
-4.27060579983222
15.41480642601557
-37.52422398439221
-9.694376415405294
43.2879999177735
-1.01934591933472
27.35855670639916
-20.96973105035079
-7.265710997282731
-6.28702849532726
13.27252111598711
20.87262110031433
13.70402005325814
14.68270255844739
-25.5376126352826
-17.93751265130532
18.56736541666535
18.6062655564211
20.53823211339433
27.15964959653705
16.12126480822273
7.600099984683658
27.82984756783739
-11.03838479038848
36.50487806651429
-38.86823235593545
37.05293312122662
47.00474657600363
14.1655696026192
53.03380195887477
-28.59056060304765
2.559877693583843
31.15043830160309
15.32688250246535
14.62409016677139
-22.18255066549655
-11.87505723127602
10.30749343459894
28.38085733782601
-6.14597003699829
11.30518084027417
-15.79588469376737
21.32770930104972
60.88248691544947
-6.996998460399922
-40.3493747649271
28.12323159946956
-32.87156119541559
28.61487504620609
37.12359399343293
-17.07567649990564
-47.62745466874776
-39.11873572351772
0.4360418911168739
-1.764853943035658
10.05440230253066
21.8028880631957
8.508718945843096
-4.087348352748919
45.86260072570171
39.55477761477361
-17.57055063764009
-50.32980595018236
-32.75925531555723
21.36684616732252
-9.775508119384883
-28.01151219216945
-18.96334905891372
3.947427948447157
17.69453096592013
24.59228375644527
-26.51496324944699
23.43498582769772
-70.19618005024275
-41.30087160361752
-0.3363381701447138
20.90173396186151
49.94994907750186
-43.68121680115323
-2.533251861950432
11.81925624507792
21.95720698186098
12.48532459015322
28.89530844824301
-15.41203739423342
-15.37313725711622
-44.3073458399194
-15.92944320961729
40.96453343335063
37.07025967654792
0.03890013907439459
-14.34173032115095
-18.23600407647473
6.896341809192701
24.26495067381317
27.47003908598693
52.9997028844881
9.951813455323572
40.08059321797525
-3.894273756784019
21.23807213180373
-12.91910966519179
9.048163132967048
30.12877976210514
-32.83917697276939
15.8596882797131
-3.520827986988404
3.089606605630611
-17.78991946995028
29.79035765802436
18.44644480646101
-14.26909148347167
21.96727279593716
6.381018342246279
-12.38392550960209
-15.11360806080738
13.84126177062712
5.531247745135475
-21.22337517323031
-3.307615513693602
22.6390756763115
-17.96938219513208
-25.46397462175662
-44.25324913792376
9.265881815644468
-30.00202637098828
27.93129934049469
4.727830065384459
-27.70803442071953
-2.240649587403159
23.08524592881571
-18.78927451829711
34.72985643587369
2.293991951099353
-30.93353268722254
-24.1170547464505
41.91155482307511
-18.39802348515985
29.76729665843499
-38.5088428671455
5.719031262652852
-12.14425816679445
33.23673461971237
-1.671779966351221
-20.29256598718196
25.47630171929332
44.22787412970698
87.16535583535826
-37.10904023722961
12.33296911897184
-20.87952607507069
26.70075105326689
-17.30080305249674
20.23596781970801
42.93748170647466
48.16532014446579
17.3686088667429
15.01857644958002
10.13795073882618
19.72706964136909
11.74848576185265
-9.471882388789192
10.69744422033634
21.20582748181243
9.589118898405493
-22.51092262203823
-10.09757667583632
20.50514978732605
4.724230133374002
-18.4176394391964
16.22951416140356
-23.20346927461145
19.80823718565754
-4.846053412842787
-29.63377217219145
7.902998700500557
26.66931786192158
-13.33129931644491
12.77434654683343
-49.01074353221795
-3.059451152456143
30.12896012433329
38.84043009619648
45.48308351849668
25.39051129154504
45.95129238048808
-17.84421990429922
25.46738483414665
-12.12885181851796
-38.45536307612124
-33.22752463843025
25.3258955171143
-37.59623665228709
-17.03545555905158
16.15295572291025
-6.464783233126301
14.29654670341723
-11.34391285429716
11.56686415207215
-24.65429059953989
-11.91061304853061
16.3024728563637
-18.76494384876347
-6.022306752690372
7.46024342581379
20.77805733482434
10.93576456969002
18.76631916171293
20.76132993494854
-22.87582616867793
-9.543036624141148
20.42436183878328
-8.630073036060795
1.995010772753649
14.73764786867291
-13.89497131507941
5.005676794608489
23.91679801374261
-1.141529805014895
21.87535507030278
3.273589434374758
-23.93897707233096
-22.2471091237265
12.74367755204842
-9.17293979489874
28.21308590642806
-21.91661734768761
-6.562493953370268
7.1075065898504
12.74263709589843
-2.729682550593828
-25.05832781789895
1.047318046861576
19.94796615584775
14.80255597864006
-2.041442944274315
26.10564586482909
-21.10557931982067
20.56078109292239
-43.23473119671752
-26.32651125758729
33.18841128035341
16.90821993899733
15.35412339549873
-9.7319710740851
9.018071937986463
16.95807132127285
18.90064810905506
-5.145410176985314
19.20945364175663
18.75004301182116
-28.80837077082837
-19.85836549961049
-3.429151205530752
-16.29007403739062
0.7754391655861813
14.49182961645881
18.13027088736871
-20.0098177150033
17.79951274783741
1.078631963793949
-15.25984722099882
-25.19709225112939
-16.84399892236019
24.35486381821373
2.99838770840152
20.06390091132104
-17.54645727625602
-5.187274536126328
-18.60176563556953
7.324089894951734
19.84238662932126
17.25975446587648
8.884537401214862
29.88912414733895
-7.760432900418921
25.92585553016281
-27.21256650681844
-0.06448482120485535
12.62936968146284
27.0206238636763
20.5932622716235
9.345370016583034
18.29537528891861
21.00458674637024
-16.64497031550896
8.950005271776721
12.51829673443271
-25.99034034596699
-17.06247940971232
0.8585014086756082
28.6617424721178
26.73746458232159
-5.595134501123922
14.29676662217524
2.709211457573502
16.42921429334029
-8.043465892579848
-7.487140645179871
-17.32943341016141
13.27513147937892
14.32155418077848
15.52557848928731
13.72000283475108
7.963892594884574
25.18734773643774
-6.427361596776788
20.97993331819118
23.85847339338977
17.92098082142171
11.46734490386014
-0.4594106304835595
22.84507893400442
-4.290962906364007
16.76655626714832
13.06386881504356
22.91077700561787
20.64485580742761
-20.7854265736902
-2.96613238869228
11.75488574104839
23.73225005157882
-17.58033815858748
4.113355728116037
-10.68258536638682
-2.350032419897724
17.81929418580404
3.205088414296279
20.16932660702781
10.50838325787757
14.72101813098411
4.212634870741963
17.59894618414659
9.278883391407952
-11.61670857853419
-16.3690246408019
-2.982713306192871
11.83909358990415
7.121406870059331
16.22250930811049
11.9773643100453
13.3863113147541
23.49043152069407
-19.61889432427241
11.51306721646609
2.495187871220366
24.6608155564261
6.897752791207292
4.093283205032115
-16.80230870041848
-24.78089256805333
-18.62078602094141
-11.9781325968603
27.14808168572587
1.691867949112585
6.642653424191478
13.67000054440181
17.22596689758361
7.939999382505427
-6.078522666719534
-9.781210119219407
16.01076984250633
16.28649740622392
27.40729494710848
17.22345513950002
17.06551320294844
17.3548317209074
-16.36140876728081
-9.875481703331305
-3.043594853897017
17.71867727007321
20.873862132532
12.23860049749037
-15.89198154144623
-2.744233209067884
8.993938228294907
22.5223845966946
7.860617906857406
-6.790879086045781
14.82180685265368
-8.320062794580631
-15.78091966577027
3.25399298178797
-11.39750397317444
4.383415702131387
-20.89559194870384
-14.45688811861599
-10.81844683977072
14.97353312560893
11.42207505007439
-9.285967516699479
22.36502007280671
6.485927065079647
-8.310014026976395
13.31781391068875
-14.79594109279951
22.11408219727266
13.14774833654987
9.10110244400027
3.638441273289145
25.87896317309049
25.79197996211578
-20.54582982945037
-9.44876593220186
10.25715274728257
-5.088573776149115
12.61876390469426
-1.92427788516317
17.44041004910436
-14.36497585457554
1.101930815801704
11.09706390534127
-3.551458079934686
0.2757275641018842
15.45725604474039
-14.64852197452678
19.7059186741985
4.716165987680307
19.36468794769956
-1.731128173535005
-16.72088079860698
11.601661343285
-14.98975265798093
13.33278954453686
2.361611143229256
14.24575318669208
-16.33847921916287
17.52882049992423
-15.82355580410892
-33.35237630516018
35.12023005766905
7.477813567161461
5.227838437706931
-7.978583883562822
-10.18383982114618
9.708061308545725
2.878540098553942
15.23772289908114
19.89190112431607
15.46690667560496
5.529661567960787
-9.937245068887419
12.35918276689207
-9.842292765057936
20.76227212426463
-19.33447418123349
-16.17928931127027
-4.184450333059143
11.96123343944535
2.883112588163236
20.3415882111668
3.155184866833967
15.15002385124067
2.250447008866808
-8.635261634111963
13.5303660542348
19.06240189809512
-20.69786058580391
-6.594259418019679
9.551424364416325
-5.516332117901691
10.63085604865867
-19.49383626597162
23.42488198825526
15.18152847592078
1.204024311975254
22.16562768741722
21.74956070275025
11.73817143888659
5.532035842810566
16.14568377645251
-12.89957684416555
-21.44271825112324
-21.31935254020759
40.44660935950608
-8.3943808730103
5.623637130074218
8.380354775835782
19.45233303857023
13.87345762367667
-29.05443488154442
-18.10575920305498
0.1233657190063256
16.14718817457894
17.70733766557738
1.560149479191004
12.79402595041069
24.39296727625997
-10.01138926164838
-16.217524859474
1.240950760672187
10.65209296906532
16.22780247972718
-22.78993771977271
-22.40782954203095
31.4782601466953
-0.12185784620722
-21.7414288259761
13.52844637372089
20.66348222641948
-12.9278134446903
-18.50668886781199
19.81650384165817
-6.907747537339337
11.32137743101316
24.24634912491775
11.88414209753752
22.83281778852126
10.94867568777757
17.45847562217655
25.94669119029738
7.135035850230292
-14.66176668512794
11.07197826263811
16.81730926109005
14.98685172108535
-11.02338014767509
15.97560614152384
22.66807989486121
1.048508891006909
-12.85383768516394
-5.578875416980541
5.745330998548656
32.74431728020728
11.59894133168225
26.99898628881973
-1.830457539830985
4.429845293852987
6.692473752958461
25.32097338516699
18.44786330747373
18.22912495327029
12.92497168055094
-27.9498621535384
-34.82297223003671
29.08046559056753
14.01801800334201
-18.81165535334898
0.6664007189504672
19.47805607360607
5.575709508097966
-31.60011800138004
-12.97161837717576
38.80200523542334
18.6284996326816
-14.65149697393285
-13.9023465738284
-6.873110077095504
51.77362361259979
57.03032774416702
5.256704131625122
