21.80927617863204
-11.48795507178041
4.121358643122284
-3.290846630736189
1.963001142257516
18.91152471870011
-22.49409412107875
1.364668627657749
6.31073196653205
4.587117315564669
5.711879668409739
-7.115979619796499
-24.70010845971596
21.44839329850754
-3.332825407656738
21.14892059337675
16.07174965403248
20.84588750368544
-21.51891805224735
-5.15637924954263
13.18383108870113
-13.23269079485608
74.94756246972692
57.08831089355363
74.0131471659555
-31.60480337214624
-27.81045355014196
-7.819019155231094
33.85554383466124
31.26869721326145
7.855303402388139
-7.361762494167936
18.18288980397816
21.81403936053814
-20.44213930514633
-21.43407280924934
-5.957523900922669
-4.478848130970841
15.76558187665284
20.94018295939087
21.14224771891203
-13.08580741873928
5.267347737717667
-9.454657852723415
15.83063746886178
-18.3697281397079
-29.0512418490219
-8.670438594112088
15.76049317430712
5.422101642972365
16.8606850213312
24.00440274239949
10.37848056809514
-5.07717093933499
8.787336845669451
-13.62592217448416
-15.21706589673013
10.3275864017642
10.1659076057482
-15.45565153967985
-10.68151371838553
23.79182978234199
-1.368462704455696
19.01234054208805
20.18419257689472
4.749269383779436
-15.89850614487703
-21.05885181619076
4.774137853543866
20.38080325319324
-19.69038909388778
-26.00226675347372
-15.87489998673613
4.063640259887819
19.57570516241477
-5.311610212551845
15.22731909183586
24.43093176656756
1.171852039235182
13.06479672427862
-14.21840650248204
-14.38008530364144
4.134748677892889
-2.941501927221462
24.0732889138589
14.18063550151502
-0.1616787981256843
18.35315517859478
-0.9919335048476851
-11.36613504043708
15.96329117586027
1.100191848720322
-14.1275733458349
1.491216245856281
-16.22151590682288
6.785260277038641
18.31545271380124
14.04509453893398
11.438583377616
22.2671462098931
12.63306149711251
11.89294468225457
-15.43492319158466
-2.613969369789719
-9.634084710195236
-10.37420153161403
15.47654890697049
1.747388524845737
25.11063361537607
-16.57978083237869
14.89979646088678
-15.24703086344172
23.17818530109187
13.36346093294477
10.34491933710339
-14.6159651916136
-28.19781806517491
-16.16050558900464
-6.370792936120263
-2.378750918255511
-16.58163008931576
15.35231284124975
18.53408270523792
-18.32716935609905
13.15240793437501
-14.82273823595253
-2.783683548528285
10.2523557781147
-10.21083715306757
21.72310577730223
28.46143988487225
10.74870773081391
-17.29632036440059
-4.260281036592635
-10.24229518886648
9.508103914032098
-18.69978183385775
-16.46007965080278
1.33274996873213
3.504431119925345
7.211577983244159
2.239702182772534
20.0325318024885
-19.47770885727203
-13.43619754653285
27.94335699687511
21.0200686204388
27.29795402850417
-11.01765376644574
3.474628624060224
27.22661080658718
10.5926665983963
22.52912477834257
-23.13088108016049
-4.728877287296068
-14.20287917118801
-2.093942560500949
-17.10293132723609
20.91283362401339
12.82095381870633
-20.64777552773564
-2.900052156285214
-17.71273215316606
-18.9533359714043
-6.206510866534821
12.55387829432532
14.2648599133416
27.96805568144249
-15.00898876676702
7.615392089708599
19.65444677358459
8.418378727355698
-9.319213144035533
-15.00777221939141
19.96451076670453
-21.71741104085621
-2.658653542815861
12.03905468720294
-22.62316430991705
-11.23606804691916
13.03603932722554
7.054025176029815
-23.60853618679186
-0.5305887003628599
18.39831358593245
16.38103962357752
21.99286846769165
18.29009322313974
2.923437127941275
-17.7375918705815
-11.48509201447841
-24.66526625871576
19.75039910412823
9.799028081977857
-15.3666560951963
-9.951371023972523
12.74682510704563
0.3418658840982364
13.08635295271286
19.95334691195944
-12.73934930444057
-17.61487618501772
1.314026120086365
-16.60148276844089
-9.73448881396852
-6.64777369297593
11.57337218387793
13.82359709061547
28.50731777989832
12.74448706422737
22.69819613517485
-25.16568417717167
-13.08121518404278
6.866993956150304
9.953709074381639
21.28569925673182
24.01591176148622
-14.5560197538854
17.65397859966469
0.8819507832279593
23.07794752166053
6.157962409899435
-10.47598178263351
-18.63932079563603
21.30786099949434
21.23107081763413
-2.885023116697728
20.47137078164577
12.0844690000375
-9.711043080999096
-14.40852914423657
-4.875526876081244
-21.79551207037061
-16.91998514699192
18.92890229570541
-21.31964228343815
-5.688559074538579
-21.94459452668739
-6.927674384609332
-3.427674286427402
15.63108320980596
-13.24239864693248
-20.81807629418383
-0.6249522472238912
-16.63394419253286
-4.697486045741109
-13.18017424605428
-27.25800207562573
19.93854023810088
-17.88407011272819
-5.732378603035785
-15.62503201403175
17.68638851054938
7.53496097513198
17.84180645850308
-22.53462754725932
-15.33522980032839
25.50256938255768
3.519298881221655
-19.68361583540946
-14.8630993287677
2.259038099706512
25.4190310901755
3.248223164330771
-29.52288777555648
2.89049373195518
19.11570915727679
-20.27105521431923
-2.01727396617938
15.75429768270122
5.611828848768435
17.77157165270497
12.15974279981603
-26.41652188355711
6.041511306573649
19.05875749713947
-9.814724361787004
-12.8332659651902
20.91147380997991
2.036696542998006
-0.6454029655007562
-24.46872837335011
-5.16034567788064
-18.87477727296529
-21.5568767666025
22.67441647028354
6.277885407237981
16.36253880295031
-16.39653108180497
-6.311877661058868
-7.575677646628409
-27.97942612604222
-3.631720656287979
20.19312405080371
-20.40374848003695
-26.505424925432
-6.361933163382958
17.46291152048345
18.40200380038705
15.43797053711259
1.856117662847012
-1.723614626495892
23.82484470631223
15.01692014153111
0.9390922874258354
-14.07782784358317
-13.58185287463446
17.12213742921294
-21.09709928295351
-4.163153682738185
11.95231752433272
64.94322831239765
20.74287067866767
-3.579732292043681
-2.454969913570821
12.03731247808124
1.124762377316586
14.49228239104219
16.93394559820047
-0.0767901830685514
41.83996996466941
9.675981530842027
25.28529528408653
15.51206489507789
-9.892653411670009
23.41876711713295
-17.68791753550941
2.851011730415117
18.8545286896498
7.906702213544219
-4.348386053646265
15.60931373407378
-21.98327052333084
-13.79445198033726
3.794349822003788
20.53892930949642
-10.94782648803293
8.188818553494199
-17.35180591086041
1.784839174926239
19.37364102297729
20.3196362629392
-5.322132879727807
-17.19638795665254
19.13664507612737
0.1554179528662582
17.58880181284149
0.9459952333150323
19.99143440641678
-41.40876558672485
64.095597010917
-38.85415072438958
-21.35588327680957
13.74508752000999
-12.79006396247578
-22.87139228433773
-0.98896036794034
19.37946458129666
-23.80902738563121
34.68651163490892
19.04543917496827
32.16952854406519
-25.64176914174086
-11.01896342377148
41.67456299345331
13.12408936844162
-21.29651030319218
-4.209451185989434
21.61963215379398
6.059191336175232
20.68199705415961
-16.12190922366038
3.181769865182583
17.08705911492798
5.174601081539174
-18.99975358271328
-5.094464335843029
20.73461899985448
26.80692157968145
10.6037382803046
-7.469561142361358
13.90528924855094
11.53019243965557
25.82908333638233
21.88243191442932
6.072302581196638
-0.9376350997681349
-19.92421147159177
8.402183904672881
36.99818472962988
33.11233920289078
-10.75863543655082
-26.06024540195978
-18.34834256877691
-34.15847190132842
-6.5657801270509
13.50426572740152
17.32712943401246
24.79255924623567
-15.81012933375242
35.67547200273663
27.59269177426942
-16.20318329922233
0.400454341496272
-27.19223743223023
-4.664441940153099
20.07004585444469
13.93401192157465
3.697270921078061
20.30090856097552
-14.37602850222711
-18.6463866768712
-3.232209290759994
17.30241724703588
16.60363764056371
-18.07329942271172
22.52779549328651
-2.998491316196664
-4.270358174473784
15.41417738563551
-37.34364709262464
-9.702722079848984
43.34747106671423
-0.8467634580044925
27.23612466985457
-20.96864423475643
-7.265448464085981
-6.284923550478044
13.26917807349388
20.86257020801844
13.70319577086808
14.68372068769374
-25.52628681069197
-17.93289467650323
18.56398896104261
18.59845386093816
20.53462653771312
27.14749375938477
16.11547120544936
7.59339213488904
27.64092501161992
-11.0320225560024
36.49688363608316
-38.67294756532504
36.93884674911984
47.0890741613953
14.31796322036312
52.9909107860014
-28.55047362911738
2.554614862334406
31.10508849678575
15.3070470533328
14.62280571797691
-22.18110056200626
-11.87425507662238
10.30684548568646
28.32639537788819
-6.136033932401029
11.28829351901883
-15.77838439401269
21.32482150766295
60.88174428413915
-6.985607172028364
-40.28191607392557
28.11536362947594
-32.81648625701214
28.5960008273507
37.10320590028721
-17.03810186122823
-47.62824155785916
-39.1210364869314
0.4358862897782793
-1.764793075386184
10.05446677239541
21.80316935203293
8.507205071548283
-3.885845524896438
45.86344848245947
39.55692277685107
-17.58412883993542
-50.35050949090652
-32.76638065421368
21.36728305715704
-9.775636307055766
-28.01529910700796
-18.96634821265085
3.947520125126347
17.69502845796814
24.5929613200652
-26.2798315087288
23.46946249731346
-70.15080614746886
-41.29264647983013
-0.3157616320279028
20.93595051649766
49.74929400640373
-43.87097463910175
-2.533511976926428
11.81925984727031
21.95731295514377
12.48524834926656
28.85815966925139
-15.33607486084675
-15.30160996360079
-44.19423452753581
-16.11134639509722
40.97688484767485
37.09220014499678
0.03446489920841596
-14.35497810249162
-18.2396628036824
6.896734044363301
24.26552435398113
27.47066476569578
53.20354653841165
10.15022741282733
40.28287267853334
-3.884684702654443
21.25171214831849
-12.92067385855191
9.048950894055439
30.13264526515406
-32.77111094041093
15.86748599161915
-3.519807576335907
3.089141078983204
-17.78496685042976
29.79456677529468
18.44981717155083
-14.26515927460905
21.96962475038037
6.381199443250832
-12.3841511006216
-15.11410094180899
13.84155811981665
5.531340251083903
-21.22341952221164
-3.307616293986281
22.63914880361409
-17.96945248000393
-25.42587056561867
-44.2003576365697
9.251832559703336
-29.96100140899098
27.87825066118362
4.716701715289675
-27.66886916498114
-2.235462825026785
23.03919075517845
-18.7744870730734
34.67770312378799
2.29213224483336
-30.90999190974667
-24.11609393547977
41.91676014929585
-18.4235393723203
29.78125531689335
-38.57626468328736
5.692554564513973
-12.13550483454981
33.23911910845455
-1.672124869935687
-20.26384104224568
25.47739271376832
44.26881924770205
87.24583796170268
-37.09932335571838
12.33425587480478
-20.87410792889733
26.70542569717583
-17.29983809208984
20.23913784955952
42.97701871485282
48.20479469007709
17.3687903117573
15.0187603236395
10.13805310997563
19.72736781197861
11.74870258088133
-9.472064602915218
10.69763895478368
21.20621619049361
9.589314697490201
-22.51119851962457
-10.09765168128955
20.50535775235372
4.724246401656899
-18.4178361521045
16.2252154260715
-23.16154894540155
19.7994852645497
-4.839059907161689
-29.63409396760326
7.904881974520954
26.67508736334132
-13.33279759179273
12.77695476934832
-48.97943749968009
-3.057727923765008
30.07876861056777
38.77390808124741
45.40670449764633
25.38236819390866
45.92170957670582
-17.85925157694444
25.43340634077755
-12.11311662956089
-38.42990012958503
-33.20212415468107
25.27465358109512
-37.54652296995395
-17.00718158253967
16.12931495733978
-6.466287847169194
14.29906857153114
-11.34474960648365
11.56911873022705
-24.63854517274931
-11.90821395644967
16.30129637635355
-18.76535054071595
-6.022398012039737
7.460358673904153
20.77837356021883
10.93596232845959
18.77020538912772
20.7653564170864
-22.87664954176246
-9.543521764573025
20.42332062040981
-8.630420838843053
1.995151027464291
14.73810355590116
-13.89813259396693
5.005891570473792
23.92062482062066
-1.141846576122738
21.87932803467159
3.273756498138254
-23.94017111588932
-22.25281616267844
12.73033121733715
-9.14533862445027
28.20951033429596
-21.87566984253407
-6.547733955224743
7.098540749876809
12.7429525284659
-2.729949840561517
-25.0624713958812
1.047280966799502
19.95130513050861
14.8056307313287
-2.041296786731744
26.10975236276072
-21.11096958779581
20.53934138708847
-43.2416197717879
-26.31678349999748
33.13649653815333
16.92483627163222
15.32793588851652
-9.732211985398225
9.018270714179458
16.95836033930196
18.90402416378938
-5.14567439892101
19.20992615548703
18.75048269926952
-28.80968774359846
-19.85906381327429
-3.429233832761001
-16.29068856182379
0.7754302983680128
14.49205016620178
18.13052513119185
-20.00956244307225
17.79990634304251
1.078783688860742
-15.25970649094281
-25.19692697380514
-16.84692751746762
24.35560055380406
2.998440451412735
20.06455931171252
-17.54685608725956
-5.187364530733112
-18.60557153610439
7.326368784493635
19.84536796737666
17.26521250456926
8.886945006886867
29.89485732851411
-7.761726394686081
25.93194032016914
-27.2139276141404
-0.06441003046397836
12.62964482394518
27.02113670082677
20.59369480218228
9.347678913428249
18.29830284483717
21.00791232187921
-16.64867141646962
8.950623930866538
12.51899918289854
-25.99635034479441
-17.06276990562988
0.85851408933982
28.66200685834878
26.73769988959639
-5.595256424436373
14.29691962128132
2.709609477188792
16.42982997962649
-8.043544166204544
-7.487228694538595
-17.32963992610894
13.27527321336651
14.32168997906985
15.52573211059058
13.72022050128863
7.96404998332608
25.18773397497637
-6.427441903733544
20.98016063754323
23.85876274495372
17.92128399829736
11.4675134760431
-0.4594434568500748
22.84534188130898
-4.291041241487052
16.76674192450896
13.06405359123005
22.91386833596794
20.64544119435522
-20.78587811124162
-2.966204548833876
11.75508332041926
23.73260140462338
-17.58073769653426
4.113431792033129
-10.68280483265625
-2.350029990885604
17.8196735632606
3.205140413854161
20.16970355553492
10.50857723181242
14.72128787053829
4.212710636197237
17.599198963465
9.279014461085291
-11.61690148776918
-16.36921480827155
-2.982726458258059
11.83917171804355
7.121475371601078
16.22263787858172
11.97751808362871
13.38648832867122
23.49069019042181
-19.6191696135132
11.51317211307102
2.495207764250873
24.6610180306365
6.897932862769124
4.093362391380925
-16.80255348820551
-24.78121870658559
-18.59171617242928
-11.95891975411405
27.14951758378886
1.687354953823288
6.632796418434278
13.64627470630849
17.22618538146326
7.940089624230966
-6.078599956774427
-9.781288290220552
16.01088375454716
16.28663418792764
27.40760257580435
17.22368398944522
17.06611886024606
17.35509483206213
-16.36164381506849
-9.875625064113148
-3.043628924277239
17.71887298292756
20.87408918463713
12.23875231941044
-15.89209233137057
-2.744246421953772
8.993997385627802
22.52251870657338
7.860682511529832
-6.790929805751605
14.82189812962404
-8.320184504365955
-15.78111136340364
3.253967046171683
-11.39764523037836
4.383466143255783
-20.89591592605231
-14.45701441074891
-10.81853943740387
14.97363261106212
11.42217138425794
-9.286095758969198
22.36523414467628
6.486018751985506
-8.310217870195073
13.31801488806361
-14.79623662296529
22.11437737974088
13.14784591389768
9.101162513368681
3.638474967438975
25.87918579967957
25.79217204506718
-20.54599499076008
-9.448853796366597
10.25716830676028
-5.088595165000621
12.61885220399523
-1.924306963795501
17.44045982848994
-14.36508724202425
1.101969596500545
11.09714120303226
-3.551461231476982
0.2757504337637978
15.45739981647987
-14.64860242291496
19.70602209745061
4.716164399481322
19.36476680676173
-1.731265037918358
-16.72112266982408
11.60186270949101
-14.98985766726002
13.33312777718953
2.361683881998741
14.24622876101921
-16.33849021674997
17.49826745253684
-15.79804144878651
-33.29630890254568
35.10097079916196
7.465429814568431
5.227775974930625
-7.978665235483456
-10.18391860087476
9.708257451751825
2.878602132520056
15.23809375397732
19.89217604682602
15.467056844126
5.52983627794937
-9.93722052451953
12.35949158529972
-9.84241123166478
20.76250190755504
-19.33462976601537
-16.17941355619078
-4.184487153166963
11.96131870682404
2.883132587317863
20.3417191410473
3.155216206344552
15.15014261618656
2.250458896132502
-8.635336864246961
13.53047340551133
19.06254614198862
-20.6980305485131
-6.594304678783754
9.551501191780288
-5.516381179317768
10.63093289816261
-19.49398840494091
23.42504819720963
15.18164937777297
1.204042135196028
22.16581026877871
21.74969209786798
11.73824380917286
5.532072735124111
16.14580586421387
-12.89968372204207
-21.44318202077749
-21.31955689658069
40.43606517976961
-8.394572551991486
5.623303476322004
8.380400438610627
19.45241737728166
13.87354700525165
-29.05374146645763
-18.10528997150368
0.1236251328867154
16.14731408605802
17.70744735257582
1.560133253839912
12.79411531060923
24.39312970850962
-10.01144828632286
-16.21761936222917
1.240967188537609
10.65213304110609
16.22784293164394
-22.78982201065437
-22.40766119056603
31.47783292972176
-0.1218946833557317
-21.74129912655565
13.52852132664311
20.66358132285313
-12.92778207540522
-18.50665245616216
19.81642756764681
-6.907638053322287
11.32127710076482
24.24626147403761
11.88454493712005
22.83299644548347
10.94845150491362
17.45858655280931
25.94676509791562
7.135059993572779
-14.66183618998136
11.07201693853146
16.81733796487547
14.98687574514886
-11.02337221273178
15.97551640532933
22.66792735016507
1.04852288109761
-12.85383442970129
-5.578870374192079
5.745321026483969
32.74420963648716
11.59901440414395
26.9988886176464
-1.830462219503631
4.429833917739848
6.69241094442137
25.32059626228156
18.44770995737051
18.22891513789942
12.92498435893097
-27.93987540045684
-34.81276170409328
29.07742328881339
14.01787602858456
-18.81170511861207
0.6663620671305617
19.4780671871381
5.57570988781481
-31.59972762218914
-12.97154231293012
38.79190860347575
18.62818531837058
-14.65161229691578
-13.90235730826444
-6.87288630427354
51.76345091640667
57.0172986893354
5.253847772990586
