21.81632424219324
-11.49052482665111
4.122263731405935
-3.301936518288966
1.974091029810585
18.9073282164385
-22.4909732090207
1.364366446265623
6.313002688026365
4.588723530411836
5.713827931827002
-7.212249242377869
-24.69460703799416
21.44562800657048
-3.331732941333225
21.15119600338459
16.07249784623546
20.84763860995208
-21.5186126378003
-5.157883853986862
12.51320407691916
-13.28335131078604
74.3646207958102
56.61509089576066
73.42239532762112
-31.65552221163856
-27.85532782763449
-7.833662035147714
34.2773557720287
31.28056904816149
7.856859382076821
-7.360564105205206
18.18821496735269
21.82475170967219
-20.44917432021087
-21.4414812747028
-5.95988087841035
-4.480410608913844
15.77164100826441
20.94865168188698
21.14708754526393
-13.092354085096
5.267834960280775
-9.455817338489519
15.83431788681906
-18.37144410536335
-29.05390197990155
-8.671677344322742
15.76431227521545
5.422480700736322
16.86510034615207
24.00319332197868
10.37890045748548
-5.078698157174455
8.785769834604169
-13.62429286460074
-15.21742348737462
10.33135558536853
10.16963194110197
-15.45759862919881
-10.68245787840232
23.79392480619654
-1.368372432476209
19.01385219987694
20.18604932296287
4.749876072115728
-15.90095938204515
-21.06146351180381
4.775140765335182
20.3822246351162
-19.69309107142316
-26.00552246405241
-15.87925258768591
4.065229752740271
19.58462536104994
-5.312769641403281
15.23347269555828
24.43598961779382
1.172197125377664
13.06756357421752
-14.22370430330959
-14.38542794901577
4.1364847532044
-2.942808303136282
24.08096708829662
14.18511500630792
-0.1617236447604458
18.36018905543605
-0.9923069561198937
-11.36842604183151
15.96876371372703
1.100788071007901
-14.13326611148145
1.491832765146454
-16.2280090646043
6.787987363886311
18.32455034761669
14.05210436195711
11.44261964579942
22.27148552727544
12.63496501197891
11.89536644756195
-15.43617325025117
-2.614078362595774
-9.636520513571138
-10.37611908271263
15.48160039423291
1.747739870667677
25.11812090579675
-16.58188586580197
14.90400513293296
-15.2490433728019
23.18020066006578
13.36466567316974
10.34752938626859
-14.61755778796173
-28.20153313234259
-16.16570283203163
-6.373133024758061
-2.379650687773598
-16.5872487948612
15.35838886043851
18.54160278912002
-18.32962573588748
13.15626526094354
-14.82473689882065
-2.784125992121892
10.25510129055633
-10.21411577094683
21.73152188572275
28.47256271079808
10.75272088057187
-17.30052552344277
-4.261298240757126
-10.24510122561314
9.511281026221408
-18.70163711706816
-16.46165265563775
1.332842492277668
3.504888836967102
7.21238472284255
2.239984461337108
20.03447960931305
-19.47950505310381
-13.43845073051128
27.95045475860126
21.02659032729217
27.30491263414913
-11.01880329206437
3.473296849812405
27.23035089326384
10.59393877977472
22.53204254299474
-23.1326437962938
-4.729104410098668
-14.20759810624369
-2.094742953221433
-17.10876207540761
20.92125347691405
12.82209488635662
-20.65083545292569
-2.90116397000128
-17.71984182965205
-18.96128168492604
-6.20875510295317
12.56027159827215
14.27181758974106
27.98285028591043
-15.01401912136915
7.616165159191383
19.65677606377736
8.419381483175473
-9.320142958202306
-15.00930219522476
19.96654149051537
-21.71948951402184
-2.658925862291074
12.04061090659879
-22.62546735389503
-11.23739458141196
13.03922728268198
7.055424297797009
-23.61055414321675
-0.5308649897464657
18.40179664083395
16.38395529175244
21.99755074264118
18.29281887931353
2.923850678197336
-17.73952444098419
-11.48614742278543
-24.66793568337771
19.75638225220406
9.800914064205378
-15.3689682009629
-9.955468189148434
12.75252658345951
0.3420393685273762
13.09214152257674
19.96156712170728
-12.74179271331156
-17.61801190604618
1.314649733613588
-16.60881872800771
-9.739393132843242
-6.650926101650298
11.58058004953607
13.82964659491304
28.52045687776852
12.75010215185929
22.70799477516668
-25.1698822650148
-13.08383208016928
6.869425596664079
9.957892625554054
21.28779643282835
24.01820557656922
-14.55903684931803
17.65573124046934
0.8820336016128617
23.07968916924211
6.158168479146568
-10.47824362732198
-18.64691738983502
21.3199731841691
21.25088181652546
-2.88664059640451
20.48057269450611
12.08605018829773
-9.711689735061109
-14.40999810127478
-4.876219191065158
-21.79773991809734
-16.92152070586699
18.93266163486814
-21.32174139257186
-5.68915923754331
-21.94680038497775
-6.928411240754249
-3.427981494766794
15.63258215572466
-13.24351647724562
-20.81997710490318
-0.6250589942756196
-16.63641210646841
-4.698308358241387
-13.18178826088435
-27.26114695762848
19.94448233659698
-17.89075604203482
-5.734956299767451
-15.6308083797335
17.69540751033301
7.538306247319313
17.85103083213611
-22.54786149223553
-15.34452704222274
25.52177809797881
3.521350611555062
-19.69567969176489
-14.86797564448634
2.259947663428895
25.42906229096999
3.364924746879747
-29.999461163722
2.871941587829935
19.12583625470828
-20.62454024552568
-2.017841350695984
15.76027679517162
5.613595452949514
17.77811814748218
12.16452269261332
-25.79655538770518
6.041054321606091
19.06056365118731
-9.815534983891837
-12.83267127469057
20.90979989870419
2.036074304547994
-0.6455421231789332
-24.47715790906882
-5.160504132701853
-18.8737255971899
-21.55534201780832
22.67316017992703
6.278322306516667
16.36072878392702
-16.39483788188983
-6.312431393293112
-7.576460627570211
-27.98222346175098
-3.632065191995275
20.19491811212826
-20.4057628342683
-26.51323221787807
-6.362474336749527
17.46450895685562
18.40353938952545
15.44107045093054
1.85709510627421
-1.724279146717007
23.82698330375964
15.0183891439655
0.9390304360000828
-14.0793587031695
-13.58397534483313
17.12792330911632
-21.10444242783929
-4.164565595230384
11.98319756896043
65.40582754539139
20.84580345145823
-3.581374254204947
-2.45626984135938
12.03583030111056
1.125104412312536
14.49210014215712
16.93987683053886
-0.06909136893588924
41.95024588240131
9.677346632925145
25.29013520826675
15.51939560525743
-9.895852080977367
23.43036381171484
-17.69406051078703
2.852181808741648
18.86587765746489
7.91096820261615
-4.351152657812932
15.61278856669944
-22.00042749626676
-13.80582928114433
3.800194384003683
20.54624233912603
-10.95490946039106
8.194598219823696
-17.36310142866618
1.786406271651018
19.39242995743006
20.33791170364643
-5.325906647994939
-17.20747810322331
19.14950769573418
0.1556233245379414
17.60602366984921
0.9454817432958023
20.02166579757135
-41.96965600185379
63.85508490872781
-39.36623562013018
-21.60949017623681
13.65570513869677
-12.81407207460569
-22.90507551110021
-0.996326524913568
19.48246678112076
-23.84346127170378
34.97276151179749
19.07618405519131
32.29653885608778
-25.66381835051515
-11.02938919825699
42.11101780872844
13.22035480051825
-21.30834874733463
-4.211951500647453
21.63577287284499
6.062957962759658
20.69738711379208
-16.1313380759938
3.18321393027716
17.09639724458128
5.177010673042454
-19.01061821113328
-5.097434899811243
20.75028947063589
26.82794665993984
10.61085877464572
-7.474055224701174
13.91318331270849
11.53656298607642
25.84772437109046
21.90874898431074
6.077657190580402
-0.9383857591993924
-20.16019117864369
8.600136751170272
37.35381764447745
31.59306605611635
-10.38679200593279
-26.35202691800262
-18.49506273640901
-34.32615452945626
-6.590350225458488
13.61684366734351
17.474025300194
25.04092623826368
-15.83109179419357
35.96908803655297
27.73580430403482
-16.21708788520733
0.4037589839845425
-27.33204531956494
-4.69169518874822
20.20719389283902
14.01535815106091
3.700238108295927
20.32108497683215
-14.38467589193456
-18.65712187780307
-3.234543191440067
17.32032933909828
16.62084686910471
-18.08491399949268
22.64035013207447
-3.000755640063838
-4.272445985560909
15.42257868602196
-38.82247897040106
-9.749255983221262
43.33396545507389
-2.232075493892185
28.75614097022079
-20.98150744560717
-7.270474746752085
-6.290697167910224
13.28439778378289
20.89839904818837
13.71103269899452
14.69081028117861
-25.64110577339563
-18.02710450943527
18.56329896990201
18.70705333906196
20.5548725305995
27.18909621704243
16.14776316251391
7.614001264707418
29.07322298607205
-11.04133305665135
36.59040347792327
-40.11455604047885
38.50539695290352
46.67245984511636
13.30807393346657
53.42262997431228
-28.89066301015612
2.603420381723021
31.49408339434929
15.4902947305195
14.63442915164537
-22.19429603985209
-11.88157145432396
10.31272458643279
28.76032793139471
-6.191835741351627
11.42408257114426
-15.93472756914047
21.35440732169578
60.90487752970211
-7.077339763737013
-40.8378738761028
28.18785555362083
-33.27097293326025
28.75368089567075
37.28913488948253
-17.33624536256992
-47.64887391720552
-39.11341992530888
0.4370502829428545
-1.764144188473604
10.05352286975249
21.79992438439721
8.53545399245789
-5.76075158654581
45.88472972874378
39.55047020837431
-17.48235779563233
-50.19937977003039
-32.71702197583994
21.36287409905774
-9.77303537678876
-27.97659577469653
-18.93637147811325
3.946212258448846
17.68883989733598
24.58479993203848
-28.45726228001285
23.18821903402389
-70.43712034143495
-40.98006866572854
-0.4700932689934538
20.65651511644829
51.64548131436442
-41.97985806175031
-2.531703913715217
11.81766705789597
21.95440592977982
12.48453556988161
29.45705167735873
-16.10898927690033
-15.96523491030429
-45.56604095173771
-14.57782448313247
40.50997539664774
36.54179809618411
0.1437543685176785
-14.23538310227914
-18.2035604013207
6.891225281555017
24.25734578886159
27.46187527487808
51.11962257767538
8.167062892722928
38.21579515496693
-3.968177300478129
21.12660838527056
-12.90382742142295
9.040224296383228
30.04873226173406
-33.36438591107658
15.76091150645776
-3.527820320427366
3.092922759068246
-17.81564107634681
29.75135105685947
18.41623139274495
-14.28782075639284
21.94405171562016
6.37929231662408
-12.38121154502514
-15.10849607933004
13.83828465281072
5.530091592138849
-21.22233725577522
-3.307494091736413
22.63785043112136
-17.96826212881456
-25.69053567479106
-44.56002409682852
9.374920916713494
-30.27481068448142
28.28712773915651
4.790645906082696
-27.96607044253042
-2.278984354828928
23.39572150619938
-18.86948842421915
35.06545659002159
2.30874024282889
-31.05104437132581
-24.1375224141339
42.01933725295068
-18.10972221173872
29.83778131022726
-37.96107808025874
6.027800203809583
-12.18155594492515
33.20927811315098
-1.668424363901839
-20.47958274658364
25.46045370291703
43.98887828403056
86.70574663900668
-37.16245850340886
12.31907401877433
-20.90856383494139
26.65842829872548
-17.30003503213997
20.20635042942417
42.71686835560228
47.94750352288767
17.3661205093114
15.01623948128
10.13673887351827
19.72402581922378
11.74640151544158
-9.469870357280843
10.6955308505006
21.20209706304341
9.58728694416677
-22.50803987274747
-10.09657585154052
20.50299253434518
4.724007143705938
-18.41542156887422
16.25389466767305
-23.49648183253154
19.86242347221631
-4.891406234169681
-29.61910905173464
7.887276410398095
26.62055171942193
-13.31584239184055
12.75203038896611
-49.17931176449969
-3.068137964155832
30.46771987435382
39.29328008766183
46.0002649254245
25.42008671898218
46.11117380063931
-17.74952990037397
25.68708608857926
-12.22810759318892
-38.59041978143633
-33.35978461431325
25.67470586196201
-37.91519368143791
-17.22410659767482
16.31175124346417
-6.452077868970112
14.27474860387727
-11.33511966680782
11.54746406927794
-24.75382970743636
-11.92124418274875
16.30326666103791
-18.76050385905936
-6.021226026763508
7.45899233427548
20.7747485757793
10.93376385474032
18.73327530920968
20.7268264713808
-22.8694286113304
-9.539438980750116
20.43093749764073
-8.627405629138792
1.993551161774005
14.73282899450616
-13.8685213305669
5.003520222585194
23.88175684372278
-1.138964177091724
21.84017472884809
3.271521220071298
-23.92229657806984
-22.19620295490452
12.83258552573768
-9.362954619189827
28.2245108456089
-22.1955401456247
-6.662995094928466
7.167272069937694
12.73927783236721
-2.727284533791274
-25.02072101998841
1.047151761880676
19.91919331453457
14.77648816379447
-2.041582116065519
26.06787278186156
-21.05723877801229
20.69108708353498
-43.16961661979816
-26.36231218830444
33.5358578403302
16.80730443153738
15.53254505170934
-9.729308772285746
9.016024810957152
16.95498988101743
18.87204155264659
-5.142705150769637
19.20444691715714
18.74533358339158
-28.79457522659975
-19.85122180071279
-3.428300390241353
-16.28358931952327
0.7755070049075464
14.48954768090265
18.12761604133083
-20.01078872156011
17.79600821787373
1.077569595134434
-15.26022419617082
-25.1972255477707
-16.81807027957215
24.34715206792266
2.997926779733376
20.0570231029647
-17.54296176849015
-5.186436826210838
-18.56865350890429
7.305011151515212
19.815997058302
17.21177957716926
8.864183990255039
29.83847411219214
-7.748824410233538
25.87366466054699
-27.19381779825089
-0.0649397314848299
12.62669453502313
27.01521199509548
20.58882212554045
9.32559597558085
18.26894940280853
20.97429012214287
-16.61300840728704
8.943353426557435
12.5109859071798
-25.93860438966609
-17.0594707524007
0.8583773178526012
28.65871086808593
26.73470393199152
-5.593988120140433
14.29509650621825
2.705340719284866
16.4229214107527
-8.042552037938179
-7.486212704531874
-17.32719742567153
13.27360048927643
14.31999326644539
15.52386442834552
13.71758069137456
7.962127592714356
25.18306332091741
-6.426389871752271
20.97734883223121
23.85533965360359
17.91784807125233
11.46548263045601
-0.4591133337297861
22.84221530458465
-4.290128964953565
16.76449712381853
13.06198006923753
22.8825837352776
20.63858767310911
-20.78097954795109
-2.965459373725008
11.75300503865424
23.72878819960915
-17.57645005944499
4.112641682228952
-10.68049002379489
-2.349881030538217
17.81552017471046
3.204529488021444
20.16540120614179
10.50656621101431
14.7184644133332
4.211898201090082
17.59639061141364
9.27754487983743
-11.61481011650867
-16.36700552202265
-2.982513101166392
11.83806993618254
7.120641329788595
16.22096433130885
11.97578316109421
13.38449241129923
23.48764685668299
-19.61614651740731
11.51186369821711
2.494941328146109
24.6584230096901
6.895960035455968
4.092618314498447
-16.79973665042635
-24.77736094811197
-18.8111583827324
-12.10417354410876
27.12887806687533
1.726093622946538
6.706984838673789
13.83026716587902
17.22361045644341
7.938965070044042
-6.077718179860427
-9.78023523641585
16.0092732960286
16.28482712520068
27.40373871959923
17.22093572720238
17.05909632383124
17.35210903476348
-16.35898115653886
-9.874042516666259
-3.043224911377997
17.71658828261406
20.87143571233908
12.23704533123835
-15.89060006224079
-2.74404075442311
8.993206263754447
22.52065714982722
7.859889108693553
-6.790277052296925
14.82058301629776
-8.318845732419581
-15.77898539630579
3.254075128751195
-11.39609101361897
4.382894387411908
-20.89235498593554
-14.45540293232945
-10.8173345668708
14.97217396892341
11.42092367889165
-9.284645387219898
22.3625453041553
6.484938641694278
-8.308193062311974
13.31575624269206
-14.79313170446396
22.11108784597129
13.14655930984738
9.100323004429052
3.63806836232524
25.87632661373257
25.78950853346392
-20.54397474425117
-9.447815892364485
10.25659015192518
-5.088256022767371
12.61763745966348
-1.924006933706061
17.43941499947624
-14.36361436425594
1.101621185115728
11.09615885620061
-3.551250292543299
0.275553829565969
15.4557187179019
-14.647409143849
19.70440604170192
4.716012802231421
19.36342193937742
-1.730045419848764
-16.71843862983455
11.59994419730269
-14.98839322596978
13.32998963058032
2.361047300842445
14.24202300839766
-16.3377938078341
17.75674544613017
-16.00378866629946
-33.76053411289698
35.2651953161457
7.566900940456132
5.230635167065649
-7.977624305476415
-10.18280299916789
9.706281630000383
2.877990832582832
15.23451580387226
19.88908462673711
15.4652355520117
5.528234163083455
-9.93700137026411
12.35652495511756
-9.840984721089367
20.7598131939003
-19.33265374472851
-16.17780631172525
-4.184036457764818
11.96020987399829
2.882866535760518
20.33995229768779
3.154847432302612
15.14861728814827
2.250263938372314
-8.634390380518353
13.52909130256253
19.06067284740459
-20.69593063234553
-6.593706112440966
9.550540224811153
-5.51576575131526
10.62993987741345
-19.49205946416144
23.42289055863073
15.18016488517734
1.203871163921338
22.16348168249855
21.74787578195728
11.73724701923445
5.531581545893369
16.1442463338079
-12.89835335020923
-21.43882395128441
-21.31728763227129
40.51762855444588
-8.392791131458116
5.625786746462714
8.379742425913097
19.45108001680649
13.87235033376555
-29.05834312999242
-18.10849911310195
0.121536322957286
16.14570563287572
17.70589347515664
1.56018783650376
12.7929506868499
24.3910075974662
-10.01062876159435
-16.21629423593824
1.240791523860209
10.65145305097904
16.22698151767728
-22.79005702935818
-22.40833066313423
31.48050237298668
-0.121614468421588
-21.74168402866892
13.5274508887893
20.66208181022898
-12.92762183091502
-18.50635151873175
19.81642479725973
-6.90829460567761
11.32174085309
24.24623736692763
11.88097573376113
22.83081975682029
10.94984402152368
17.45708576174519
25.94534452299047
7.134630920140606
-14.66076803886841
11.07133759109707
16.81655786137373
14.98618999576379
-11.02309092146856
15.97573543738193
22.66844257135509
1.048372999362972
-12.85345878623006
-5.578729684608871
5.745220270073227
32.74404662496686
11.59805691361132
26.99882635871563
-1.830367865775203
4.429812575028549
6.692707133838499
25.32290235809771
18.44839045806849
18.23003545134223
12.92449650732544
-28.01732990891002
-34.89184180830042
29.10045046598514
14.01857787808178
-18.81071360929605
0.6666466358054122
19.4773602457926
5.575528465235752
-31.60211684549263
-12.97192162510179
38.86983120175825
18.63019522447499
-14.65016615168038
-13.90183178457903
-6.874511899709774
51.84175282686004
57.11778037492735
5.276027548098591
