21.82749671189091
-11.49556716078511
4.124054221859608
-3.308137913972631
1.980292425494347
18.90033211816745
-22.48394082286449
1.363862011387898
6.314240858589521
4.589598865739259
5.714887951626406
-7.243742939554309
-24.67545682896306
21.43792153742235
-3.329078839245479
21.15559298887582
16.07525210263498
20.85166134188088
-21.52169007001606
-5.159584031840298
11.95592788270321
-13.26662317554874
74.01299702070258
56.33221176386191
73.06470682648819
-31.70071058818436
-27.89509206221173
-7.844793208294894
34.54995092601606
31.29581313427789
7.860838096322888
-7.359153213518255
18.19605188585592
21.83649757891849
-20.45936270304495
-21.45208578953867
-5.96349482637282
-4.482560404261569
15.78080066940293
20.96136100012376
21.15644806257401
-13.09976124961641
5.269575812906997
-9.459315555359687
15.84136041609516
-18.37531453191814
-29.05990913019602
-8.673785967742221
15.76970517015281
5.423617148739252
16.87118965446287
24.00602817999745
10.38066294424975
-5.080340886291228
8.786036870111944
-13.62536523581253
-15.21999130988559
10.33521378957752
10.17356644567227
-15.46100383454572
-10.68459459904301
23.79893168101007
-1.368523079630765
19.01760008266685
20.19019369977439
4.750954429083981
-15.90475615794196
-21.06612492884812
4.776409239507276
20.38612316274047
-19.69760184724322
-26.01124537375858
-15.88687225067369
4.067424742271372
19.596824222128
-5.315087641642806
15.24231693603233
24.4434911362114
1.172593618126132
13.07157253639644
-14.23046104179682
-14.39210838492285
4.138876024215704
-2.944535877294452
24.09317301501342
14.19215053608337
-0.1616473434306184
18.36933706535524
-0.9927230886515206
-11.37191859813097
15.9768023016599
1.101484483408566
-14.14117527678921
1.491016858839882
-16.23734257739844
6.793282972809696
18.34173986521024
14.06771198358671
11.44757250678281
22.27817442253379
12.6381894221976
11.89897891789108
-15.43923927065229
-2.614522572900612
-9.639984999121584
-10.37919550706114
15.48859096068599
1.748304037305371
25.12857595766706
-16.58578839163372
14.90974015994644
-15.2527119943287
23.18474660509283
13.36729259530569
10.35055728895404
-14.62062102807002
-28.2078592961644
-16.1710997998936
-6.376278140563965
-2.381356679826358
-16.59511393464568
15.36801735297363
18.55310157183964
-18.3340924286779
13.16143612152199
-14.82833877432376
-2.784813413957052
10.25865755863311
-10.21883579550608
21.74429549441841
28.48628362433498
10.7579241881619
-17.30591529536464
-4.262444323462511
-10.24838339122052
9.51487472431446
-18.70557010829594
-16.46507102057246
1.333076396275157
3.505753654324877
7.213929807199044
2.240499087742896
20.0386465045796
-19.48346203551931
-13.44178077787508
27.95867887623277
21.0334393916299
27.31296230789098
-11.02068997858378
3.473030071881224
27.2366868629923
10.59628197132836
22.53716264945737
-23.13717330839679
-4.729940601272032
-14.21375725339477
-2.096167301057649
-17.11653581445356
20.93445825138808
12.82471669752089
-20.65571058560633
-2.902778562255282
-17.72835943578976
-18.97140890023809
-6.214434385135932
12.57669512633514
14.30037632963395
28.02790560621997
-15.02036851207129
7.617796963451468
19.6613223225581
8.421316689701172
-9.322120729048381
-15.01250673329103
19.97082467395948
-21.72396112211133
-2.659479019961461
12.04352536033721
-22.63030369542289
-11.2400056337377
13.04347097224623
7.057531903793768
-23.61572971490537
-0.5310596664573576
18.40695021635592
16.38842520730902
22.00389505016786
18.29753753758103
2.924606691903606
-17.74343741860432
-11.48857954444797
-24.67333671527899
19.76325811538969
9.803789902410209
-15.37293084543183
-9.959468213725659
12.75697451617752
0.3420391805331489
13.09654240870172
19.96793210259327
-12.74556747337633
-17.62301097375849
1.314998912332591
-16.61415391965438
-9.742764229246429
-6.65221441325819
11.68302224786014
13.86259630547173
28.66630795307936
12.75450322728857
22.71644273150983
-25.17672074759628
-13.08760665392458
6.871389691800784
9.961939505759966
21.29213647226206
24.02304797414363
-14.5625555885627
17.65930693775913
0.8822903323432129
23.08467005261629
6.159337452129541
-10.48106743766677
-18.65293319079642
21.42578647898045
21.35580334867317
-2.886938141829666
20.51481071660652
12.08911409506302
-9.713662017615281
-14.41318623573305
-4.877443500397439
-21.80277611063655
-16.9253326046547
18.93800988404751
-21.32618727264958
-5.690386005562038
-21.95137820741104
-6.929899296158201
-3.428680833594492
15.63580126765698
-13.2461348408885
-20.82420232300719
-0.6251909353754912
-16.64040488979619
-4.699524215826346
-13.18475717021261
-27.26710325200967
19.95429699192409
-17.90094785687963
-5.73855679058338
-15.63957926709097
17.70743725556772
7.542973546690531
17.86332379015358
-22.56453774110525
-15.3560683786998
25.54377115717166
3.524025269058774
-19.71057566050328
-14.87531782010284
2.261368590986286
25.44392140476672
3.48051828447476
-29.68803037659682
2.860173380168577
19.12579734000928
-20.83097644279483
-2.018525009345058
15.76599504950227
5.615469843376172
17.78452005914552
12.16905021516076
-25.22255105825191
6.041681258541843
19.06448210182067
-9.817454008784329
-12.83418931682769
20.91187885750569
2.036008282726903
-0.6457165680202516
-24.48564880447816
-5.16136877168273
-18.87587057605831
-21.55759542431294
22.6757495654829
6.279522916210432
16.36210603821324
-16.39622665162254
-6.313643526691181
-7.578067482350703
-27.98791362347943
-3.632829534387027
20.1990113877362
-20.40984614089682
-26.52165708858838
-6.363741036490525
17.46809988269081
18.40723270795457
15.4448459209058
1.8576076527907
-1.724641990048266
23.83184092200716
15.02147891116862
0.939132826093357
-14.08234608369727
-13.58723826817728
17.13668641256757
-25.98713451125907
-9.003848801556884
8.855463620852028
61.44422809397336
15.82115893814713
-3.582249643167179
-2.456960554319062
12.03675949640655
1.125289088689192
14.49372005059154
16.98328570759992
-0.06998313164899285
41.80829345254213
9.681054579248281
25.30067596661855
15.5293994794301
-9.901022477718847
23.4459940466118
-17.70344249003102
2.853962082731524
18.88009364881393
7.916594566124656
-4.354507283932832
15.61962138500761
-22.01974589071694
-13.81832412336018
3.805618525972273
20.55740457806984
-10.96349908443222
8.201421768608819
-17.37692709380889
1.787993764946798
19.41193641997873
20.35778126574007
-5.33024159810821
-17.22104055714203
19.16492085719217
0.1558865360211742
17.62394265058442
0.9458448450527057
20.05029885518397
-42.34996294514998
63.73810346170555
-39.71106969175018
-21.78106134464582
13.605547818833
-12.83241228812915
-22.93268073731272
-1.003053342102789
19.55608748935053
-23.87231240599057
35.16976851808032
19.10445401048654
32.38849977787896
-25.68802286260171
-11.0399001193437
42.39474413467806
13.28404576717878
-21.32425795653437
-4.214818457960619
21.65520598163958
6.067451573159887
20.71557431445094
-16.14369762754387
3.185084220701761
17.10943949656834
5.180560330510437
-19.02691199597332
-5.102556723154098
20.76746771401944
26.85057240015962
10.62173598999343
-7.478455101397839
13.92435527403089
11.54845689442117
25.87002443779265
21.92962739338736
6.083104687361717
-0.939631667343919
-20.37805373044952
8.664879972099524
37.4998815714702
30.28618702393243
-9.739606439895043
-26.56353375200123
-18.60110348273393
-34.44762618807388
-6.599186881976768
13.7044168612757
17.57171837731369
25.2066799863299
-15.84652270645475
36.17282185999873
27.84843930615996
-16.22883641011886
0.3967134453395512
-27.45172586036825
-4.674819263102959
20.30360374331517
14.11812371939202
3.697746360087607
20.32329621498689
-14.40244473233063
-18.67647261441853
-3.22526213596745
17.31270034816167
16.62554985541087
-18.10019109159569
22.77690659855105
-3.010595869197394
-4.274027881699717
15.45121047818922
-41.18392470130296
-11.81129777166387
45.41333992433983
-4.422884849873834
34.59556457788182
-21.01791088745185
-7.290381608112616
-6.214199245092036
13.24758087613719
20.94274923084937
13.72752927944485
14.80371164587962
-25.78750246903388
-18.09233411482984
18.66870573937118
18.79294298177225
20.53796248427443
27.1569484769175
17.85931242070003
7.69516835497789
29.37262692855891
-9.297636058372582
36.76103985281532
-38.67026298471737
46.40686234903342
47.08705014791918
13.91850148585529
52.58876447097053
-29.1106983681428
2.638893253399395
31.74959162231267
15.61368102864308
14.64812274227458
-22.21114920116493
-11.89079895776959
10.32035024465972
29.04293370410455
-6.185480023521098
11.50226312530111
-16.03156083849447
21.37265448348721
60.94617682532682
-7.141274093152802
-41.20719303486145
28.24533507138581
-33.57223142101807
28.83500160171659
37.40421532064833
-17.54067058110023
-47.70501603202399
-39.13580231495191
0.4377200271419103
-1.767711759920129
10.04500975330157
21.78409801843803
8.569213717597927
-7.213694545739654
45.93730427213151
39.57352234220444
-17.43171388942493
-50.13255564287185
-32.70084175381872
21.34637799050695
-9.768035368210709
-27.9490122986946
-18.91491217638341
3.944031119561
17.6797548561646
24.57229365105615
-30.07921249412043
23.07178632253441
-70.10500595736458
-37.21694572983451
-0.5277074089531814
20.53990789096267
53.15099881696276
-40.0257934635523
-2.531878427729551
11.81272151299951
21.94301239530721
12.47754999832641
32.88806022920504
-16.94816455025166
-16.82392731036494
-49.83622477695906
-10.81777534476138
36.68923832081704
32.68915816813047
0.1242372417846893
-14.18089678240518
-18.18097693370767
6.886718515940306
24.24485417742531
27.4477902251789
43.50693351127438
0.6801877993715117
30.61338288473838
-4.000080152722838
21.06761529976561
-12.89355062527421
9.034100122170599
29.9331950848811
-33.16854866151825
15.64527905413842
-3.537057059263505
3.095443764537078
-17.82497309069813
29.71751767331597
18.39059368359772
-14.28791603188369
21.92765074528243
6.37609893749379
-12.37592146787546
-15.1004532357772
13.83239905358495
5.527809293551884
-21.21770776460822
-3.306847488215436
22.63271614826431
-17.9641840573724
-26.45295811909742
-45.62306915875381
8.857053932348544
-30.45903346505135
28.54212840825085
4.85097858551232
-28.1405735905499
-2.302531890678603
23.61751733949706
-19.17011104187207
35.31001204999242
2.318459875410877
-31.12773685996268
-24.24274149173944
41.87827658583699
-17.83673665658535
29.92065077219522
-37.39160127336779
6.40600483660364
-11.95762581587513
33.18143793913078
-1.665468350515154
-20.60638655426137
25.44246144179599
43.79760610996976
86.33133000246056
-37.18604081626789
12.30618967373209
-20.92041685478602
26.62207390975593
-17.29338037459896
20.18049235858074
42.5337238929832
47.75738742973605
17.35813566340958
15.00942842388066
10.13029088366292
19.71309771959612
11.73908826566613
-9.465462394569633
10.69081711966619
21.19329030615707
9.582806836168333
-22.50110235909887
-10.0932152433261
20.49789390431614
4.723317770055274
-18.40934396906317
16.26562396066137
-23.69114982216735
19.89266044263006
-4.924611069999094
-29.59957004921742
7.874302684582243
26.58021833146812
-13.30138209098272
12.73360267157192
-49.27697998331617
-3.07347584356277
30.70312744062139
39.61010286236759
46.3601732017741
25.42752529032376
46.20350413977074
-17.68078525690069
25.83804170078042
-12.29404478738972
-38.66986027224922
-33.44619673556559
25.92004923113469
-38.13208648787172
-17.35610763774806
16.42049564737923
-6.441581550914205
14.25655107172717
-11.32692399238475
11.5320193034311
-24.81727151368673
-11.92397093843393
16.29818795975146
-18.75202040311684
-6.018911274737468
7.456300114628576
20.7673872908318
10.92961690612845
18.70591564700013
20.69813262125959
-22.86058462594091
-9.535105130211493
20.43175407307956
-8.623923768253247
1.992216973918886
14.72532610313577
-13.84661566008924
5.0005055049879
23.85162234965057
-1.136763375288762
21.81045814306372
3.269239343827957
-23.9038828171233
-22.15244625613255
12.89330057631008
-9.499553584445176
28.22215890021004
-22.39285416142302
-6.735808401002802
7.206476021540936
12.733109128618
-2.724531767452747
-24.98838572414279
1.046599039165154
19.89372020387973
14.75426603479099
-2.041164208018477
26.03498476325147
-21.01568288042006
20.77597884995082
-43.10831054736757
-26.37581548496609
33.77660328484864
16.73249506256689
15.65704576132988
-9.724820598746598
9.012141297888741
16.94852818080307
18.84712116465809
-5.139454169289368
19.19566198391582
18.73696189705546
-28.77691410361184
-19.84098322765721
-3.42691193002345
-16.2744731091569
0.7754208607799827
14.48451110300811
18.12154660386546
-20.00762392882943
17.78996058232191
1.076460598943751
-15.25751317812183
-25.19230919841617
-16.79543024270215
24.33511615355834
2.996714734692172
20.04660870265195
-17.53647010634975
-5.184685269586973
-18.54121879969307
7.289703983355844
19.79214497668838
17.17225178458726
8.847678590494461
29.79441325638954
-7.738976497334447
25.83092278350604
-27.17312216105706
-0.06519236881224731
12.62216147180249
27.00530413335225
20.58108055643553
9.309460060272079
18.24539093771372
20.94673466607327
-16.58665508979188
8.935930876698178
12.5024409939506
-25.89611515202672
-17.05330965562085
0.858113378372004
28.6503126025333
26.72689815756815
-5.591859743699457
14.29076013103074
2.701343728194353
16.41407129861257
-8.040106429123249
-7.483865528174711
-17.32163591315528
13.2696133524728
14.315742410727
15.51926705879794
13.71272757095354
7.958919085106075
25.17417748301573
-6.424223577389921
20.9708512471722
23.84780283382253
17.91142303360234
11.46144991211393
-0.4587000864270045
22.83500021970724
-4.288507451259308
16.75921628231693
13.05761828832597
22.8589432949724
20.6282625310751
-20.77157797461908
-2.964005704456082
11.74886356981227
23.72087801666445
-17.56864192467365
4.111122391116256
-10.67610312932868
-2.348707241880333
17.80757227042974
3.202936049678361
20.15627951290847
10.50247318637545
14.71286927502335
4.210396088194064
17.59039458690285
9.27426585725436
-11.61048346933193
-16.36191196132447
-2.981913459367756
11.83461956554463
7.118534716905489
16.21627948062386
11.97201444741717
13.37999849942968
23.48044667971405
-19.60975562504343
11.50843223274894
2.494221468140251
24.65139563039188
6.892538795695385
4.091758392767623
-16.79299092497028
-24.76700037675075
-18.94091820375529
-12.19084786409529
27.10792979235019
1.751436560270343
6.75007033966875
13.94228442345327
17.217916366917
7.936386883418784
-6.075783935958672
-9.777381933003713
16.00467637451067
16.28006490531766
27.39507482889967
17.21525839762865
17.04989396894847
17.34612574089041
-16.3533708243051
-9.870735069656414
-3.042283644934795
17.71119523642141
20.8651293135182
12.2332420238501
-15.88629495586775
-2.743331559199621
8.990993409235479
22.51522631768629
7.8578897474397
-6.788550189819079
14.81653301914697
-8.316128729809607
-15.77457613572828
3.253523707729295
-11.39291622409781
4.381659913072693
-20.88474932356675
-14.45119066564426
-10.81415516173877
14.96790314892115
11.41759411202618
-9.281529483771397
22.35584883984459
6.482635756941637
-8.304589761779118
13.31108717705649
-14.78722551898323
22.10397709267328
13.14296339723595
9.097744764550821
3.637035502425591
25.86878477889169
25.78205830896572
-20.53855999502035
-9.445259367611015
10.2541883128959
-5.087047253508842
12.61437405026087
-1.923414444111794
17.43515032920302
-14.35955247235568
1.101176546462213
11.09330062914506
-3.550309038116314
0.2753885312104073
15.45151274133087
-14.64360966636577
19.69944767975647
4.714955109571727
19.35856477456367
-1.729007422864857
-16.71349998537604
11.59647206919175
-14.98449256694699
13.3254794957295
2.360185735434002
14.23666086486707
-16.3339737814116
17.9300083477175
-16.13591059443967
-34.06591894217539
35.38660916400881
7.634961611429783
5.223663536576542
-7.974009454018749
-10.1798164334267
9.702803441657776
2.876951589571062
15.22873643391718
19.88261987466765
15.46072901969016
5.525932989522179
-9.934796025231197
12.35178484009437
-9.837770384842015
20.75347888100196
-19.32735015015317
-16.17341607266176
-4.182865592495564
11.95717929986175
2.88209145652075
20.33485920980591
3.153934078448345
15.14448455755804
2.249653705862158
-8.631887289323217
13.52528687337048
19.05550752995902
-20.69036395827971
-6.592008456201844
9.548036438611385
-5.514239751758525
10.62725191957492
-19.48683930736373
23.41697391587309
15.17612420802488
1.203524649106538
22.15717416234868
21.74253465519754
11.73432496917368
5.530220659074535
16.14004489310259
-12.89483085120286
-21.43224733599185
-21.31199133216877
40.55938019367885
-8.390156281156221
5.626207434553872
8.377679910876799
19.44650645279497
13.86893747728274
-29.05567784217023
-18.10710564069454
0.1202560049391927
16.1414916728371
17.70142130195247
1.559929627458698
12.78972199839194
24.38497696855824
-10.00820968563726
-16.21231399623012
1.240453755422978
10.64903522030086
16.22339898778736
-22.78601777985336
-22.40467046857633
31.47631101556497
-0.121441324912411
-21.7379458660129
13.52423290939031
20.6572449049246
-12.92510371991382
-18.50267269784594
19.8127674490611
-6.907417726730801
11.3199439255084
24.24177898020532
11.87647513661233
22.82504733994949
10.94857220292591
17.45276775354337
25.93956363650339
7.133011995033104
-14.65733656965021
11.06882654232717
16.81291490887401
14.98294523425475
-11.0208708923643
15.97291191077806
22.66457645793204
1.048071913512877
-12.85084056727058
-5.577568976726485
5.744088366137978
32.73787116776916
11.59525497122852
26.99378280317288
-1.829969675014218
4.429011532931801
6.691664547184723
25.31959304059127
18.44537525005294
18.22736165004337
12.92183505285478
-28.05895496895862
-34.93317275924357
29.1106853128062
14.01636371580254
-18.80655164325024
0.6667246028411689
19.47327624636234
5.574363766775382
-31.59775234156049
-12.96982384919559
38.9113860931281
18.62792849344763
-14.64643993454301
-13.89891248067538
-6.87421779041179
51.88120994232345
57.1696402817779
5.288430339466703
