21.81160894028433
-11.48878704846654
4.1216518140916
-3.29474504637194
1.966899557893504
18.91008706959756
-22.49304894998528
1.364565111404396
6.311530071000017
4.587682189013687
5.712564754489395
-7.150854657374552
-24.69826998554744
21.44749549539084
-3.332437149237262
21.14964044490623
16.07195699633263
20.84642754918226
-21.51874094535304
-5.156883569996559
13.00425696663042
-13.25137632678164
74.74717215861195
56.92435314273661
73.80967255785232
-31.62137517040131
-27.82508657863779
-7.823842004532703
33.99439145686605
31.27267576869075
7.855786337718301
-7.361344893228038
18.18464937983629
21.8176665749081
-20.44448557435629
-21.43654595553008
-5.958311267513561
-4.479368939792868
15.76759505269829
20.94299889626924
21.14382068500748
-13.08802639652072
5.267489492388631
-9.455009193782788
15.83183481249269
-18.37025588464541
-29.0520599478689
-8.670836344559129
15.76176120602074
5.42221216834767
16.86215600552723
24.00389749520645
10.37859112566174
-5.077683448575223
8.786766264114515
-13.62530636969937
-15.21713123109204
10.32886304226384
10.16716168155658
-15.45627460033911
-10.68180407048797
23.79246805280645
-1.368426311172333
19.01279728555287
20.18476526147161
4.749463269688372
-15.89930415605555
-21.05968746872949
4.77447055595308
20.38122360202767
-19.69126114315723
-26.00331111937798
-15.87633119717694
4.064172318880432
19.57868685922492
-5.311985842107941
15.22937017429158
24.43259754876613
1.171967979606183
13.06570930799994
-14.2201846434476
-14.38188600801641
4.135331264954527
-2.94194217194452
24.07583477219716
14.18212082764586
-0.1617013622578521
18.35551590686498
-0.99206038222399
-11.36688823895218
15.96511663650618
1.100394800640168
-14.12947024181203
1.491422448555188
-16.22367778781207
6.786156945731258
18.31839211095513
14.04730305902974
11.43994383682648
22.26856917558446
12.63367692898572
11.89374132612936
-15.43530199057661
-2.613998235555203
-9.634892244312105
-10.37482785309173
15.47823468641681
1.747504650852974
25.11312692886451
-16.58045280278303
14.90119832301284
-15.24767516166627
23.17882342221973
13.36384671097723
10.34580051109972
-14.61648204828023
-28.19905135611014
-16.16227848633957
-6.371571771805271
-2.37904645462872
-16.58350037585543
15.35433454776028
18.5365807338481
-18.32795745269959
13.15369367061376
-14.82338041320148
-2.783826983686964
10.25327269033956
-10.21192860425878
21.72590631970345
28.46514548872545
10.75004525129169
-17.29772177865599
-4.260622103864744
-10.24323343716541
9.509168559738079
-18.70035890354992
-16.46056784787847
1.332777640732205
3.504577039319438
7.211832791259994
2.239791055454516
20.03313654420439
-19.47826403729939
-13.43693463493495
27.94576027307948
21.02229544125308
27.30031111103855
-11.01804270695903
3.474154851609078
27.22780356339612
10.59307081663609
22.53005090573549
-23.13141461492329
-4.728944965052537
-14.20445392101791
-2.094207545715843
-17.1048749007302
20.91562718882376
12.8213037525532
-20.6487674247133
-2.900420980157227
-17.71510023665144
-18.95597692947788
-6.207208885712091
12.5558806117967
14.26673061974335
27.97254401772483
-15.01066735475223
7.615634305889727
19.6551877323544
8.418696532429523
-9.319504343863212
-15.00825062045452
19.96514488384529
-21.71805509313829
-2.658740042215763
12.03955342933569
-22.62388492669746
-11.23649120065678
13.03709967440896
7.05448834180364
-23.60916356940254
-0.5306833909694622
18.3994678531252
16.38200403305223
21.99443906487018
18.29097954262212
2.923570730906234
-17.73820087562719
-11.4854199946941
-24.66610711155493
19.75240199783535
9.79965067009914
-15.36740881166184
-9.952751329325782
12.74876804570299
0.3419250293097651
13.08833040543914
19.95616004854013
-12.74015569442843
-17.61590738832825
1.314243871201602
-16.60391706808671
-9.736087429480124
-6.648803057950809
11.57459807483808
13.8251364512737
28.50922496577309
12.74640537250406
22.70151937863116
-25.16705948170658
-13.08208072022239
6.867829640222976
9.955114009149511
21.2863715002295
24.01664804823633
-14.55706275849497
17.65454529032424
0.8819659598929562
23.07848020691697
6.158015164777761
-10.47671756931873
-18.64191618040054
21.31068550601562
21.23435806283126
-2.885608519461146
20.47393950723982
12.08497876719425
-9.711238040839435
-14.4089907268887
-4.875751690384178
-21.7962167992424
-16.92046507062246
18.9301512517284
-21.32029457634131
-5.688746276237818
-21.9452818427768
-6.927906233056961
-3.427766748374545
15.63154830093728
-13.24274345309303
-20.81866666874663
-0.6249872696803492
-16.63473273409636
-4.697752671855007
-13.18068711814922
-27.25899587888546
19.94050350915969
-17.88629148391211
-5.733236380645927
-15.62695032361495
17.68940499439218
7.536076350013517
17.8448886028004
-22.53905370373832
-15.33833820348057
25.50897512678585
3.519978950416377
-19.68765485969422
-14.86472183754191
2.259341161347955
25.42236783599902
3.281633436686119
-29.68763652014405
2.884671590854208
19.12018299667161
-20.39510968120574
-2.017463823130761
15.75630766400128
5.612435035572189
17.77377149018981
12.16133645126087
-26.25563329341196
6.041329399304049
19.05931505014528
-9.814976706046041
-12.83302291221985
20.91082587518287
2.036473567518934
-0.6454491597246426
-24.47160542191742
-5.160383317985754
-18.87435231262343
-21.55627502769546
22.67390735800777
6.27801566912716
16.36185737555567
-16.39589170407531
-6.312049977414485
-7.575923215216349
-27.98032876044165
-3.631826209270155
20.1936794020974
-20.40440554566276
-26.50807899684853
-6.362102759157405
17.46340283339118
18.40246965593992
15.43902871838729
1.85645941000181
-1.723847862221362
23.82550561073224
15.0173756092727
0.9390668286176104
-14.07830877211774
-13.58256930868771
17.12406299978853
-21.09913073447774
-4.164503839284217
11.96502708487925
65.07003187804541
20.73132199958847
-3.580307274408034
-2.455424688226711
12.03677287129643
1.124882585240671
14.49219755901589
16.93462689315922
-0.07632744442203018
41.83045273713397
9.676405082269266
25.28684397586838
15.51451453441919
-9.893713943760226
23.42264137791565
-17.68995712619241
2.851398859040536
18.85831716046675
7.908126836604888
-4.349316671209921
15.61043887807877
-21.98899619414903
-13.7982474104011
3.796288591763008
20.54135602049053
-10.95019033357346
8.190748792235713
-17.35557737307271
1.785361788615936
19.37989782778916
20.32571964056022
-5.323396962724802
-17.20009375931699
19.14093915379114
0.1554836125658723
17.59453601065181
0.9458218074185298
20.00124458338182
-41.58453090427493
64.00519843928528
-39.0155244888383
-21.43526381060004
13.713731935962
-12.79846446846282
-22.88301056128839
-0.9912034804563615
19.41331319010515
-23.82091528861147
34.77825679258569
19.05542277749874
32.21177765888489
-25.64911660228982
-11.02245082095286
41.81823346425997
13.15635488082689
-21.30045632030404
-4.210297205443309
21.62502707563847
6.060456569013681
20.6871223499361
-16.12505247961851
3.182246187421023
17.09015911264474
5.175403842586598
-19.00334304536658
-5.095430123054364
20.73989415430301
26.81404982085183
10.60612258295759
-7.471107876862029
13.90791292389055
11.53223516792679
25.83532427802753
21.89180707889644
6.074155667885957
-0.9379047258402473
-20.00352574674648
8.466367561809246
37.10141246879734
32.63148749026871
-10.64412116877936
-26.1622796766749
-18.39512634949982
-34.21277775982895
-6.574345651091633
13.53978637968908
17.37433392346558
24.87299884462895
-15.81765141151082
35.7694602729135
27.63843210874521
-16.20792723776345
0.4021386397384826
-27.23629346848412
-4.674089318214146
20.11413203078881
13.95537809838762
3.698401928563832
20.30846780530257
-14.37882853198047
-18.64991758383323
-3.233254179005116
17.30988930906566
16.61006587737075
-18.07723045990045
22.56220415149639
-2.998578498519588
-4.271089051634434
15.41666340439946
-37.79905579656307
-9.639629989905668
43.22517179880541
-1.278930571141424
27.5540366226286
-20.97265609476227
-7.266842694170186
-6.288567585321395
13.27630079375902
20.88344293371557
13.70581340076917
14.68408851287953
-25.56078265124186
-17.95364051165968
18.56648471665343
18.62946741582722
20.5431434880383
27.1720105199448
16.12953092252245
7.607142140299024
28.15942580551869
-11.04247959950895
36.52012522686763
-39.20190540274909
37.1936666119665
46.87236934594301
13.90309938800218
53.10500479108333
-28.66187858679346
2.569006415435881
31.2308850065685
15.36494360224386
14.62666578112974
-22.18550905043062
-11.87669679608136
10.30881225486031
28.46989331016418
-6.158753931947198
11.33321246513843
-15.8265269204992
21.3285079394625
60.87737632441848
-7.015670604175301
-40.46187269544406
28.13332514629104
-32.96320776956303
28.6350449093713
37.15503485858524
-17.13668084737072
-47.63272083865853
-39.11273089142065
0.4361374937725759
-1.764739793743743
10.05408638216405
21.80197033840351
8.519989947837797
-4.469924976695284
45.86798104490983
39.54886838532815
-17.54741532818886
-50.29146650332267
-32.74405117775139
21.3658328404707
-9.77483379480711
-28.00271969541115
-18.9565691650224
3.947108207134764
17.69302937716343
24.59030407315143
-26.96641469698786
23.37149132332474
-70.24202335536076
-41.3190621843483
-0.3710854364492064
20.83856539033594
50.3379060206622
-43.27560865872288
-2.532925929109265
11.81882617545937
21.95640708828688
12.48506909039207
28.92296117263904
-15.58114120265673
-15.51815850610237
-44.50410237274787
-15.67113517442916
40.94797674778597
37.03479713890567
0.06298269850243288
-14.31470629680835
-18.22788590422417
6.89494452832823
24.2629274205513
27.46786317267017
52.70593231166691
9.678702734513783
39.79110604430679
-3.913179608870122
21.20965082659066
-12.91482626604818
9.046150530122617
30.11240330925594
-32.96926995733664
15.83854955864309
-3.522227088666407
3.090440085423464
-17.79608083986784
29.78042786550055
18.43874970281432
-14.27385375170194
21.96097679395822
6.380563529578647
-12.3831821219499
-15.11226085308731
13.84046397176375
5.530935010857676
-21.22308862747436
-3.307576590416747
22.63874419346429
-17.96906454290937
-25.52327463796244
-44.33870988131638
9.292526837422525
-30.07278948067603
28.02279326541714
4.743011993703006
-27.77346864120156
-2.249812114463252
23.16513351490498
-18.81543524549715
34.81580147386901
2.299320840317335
-30.97210713066504
-24.11996658346006
41.90678018313341
-18.3622104496267
29.75010830227599
-38.41696974459624
5.757756135208889
-12.15667188302395
33.22932076720916
-1.67087236732657
-20.34124377241977
25.47188811036872
44.17472587972747
87.06104888542419
-37.12203233213889
12.32942487499382
-20.88652092479051
26.68998778096558
-17.30044326218353
20.22842634551482
42.88632300647022
48.11231875278667
17.36798289431576
15.01799501702986
10.13758091476749
19.72619474279329
11.74788395732867
-9.471337995052174
10.69692276535193
21.20481333493394
9.588613824544174
-22.51015432559273
-10.09731158368664
20.50452919985037
4.724155466237057
-18.41705054026663
16.23551140658305
-23.27978127120419
19.82158907088613
-4.857659751688438
-29.62986813792498
7.899001470281882
26.65700476130993
-13.32728977308883
12.76867806292653
-49.06114351098184
-3.06209368574825
30.21583704702937
38.95547122373218
45.6151393478787
25.40243123507654
45.99904982584849
-17.82281901649104
25.52365652758086
-12.15749287941519
-38.49742371715493
-33.27142797110344
25.41494563027352
-37.68114940663046
-17.08453081212798
16.19339992517247
-6.461561435043658
14.29107793720361
-11.34167816540965
11.56199920588652
-24.67924882361691
-11.91328218342441
16.30257836558416
-18.76374564856864
-6.022012986242919
7.45990043978343
20.77715785721481
10.93522766066156
18.75800329129303
20.75263937068515
-22.87418578050911
-9.542126448769041
20.42599347114655
-8.629386953950402
1.9946360789318
14.73636874125289
-13.88832669840487
5.005102046625075
23.90774761305852
-1.140937338227632
21.86631154931339
3.273058577282536
-23.93430466064906
-22.2345376391716
12.76596664123449
-9.221545705795165
28.21586055061433
-21.98751234775921
-6.588210046889987
7.122260251801951
12.74173266221327
-2.729078730550973
-25.0486849504346
1.047282886960547
19.94071163134075
14.79599058120168
-2.041436064669917
26.095967837444
-21.09360030182384
20.59661859421134
-43.22525025233276
-26.33993083774239
33.2779307358963
16.88531941450186
15.39930230200644
-9.731266694735501
9.017529430565597
16.95724064595376
18.89342874442935
-5.144721049980396
19.20813306732512
18.74879612515158
-28.80479841721634
-19.85650633702678
-3.428929461737073
-16.28839204842073
0.775453572525204
14.49120151107158
18.12954420196358
-20.01002952394545
17.79855981093154
1.078356732880342
-15.25991832537872
-25.19707871294093
-16.83742664538482
24.35285411690966
2.998269971443175
20.06211559204322
-17.54552195513838
-5.187049188995725
-18.59325297179531
7.319290246079017
19.83569661549794
17.24756065796604
8.879379562059128
29.87621761325796
-7.757432656840336
25.91254321763885
-27.20736323804389
-0.06460276038536261
12.62865695529223
27.01918620606606
20.59208502715475
9.340333730309796
18.28862581167413
20.99683805143483
-16.63681223098947
8.948292080776961
12.5164063695654
-25.97714597338909
-17.06166141607072
0.8584695538202687
28.66090296949383
26.73669729739226
-5.594826917445042
14.29630750904975
2.708212239839129
16.42757687480772
-8.043206495677753
-7.486886198963044
-17.328816395427
13.27470674970585
14.32111572354752
15.52510107701747
13.71936463418584
7.963428075948639
25.18619912696543
-6.42710118299747
20.97921997846473
23.85761405833495
17.9201309724113
11.46683449463517
-0.4593369425741428
22.84428573253323
-4.290738524470109
16.76598417008169
13.06335210412461
22.90367737052991
20.64319586546896
-20.78422886498313
-2.965955988465492
11.75437826015011
23.73131246451642
-17.57929311004644
4.113166212447058
-10.68201841256703
-2.349987879963167
17.81827287724222
3.204935754211745
20.16826075842207
10.50789056650587
14.72033424978616
4.212443681202353
17.59826520666562
9.278526224526821
-11.61619950614882
-16.36847344097061
-2.982651896995969
11.83881522851274
7.121198589149154
16.22208630599672
11.97693420403887
13.38582152671838
23.48967203870077
-19.61814625268122
11.51273783967446
2.495120567470118
24.66015877112876
6.897274696687829
4.093103804597555
-16.80162186993211
-24.77993264497513
-18.67037140518877
-12.01070327949651
27.14276047777039
1.699767021802951
6.659668125787458
13.71047029982887
17.22532111234103
7.939711214800342
-6.07830156212102
-9.780933628871553
16.01034085103514
16.28602065696469
27.40632118943224
17.22277104922912
17.06384562077326
17.35409062836519
-16.36074769333965
-9.875092034398874
-3.043490271715621
17.71810267655992
20.87319624670003
12.2381747903293
-15.89159886629081
-2.744177941427409
8.993734520288688
22.52190363497141
7.860415675175985
-6.790711134346316
14.82146708771621
-8.319738983728771
-15.78037374387906
3.254024087775508
-11.39710268868178
4.383271063518698
-20.89472571216972
-14.45647469515705
-10.81813199706279
14.97314248642054
11.42175304397342
-9.285609898960011
22.36432221875499
6.485655660245542
-8.309528962430003
13.31725741898601
-14.79518462334692
22.11326682158729
13.14742092849437
9.10088772202959
3.63834269314955
25.87822774305411
25.79127448045526
-20.54532561304937
-9.448506975127817
10.25697772695444
-5.088482372826326
12.6184418183767
-1.924205668034502
17.44012270542504
-14.36459546451107
1.101847605079102
11.09681864506051
-3.551389446370819
0.2756798063157714
15.4568432329183
-14.64820808215906
19.70548469747801
4.716120315445555
19.36432838506633
-1.730838762076809
-16.7202030907299
11.6012205455518
-14.98936435728999
13.33205933174014
2.361464079080168
14.24479887360111
-16.33827508812745
17.58026068225158
-15.86594140866337
-33.44620209187532
35.14899574851425
7.49866492352221
5.225995746048728
-7.978310788917291
-10.18355015203254
9.707584279952322
2.878394100160598
15.23686691878003
19.89113442735145
15.46644307416514
5.529282619226439
-9.937160421250514
12.35847278939146
-9.841930196508608
20.76159294847232
-19.33397463158241
-16.17888105500453
-4.184337416874651
11.96095210387892
2.883045301371156
20.34113785132439
3.155093574061507
15.14963721729917
2.250394326357306
-8.635021455528618
13.53001675086629
19.06192635535461
-20.69733551369062
-6.594107254566373
9.551182274997737
-5.51617209845384
10.63060099244231
-19.49335015016907
23.42433666564901
15.18116342227846
1.203985356571543
22.16503820555286
21.74909314682752
11.73791246312203
5.531909603968743
16.14528952422136
-12.89924289239061
-21.44174117275492
-21.31883563293466
40.46479477624277
-8.393988774919993
5.624182020128065
8.380185751082696
19.45198512738526
13.87315439051607
-29.05538043091636
-18.1064256837965
0.1229055468641134
16.14677309793775
17.70692417795356
1.56015106972946
12.79373568271348
24.39244067674204
-10.01118068176453
-16.21718354247885
1.240909004800951
10.65191223751586
16.22757080464697
-22.78996128898527
-22.40795008299288
31.47887000486887
-0.1218030689072416
-21.7414862641868
13.52816911934649
20.6630929154782
-12.92774947057643
-18.50658021480236
19.81646531941583
-6.907875216702466
11.32145605429873
24.24630293556767
11.88333484156313
22.83228959957918
10.94895475523421
17.45809254928891
25.94632078413305
7.134923793958568
-14.66148795570291
11.07179937628186
16.81709532345436
14.98666180185508
-11.02329372670657
15.97562511732711
22.66815823862915
1.048475022378104
-12.85372724621116
-5.578830738825081
5.745295947193564
32.74421478459129
11.5987049991446
26.99891884371637
-1.830433521511356
4.42983762542487
6.692533120984963
25.32148526161904
18.44800842964379
18.22933125785078
12.92484686964177
-27.96713592572781
-34.84061275664755
29.08562917557038
14.01817079528161
-18.81139700173131
0.6664638213092502
19.47786082419191
5.575658564845208
-31.60067308114532
-12.97172094747236
38.81939954966741
18.62895214104206
-14.65112679298984
-13.90220226658223
-6.873476831447256
51.79112049714011
57.05276510135194
5.261644604263045
