21.81026105880305
-11.48830027670876
4.121477500618314
-3.29265002672066
1.964804538242026
18.91095296817526
-22.49371899209456
1.364627724315238
6.311099916217417
4.587377292845398
5.712195301809584
-7.133557765529742
-24.6996636168568
21.4480617020783
-3.332688162758008
21.14927343706001
16.07186183916772
20.84615834977208
-21.51886869045876
-5.156618356398447
13.10068108110236
-13.24198224077711
74.85049383646754
57.00902648520239
73.91458076054514
-31.61164321576787
-27.81647306015403
-7.821113388701171
33.91663859402035
31.27047464137796
7.855482783538397
-7.361626148675873
18.18366301941276
21.81568658765196
-20.44316425141963
-21.43515771879199
-5.957864289431463
-4.479074090682008
15.76643767276699
20.94138225077006
21.1428964563238
-13.08681163059783
5.267394655931445
-9.454788053726173
15.83113327033749
-18.36997519847808
-29.05162876756915
-8.670623022778509
15.76106871412615
5.422153370549226
16.86135413761074
24.00418577339108
10.37853843473694
-5.077411597887918
8.78707684101591
-13.62564733882236
-15.21710893237525
10.32818023603548
10.16648122808414
-15.45595006204431
-10.68165357733068
23.79212856875894
-1.368446979347036
19.01255875789735
20.1844643233593
4.749361595291684
-15.89888899178402
-21.05925922968685
4.774296514132907
20.38100574327402
-19.69081223407913
-26.00277670639471
-15.8755018054815
4.063871077799426
19.57698724926375
-5.311763151751572
15.22819614126369
24.43169173507056
1.17190556954937
13.06521322307027
-14.21920088306509
-14.38089989557018
4.135005425346344
-2.941699130065197
24.07437829881728
14.18127321800608
-0.1616990098038644
18.35420630674306
-0.9919934682575344
-11.36647851016597
15.96409016254109
1.100285424922052
-14.12838889408437
1.49130503871205
-16.22244910223686
6.785640390632174
18.31668711838509
14.04600925372712
11.43920076649799
22.26779268524308
12.63334420259572
11.89330765097349
-15.43510272668609
-2.613983260517422
-9.634448480199536
-10.37448503808909
15.47729342789229
1.747441369657521
25.11174190626786
-16.58009079746379
14.9004214792679
-15.24732745992236
23.17852502555043
13.36366598821268
10.34534899682468
-14.61624602552862
-28.19848297038856
-16.16138062564582
-6.371125699207159
-2.378881017307463
-16.58244612467976
15.353176262583
18.53514826817325
-18.32753216608298
13.15298010799962
-14.82303322456925
-2.783748387327516
10.25276409381244
-10.21132042549955
21.72430196181702
28.46304408252619
10.74928994034193
-17.29694345560734
-4.260430973486505
-10.24271283722993
9.508567641737077
-18.70005575717547
-16.46031068394991
1.332763337253838
3.504498941312168
7.211699630502749
2.239745072973265
20.0328190943388
-19.47798503816523
-13.43655095738519
27.94452700568114
21.0211493186878
27.29910371519493
-11.01789149751408
3.474394695479283
27.22718574442924
10.59286118744102
22.52957166726251
-23.13117417890876
-4.728909342287193
-14.20356510734522
-2.094060207758784
-17.10378112115935
20.91402928592106
12.82111946336557
-20.64825058610425
-2.900216014146846
-17.71375414134256
-18.95447644131946
-6.206798402540644
12.55470421629705
14.26554485816804
27.96987259150498
-15.00972091329716
7.615505232120737
19.6547900660437
8.418528729826322
-9.319350468714326
-15.00799885069642
19.96480962154734
-21.71773011175339
-2.658694461366419
12.03928483704003
-22.62350408342071
-11.23626133692682
13.03651248163048
7.054230618789155
-23.60880552296474
-0.5306324475602772
18.39883075684281
16.38147749671715
21.99358693004365
18.29049195589346
2.923496812164613
-17.73787919779725
-11.48524352235295
-24.66566376895971
19.75128048005967
9.799302539103309
-15.36699514370286
-9.951977942671531
12.74767804084502
0.3418926566343178
13.08722147443296
19.95456941750513
-12.73971209735985
-17.61533873826465
1.31412448339454
-16.60253098615082
-9.735183047724181
-6.64820380821143
11.57380549204298
13.82413945623721
28.50759746527136
12.74532881376209
22.69965598741812
-25.16629768277987
-13.0816047499493
6.8673479400763
9.954327176900682
21.28605977068563
24.01630496581217
-14.55655609046665
17.65427976945389
0.8819601314016329
23.0781731075304
6.157980663286942
-10.47634387942142
-18.64044493755094
21.30898854143791
21.23308918198076
-2.885291611208247
20.47234326248501
12.08469293918752
-9.711126226971139
-14.40874033609122
-4.875626636860093
-21.79581915635561
-16.92019247636873
18.92946321299562
-21.31996092106467
-5.688648381378235
-21.94492680543021
-6.927784567938631
-3.427723108110819
15.63131254055946
-13.24258213832109
-20.81839450922187
-0.6249658880042944
-16.63432454270825
-4.697614093143475
-13.18042024818048
-27.25848101866719
19.93937287550562
-17.88501718177269
-5.732744495107626
-15.62584957446298
17.68768450789747
7.535439157345791
17.84312917682294
-22.53653125155338
-15.33656449312785
25.5053086372868
3.519586123177568
-19.68535556874969
-14.86380473926894
2.259167608338492
25.4204563413225
3.261280530203084
-29.59730921361687
2.887440056370928
19.11721999502738
-20.32783578064128
-2.017353263597209
15.75515332978296
5.612109437566488
17.77250659685166
12.16039715551623
-26.34266332187937
6.0414340771235
19.059035649543
-9.814859031513214
-12.83317602988123
20.91120740547025
2.036597302822296
-0.6454232878709597
-24.47013231069653
-5.160370243892271
-18.87461010815993
-21.55663068522993
22.67421481364982
6.277954395757605
16.36225033428447
-16.39626043501097
-6.311964473660174
-7.575812370363345
-27.97991201508727
-3.631780000518878
20.19342862468737
-20.40409964526158
-26.50672962183338
-6.362025197774222
17.46318340623472
18.40226484347525
15.43851622186757
1.856279276371808
-1.723722601066639
23.82520862449305
15.01714223699053
0.9390814440938758
-14.07806078328791
-13.58223694583393
17.12297234841973
-21.09772303528542
-4.16393105783269
11.95819426597965
64.99967219404188
20.73524971202691
-3.580001879901755
-2.455183847575125
12.03710234647647
1.124818031269539
14.4922861934889
16.93379197542886
-0.07589936067899922
41.83297275036956
9.676143477519862
25.28592128982859
15.51311616471648
-9.893105080083345
23.42042900624446
-17.68878355818436
2.851175699726501
18.85615062370106
7.907312833762404
-4.348791092544533
15.60977779481808
-21.98572253416373
-13.79607709726602
3.795170155613341
20.53995929765596
-10.94883780084596
8.189645446471685
-17.35342040902639
1.785062878693423
19.3763101732776
20.32223656908585
-5.322676492861135
-17.19797573426407
19.13848327887163
0.1554446734906159
17.59124726245321
0.9459263897573514
19.99535968193245
-41.48655985706732
64.05547996326703
-38.92568234793364
-21.3911784304593
13.73113282025727
-12.79362446475415
-22.87633175345596
-0.9899421404497011
19.39386128156336
-23.81407877105268
34.72682906477081
19.04943329388904
32.1874857466214
-25.6449130609891
-11.02045430700119
41.73775198595996
13.13805245212125
-21.2981965943121
-4.209815688105577
21.62194301068133
6.059737240920581
20.6841959947259
-16.12325201936758
3.181972006848512
17.08838090395886
5.174944576902939
-19.00128020894756
-5.094871314729004
20.73688738013847
26.80995657139638
10.60474529568472
-7.470233477747459
13.90640889585208
11.53104673055841
25.83175869554548
21.88638961105318
6.073069192612575
-0.9377470160910655
-19.95289190710061
8.435634736210767
37.04665116193799
32.88795772572674
-10.71003347254567
-26.10408992624443
-18.36882401254943
-34.18214443030883
-6.569944563010583
13.51848546720926
17.34794719260344
24.82747464914313
-15.81332041895145
35.71677120510055
27.61219986729758
-16.20521127556809
0.4014088913039378
-27.21079097546014
-4.66975246498067
20.08843003021942
13.93723200858715
3.697779518736111
20.30439968481376
-14.37719925537472
-18.64787711987899
-3.232708745720382
17.3060267555041
16.60662016672807
-18.07497877349413
22.54103851169672
-2.998372931578512
-4.270677864311786
15.41516837370461
-37.5658950868519
-9.685899702329859
43.27262510294701
-1.059453005090278
27.385171716726
-20.97034112407808
-7.266013388152532
-6.286883120073288
13.27272211289029
20.87271808431574
13.70432773611363
14.68345800743089
-25.53941144449191
-17.93941547342013
18.5670266112514
18.60698447278521
20.53873550116495
27.15960120528639
16.12212532218177
7.599995971779771
27.87999538337417
-11.03747588518064
36.50644208321676
-38.9174712662662
37.07107141847952
46.98259640435064
14.12400665940163
53.04147792598978
-28.59969953760192
2.56087750913278
31.16057705161052
15.33296778294771
14.62445875389662
-22.18298926228743
-11.87529924100465
10.30769002168124
28.38852664492794
-6.151198021170194
11.30898918212498
-15.79944921817718
21.32703357399275
60.88415159977703
-6.996400950302164
-40.35851414631008
28.1259103047404
-32.87898668506763
28.61101642811605
37.12648279078698
-17.07953746515544
-47.63667094881328
-39.12120458813603
0.435913437883414
-1.764747932050904
10.05442516076998
21.80288890131464
8.515466361288293
-4.158693434372853
45.8719230167528
39.55711802615789
-17.56610585134298
-50.32434714300916
-32.75824129462102
21.36697545876512
-9.775352558970468
-28.00968279392482
-18.96186396828455
3.947358319418072
17.69423067315996
24.59190841956184
-26.60171956802466
23.4288968817971
-70.19971076560765
-41.30164696461988
-0.3398404722704289
20.89573801936964
50.03061645017776
-43.59799119793937
-2.533158858542621
11.81917309233854
21.95711924376288
12.48531903467119
28.89806380260694
-15.43401431079567
-15.39405645189751
-44.33207811084696
-15.88745338446545
40.96180649222865
37.06704659386411
0.03995786085396574
-14.3395703417461
-18.23433023863389
6.896008148233528
24.26451433734981
27.46958323281501
52.95449997665384
9.91152498641625
40.03708526728101
-3.894759898347139
21.23557849143879
-12.91741470805317
9.047818825355002
30.12556028031964
-32.85858974433562
15.85593946349024
-3.52052961465916
3.089725951109494
-17.79015043206124
29.788087346371
18.44470391404255
-14.26962081791047
21.96523353118788
6.380951960850825
-12.38379669946406
-15.11336196324389
13.84113717760363
5.531188134842127
-21.22333646018878
-3.307608761408912
22.63903144404916
-17.96932920329614
-25.47272976696437
-44.2644224848638
9.269473431450031
-30.01268320535047
27.9447958286867
4.729519992038965
-27.71672359989334
-2.241936791729257
23.09690654894253
-18.79169272003143
34.74220319688872
2.295959606289606
-30.93873612928116
-24.11838079434607
41.90887211261546
-18.39680429747846
29.7618287076549
-38.50306047731402
5.721576498231844
-12.14704340711678
33.2347297056681
-1.671537493488284
-20.29933069598967
25.47497866370233
44.2246369754566
87.15656300216682
-37.10965632283252
12.33205442957275
-20.87987638266199
26.69836139613697
-17.30010629627274
20.2342402429094
42.93192602752607
48.15863300600631
17.36850619123421
15.01847789069807
10.13794615345185
19.72700118649136
11.74846374171738
-9.471800206184614
10.69737355928224
21.2056885483786
9.589055029001321
-22.51080448924904
-10.09754229932795
20.50503042664855
4.724217767326049
-18.41755355979783
16.22977993941364
-23.21527583614724
19.80955002748535
-4.847889280909865
-29.63216072657211
7.902185813100515
26.66678571963033
-13.33024593328558
12.77313750858217
-49.01755070050337
-3.059727829534532
30.14145819555178
38.85700298787991
45.50209805431695
25.39196847055817
45.95782287167818
-17.84146735196464
25.47478680899619
-12.13352116524448
-38.46140271386646
-33.23469573568105
25.33884334156872
-37.60830797386502
-17.04245356853801
16.1587324616221
-6.464121152798844
14.29540411559585
-11.3433834350607
11.56583885167015
-24.65743930943521
-11.91064618918776
16.30191479392343
-18.76474865724889
-6.022257128185557
7.460185214210765
20.77791106782988
10.93567525984838
18.76459990681762
20.7595252668047
-22.87558141639889
-9.542907962846389
20.42461489890768
-8.629968315910464
1.994925359508382
14.73741688844048
-13.89364821104399
5.005587249163953
23.91465506296105
-1.141436320602152
21.87332332952706
3.27344690018856
-23.93756331898176
-22.24440351065214
12.74679312128703
-9.180110880641227
28.21256098465579
-21.92690400266704
-6.566264143768247
7.109593796739198
12.7424915288981
-2.729565263172175
-25.05609138270563
1.047292060628941
19.94652752014305
14.80126460549068
-2.041331734282154
26.10338344340015
-21.10296719112439
20.56585440501719
-43.23343582337973
-26.32788154860879
33.20118602858272
16.90555427464472
15.36063986007344
-9.731829639310382
9.017977146155809
16.95793238695009
18.89923545957998
-5.145262914439637
19.20920453341351
18.74980678523103
-28.80760152972126
-19.85799896469919
-3.429110326670499
-16.28972273726372
0.7754451383549559
14.49173294711812
18.13016118663329
-20.00984303560427
17.79933310850124
1.07859452125042
-15.25985609172234
-25.19708563210803
-16.84259633922884
24.35446744734495
2.998375186198636
20.06354306171635
-17.5463252404123
-5.187242596503984
-18.59987642899862
7.323092730661084
19.84097152400375
17.25703936820456
8.88343674303399
29.88630317886398
-7.759751041965655
25.92296915931988
-27.211010219283
-0.06449406212419768
12.6292638106598
27.02039155628927
20.59307417649996
9.344275403949556
18.29387797009798
21.00286643607463
-16.64318779860475
8.949602565585254
12.51787879341846
-25.98746321615921
-17.0623466867745
0.8584965835159512
28.66162219887653
26.73735488362802
-5.595086118383776
14.29670069004183
2.708988466091914
16.42888863732823
-8.043425730672867
-7.487103738388577
-17.32933954622687
13.27506815838338
14.32148852687229
15.52550702529222
13.71990017025584
7.963810370467562
25.18716073190457
-6.427317384416789
20.97982742182641
23.85834671296205
17.92084327324658
11.46726056377412
-0.4593977487082019
22.84496115611727
-4.290924385119974
16.76647130451821
13.0637916627125
22.90922228597712
20.6445500995767
-20.7852532245538
-2.966107766532701
11.7548112405619
23.73210852264708
-17.58018432617643
4.11332759972489
-10.68250657812693
-2.350028303262283
17.81914545881486
3.205068897583257
20.16917376338663
10.50831498557688
14.72091900832702
4.212604020428934
17.59884122120904
9.27882993193858
-11.61663351460012
-16.36893920626078
-2.982701984683775
11.83905816714688
7.121375863455521
16.22244716718332
11.9772972816239
13.3862372021153
23.49031507935975
-19.61878092370187
11.51301780343139
2.495177328196438
24.66071458027937
6.897677747086677
4.093250951199836
-16.80221243211009
-24.78074986522339
-18.62779320260979
-11.98269813442753
27.14651615727103
1.693159808810132
6.645095068290321
13.67585794168184
17.22586905313782
7.939955240042576
-6.078489851433161
-9.781169493694239
16.01070631956196
16.28642440573878
27.40714483775266
17.22335035942403
17.06516787556845
17.35471604737326
-16.36130682592167
-9.875421695909029
-3.043580967956638
17.71859092825631
20.87376194460456
12.23853656120436
-15.89192097776925
-2.744224208353006
8.99390353161832
22.52230178677703
7.860581336656884
-6.790849657032946
14.82176010924233
-8.320011291074314
-15.78081267090582
3.254007260509867
-11.39742369597694
4.38338898428071
-20.89546342571384
-14.45682892211671
-10.81840067477711
14.9734751421213
11.42202937311753
-9.285913814685973
22.36491425700584
6.485885131169221
-8.309949044252173
13.31772585527862
-14.79583417615395
22.11395825362614
13.14769677350597
9.101071309560851
3.63842824187601
25.87885829956227
25.7918758136702
-20.54574930205263
-9.448721524564695
10.25711434291718
-5.088557172394482
12.61870318977953
-1.924267310701085
17.44036843030119
-14.36492151338207
1.101917769790382
11.09702778543639
-3.551445773331814
0.2757180865613807
15.45719212128736
-14.64847354824247
19.70583586229913
4.71616222012527
19.36463575415817
-1.731065019580842
-16.72073860152914
11.60160840680039
-14.9896736142108
13.33267345355259
2.361588832958433
14.2456131534993
-16.33845064666176
17.53450392199681
-15.82760927353826
-33.3621131966369
35.12231125287965
7.47952745889108
5.226706978198508
-7.978537448730523
-10.18379449160782
9.707992323074
2.878519314027258
15.23760201713458
19.89178680941831
15.4668392883014
5.529609671935814
-9.93722957837568
12.35908267013905
-9.842235807909915
20.76217189649255
-19.3343954385495
-16.17922441485819
-4.184432321654759
11.96118634827762
2.883102025302124
20.34151415009981
3.155171020654782
15.14996311988919
2.250438865880464
-8.635225382483803
13.53031187267893
19.06232643886994
-20.6977775268773
-6.594234757878359
9.551383921815921
-5.516303504680232
10.6308111342826
-19.49375901732636
23.42479114749258
15.18147403006781
1.204018501831137
22.16553725424644
21.74948290678062
11.73812774147729
5.532014565221467
16.14561867380772
-12.89952425574851
-21.44258376454044
-21.31928905252947
40.44941962957859
-8.394329171989867
5.623724099814445
8.380327805864336
19.452277059392
13.87340722551848
-29.05458322138515
-18.1058647520113
0.1232947199432382
16.14711464683358
17.70726034721314
1.560145688802237
12.79398002382629
24.39288855235898
-10.01135516312955
-16.21746834110644
1.240943780861716
10.65206195870248
16.22776547629726
-22.78995421947241
-22.40785959985545
31.47840611777485
-0.1218536378962435
-21.74144954925806
13.52839826038042
20.66341711761225
-12.92780601567242
-18.50667585764222
19.81650362766732
-6.907767324569734
11.32139219277563
24.24635209950004
11.88402437355148
22.83274285517775
10.9487184784844
17.45841212399528
25.94664020574426
7.1350188548082
-14.6617204455042
11.07194925344277
16.81727591815331
14.98682169746266
-11.02336902832949
15.97561395158872
22.66810060245659
1.048504667480544
-12.85382324656804
-5.578869835940668
5.74532666479581
32.74430963731058
11.59890853425713
26.9989829795484
-1.830454220529925
4.42984848222635
6.692486650498339
25.32108205295745
18.44790176436036
18.22915950255543
12.92495989363202
-27.95251524293489
-34.8256955303581
29.08126697384442
14.01805327205819
-18.81162136395691
0.6664100534336256
19.47803141867369
5.575703515072951
-31.60025976398093
-12.97166436936825
38.80466328256744
18.62859540292234
-14.65143097508837
-13.90232791175689
-6.873180288009869
51.77632765193639
57.03378221683931
5.257454564959796
