21.81349886977387
-11.48947483910871
4.121892312167716
-3.297787801663448
1.969942313185057
18.90897394075382
-22.4922979446988
1.364485398380586
6.312148297044512
4.588119457879725
5.713095341342077
-7.17699541864842
-24.69695602856137
21.44693145724887
-3.332151396837183
21.15025847463702
16.07215779670495
20.84690294826934
-21.51865345076317
-5.157295882290536
12.80657424182089
-13.26111025373128
74.57377136492327
56.78410069322879
73.63342255584625
-31.63558192669658
-27.83767731289599
-7.827904065963796
34.11072096097422
31.27590261863123
7.856210973755458
-7.361013407771072
18.18609867405972
21.82058712884703
-20.44637671047728
-21.43853861920972
-5.958944952763094
-4.479789456769634
15.76922424821252
20.94527672939897
21.14511108597834
-13.08980395082042
5.26761579764878
-9.455315489784329
15.83281680181459
-18.3707191487262
-29.05277742643933
-8.671170835870893
15.76279486824374
5.422312766784607
16.86335061636081
24.00355817574536
10.37870271716052
-5.078100677943246
8.786333794095519
-13.62485545871966
-15.21722438164989
10.32988770042783
10.16817645561641
-15.45680341634914
-10.68205828354956
23.79303191544355
-1.36840120794975
19.0132053774436
20.18526898607833
4.749628855525674
-15.89997402428294
-21.06039941651661
4.774745154044772
20.38160658963017
-19.69199819689337
-26.00419883072273
-15.87749529210918
4.064599624609604
19.58109206885229
-5.312294259366315
15.23102670020515
24.43396570233035
1.172063611736245
13.06645854424773
-14.22162092719881
-14.38333217485622
4.135798837258802
-2.942294325728959
24.07789374662264
14.18332259325462
-0.1617112459189712
18.35741976311302
-0.9921619100248363
-11.36750715629802
15.96658725585474
1.10055574880518
-14.13100378897001
1.491593289768794
-16.22542649353057
6.786890136604949
18.32084154821352
14.04918582050534
11.44103784953198
22.269740170197
12.6341917261235
11.89439493066141
-15.43564012960231
-2.61402612697731
-9.635548442022673
-10.37534524290447
15.47959366465407
1.747599651677243
25.11514210475274
-16.58102017684145
14.9023324881941
-15.248217850689
23.1793765238886
13.3641752271609
10.34651889907612
-14.61692033669138
-28.20007166591081
-16.16370692348152
-6.372202332517263
-2.379288422355391
-16.58501194687214
15.35596686746308
18.53860550440147
-18.32861982773123
13.15473283506516
-14.82391833728469
-2.783944738734706
10.25401354392111
-10.21280961482989
21.7281692002811
28.46814257444321
10.75112279032519
-17.29885560241045
-4.260897319307249
-10.2439884602613
9.510026053416231
-18.70086391337517
-16.46099513467809
1.332802325625935
3.504701490301184
7.212052238019646
2.239868778532008
20.03366623894217
-19.478754180633
-13.43755064171133
27.94772240248135
21.02410165360064
27.30223586593316
-11.01834522039508
3.473798307947227
27.22881990112637
10.59341687642056
22.53084326931107
-23.1319112257624
-4.729006757147528
-14.20572352404152
-2.094422704436934
-17.10644281434644
20.91789392696692
12.82161400064758
-20.64960287869173
-2.900719290914437
-17.71701978342295
-18.95811652145861
-6.207813167201683
12.55759253211733
14.26858725576612
27.97650504273144
-15.01202010941461
7.615843650581803
19.6558172464756
8.418968405886163
-9.319756172056584
-15.0086662960234
19.96569662215703
-21.71862295921187
-2.658813323608344
12.03997359840447
-22.62450994659149
-11.2368488413542
13.03795828287956
7.054867142317366
-23.60970844868832
-0.5307610127337071
18.40041443049078
16.38280970247652
21.99575702769194
18.29171598380963
2.92368260877473
-17.73872457739137
-11.48570510162586
-24.66683083753798
19.75401451437355
9.800161534163871
-15.36803337493944
-9.953852981614872
12.75030335600509
0.3419691515285406
13.08988459568284
19.95835433780838
-12.74081963972009
-17.61675789813057
1.314417557861207
-16.60589224828351
-9.737422510430807
-6.649651345024441
11.57641181222106
13.82674908175469
28.51273985672333
12.74791544113149
22.70415634078419
-25.16819490900754
-13.08278878850786
6.868469739420163
9.956240902349442
21.28694667240316
24.01727738748885
-14.55788134619717
17.655022166219
0.8819958443317905
23.07894745910239
6.158068594746746
-10.47733441966396
-18.64393678245479
21.31383432438818
21.2403402074943
-2.886065869602666
20.47640042476386
12.08540612526196
-9.711411056290144
-14.40938771127083
-4.875938255669864
-21.79681717424278
-16.92087888750295
18.93117544945363
-21.32086682002084
-5.688910123980239
-21.94588087163832
-6.928106257792922
-3.427852937331779
15.6319566968167
-13.24305422841969
-20.81919896135684
-0.6250140542851336
-16.63540301441056
-4.697976643398038
-13.18112573678243
-27.25985003306108
19.9420949111081
-17.88808798932419
-5.733931429634431
-15.62850258123514
17.69184218616122
7.536978194997081
17.84738307803827
-22.54263971720878
-15.34086000752863
25.51421501888566
3.520537704824063
-19.69092535281646
-14.86603150876368
2.25958540917208
25.42506618620287
3.314899468366874
-29.81749911304313
2.880155587991416
19.12433681076801
-20.48935241223874
-2.017604730466051
15.75787091535959
5.612947328258479
17.77547564827746
12.1625283172658
-26.06768449555203
6.041203536733123
19.05980963492431
-9.815201292451414
-12.83285762582791
20.91036288046109
2.036301721035446
-0.6454865346698214
-24.47392409491114
-5.160425396551894
-18.87406116357628
-21.55584940923605
22.6735582074963
6.278134211807768
16.36135756863559
-16.39542400806433
-6.312200634801322
-7.57614473264681
-27.9810955647995
-3.631924505662939
20.19418490946037
-20.40495083244322
-26.51022582203637
-6.362255222265119
17.46385417752356
18.40290447353449
15.43987719052847
1.856725860871096
-1.724028823121961
23.82610941460189
15.01777461347747
0.9390503009303138
-14.07872430557995
-13.58315132990694
17.12561691896119
-21.101817836602
-4.165489787791413
11.97367010577612
65.19708994498812
20.7573224311597
-3.580754685770166
-2.455778785495309
12.03636474365042
1.124975899505082
14.49214352871993
16.93632804676109
-0.07349411815459109
41.85914027084466
9.676765090257939
25.28813226680126
15.51649243952303
-9.894571152484399
23.42577361814306
-17.69160655760578
2.85171437656599
18.86139771771252
7.909281173008912
-4.350065357461284
15.61136716390999
-21.99367732850893
-13.80135473474027
3.797904613800152
20.54332096285526
-10.95211655266427
8.192322600666101
-17.35864765651465
1.785791526070918
19.38505090474322
20.33070219952511
-5.324420969025127
-17.20310676000703
19.14443917608007
0.1555408954374641
17.59925935543776
0.9456512904512154
20.00977325444803
-41.73243063453233
63.94963766517213
-39.15067539360742
-21.50192581434707
13.69416253004626
-12.80498518120554
-22.89217424742871
-0.9930401971944539
19.44256528970178
-23.83028328315665
34.85760252825846
19.06412196527145
32.24755047124309
-25.65512316750018
-11.02529810290415
41.93862502924835
13.18342850548845
-21.30366480118321
-4.210978827716593
21.62941244839781
6.061478350419543
20.69130341426083
-16.12761232262865
3.182638638381625
17.09268597129689
5.176052480371709
-19.00627786144948
-5.096230531474983
20.74416074120037
26.81985401184818
10.60807931531627
-7.472326446803613
13.9100473314721
11.53395141416152
25.84039127333415
21.89913404832395
6.075693271959368
-0.9381090342783467
-20.06369289195903
8.519664918885605
37.19832686178975
32.10971526443107
-10.54527705189972
-26.23746636888493
-18.43589804376251
-34.25933881944508
-6.581499851004765
13.57099516566047
17.4147446816006
24.94047235495483
-15.82344077684939
35.85064272531201
27.67783896846066
-16.2117746964197
0.4029296689924425
-27.27490929896137
-4.683204679373189
20.15249501668557
13.97872153730963
3.699227047414142
20.3139314121085
-14.38117871549747
-18.65283444325152
-3.233921933811303
17.31492773651199
16.61470436529954
-18.08040576222819
22.59170462082789
-2.99900367789924
-4.271655727498086
15.41891250904851
-38.20328834883386
-9.61541093796281
43.09887808256696
-1.658341011388653
27.89258255904821
-20.97615286154474
-7.268235071936951
-6.290162091677002
13.2806145983031
20.89379544996168
13.70791778976896
14.68599077332465
-25.59070829996637
-17.97752744871206
18.56741989159789
18.66192621591987
20.54884967033032
27.18395754256184
16.13915989191135
7.613180851983941
28.58787740974551
-11.04479765275242
36.54494733887776
-39.63267506023376
37.5079934964556
46.72314335902739
13.59074477653325
53.22341983711394
-28.75519652652814
2.581755240924245
31.33695177100614
15.41503723835349
14.62982506421871
-22.18909067455277
-11.87868579030603
10.31040488492283
28.58335781244139
-6.173773478933653
11.36947718950377
-15.87260804116842
21.33825915530451
60.89005064806334
-7.041552227253731
-40.61221634616696
28.15453612042447
-33.08648866807247
28.67866194527913
37.21086719510605
-17.21388062527166
-47.6475738315874
-39.11536858371097
0.4364229092885699
-1.764460048581314
10.05390136068259
21.80122754785218
8.532205248460125
-5.088611595532879
45.88311378300817
39.55179149312923
-17.51996060992891
-50.2554751351252
-32.73551452731994
21.36480463514401
-9.774273995053287
-27.99300193318784
-18.94914221346279
3.946805744249702
17.69158842448771
24.58838308106354
-27.67657468852664
23.29515068873853
-70.33156700420275
-41.36104354348932
-0.4109341166109146
20.76248434027743
50.9717253776056
-42.65499231601687
-2.53266634458952
11.81836140886515
21.95567470478288
12.48487854791302
28.97052346235088
-15.78669563692991
-15.69218931520376
-44.75721909674412
-15.20629552178253
40.95010942677629
37.01123749522416
0.09450632366301154
-14.27985601156215
-18.21872794166769
6.893562443694938
24.26106999653575
27.46586242026293
52.21753301535018
9.215149863097476
39.30538963397444
-3.938871931552414
21.17341845670371
-12.91214338007495
9.04385971948679
30.09023977035138
-33.1323985819031
15.80943734104667
-3.52506712763706
3.091505619491634
-17.8058695575535
29.77028985884368
18.4309359672585
-14.28080243040545
21.95600309736044
6.380101935215183
-12.38251587980434
-15.11092587866273
13.83967912878679
5.530651456058995
-21.22288269868525
-3.307560071818908
22.6384796317953
-17.96882463462627
-25.59664545297375
-44.43976751670287
9.328146699302561
-30.16099429487964
28.13330585632992
4.763797856418425
-27.85683271044478
-2.262341206716813
23.26161988068829
-18.84312206588869
34.92479215077442
2.30416158529267
-31.01040229254048
-24.12640607827992
41.93263439059205
-18.27064197876195
29.76535416828152
-38.23021281274838
5.855764100910002
-12.16728022449193
33.22259559897068
-1.669998963220341
-20.40178675096069
25.46825223149478
44.08597691359761
86.8945328102878
-37.14155640088806
12.32599757248934
-20.89737517655582
26.67878424025966
-17.30155988095517
20.22068253502182
42.80855589740167
48.03599614794337
17.36750755489656
15.01754489009597
10.13731329772947
19.72543312511618
11.74732618813626
-9.470796154121745
10.69642249284504
21.20382877671454
9.588119824720636
-22.50941336845595
-10.09707826569324
20.50400432156331
4.724117083223593
-18.41649734138607
16.24418122355457
-23.3695079993878
19.83999652087084
-4.871685976833329
-29.62755745422279
7.894684962288511
26.64353045258199
-13.32352881777004
12.762614468171
-49.11639882680335
-3.064957093738303
30.32288335676171
39.09746773855041
45.77793302816684
25.41300896038053
46.051441733544
-17.78967067218779
25.59449150458553
-12.18864635727643
-38.5420041282899
-33.31456387797003
25.52396108832242
-37.78313786151126
-17.14470508530662
16.2431353689157
-6.458101704862532
14.28500406180448
-11.33935389429587
11.55659406271756
-24.71168249874997
-11.91731349205289
16.30402863736535
-18.76261781221499
-6.021744589813853
7.45957719137574
20.77630063521545
10.93470630349186
18.74884549052513
20.7431057651453
-22.87230589031796
-9.541045328666582
20.42817106879599
-8.628598832016573
1.994260274186556
14.73513349676839
-13.88091598447009
5.004541164289353
23.89864657157561
-1.140238963847579
21.85704516700075
3.272593059014108
-23.93040365978144
-22.22080122921874
12.79436900774255
-9.280825720100029
28.22134213111426
-22.07519472855851
-6.620145057299434
7.140779867875691
12.74087322236596
-2.728409998302765
-25.0388855345814
1.047257752608823
19.93271490078263
14.78870582095271
-2.041601405611674
26.08614328721509
-21.08056226596572
20.63843277594032
-43.20267963319843
-26.35335777103914
33.38784045306987
16.84932186212613
15.45504967234296
-9.730592332694727
9.017000397403777
16.95645089254993
18.88545714819886
-5.144009079750354
19.20684963756255
18.74759273007427
-28.80119684253368
-19.85460404032893
-3.428695562326726
-16.28671883439867
0.7754673343683521
14.49058488296695
18.12883658799074
-20.01055952858038
17.79755203406628
1.077999927158743
-15.26019442520897
-25.19736892544483
-16.83030722616122
24.3508587170816
2.99815470379149
20.06034087185409
-17.54448853989433
-5.186809396864718
-18.58445210790361
7.313983920384964
19.82846192875982
17.23475239062236
8.873842331975744
29.8626156934567
-7.754343367475584
25.89843602820573
-27.20299671890704
-0.06474552423556876
12.62786330283464
27.01769064821295
20.59083358643229
9.334995829568529
18.2815886330183
20.98877336170432
-16.62818570932075
8.946592802827283
12.51447800862487
-25.96318154875847
-17.06084331506981
0.8584371281569212
28.66014639355453
26.73601625345044
-5.594498457147993
14.29587835322796
2.707184728710635
16.42590847784054
-8.042977760465945
-7.486648779126913
-17.32824311084059
13.27432007247065
14.32072584996487
15.524672048953
13.71872374863664
7.962970286890763
25.18506860202541
-6.426857065073885
20.978547771204
23.85678334060044
17.91928044510849
11.46634485484887
-0.4592569077056392
22.84354980644445
-4.290517844995739
16.76545893627218
13.06285140720021
22.89594795622921
20.64157733629447
-20.78303274581055
-2.965776769792586
11.7538795852961
23.73041223013629
-17.57824031940358
4.112979078635411
-10.68144566156484
-2.349962667406276
17.81725597664146
3.204792425783138
20.16721864512851
10.50740628144296
14.71965635616844
4.212250073003966
17.59760216244365
9.278183065941986
-11.61570894853891
-16.3679671457592
-2.982615041157072
11.83858036929083
7.121010646755087
16.22171905449055
11.97653264470874
13.3853520905775
23.48897779953851
-19.61743315186711
11.51244515884154
2.495062012201927
24.65958363172626
6.896794657298043
4.092916042712048
-16.80097592600092
-24.77908285437469
-18.73178778781715
-12.05132249694472
27.13825119478243
1.709602430660341
6.680465290948725
13.76092492625865
17.22471584333142
7.939450494798434
-6.078090869600451
-9.780698399961375
16.00998358521528
16.28561274103346
27.40540485906208
17.22209831367717
17.06218616841505
17.35336925230295
-16.36011790014096
-9.874720837966866
-3.043394452333342
17.71757439911338
20.87258413626643
12.23777432974435
-15.89127641159658
-2.744137944070612
8.993562845132312
22.52150325048627
7.860238681738977
-6.790567991565251
14.8211953796824
-8.319419097778253
-15.77988724667497
3.25405806667354
-11.39674857962872
4.383138673858032
-20.89389199937296
-14.45611035270669
-10.81785864139226
14.97282334726548
11.42146876878472
-9.285265349701024
22.3637036100619
6.48539706369593
-8.309027674300451
13.31672344524059
-14.79442473857813
22.11249516507752
13.14713847048482
9.100708411963389
3.638251707130027
25.87757912482241
25.79068198592267
-20.54488725570761
-9.448274002647128
10.25687337993212
-5.08841983595599
12.61817568654083
-1.924130136741352
17.43994538999504
-14.3642680436893
1.101751003528346
11.09661325901352
-3.551354581811832
0.2756291562072645
15.45646741400923
-14.6479678333901
19.70514737882196
4.716107712771512
19.36407553607244
-1.730512494541182
-16.71955211724256
11.60074804748235
-14.98903964602673
13.33126056165143
2.361302296553743
14.24370709659823
-16.33819437663741
17.64874958252807
-15.92191453620595
-33.57066411948736
35.19608834603579
7.525727675724423
5.227440250294129
-7.978106939694428
-10.18330655509064
9.70707025965134
2.878235585875565
15.23591477153212
19.89037681103247
15.46601905098065
5.528844495977941
-9.937174527619357
12.35767916190885
-9.841594331718653
20.76096885152226
-19.33353648295746
-16.17852674069296
-4.184236346611215
11.96070903377736
2.882987636722314
20.3407547662106
3.155009740510313
15.14930013834714
2.250351975636296
-8.634809805788924
13.52971181596831
19.06151437678875
-20.69687305754297
-6.593978683853408
9.550966703951605
-5.51603480940251
10.6303846456258
-19.49292685008472
23.42385866124243
15.18083825396721
1.203946201636151
22.16452162102413
21.74870335176279
11.73770079046231
5.531802560960186
16.14494538325909
-12.89894816373326
-21.44062156629721
-21.31828996156849
40.48723085407457
-8.393527744734465
5.624880956690351
8.380045735477188
19.45170912036272
13.87289195718959
-29.05676990553732
-18.10738493829115
0.1223316104711844
16.14641946085496
17.70659551175524
1.560176042506109
12.79347402349754
24.39196586305417
-10.01100255970056
-16.21690079052931
1.240866336514207
10.65177559527694
16.22740789971697
-22.79011039988378
-22.4082188410333
31.47969533520433
-0.1217226704737113
-21.74167344869428
13.52794040920028
20.66277815178717
-12.92776058549025
-18.50657775493669
19.81654578839652
-6.908085911994683
11.3216306697078
24.24639290550223
11.88240483834117
22.83178981449799
10.94938497390002
17.45776712902639
25.94603970381614
7.13483774078071
-14.66126456542169
11.07166338495892
16.81695641360512
14.98654156518559
-11.02326327665979
15.97575006968484
22.66838774454781
1.048436949228347
-12.85367812350807
-5.578817164966098
5.745293028573088
32.7443063694064
11.59849184378186
26.99901334610411
-1.830414848438095
4.429847124736681
6.692637674622649
25.32219601644458
18.44825583363283
18.22971657095476
12.92476222631424
-27.98840971589647
-34.86234989782703
29.09196707600263
14.01840870162817
-18.81120197244716
0.6665453943540556
19.47774736775935
5.575632302499791
-31.60141801166876
-12.97185967551017
38.84078700162947
18.62955834214915
-14.65080665980327
-13.90211507114631
-6.873940182370944
51.81264667713965
57.08037679194361
5.267730114846916
