21.81903301096427
-11.49166622396364
4.122665717924408
-3.304590054794359
1.97674456631605
18.90584374073267
-22.48965500785014
1.364258751941268
6.313526954742462
4.589094126400886
5.71427682236923
-7.2332941806733
-24.69293052512191
21.44439144427381
-3.331394501646085
21.15234985454896
16.07313331882733
20.8486537077927
-21.51920518469492
-5.158417861434264
12.25638609094877
-13.28559225907184
74.22565491474724
56.50377858085833
73.28287962050833
-31.67194396608406
-27.86991220772275
-7.837957387109956
34.39258049104319
31.28475108373332
7.857709057349235
-7.360245862440967
18.19028141084033
21.82822313052274
-20.45173312422714
-21.44415668434111
-5.960726772251797
-4.48097702722503
15.77383978101794
20.95173862248814
21.14919604186316
-13.09446967590748
5.268175799009168
-9.456527953210815
15.83591233896346
-18.37241707486831
-29.05541022504257
-8.672238741525247
15.7657835410969
5.422743669313392
16.86675704304444
24.0035896746569
10.37929698663338
-5.079216535756889
8.785634754794035
-13.62429268811338
-15.21795491986292
10.33257235356384
10.17086805617545
-15.45851353258869
-10.68299315276163
23.79516074438425
-1.368389898875202
19.01478158268009
20.1871007922906
4.75016515993245
-15.90202225100357
-21.0627184384203
4.775520390025268
20.38317148336312
-19.69432853408268
-26.00707156930883
-15.88102024485855
4.065787377329301
19.58777059866038
-5.313283690883861
15.23570406574279
24.43802228090309
1.172319211377824
13.06866266888158
-14.22555554837005
-14.38725984628529
4.137089934536611
-2.943246471497944
24.08389755270168
14.18681750512477
-0.161704297483919
18.36264548200177
-0.9924235619598761
-11.36935961030206
15.97075609961576
1.100973501618578
-14.13525542594194
1.491960700936872
-16.23029435595761
6.789038000399568
18.32780670315265
14.05457675737189
11.44401337439249
22.27327949941877
12.6358306871254
11.89634345659615
-15.43693563199186
-2.614181073106322
-9.637448810778524
-10.37693604558244
15.48342990985667
1.747886140549654
25.1208787185734
-16.58291535580368
14.90556396375493
-15.25001175887243
23.18137698858361
13.3653506853316
10.34847094976793
-14.61838130057251
-28.20329238109182
-16.1674460713981
-6.373965341992144
-2.379991815711801
-16.58928009368859
15.36060120948627
18.54430161237864
-18.33080149590367
13.15767782196732
-14.8256900986577
-2.784323479088747
10.25611948912863
-10.2153147527792
21.73456655215073
28.47637988955452
10.75412483240724
-17.30212581229952
-4.261682844360545
-10.24613546165087
9.51239222705612
-18.702642875865
-16.46252242396583
1.332903596082094
3.505111397175499
7.212791913895381
2.240120451852301
20.03554647193125
-19.48051392559636
-13.43939549576175
27.95302310425592
21.02880551205152
27.30742925285508
-11.01932319559595
3.473090589374679
27.2320719260286
10.59456354594728
22.53341841128021
-23.13378389998585
-4.729299346805289
-14.20928827689381
-2.095038930258402
-17.11084660825967
20.9242934279879
12.82275455802655
-20.65218740962464
-2.901558332351062
-17.72225505665167
-18.96398766279388
-6.20962126394535
12.56261605794862
14.27425683175711
27.98815499785466
-15.01580767697531
7.616582696864899
19.6579493146726
8.419881784346588
-9.320645445066759
-15.01012003067434
19.96763381952631
-21.72063437672806
-2.659068905904244
12.04136661949824
-22.62670272668928
-11.23806753116535
13.04044296807825
7.055990350485513
-23.61175934514791
-0.5309563053555014
18.40319295598617
16.38515323128382
21.99927343252746
18.29405788173319
2.924042215764299
-17.74052722912205
-11.48674552719632
-24.66932192141748
19.75852768886472
9.801685809293819
-15.37001566577778
-9.95684188055473
12.75436640016567
0.3421040304959236
13.09396254085611
19.96400974591348
-12.74278375337402
-17.61932101305813
1.314828254973789
-16.61136915359204
-9.741321952301917
-6.652019376725002
11.58381340880892
13.83185872288365
28.52469835803882
12.75185850870956
22.71120828288704
-25.17170147488036
-13.08488778289408
6.870047202745688
9.959349776132575
21.28894108179968
24.01947450776425
-14.56013163691434
17.65667480349875
0.8820968012673929
23.08080305078569
6.158392427717926
-10.47911594746461
-18.6491814921846
21.32513536293509
21.25911400906664
-2.887164040927611
20.48387809752438
12.0868136945898
-9.712134216863433
-14.41078774287777
-4.876537258708413
-21.79894790751791
-16.9224106340608
18.93414926437186
-21.32288043802705
-5.689474586457249
-21.94797893151913
-6.928794691118688
-3.428159617510823
15.63340585221382
-13.24418591713785
-20.82107362063025
-0.6250984948447805
-16.63750837518241
-4.698653520381345
-13.18257639413842
-27.26271776128063
19.9468076195143
-17.89323244109446
-5.735871021879367
-15.63295106726861
17.69856752512725
7.539483207432036
17.85425666690947
-22.55238835774157
-15.34770139040283
25.52825940639942
3.522087718213549
-19.69976791217151
-14.86978259979898
2.260281374982336
25.43271564996984
3.402928377829606
-30.12162929559421
2.866235760401598
19.1219266753477
-20.71725119807491
-2.018039725774695
15.7620174525016
5.61412020266854
17.78005717934866
12.16593697530073
-25.5419783500206
6.041118429625085
19.06156547036849
-9.816026301071973
-12.83290603962669
20.91000897038726
2.035984502635484
-0.645593850519631
-24.47993251509817
-5.160696189468251
-18.87402447006267
-21.55560281801083
22.67353036086275
6.278623740582621
16.36078732334267
-16.39490662623541
-6.312743035689513
-7.576887703536613
-27.98373198631125
-3.632266278039209
20.19597512671111
-20.40684428273059
-26.51591702080993
-6.36279970469122
17.46544169266077
18.40448455548125
15.44222843818148
1.857317357491668
-1.724432820777691
23.82824140448848
15.01918424021389
0.9390428651210201
-14.08014137170415
-13.58491108081941
17.13006397609648
-21.10771294021826
-4.166827986568079
11.99973009727576
65.59173848984615
20.96314276912089
-3.581750179118325
-2.456567475206963
12.03584631022008
1.125182703532151
14.49241378518768
16.94088495156689
-0.06602135518100291
42.0708557124561
9.678108326157425
25.29244028015825
15.52198321935972
-9.897080046483079
23.43443854814597
-17.6963672930396
2.85262045131224
18.86978911121971
7.912455326091656
-4.352066527510634
15.61433194794457
-22.00617169504709
-13.80961980316411
3.802031758360982
20.54898775806377
-10.95733378910497
8.196551895162926
-17.36695954805053
1.786926150392987
19.39857772639774
20.34396966376677
-5.327186703715078
-17.21127040327028
19.1538856951047
0.1556891439820844
17.61165156480498
0.9453919353603163
20.03195482412422
-42.13160039293913
63.81298898346328
-39.51299762917307
-21.68327696870863
13.63754309315169
-12.8203989832308
-22.91447306636871
-0.9985700935427099
19.51332115579782
-23.85314797681874
35.05679553787187
19.08656288944821
32.33372013940593
-25.67115636630605
-11.03274899488013
42.23053787921617
13.24715724964734
-21.31247795480166
-4.212846013100042
21.6413603209678
6.064278042148088
20.70268541204289
-16.13457911538638
3.183700404586991
17.09963193963695
5.177898841042159
-19.01440713816718
-5.098475606126352
20.75573072515093
26.83529014127926
10.61337616148502
-7.475638432929297
13.91593153335536
11.5387687049652
25.85420633191069
21.91590297097218
6.079559417382144
-0.9386749090749026
-20.24804793551311
8.631208824400098
37.41739527156221
31.04666895378865
-10.2841109169808
-26.44506815278098
-18.53863840265983
-34.37498195556572
-6.596654744849177
13.65283253383019
17.51672722863531
25.11189212242116
-15.83634355403914
36.05536563124559
27.77832721076424
-16.22191397972374
0.4047162567737668
-27.37361095351881
-4.697567549319227
20.24948727872697
14.0524670590597
3.701279831415051
20.32791006729683
-14.38773476394202
-18.6609647100368
-3.235425771471248
17.32692262785154
16.62663023642668
-18.08901459458423
22.67604340546887
-3.000987441792707
-4.273229945753979
15.42553893825708
-39.48179651034895
-10.29561599106523
43.68963651716575
-2.831209901428322
29.90540624099422
-20.98604882503836
-7.272150656227438
-6.293209195078783
13.29019774314335
20.9129224293116
13.71389816893642
14.69283963345713
-25.67703084853049
-18.05430616283338
18.5962804488923
18.75003460764186
20.56234839941878
27.20613162534755
16.16655808215369
7.62272468645519
29.18618051818735
-11.03957354533
36.65058661032349
-40.22575406128531
40.20102223153172
46.89081200322221
13.36625432877344
53.59200839043841
-28.98338063097967
2.618602763765533
31.60198339651462
15.54347438194626
14.63840737066045
-22.19885715837051
-11.88408369850253
10.31477346092085
28.87925676148349
-6.197020219250891
11.45905958882447
-15.97643633287845
21.36419098914575
60.93306088098544
-7.103568729777724
-40.9917984079257
28.2172513339465
-33.39663350934497
28.78618644951842
37.34062732067893
-17.42019717496908
-47.68629894894889
-39.13185807968063
0.4370118124079178
-1.763973605454229
10.05295129038289
21.79854783935232
8.554440869814906
-6.370726315965213
45.92232534351292
39.56886989220634
-17.45963634446467
-50.17544589031095
-32.71580954684721
21.3615360252102
-9.771885818779079
-27.96328717968383
-18.9258567680661
3.945667912576541
17.68652230896887
24.58178184954086
-29.16177673513619
23.1312749231041
-70.49255660529651
-40.28642157334243
-0.4988657616346992
20.60045013300671
52.29305165855979
-41.33077987048041
-2.530824786244371
11.81692489555144
21.95312389701057
12.4840458009603
30.20613503361581
-16.31471139025068
-16.16095723404467
-46.52084642135493
-13.78423027446081
39.78755581162998
35.80601627387315
0.1537541581178777
-14.20986182788942
-18.19140136423977
6.889454065159678
24.25411127632853
27.45840812852186
49.59024654670249
6.689789772190589
36.69485660846211
-3.981539537780342
21.09931589447885
-12.8953899369647
9.037430411442234
30.00506683577158
-33.52455767388692
15.71899829613687
-3.529941906575435
3.093619831418705
-17.81601044687335
29.73409813202975
18.4028784372184
-14.28606854076133
21.93282034623069
6.378633068998677
-12.3800834517341
-15.10651187845657
13.83710271487546
5.529602056368201
-21.22168911784902
-3.307408262482235
22.63711339156818
-17.96764942644502
-25.74651267178987
-44.62859572363379
9.404378096048578
-30.33885470793619
28.3955230172041
4.812036058985847
-28.02727702792074
-2.281395162196866
23.48995131449962
-18.88208305403974
35.15089076636765
2.311577680906366
-31.07110571805755
-24.14627805121162
42.13687706926398
-17.93580292373626
29.94785440965628
-37.70791532526765
6.210475128904214
-12.18902266182237
33.19425133172835
-1.666939422858461
-20.52762416096588
25.45034052406588
43.91839045414897
86.56847188010718
-37.16532119438521
12.31227969870429
-20.90963027782846
26.64047830156278
-17.29474434088304
20.19342816827897
42.65008142652948
47.88365733432812
17.36465721314067
15.01487058494605
10.13619900297873
19.72277226249158
11.74559654965576
-9.469078093517661
10.69475314967499
21.20058596462607
9.586573258704172
-22.50678278797252
-10.09608436713942
20.50202782743628
4.723862195828182
-18.41441613984105
16.25569091575153
-23.58348695766406
19.87057685445535
-4.905571703930449
-29.6070240404348
7.881148469317238
26.60199904835202
-13.30803707054296
12.74325025617746
-49.21444790475905
-3.069941355106349
30.55894189231939
39.41648568170837
46.13995169563032
25.42123141844716
46.14450654983209
-17.72187633410448
25.74588186661446
-12.25225259335915
-38.6162593068109
-33.38268339913623
25.77134647764062
-37.99813445965651
-17.2748593267606
16.35402392259526
-6.447050132981321
14.26673340987475
-11.33121969749364
11.54030498281626
-24.77614855943908
-11.92123733201128
16.29898697118787
-18.75871651828187
-6.020754127122308
7.458469644150107
20.77336473075379
10.93294975989705
18.72085057919107
20.71378354142471
-22.86726897039481
-9.538280791301077
20.43237221024578
-8.62652087657338
1.992932961859901
14.730895353621
-13.85874879231931
5.002748370235484
23.86651939186025
-1.137904964903347
21.82536007618362
3.270202252731996
-23.91213453312367
-22.17559895493556
12.8549112284808
-9.417322555736439
28.22022430510411
-22.27223378490224
-6.691223982113339
7.182530317224206
12.73796239129975
-2.726428426235621
-25.004424355949
1.046862971708758
19.90836013382145
14.76682121760622
-2.041159316966852
26.05128732762975
-21.03769398997534
20.72327513269085
-43.14310775287091
-26.36400671352913
33.62888324876694
16.77910103943562
15.5810098037582
-9.728146983846672
9.015198310426076
16.95370388670733
18.86149716208487
-5.141538916315306
19.20235630883362
18.74334529453325
-28.78861193040299
-19.84812993647878
-3.427935605370384
-16.28082384420714
0.7755211139393284
14.48857720133568
18.12646272425711
-20.01072775882304
17.79472534535008
1.07724029038616
-15.26006696783119
-25.19681718316385
-16.80798053435966
24.34389522529191
2.997789840295267
20.05413479692189
-17.54158498762455
-5.186089424341088
-18.55515782371511
7.297982288210762
19.80577037377398
17.19281386624172
8.856427798448362
29.81844804278376
-7.743910807662115
25.85314011218928
-27.18233678596394
-0.06505683909810965
12.62563417654224
27.01296395263148
20.58701501491664
9.317858334049353
18.25834032937514
20.9620202445298
-16.60033861091838
8.940481994625129
12.50778808604889
-25.91819694977543
-17.05819293192319
0.8583198746544923
28.65726886842387
26.73337492522486
-5.593524789503562
14.29432623440149
2.703679915057376
16.42019433167675
-8.04213311611838
-7.485798723164509
-17.32621369419392
13.27291048901657
14.31926894872334
15.52307872589665
13.71651441678502
7.961380839861534
25.18118255766374
-6.425948939202096
20.97614061565209
23.85391375862453
17.91651280700466
11.46466814143735
-0.4590110141008416
22.84094365292364
-4.289760428512802
16.76357514085134
13.0611811790508
22.87152467948686
20.6361139365087
-20.77923797292591
-2.965193363048535
11.75222988674063
23.72731862044695
-17.5749411183654
4.112346948634031
-10.67968157704949
-2.349786630637489
17.81404461027202
3.204296854165385
20.16383124168146
10.50583281400414
14.7174232506617
4.211590435748183
17.59529599377372
9.276964211084021
-11.61401270425859
-16.36610453086362
-2.982398965305361
11.83754762717698
7.120285335725716
16.2202171967938
11.97508873402117
13.38370555889597
23.48638987006618
-19.61497167162056
11.51130113777702
2.494822913452893
24.65728354493942
6.895259541346086
4.092366655506403
-16.79861023771062
-24.77578594607623
-18.86068473814097
-12.13721872361026
27.11727994697366
1.736535577763407
6.72346601456386
13.87375430030665
17.22258615355014
7.938505576479518
-6.077368510950254
-9.779762475169408
16.00852941402282
16.28403355487675
27.40208956582591
17.21980171709772
17.05634495738672
17.35094160843751
-16.35795786347079
-9.873430001891393
-3.043062773411443
17.71564643917001
20.87034262194025
12.23636458469733
-15.88991959485758
-2.743937190246701
8.992846540385218
22.51978921943899
7.859548052641752
-6.789987727875055
14.81994657772505
-8.318331783252503
-15.77816563554565
3.254039692660553
-11.39549607466629
4.382669564252661
-20.89097690797574
-14.45468813507079
-10.8168026079354
14.97148928452197
11.42036691315504
-9.284080577665945
22.3614020647048
6.48452786359527
-8.307500660191121
13.31489508765412
-14.79202852416384
22.10979458510881
13.14598240603855
9.099931863121906
3.637885524682931
25.87505505020602
25.78829189038922
-20.5430999219869
-9.447390936366549
10.25625223158143
-5.088080844265691
12.61710106202477
-1.923893941442433
17.43882043244556
-14.3629426357787
1.101513158328765
11.09570898887249
-3.551122373347246
0.2755041412513099
15.45501907553959
-14.64683135897124
19.70364316611719
4.715883023584706
19.36271437804714
-1.729724937930918
-16.71748505996024
11.59926323175091
-14.98776013325776
13.32898817909383
2.360848825592708
14.24074811219341
-16.33730726973025
17.82972066203277
-16.0585090163374
-33.88822967865237
35.32082006279234
7.595164896183331
5.2335759075968
-7.977175713869439
-10.18228785359848
9.705563172106066
2.877773150769508
15.23326873424062
19.88785102410246
15.46445579601968
5.527705554660694
-9.936750228345888
12.35549557220748
-9.840414970943126
20.75870921238136
-19.33179231717108
-16.17709613231029
-4.18384465190693
11.95971667658686
2.882745348209267
20.33914130518591
3.154696184842748
15.14794766591982
2.250168236279851
-8.633978036758464
13.52848259581379
19.0598414807917
-20.6950246337198
-6.593435421115371
9.550125911618439
-5.515509705210833
10.62950010743945
-19.49121485167882
23.42192987153528
15.17951493156759
1.203809778788504
22.16246063208773
21.74702797076708
11.73678373155767
5.531358886619959
16.14356133000343
-12.8977794296916
-21.43741519551822
-21.31636895127798
40.53675311374342
-8.392216550834808
5.62629705837914
8.379424630291052
19.45039551442605
13.87180395989367
-29.05889308905343
-18.10892020383201
0.1210462470196978
16.14500981570881
17.70518190126307
1.560172081473383
12.79242976827145
24.39004427897
-10.01024423838644
-16.21566908411718
1.240726870935305
10.65109414904402
16.22647689738913
-22.78970879146244
-22.40809925462122
31.48057714271957
-0.1215429075739452
-21.74139169889115
13.52694268103852
20.66133838563402
-12.92734787153116
-18.50593942986923
19.81606697925123
-6.908324917346241
11.32164154958379
24.24579395920553
11.87989930497251
22.82987219458796
10.94997288854453
17.45639595697589
25.94452165413821
7.134395703624978
-14.66024116521907
11.07097088442319
16.81606194170805
14.98575002837723
-11.02282176384549
15.97550203050622
22.66816589124891
1.048317091656274
-12.85313367679569
-5.578591555954631
5.745091056996913
32.74341484839879
11.5976145128973
26.99832379428507
-1.830311913590846
4.429726983843853
6.692663860676303
25.32302114723016
18.44824059665104
18.22996646165774
12.92415240503248
-28.03567550550158
-34.91045605559999
29.10568307807967
14.01851360934694
-18.81012595503808
0.6667075566327888
19.47683351218895
5.575382747192044
-31.60212005314238
-12.9717627692933
38.88826119322619
18.63035728669757
-14.64953577392187
-13.90145076781108
-6.874780550338814
51.86002396251929
57.14135858360557
5.281334621109751
