21.76033902863087
-11.45781503722805
4.111498221141475
-3.307960146772028
1.98011465829385
18.92095232214145
-22.50420424276051
1.365336750816148
6.316611627799875
4.591321083321939
5.716999488049844
-7.210385477405127
-24.64343502864034
21.45064971697937
-3.327540422407105
21.09812349510959
16.03134526098002
20.7950345131035
-21.45627726979894
-5.143823724396624
16.93723943613569
-13.00985228969751
73.790138731517
56.15242823547462
72.85664544855456
-31.5549262687242
-27.76830746121976
-7.823933753558367
34.39063333877624
31.18844918615294
7.832231448903381
-7.34539311766173
18.13625568283889
21.75949062816588
-20.38803290314267
-21.37744524582983
-5.942474920110096
-4.467144846128785
15.72652358300976
20.89213279911379
21.08922672001828
-13.05219350377728
5.253708518757723
-9.428958557987304
15.79046060398532
-18.32515570434289
-28.98061048325911
-8.64936272865639
15.71804025451059
5.407191797924662
16.8148250418246
23.93959254842156
10.35236579378961
-5.066778234186351
8.761967981823416
-13.58722675468679
-15.17762456659825
10.30402423396872
10.14512074869804
-15.4191440294957
-10.65545477895076
23.73234750268112
-1.365145237773547
18.96610251739687
20.1354677251322
4.738191783006118
-15.86052610020622
-21.0073239696292
4.763689252064505
20.33124775506537
-19.64217873128293
-25.93885823751992
-15.83551820186575
4.054359474981238
19.53302602005258
-5.298766114081054
15.19387109445841
24.36740298149712
1.16936520845358
13.03123315829458
-14.18162697664207
-14.34053046060903
4.124275047573106
-2.93289721446328
24.01415272302444
14.14519728580552
-0.1589034845670693
18.30590202365777
-0.9894123449713413
-11.33616982153233
15.92088805999713
1.096784786182239
-14.08605969833468
1.486198067006765
-16.17311207040434
6.77552543544464
18.30110979539551
14.04045369340191
11.40763324511893
22.20862542166944
12.60027195905433
11.86186794967286
-15.39727594221927
-2.607355554312416
-9.6083534615204
-10.34675747427884
15.43497032313971
1.743163364671593
25.04332378248714
-16.53696596428597
14.8603787726997
-15.2076275128341
23.1195395874263
13.32986144585286
10.32164791102936
-14.578212249385
-28.12446168351623
-16.1247722775979
-6.354161712100246
-2.373165968101899
-16.53710671803817
15.31483678860025
18.4884191678737
-18.28012932877199
13.11721540695669
-14.78454442383678
-2.775751115779787
10.22537929232121
-10.18294500750133
21.66899850166584
28.37820370120682
10.71889356399076
-17.2509613296948
-4.24983092244874
-10.21459108489325
9.480127292264177
-18.65462001348489
-16.42016028537028
1.329338450349921
3.495584904922699
7.194038076126052
2.23445972816039
19.98395846385339
-19.42913540187629
-13.40467980486432
27.87973692814526
20.9760936171913
27.23600041074195
-10.99482343419663
3.463257077905034
27.16109096470681
10.56741905816878
22.47510455381465
-23.06950986257192
-4.717329464480708
-14.16394074837265
-2.087052372602622
-17.05577686103231
20.86158513562635
12.78992038792803
-20.59871788174927
-2.891836113942298
-17.65931013687794
-18.8980764091293
-6.190801435533976
12.55425562801577
14.29106122352392
27.99207613707981
-14.96872448698359
7.596467578464927
19.60526088546343
8.397985338197902
-9.296626148593706
-14.97149097495337
19.91574518962783
-21.6635951287133
-2.652213360682225
12.0087933080443
-22.56795855190956
-11.20727554816228
13.00113040767361
7.036370244375773
-23.55088911526185
-0.5280451545659346
18.35294360942302
16.33805072063913
21.94706287620324
18.24364579257448
2.916597293399128
-17.69461148670538
-11.45745878329008
-24.60569989876953
19.6947183768891
9.773862033191724
-15.32704849890757
-9.920856344347646
12.70727497457308
0.3407815333672636
13.0649361897356
19.96837282850387
-12.70631825068419
-17.56983629552744
1.311152470366938
-16.53112186436739
-9.627685228962418
-6.627145197907084
11.3639868111689
13.85471746513755
28.77382941532309
12.72415465579939
22.62813132029884
-25.10091053183132
-13.04709978446527
6.903436636770012
9.903976665868951
21.2307467026336
23.95470258122804
-14.52686253170548
17.60946642410232
0.8781658707563962
23.02284396212334
6.144481600657029
-10.44919030523046
-18.65722035838671
20.99167204202653
20.58595768824394
-2.878847127138752
20.48186266090171
12.05381074827024
-9.688069663064747
-14.37405607585585
-4.863518045257257
-21.74188041005372
-16.87836236289344
18.88098876450144
-21.2675500686504
-5.674864827868205
-21.89179929176152
-6.911088411812742
-3.418696525892119
15.59268524132143
-13.20837466542644
-20.76386752766596
-0.6242492234287684
-16.59367190588734
-4.685986411841645
-13.14824111464622
-27.19243401880712
19.8898776764892
-17.84212840087394
-5.719181745275971
-15.58813717997713
17.64917605757003
7.517149243703208
17.80427444592971
-22.4863642786827
-15.30341295621021
25.4521194349843
3.511758333134607
-19.64256788026528
-14.82410327568735
2.253991222111617
25.35927764567439
3.573310897437478
-36.88632382756644
2.759155113453905
19.40968411723898
-22.20962127494158
-2.01489288877301
15.77837323149751
5.609012155718712
17.79326612025962
12.18425396423994
-29.94709172583311
6.024455598353209
19.01138176775257
-9.789678141043257
-12.79789167703506
20.85228761253501
2.029940337374457
-0.6437365173064351
-24.41647985033037
-5.146797869687521
-18.82234727602624
-21.49602412930397
22.60913305179605
6.259906793568245
16.31245354542218
-16.34922625913062
-6.296679506296961
-7.555492862547325
-27.90807369521979
-3.621280278473664
20.13961830401112
-20.35258083236474
-26.44642018840797
-6.345236157103582
17.4156624242277
18.35218039833098
15.40502840246171
1.858778968369871
-1.725290543586822
23.76089858242708
14.98071087990584
0.9365179743427764
-14.04419290499184
-13.5462494341269
17.07809449934404
-23.47440781368297
-6.064565205021109
10.88440040949969
54.5244053205091
-5.650337426766004
-3.584069512075704
-2.45839110638624
11.99968940589716
1.12567840561908
14.45808051219178
17.40984260655248
-0.4057143551363609
17.82407039005829
9.650105899893111
25.21941916002047
15.47866654526504
-9.868955435960103
23.36835780303294
-17.64884080748909
2.843796399097148
18.81517128977851
7.889691257368455
-4.339154924734549
15.56931325924856
-21.94036110274342
-13.76808016913184
3.786618807504079
20.49263720851664
-10.92548003325514
8.17228093404789
-17.31649880645669
1.781262163160687
19.33596114196608
20.27562642967789
-5.309022001984934
-17.16140041638462
19.09776096876787
0.1550983894874252
17.55469897707211
0.9396652875266338
19.94437370802694
-42.19906235303412
63.30247735908721
-39.57911193914144
-21.70638363218283
13.43529080125126
-12.76036296717574
-22.81398118007614
-0.9991978864278281
19.45461382671175
-23.75330406006947
34.99611880140719
19.00470842072204
32.21497679429775
-25.58464843038571
-10.992941094455
42.21456709242314
13.21026837340336
-21.2608157749072
-4.198498284770908
21.57532726661146
6.044297054313218
20.63600438809791
-16.09520656040067
3.173582381166097
17.0623174881557
5.165609215982356
-18.97887991290833
-5.090144808980081
20.68368074012002
26.75060780608776
10.59027057170032
-7.453295550909437
13.88873510509701
11.52558436189187
25.77382554971487
21.81478329183559
6.066927067178161
-0.9393228786732037
-20.89087768099938
8.019033557522887
36.62090031991018
31.73411981006205
-3.338906297031926
-26.79929938478714
-18.50273099843319
-34.2505872223992
-6.541449423183609
13.704691709939
17.49258568925474
25.10790212377264
-15.74785622507604
35.99531668764207
27.70913779928177
-16.16033723434671
0.4099930987913573
-27.29914470004339
-4.595739962941235
20.24614113318867
14.3377194270353
3.671021399845175
20.24135173244136
-14.3725447238224
-18.63320082634234
-3.195380318749731
17.27269735913501
16.57033033309713
-18.04356612282741
22.70340473839186
-2.96865437568567
-4.260656102113102
15.4378205073492
-45.25752218409546
-13.31619530738616
46.21286555207183
-7.839091746129709
37.13756354517905
-21.03266678496005
-7.33165186863622
-6.113554840039191
13.13642580939339
20.68432598917421
13.70101491642323
14.91911194844647
-25.67205911536693
-18.12415893610364
19.29427150462611
18.93345938925684
20.46807767804744
26.79788083019431
16.948965612807
7.547900180040901
31.94132687563296
-9.848915219547395
37.41843043934797
-41.79024209297067
50.45375885205633
42.30939754146938
1.849762815480652
43.64000490885378
-29.00429871935329
2.61995041389217
31.624249133615
15.54150497462766
14.59170733485778
-22.13950361502534
-11.85237841305064
10.28712520332386
28.90991124007475
-5.908421705754376
11.40321041408323
-15.92432636263758
21.20953230180333
60.48494027527644
-7.090871165685287
-41.04634363168408
28.05080326848141
-33.4310271923204
28.60186676473208
37.1338586631092
-17.50670082828574
-47.35972684384017
-38.82773494731567
0.4476730264081967
-1.803208138576321
10.02793625878241
21.76356763346287
8.531991897045058
-4.88678050805114
45.55651870529258
39.27540797383453
-17.4330495512514
-49.86718655783519
-32.43413700670311
21.31589460664409
-9.806366877526017
-28.34195680894197
-19.2086488131641
3.959179556079774
17.73516022630839
24.63780570336322
-26.54265530800915
23.90064390412113
-61.6156814145242
-30.66330508090294
-0.153183023351432
21.32369846807619
50.44329921243634
-35.07302610682142
-2.576945432204226
11.83114439715953
21.95554808051632
12.47910041584267
30.95237633529884
-23.09958096813945
-23.46039308601678
-54.05195730094342
-9.075302005199044
30.51012205748972
26.51936558440714
-0.3608121159822191
-14.54483346289428
-18.53558993459627
6.932048026966344
24.33670398693865
27.54152710465107
35.59466758799148
-8.144361310104344
22.34666539435204
-3.990756473121199
21.47688149127964
-13.24800219238041
9.133307995649652
30.49102670397365
-40.4596347254468
15.83637321840224
-3.608884876776962
3.13190198556485
-18.26353836304646
30.24417182650515
18.7724253066759
-14.65465348671542
22.38131018587049
6.384911243642401
-12.40397685968516
-15.14011771814353
13.84874992987402
5.538508426961762
-21.22285636594921
-3.307164078025092
22.63830751781434
-17.96825627542144
-22.21083766988359
-60.17474275020764
14.67670255117537
-32.02244263246047
29.8338739759016
4.86509758772373
-28.93273196239378
-2.372827414165577
24.73602045530651
-37.96390508254599
36.8875402196093
3.089710670980419
-30.85357704519942
-23.46480481662718
18.22978474684835
-21.91374094453595
25.34011278865768
-42.13134569003182
1.551063873549174
7.110328039568125
33.81214001053151
-1.712781269811499
-21.38401827295437
25.93307494329352
43.68240956358805
85.8664977386336
-38.04596935359807
12.54716145893757
-21.39544034816517
27.11226984192505
-17.68306784010013
20.55621393129062
42.18408817550507
47.25385373415742
17.40465596187956
15.05604584590334
10.12440368464687
19.71160721009509
11.73563137515115
-9.476447662309559
10.69702549626656
21.20522306068734
9.587203526105178
-22.51339399026613
-10.09716319084131
20.50453277919381
4.725035710922286
-18.41808577902339
16.65052900460908
-24.96877638760306
20.36290151445972
-5.097853521845319
-30.2302292999371
8.009052472081384
26.98333141184539
-13.57517702954098
12.94235530251399
-49.98373456275185
-3.149072857830113
31.73682126218204
40.98704192547641
47.97085075720182
25.6873763957235
46.834661704877
-17.6377104960404
26.55990454914158
-12.39218359615392
-39.01305327498222
-33.94328771637867
27.10884787043409
-38.95208814500132
-17.80480283549414
17.08109128507454
-6.556055910387927
14.43222270558116
-11.4717465224921
11.69608184670529
-25.46075503736194
-12.18686151866374
16.65505227199861
-18.78888810115486
-6.029087266531173
7.46383868487466
20.78363303603871
10.93937234688159
18.97427893986258
20.98827861460683
-22.86519075962077
-9.536885395681544
20.43801314750726
-8.625498684907591
2.013999674415722
14.77380050997058
-14.04097610954357
5.017510211326694
24.29416945544189
-1.157153838609372
22.21943679430463
3.332171247001299
-24.37926007705492
-22.59210022061827
13.27389351975478
-10.02775658604607
28.84191379273267
-23.30165010645959
-7.067620612254879
7.406967412909069
12.75980083490133
-2.736140858024852
-25.45132329326318
1.066209039468049
20.12469536000354
14.95498789330595
-2.074732662623905
26.51753233266506
-21.43494638144162
21.14728530934534
-43.32508689183496
-26.62086967894553
34.88589412041237
16.70421721308253
16.23402949509152
-9.75629029929723
9.025415426721793
16.96845961345052
19.05848632046929
-5.169707466937088
19.24109886460401
18.78170572650232
-28.93128461201759
-19.91284443828896
-3.434102725023057
-16.34213436889678
0.775440981454343
14.49853074020389
18.13848031633055
-20.0053249296145
17.79706956809145
1.080107319886638
-15.25759441702377
-25.19491763205708
-17.02972055586336
24.41080633197819
2.996691924478136
20.11426727266789
-17.55561557119117
-5.18959270244284
-18.88726554783714
7.437262237901831
20.02641247970495
17.64115338564477
9.017898609495912
30.27735415110864
-7.879065067237622
26.32452778627254
-27.7114313241597
-0.06557511112296495
12.63620076546411
27.03875133348355
20.60750884372663
9.493139219194173
18.51157939445167
21.25945554178445
-16.89696367756357
9.018440174493106
12.5891502424727
-26.39010289758753
-17.07331303470753
0.8593204319139228
28.66894913861616
26.74435919460633
-5.599093139104649
14.30098104433236
2.747876147138443
16.47874171440811
-8.044843487425149
-7.487721734282228
-17.33198242375883
13.27592341729128
14.32305780873157
15.52665650010492
13.73086556795479
7.971308078329089
25.2050854643695
-6.431242489823672
20.98983229268982
23.86954099344247
17.93263346590448
11.47421989626502
-0.4593931375744283
22.85000071141401
-4.296539059747098
16.7707899877697
13.06650027133082
23.16782836834625
20.67862614687726
-20.79123749535826
-2.966374457067483
11.75568760720913
23.73401867138804
-17.58641437552505
4.113658590032171
-10.68376889813517
-2.348610118292241
17.82486303850376
3.204823119619941
20.17347315732293
10.50819756464222
14.72206206498124
4.213864500065137
17.60042557669242
9.279502987033425
-11.6180195343277
-16.36933961865273
-2.982778540494505
11.83942036558046
7.121785679939959
16.22279857231505
11.97833106484261
13.3865610772903
23.49112529927872
-19.6203600807263
11.5127942343753
2.495311245838671
24.66034150412089
6.902645477871702
4.095308212112093
-16.80221430572065
-24.77819013944126
-19.67123700314191
-12.68742817130132
27.64585621313985
1.787159855600473
6.98380883183935
14.47458802605065
17.23018312334694
7.94304418735708
-6.079210722088116
-9.783500441836255
16.0135728000392
16.28869057567254
27.42107478419216
17.23377738592751
17.11757534927055
17.36303933255514
-16.36358928530669
-9.876403305879474
-3.043794931093574
17.7198502213101
20.87468714634297
12.23926802053134
-15.89157716715691
-2.744029897754471
8.993513693235203
22.52124688027122
7.860154682485331
-6.790564273887748
14.82219890391937
-8.320922589657838
-15.77949706874711
3.254600090715099
-11.39611886333921
4.383378206075456
-20.89752252008393
-14.46044295030943
-10.82049337160282
14.97657987337061
11.42459581118541
-9.287138936133346
22.36790129620434
6.487185981830322
-8.310241504684276
13.31979435193738
-14.79742748673034
22.1156713258365
13.14754726962584
9.101012892718915
3.63994957761676
25.88503876241327
25.7970732434286
-20.54387577817957
-9.447558152757987
10.25675897967644
-5.088294440066146
12.61733180083053
-1.924589943518088
17.44001164995682
-14.36796809477527
1.102309911472102
11.09631762654932
-3.551984063103775
0.2751177760395162
15.45558133873481
-14.64830168970227
19.70431713211722
4.716299903969341
19.36460159355625
-1.728945023378755
-16.71696224900003
11.59936033919038
-14.98801722733258
13.32830536393935
2.360572820393744
14.23969207740198
-16.33770173838191
17.87272830718718
-16.08274415935653
-33.95547246645392
35.14167443380057
7.615316436940816
5.069765558485905
-7.975975834650137
-10.18729739933071
9.712776783882797
2.879708701717934
15.24573157299422
19.90007418327109
15.47027800670238
5.532954788272718
-9.937323216731548
12.36602286983692
-9.844260689316924
20.76364515198869
-19.3333755964412
-16.17853867169305
-4.184052638171393
11.96032385908933
2.882875231751763
20.34018527197372
3.154836926095773
15.14932295786752
2.250733082404545
-8.635419125520999
13.52961113294799
19.06141390442353
-20.69608300104394
-6.59389443328968
9.550482065711755
-5.515619441074522
10.62973167468132
-19.49248430763561
23.42274826621722
15.18046356084974
1.203598692177222
22.16503025817822
21.74837244453799
11.73754359165321
5.531802774299651
16.14437649769947
-12.89858987475244
-21.43528746856187
-21.31555369223764
40.56448416830401
-8.391226113742645
5.627784627891291
8.379861413512504
19.45128256918499
13.87226620054426
-29.06351183269238
-18.11188132001043
0.1197337767734316
16.14535111663611
17.70562624036721
1.56027512304656
12.79301659279476
24.39102489671774
-10.01082885267319
-16.21656967040023
1.240740368306766
10.65160000279668
16.2272149971659
-22.790577798995
-22.40909853257805
31.48287585633695
-0.1214316302840652
-21.74227520606263
13.52773318755625
20.66242885477027
-12.9280341906919
-18.50705056119707
19.81699615193836
-6.909042256676214
11.32257284291181
24.24690042288752
11.87911925969683
22.83074977322513
10.95163051338033
17.45731004058409
25.94547159583732
7.134695666901114
-14.66109219758346
11.07142115612995
16.81681166877048
14.98647463073627
-11.02334463135545
15.97629519929185
22.66914616994903
1.048302592840452
-12.85368166994428
-5.57901636977174
5.745390512183223
32.74503034189664
11.59800830452959
26.9996398307169
-1.830337038483136
4.429904271893381
6.69285097072699
25.32500350816991
18.44891501406211
18.23161509862694
12.92432757923542
-28.06061104653799
-34.93669954048421
29.10165577485249
14.01901074170993
-18.81077592961514
0.6668233265424232
19.47759925632931
5.575614993835266
-31.60430748699549
-12.97215494992663
38.90203706641464
18.63215253744296
-14.65071895521377
-13.90198426289026
-6.876088494027065
51.87419201634088
57.16226682139889
5.28807480506583
