21.81608027735247
-11.4904305202803
4.122231279817139
-3.301577466329517
1.973731977851137
18.90742486683517
-22.49104000732681
1.364373621084132
6.312933835940098
4.588674738782681
5.713769138909921
-7.209308456432629
-24.69482820257484
21.44568895946247
-3.331756835830044
21.15110846603617
16.07246297808031
20.84756764537757
-21.51861214306589
-5.157832993085219
12.53629234681266
-13.28537291466412
74.38665544052733
56.63304102135896
73.44543690637397
-31.65430062170889
-27.85427153663379
-7.833201266858155
34.26505698958447
31.28015347172785
7.856798512227429
-7.360599117357149
18.18802398797188
21.82438232643554
-20.44892732754876
-21.44122109480283
-5.959799373975399
-4.480357006042599
15.77142612422007
20.94835674387966
21.14691138657677
-13.09212948821225
5.267814659629118
-9.45577114529252
15.83418395816944
-18.37137333078289
-29.0537933356119
-8.671629638359153
15.76417596706352
5.422462999106505
16.86494345930663
24.00321243374383
10.37887915964095
-5.078645487979912
8.785814804064104
-13.62433327421275
-15.21739762967981
10.33122547583977
10.16950305521268
-15.45752466273703
-10.6824200088629
23.79383632997217
-1.368373827273054
19.01378986658609
20.18597574501745
4.749853211406255
-15.90087025005801
-21.06136492004132
4.775104668990084
20.38216369674916
-19.6929910845392
-26.00540063858046
-15.87909672974319
4.065174563510539
19.58432408571257
-5.31272741069766
15.23326326229083
24.4358056036749
1.172185880792836
13.06746351272088
-14.22352026001217
-14.38524268220012
4.136423899384543
-2.942762221614955
24.0806951871301
14.18495603644191
-0.1617224211738821
18.3599441582958
-0.9922937688530993
-11.36834208920583
15.96857032391178
1.100767492367555
-14.13306548630063
1.49181342277065
-16.22778025949259
6.787890816039749
18.32421989250882
14.05183029283327
11.44248046054691
22.27132594489184
12.63489345221012
11.8952776306009
-15.43612253298471
-2.614072526617282
-9.636432490928334
-10.37604831732191
15.4814217187909
1.747727606007631
25.11785420771916
-16.58180414283816
14.90385476716514
-15.24896597699962
23.18012026635291
13.36461576225876
10.34743800384985
-14.61748257228197
-28.20134867073372
-16.16550943033733
-6.373050114672628
-2.379618213052629
-16.587049552514
15.35817538208628
18.54133809078396
-18.32953174824598
13.1561271598246
-14.8246596531945
-2.784108628326624
10.25500313772593
-10.21399943865329
21.73122549726565
28.47217165921171
10.75257797644339
-17.30037437513364
-4.26126260903573
-10.24500103721449
9.511171993771153
-18.70156579321103
-16.46159211086223
1.332838165133014
3.504872094947848
7.212353953171051
2.239973682249308
20.034403958309
-19.47943388281623
-13.43836950754894
27.95019824323929
21.02635274935219
27.30466021575523
-11.01873083446975
3.473342083708303
27.2302121326438
10.59389198092226
22.53193351132023
-23.13257532212555
-4.729095739925708
-14.20743133864922
-2.094714773271409
-17.10855535955772
20.92095630387336
12.82205000501019
-20.65072346023922
-2.901124021726229
-17.71959368218371
-18.96099966579704
-6.20865825901197
12.56001687151717
14.27144476126808
27.98221191644846
-15.01384058549704
7.616135683282264
19.65668670599059
8.419343270577384
-9.32010740518985
-15.00924414614017
19.96646420365752
-21.71940756468656
-2.658915624221549
12.040551024764
-22.62537982894501
-11.23734343621938
13.03911176607529
7.055373337903869
-23.61047074134404
-0.5308557729303043
18.40167187305054
16.3838515186172
21.99739496058499
18.29271677423075
2.923835188728607
-17.73945067536006
-11.48610513094647
-24.66783370840921
19.75617303138328
9.80084515837407
-15.36888158535385
-9.955327874181
12.75234140829423
0.3420319611668247
13.09194520436574
19.96130081862374
-12.74170454021736
-17.61789708082787
1.314630574549937
-16.60861469486726
-9.73925908460175
-6.650858647620328
11.58023163349556
13.82924437652388
28.51904830336801
12.74991324093713
22.70766928508611
-25.16972674357942
-13.08373649962229
6.869355611770958
9.957756046434403
21.28769885112886
24.01809806845256
-14.55890522161161
17.65564833495629
0.8820298796292364
23.07961498482081
6.158155637883342
-10.47816450653555
-18.64667024588114
21.31949071988252
21.25013914992147
-2.886603157750621
20.48010302209059
12.08599024752217
-9.711661682126856
-14.4099403200169
-4.876192538848816
-21.79765192421119
-16.92145936334416
18.93252765043575
-21.32165986443597
-5.689136741427467
-21.94671424991532
-6.928383031348385
-3.427968815495577
15.63252312371151
-13.24347331506722
-20.81990267579947
-0.6250543874178115
-16.63632014441878
-4.698278629606807
-13.18172857780463
-27.26102925595912
19.94427128927098
-17.89052319836248
-5.734868627536144
-15.63060777622366
17.6951079062589
7.538190550078565
17.85072585127523
-22.54742591858199
-15.34422346302046
25.52117346268843
3.521285135493383
-19.6952842698545
-14.86780283330685
2.259915423262544
25.42871375007979
3.359418704549642
-29.9841953061982
2.873016853722037
19.12573562494958
-20.61361852462266
-2.017820356119911
15.76006708993762
5.613543444113142
17.77788744774421
12.16434400163992
-25.82166526147671
6.04106437417746
19.06049193990985
-9.815504500980401
-12.83268226340723
20.90983790487706
2.036091269518247
-0.6455380261587625
-24.47685615981932
-5.160494673044996
-18.87374663848866
-21.5553759268043
22.67318870765362
6.278307466046863
16.36077915009848
-16.3948812504218
-6.312409554731739
-7.576429360627425
-27.98209833518845
-3.632050515795304
20.19484828995881
-20.40566897466606
-26.51294743375636
-6.362449734175705
17.46444906064524
18.40347958566705
15.44093510124048
1.857069002499283
-1.724259085816744
23.82689880537668
15.01833121829945
0.9390305284889219
-14.07930068482757
-13.58386609892427
17.12771825775535
-21.1061238919164
-4.167307217673328
11.9829537701259
65.39023596338953
20.84127772840576
-3.581328089578262
-2.456233677557061
12.0358392412323
1.125094411467756
14.4920729184668
16.93881667217478
-0.06935157125057861
41.94740162342416
9.677293267682572
25.28995508575207
15.51914951900613
-9.895739149687852
23.42997653547256
-17.69384899753505
2.852141657334639
18.86550860234498
7.91082701247273
-4.351060815440985
15.6126618090836
-21.99988833743453
-13.80547479749846
3.800029085074703
20.54599067524953
-10.95468159562277
8.194413544826389
-17.36273768907656
1.786357472263153
19.39186137628533
20.33731699158026
-5.325779367815165
-17.20711974033512
19.14909515659118
0.1556179478222869
17.6055038874634
0.9454556122530215
20.02107027506947
-41.94962443110749
63.86350695406419
-39.34791360101811
-21.60013469951306
13.65914033305221
-12.8129613772395
-22.90358718242755
-0.9962619805295694
19.48064476354312
-23.8419865435702
34.96565894312492
19.07561466376304
32.29360614114179
-25.66309635827578
-11.02902516747187
42.09825825805979
13.21799147699148
-21.3079648974865
-4.211879189055081
21.63531194152079
6.062841392313481
20.69691258193225
-16.1310342801388
3.183162710280194
17.09608570632003
5.176930619059265
-19.01025538404777
-5.097332390986416
20.74985873651027
26.82741343852713
10.61064934115767
-7.473926304848112
13.91292299445736
11.53632907883292
25.84719112814131
21.90732520001914
6.077554703296314
-0.9383993597345672
-20.16875768427618
8.578450454710195
37.31468281005037
31.60900160317112
-10.4249800657654
-26.36194821135059
-18.49142699967591
-34.32119749571574
-6.590737358047705
13.61470207295243
17.47049392387209
25.03413189416851
-15.82977049718793
35.96192092349784
27.7304601377037
-16.21676409728049
0.4036141008118289
-27.32684603640468
-4.694009513915206
20.20543943103574
14.01224890153954
3.700197059948705
20.32057525738005
-14.3843785869328
-18.65676818680327
-3.234573143138564
17.32020215927937
16.62037819800297
-18.08457564614835
22.6328365237457
-3.000373100428348
-4.272389599567302
15.42219504331933
-38.75013442714498
-9.712309749613173
43.30626543729095
-2.168658503337668
28.65757030008723
-20.98091736294356
-7.270150205081141
-6.291113441253025
13.28462509732656
20.90071254384198
13.7107671580037
14.68980392517009
-25.63320962542983
-18.01712217935606
18.56435374728277
18.70625841470623
20.55477530247443
27.19182598603706
16.15026098612408
7.616087446819331
29.03782467642254
-11.041565002034
36.58147592522327
-40.07938967621033
38.36988004916044
46.67150652637011
13.32789251457115
53.40728219114662
-28.88026678308522
2.601710830088827
31.48197761573742
15.48501417942062
14.63407119021141
-22.19387567358586
-11.88134037163525
10.31253530283556
28.74720814056849
-6.193190529068374
11.41942982143892
-15.92725946147402
21.3483110854108
60.90418849478539
-7.07393341688009
-40.81867575954764
28.18534161818378
-33.25503778448125
28.73623235770473
37.27557054553001
-17.32777832145031
-47.65840459206721
-39.11906640616014
0.4368110034594554
-1.764278094084737
10.05344371519368
21.79988237517381
8.539338186470246
-5.705681205063077
45.89412649799348
39.55587740974275
-17.48551974615824
-50.2043666210113
-32.71884687635364
21.36307136922968
-9.773156459318107
-27.97784054398832
-18.9373247675508
3.946260000579396
17.68909643765506
24.58512100337491
-28.40121254806363
23.19859515373811
-70.43519421637072
-41.0391430807725
-0.4639662761017417
20.66680014970061
51.59980770213051
-42.03398166863639
-2.531795000176134
11.81772180894237
21.95446988792981
12.48452528858733
29.39605113724924
-16.07887280867513
-15.93696814381829
-45.4749239434017
-14.64869513548179
40.57517680458218
36.60975485700679
0.1419046667797724
-14.23926214194227
-18.20468408809348
6.891504282250481
24.25770645057696
27.46225289772377
51.25844999084607
8.301626477721095
38.35489643460897
-3.965421947588684
21.13076642563002
-12.90355355495031
9.04051577623418
30.0532699563766
-33.34361401122422
15.76631691903055
-3.527360686802865
3.092687367636971
-17.81431372478936
29.75208947508739
18.41670863974497
-14.28695303846123
21.94406932899714
6.379362420375069
-12.38134163194167
-15.10871935355326
13.83839225283158
5.530141647124013
-21.22232969536414
-3.307491144180475
22.63784307304016
-17.96826521011466
-25.68159281388106
-44.54895823787724
9.370576780091088
-30.26448793019231
28.27431704089593
4.787681662836188
-27.95626805466795
-2.276934824890921
23.38462859765417
-18.86736542617601
35.05216959248761
2.308219876400536
-31.04229165458753
-24.13674230887424
42.01675319628647
-18.12000704148974
29.84182697225458
-37.98600926305605
6.016735268796994
-12.17492622623187
33.20965586676513
-1.668484409615216
-20.47252129399383
25.4605266199816
44.00274453181331
86.73080982164714
-37.15971986476518
12.31927855921682
-20.90700109195135
26.65940210838239
-17.29969075853028
20.20698312562599
42.72806529046726
47.96183401466416
17.36620217033569
15.0163202864389
10.13674808063713
19.72408504306743
11.74643866079164
-9.469944596713841
10.69558544475695
21.20219746362091
9.587336960794502
-22.5081064182588
-10.09659412259127
20.50303359428734
4.724009782029243
-18.41546885071115
16.25271877202082
-23.48663537751906
19.86002910718151
-4.889688444452531
-29.61896931856381
7.887704566158146
26.62207038595009
-13.31610580850683
12.75266159334774
-49.17321211989821
-3.067784216651268
30.45488097734034
39.27596227556995
45.98061699600049
25.41920283448753
46.105427903558
-17.75361441950727
25.67933323065306
-12.2238588854159
-38.58428025517421
-33.35051153114478
25.66156342347741
-37.90319211573693
-17.21696704448081
16.30569815223362
-6.452418982421387
14.27558165149796
-11.33538083803722
11.54820392959753
-24.74971755268401
-11.92058350583573
16.30286351118072
-18.7607040497084
-6.021267856142112
7.459029830520811
20.77484235357772
10.9338266152987
18.73436581998173
20.72800063244804
-22.86961704314225
-9.539554358458657
20.43064696683729
-8.627483502288802
1.993634812066091
14.73307100604669
-13.86940879270895
5.003654930760985
23.88255446770421
-1.139049478156922
21.8410731500092
3.271554867124974
-23.92237764064733
-22.19764634711659
12.82913404789796
-9.355865271935873
28.22344701882773
-22.18499932053265
-6.659263302227311
7.164850152008538
12.73943619362848
-2.727377721094374
-25.0216039450336
1.04716345789979
19.92022718086403
14.77743783728135
-2.041481318872617
26.0687674029286
-21.05859686919321
20.68622507102497
-43.17281725445305
-26.36042136981267
33.52266519587629
16.81239588467744
15.52573601932437
-9.729416075637655
9.016101631206592
16.95509447093122
18.87306372295971
-5.142789343602849
19.20464220258038
18.74551770697805
-28.79497518305791
-19.85141986814094
-3.428325507329342
-16.28379755533347
0.7755046850849853
14.48960891528933
18.12768963264269
-20.01073431214105
17.79607728399192
1.077601569957345
-15.26019459407187
-25.19719132720047
-16.81891915585622
24.34743154615955
2.997973280185962
20.05727551944755
-17.54305124399974
-5.186457015059676
-18.56951828299361
7.305714807541978
19.81689243502234
17.21327685244785
8.86483074179711
29.84003197368443
-7.749129246783141
25.87523309064502
-27.19393250788227
-0.06492147833748843
12.62675512123684
27.01534894852235
20.58893351682887
9.326194563797275
18.26974988004683
20.97520123209459
-16.61395999564327
8.943555315583371
12.51117762786105
-25.9401545665033
-17.05955241108378
0.8583820105428535
28.65877438308958
26.73476146601999
-5.594018838538567
14.29513349925331
2.70545135200467
16.42309436105469
-8.042569471882556
-7.486231616898547
-17.3272473552687
13.27363009434529
14.32002075023189
15.52389632273183
13.71764300892232
7.962178397883457
25.18317657859374
-6.426415433985101
20.97740790772285
23.85541362665964
17.9179344227017
11.46553357063168
-0.4591244955883381
22.84228284343634
-4.29015602668804
16.76454622716534
13.06202891870688
22.88358476682862
20.63886100231169
-20.78112651891337
-2.96547836691702
11.75305234066192
23.72887173357616
-17.57658006926059
4.11266087075012
-10.68055550256599
-2.349881886412107
17.81564815249267
3.20454644915616
20.16553003981405
10.50661201725813
14.71853070854374
4.211918690014373
17.59645127336963
9.27757653044168
-11.6148605003648
-16.36704888753863
-2.982516293251917
11.83808765514443
7.120656590058958
16.22099283040803
11.97581939303022
13.38453258434489
23.48770548265475
-19.61621086288232
11.511886092372
2.494945841291224
24.65846377228685
6.896024566470636
4.092637578604934
-16.79979941954459
-24.77744579550767
-18.80403688443148
-12.09938216310619
27.12901102965421
1.72473129333932
6.704654721377675
13.82411345525466
17.22367072168827
7.938992839679861
-6.07773661539409
-9.780253925767923
16.00929330413375
16.28485360735701
27.40382335794107
17.22099817967024
17.05930223984022
17.35218494592721
-16.35904388410634
-9.874078121961574
-3.043231357365594
17.71663035403322
20.87148432119664
12.23707858467432
-15.89062123505712
-2.744043558944298
8.993215036236537
22.52067224647686
7.859898176324837
-6.790284985950909
14.82060392650848
-8.318874743808619
-15.7790238181545
3.25406448711099
-11.39611865582255
4.38290516723676
-20.89243701999136
-14.45543396983322
-10.81735324734084
14.97219398592186
11.42094548264993
-9.284677882858881
22.36259022187405
6.484965763940633
-8.308250607341842
13.31581252426349
-14.79321637175087
22.11115670464229
13.14657767822253
9.100336243371489
3.63808071926844
25.87637945506523
25.78954723089757
-20.54401289341615
-9.447835342572798
10.25657911101213
-5.088258165275317
12.61763963337941
-1.924012914597262
17.43942489400362
-14.36364088630848
1.10162870596794
11.09617755529843
-3.551248505854075
0.2755603036167019
15.45575472437282
-14.64742605603876
19.70441445089652
4.716011766022526
19.36343781506661
-1.730073067213615
-16.71847572140886
11.5999896035072
-14.98840267081147
13.33006268468363
2.361060515199453
14.24213356810092
-16.33779618122483
17.74777890383065
-15.9969634388797
-33.74474234320233
35.25927503381457
7.563637972681446
5.233768723974725
-7.977646384057882
-10.18282518529459
9.70632715544104
2.878005730601026
15.23459998972401
19.8891523381943
15.46526959501319
5.528272823053992
-9.93699675254396
12.35659424229863
-9.841015738324646
20.75986171132143
-19.33268369060803
-16.17782972000848
-4.184043066746925
11.9602229790978
2.882869630292271
20.33997028406313
3.154853969808169
15.14864062511599
2.250266227676925
-8.634405735926943
13.52911219666553
19.06069935017261
-20.69596448461179
-6.593714506120314
9.550551545379442
-5.515770071364241
10.62994707514299
-19.4920889056396
23.42291165036701
15.1801944175393
1.203875574575117
22.16351793199714
21.74789327124906
11.73725859625516
5.53158715447988
16.14426604796063
-12.89837439792306
-21.43892507398416
-21.31731868674142
40.51493876537576
-8.392833489619507
5.625694120815406
8.379747307259594
19.4510842367367
13.87236010492945
-29.05813047246913
-18.10835197236824
0.1216063913417582
16.14571715079892
17.70589779108186
1.560180634280328
12.7929645810503
24.391032225241
-10.01063467382479
-16.21630611663075
1.240794534984073
10.65145262914426
16.22697588818335
-22.79000256219675
-22.40826545759626
31.48034825740953
-0.1216237944161024
-21.74162741155581
13.52745721305416
20.66208730055179
-12.92760124210549
-18.50632537881749
19.81638234585817
-6.90825773210738
11.3217006551923
24.24618586584993
11.88107308014878
22.8308515866544
10.94977850490823
17.45710065356469
25.94533421735929
7.134630086154896
-14.66077406779544
11.07133692966956
16.81654851192116
14.9861813551491
-11.02307662864839
15.97569537802912
22.66837877860562
1.048375149259978
-12.85344378450979
-5.578724133394557
5.745211582059411
32.74398358464617
11.59806764729163
26.99877200653354
-1.830367156924716
4.429803525547958
6.692683400432777
25.3227756140762
18.44833114130471
18.22995837958812
12.92448520388982
-28.01480017277674
-34.88924464488845
29.09967623443654
14.01852761059955
-18.810704137906
0.6666380474387077
19.47734218605885
5.575523257535461
-31.60197205607422
-12.97187984645382
38.86728711664536
18.63009221386878
-14.65018315260469
-13.90181893270616
-6.87444447244154
51.83916696309918
57.11447640724651
5.275309444179628
