21.81316066015662
-11.48934583175987
4.121847231739669
-3.297378444842917
1.969532956364546
18.90908085749045
-22.49237750016286
1.364493335345526
6.31206675102516
4.588061981901693
5.7130251792028
-7.172740682055711
-24.69676618501006
21.44695925499975
-3.332172318084966
21.15016632014065
16.07212287506419
20.84682687432869
-21.51864477864949
-5.15723488683716
12.84372113471509
-13.26242999441111
74.59911057137855
56.80480216285036
73.6602032860163
-31.6330418222432
-27.83543343980944
-7.827267561573774
34.09275571239983
31.27540761701779
7.856121397278124
-7.361081260712568
18.18586706757252
21.82016128928986
-20.44607050929082
-21.43821823295052
-5.958840294560789
-4.479722618334998
15.76896183641787
20.94488391208856
21.14487017778927
-13.08954055588365
5.267585501617196
-9.455246327728085
15.83263439475482
-18.37064962005624
-29.05267137861032
-8.671123540253742
15.76263545396374
5.422294235448942
16.86316691422647
24.00359092635413
10.37868227753525
-5.078043445086342
8.786388268237159
-13.62490864895634
-15.21720265811702
10.32974567042096
10.16803520529895
-15.45672574451559
-10.68202176458122
23.792943855422
-1.368404970558805
19.01314286243434
20.1851913320338
4.749604151062503
-15.89987429038745
-21.06029058542012
4.774704001828173
20.38154783737235
-19.69188560282355
-26.00406176133352
-15.87728468005574
4.06453041043196
19.58067337173066
-5.312235757487554
15.23073410625781
24.4337589924293
1.172048472779246
13.06634537514022
-14.22140264878994
-14.38311311689369
4.135723425167723
-2.942240438653193
24.07753850810532
14.18311854812547
-0.1617104662887889
18.35712607258733
-0.9921477249197262
-11.36741361550057
15.96634789307559
1.100531461010394
-14.13077879809364
1.491597952140045
-16.22516409836012
6.786747086302223
18.32044774546396
14.04893789453603
11.44087267869202
22.26956278422731
12.63411445282031
11.89429690045558
-15.43558717998668
-2.614022487805622
-9.635448329324671
-10.37526588717637
15.47937793662294
1.74758306500458
25.11482626403161
-16.5809358575206
14.90215609749612
-15.24813693815232
23.17927979929552
13.36411748881058
10.34641148660234
-14.61684342929696
-28.19989763918385
-16.16349810682725
-6.37210706329947
-2.379242373567958
-16.58477722768494
15.35569506673055
18.53828351197661
-18.32851892171786
13.15457303102727
-14.82383710249626
-2.783928836744135
10.25390121328601
-10.21267016482489
21.72780213030904
28.46772619434077
10.75096414298878
-17.2986872778053
-4.260857227285347
-10.2438757593128
9.509906291193193
-18.70078446563733
-16.46092775572731
1.332798918860733
3.504681819071799
7.212018694008051
2.23985670973802
20.03358338443661
-19.47867300421284
-13.43745974743485
27.94742779798479
21.02383111715034
27.30194529153606
-11.01828814573154
3.473842347166626
27.22865327475183
10.59336034089062
22.53071302872518
-23.13182408614318
-4.728997172835802
-14.20553485367738
-2.094385300121405
-17.10620667061659
20.91752588577291
12.82156469013807
-20.64947844034456
-2.900671817526716
-17.71676205064523
-18.95781990358708
-6.207738436546506
12.55733994376895
14.26862910928281
27.97606116198248
-15.01182137003139
7.615810919891918
19.6557191829353
8.418925170004348
-9.319715844878328
-15.00860045003142
19.96560957190601
-21.71852971404281
-2.658801797251874
12.03990826560218
-22.62441136995867
-11.23679401369132
13.03783005027511
7.054811518680099
-23.60962886374764
-0.530749311992245
18.40028106421844
16.38269324763496
21.99557485566915
18.29160553251267
2.923665602209479
-17.73864101431604
-11.48566068006277
-24.66671524013336
19.75378205123353
9.800087373362215
-15.36793993021328
-9.95369467930117
12.750081468814
0.341960710705285
13.08967020934091
19.95808599583234
-12.74072353509671
-17.61663492325356
1.314395466080825
-16.60560771002585
-9.737191927836859
-6.649541050560101
11.57636649756714
13.82682649907493
28.5142889951855
12.74770949553233
22.70377615133794
-25.16802730348528
-13.08268424295769
6.868415783762992
9.956066658545858
21.28684401536511
24.01716988044043
-14.55775266082093
17.65493817993341
0.8819909698423024
23.07887957561609
6.158061945598564
-10.47723097765111
-18.6436905323332
21.31355842713515
21.24038968471726
-2.88596193541955
20.47636754762382
12.08534306541648
-9.711386013308493
-14.40932628319837
-4.87591138531271
-21.79672907121769
-16.92081765387769
18.93103038262745
-21.32077416429914
-5.68888460511748
-21.94578194043701
-6.928074223394557
-3.427838355349577
15.63188955996548
-13.24300066007659
-20.81910852976098
-0.6250077788826228
-16.63529292324953
-4.697940257958313
-13.18105456099676
-27.25971020836326
19.94181508470501
-17.88777592715735
-5.73381341799571
-15.62823337623297
17.69140581182514
7.53683060138025
17.84693913368654
-22.54201354188126
-15.34041790387583
25.51325655500753
3.520426554507954
-19.69035714527323
-14.86581643377419
2.259542552003086
25.42460653044482
3.31042190250553
-29.80142187003605
2.88052023446888
19.12392762019101
-20.47886983142381
-2.017587819116202
15.75772859949519
5.612881611172224
17.77531642114415
12.16243480713812
-26.10615112912607
6.041213254473077
19.0597279160986
-9.815162306085726
-12.83286831372007
20.9104057003891
2.036324135427919
-0.6454825045118667
-24.47358545120453
-5.160416299483673
-18.87408156921986
-21.55588819883016
22.67358605568183
6.278114173843137
16.36140989198012
-16.3954718945911
-6.312176159511637
-7.576107869374429
-27.98096091908642
-3.631905834895265
20.19410075335287
-20.40485305002217
-26.50990959289893
-6.362231701535675
17.46377487091232
18.40282691838058
15.43974363066272
1.856689420322195
-1.724004752583365
23.82600658771148
15.01770771666391
0.9390520525412228
-14.07865565694569
-13.58305421059713
17.12535898678579
-21.10103348967407
-4.163110987754006
11.96893609299029
65.1707815488364
20.7488408119448
-3.580694174737137
-2.455730960103387
12.03639953361845
1.124963213841129
14.49213049328514
16.93792249987256
-0.07316874367554882
41.84987430469978
9.676687607397897
25.28788069693576
15.51614295641795
-9.89441995910861
23.4252192322391
-17.69131342841657
2.851656409158818
18.86084446390527
7.909076270038947
-4.349939253948014
15.61119307651881
-21.99283001539207
-13.8007962631944
3.79760838243331
20.54296986713711
-10.95176820206085
8.192033759307476
-17.35808371951295
1.785718271995443
19.38412294867364
20.32976721036455
-5.324228173644496
-17.20255039292519
19.14380198481696
0.155533325501624
17.59840465273743
0.9456442572238097
20.00816588598662
-41.70850197804567
63.95671784185102
-39.1290495387548
-21.49133515132845
13.69691329252188
-12.80385861705424
-22.89062696540341
-0.9927616231703117
19.43786485700878
-23.82865293277179
34.84453651105542
19.06252163007228
32.24172347439629
-25.65399538296631
-11.02479431665071
41.9200232763574
13.17920184383065
-21.30307806882086
-4.210832972009509
21.62850178620657
6.061274754826711
20.69047582043307
-16.12715599581591
3.182588446674569
17.09224509463543
5.175922074833304
-19.0057494241701
-5.096092779146026
20.74324197559288
26.81853698324566
10.60765674362849
-7.472048761938572
13.90965664653243
11.5337006617347
25.83933475539924
21.89786534031942
6.075295008967716
-0.9380259659143823
-20.0478650955824
8.518572061721398
37.19704367761322
32.21187217133198
-10.55827584392987
-26.22173344314092
-18.42902946822677
-34.25159979889657
-6.581094999914828
13.56525715037841
17.40826866591087
24.92978080196373
-15.82257033183859
35.83729813408648
27.67050479900046
-16.21088023950247
0.402082070414933
-27.2684227280766
-4.682907621680571
20.14635215031193
13.97248380030036
3.698942578416152
20.31190488760972
-14.38076292793372
-18.65227277889172
-3.233551561842232
17.3122586571671
16.61296230980233
-18.07970550567171
22.58551510763396
-2.999646232742697
-4.271509850707039
15.41872121665285
-38.14658095443059
-9.615589799784752
43.11568317477581
-1.601966508648042
27.85268713820926
-20.97558327058046
-7.26815121524255
-6.288120779565141
13.27765900367577
20.88353329216967
13.7074320555012
14.6874624944698
-25.58516134161412
-17.97928705352051
18.56532739513034
18.65539142121642
20.5458102190111
27.17165407265594
16.13204707909014
7.605874288821541
28.53099115351855
-11.03960699566572
36.5446144472169
-39.57059814691817
37.46827693743693
46.74309108011613
13.63124730648694
53.20184545375007
-28.74082143537425
2.579452439290208
31.32027387832305
15.40667165383899
14.62920106596102
-22.18843075218644
-11.87832221862688
10.31010853421358
28.56643715890213
-6.173868349567745
11.3645236517933
-15.86585221261043
21.33914705073141
60.88606625074565
-7.037961245346758
-40.58927786448523
28.15028720187128
-33.06776572369519
28.67847161826789
37.20499926197364
-17.20191350944431
-47.63684301777209
-39.11031537602023
0.43660382423427
-1.764660867084803
10.05383128828535
21.8011976981966
8.526527642337719
-4.985171504454407
45.87218215068842
39.54691920038486
-17.52402550297028
-50.25980454932852
-32.73577904854783
21.36459387044381
-9.774349495487963
-27.99445582355686
-18.95014600226848
3.946843227102734
17.69177629912349
24.58862481270659
-27.54947990226885
23.30787375159586
-70.31962791687323
-41.35549985067225
-0.4061393481174684
20.77520884444597
50.85735365420636
-42.77014801494639
-2.53266490327725
11.81849215496478
21.9557977597844
12.48492800432954
28.964128067837
-15.75352162091519
-15.66345759742806
-44.71764968621402
-15.26299603482883
40.94936050245127
37.01683491131728
0.09006402542548629
-14.28758074192864
-18.22010633161364
6.893767449001231
24.2613223768858
27.4661257953304
52.2798309444881
9.274814143206445
39.36837074380508
-3.932525591132859
21.18134819237749
-12.91146019938069
9.044309821046403
30.09355660007157
-33.11184377303643
15.81350571633261
-3.524114779948524
3.09140088498872
-17.80416566429613
29.77133494615403
18.43165523580921
-14.28005088483814
21.95577001822429
6.380152370977221
-12.38260393777836
-15.11109437810836
13.83976492174963
5.530687205406116
-21.22288380125936
-3.307560323266518
22.63848094405962
-17.9688399033987
-25.58474305718219
-44.42194073976407
9.322552037108554
-30.14758284034556
28.11910231853367
4.75971225296325
-27.8459867954856
-2.260260007971819
23.24964166524721
-18.83719768473925
34.90729509278698
2.301596045715807
-31.00218492254492
-24.12635162131771
41.92304304996611
-18.29247338104599
29.7580558164976
-38.26858593619377
5.833878241661544
-12.16498723564793
33.22293499365581
-1.670101990643137
-20.39421388296195
25.4682926761954
44.10246417779232
86.92263328114842
-37.13897393606852
12.32626889220804
-20.895566548794
26.67993406207038
-17.3012319063639
20.2214450117924
42.8201691040759
48.05052919844138
17.36755492994524
15.01759290519154
10.13730560664848
19.72547351343
11.74736641089431
-9.470869752694083
10.69646561888217
21.20391708918732
9.588167904006502
-22.50946854639923
-10.0970877130104
20.50406713876565
4.724123321179038
-18.41653337808796
16.24340738649849
-23.35939006504855
19.83774203064165
-4.869460654476143
-29.62750079934614
7.895176119341083
26.6451324637271
-13.32382872820706
12.76326302083404
-49.10878489052387
-3.064604742123339
30.30887284270061
39.07868206041216
45.75654597331869
25.41138187149901
46.04418014889753
-17.79430840903781
25.58572678836932
-12.18385190406992
-38.53414106253342
-33.30378096839547
25.50990167413472
-37.76957869208657
-17.1367804115554
16.2366971770973
-6.458489049898408
14.28579995614536
-11.3396797130572
11.55730951559334
-24.70720268616309
-11.91664818079491
16.30367207202955
-18.76275630593031
-6.021778563558772
7.459612548549033
20.77638607088089
10.93475535541234
18.74995634462211
20.74428900451669
-22.87252581023626
-9.541173030513603
20.42784163753399
-8.628694251185861
1.9943326594574
14.73531040198487
-13.88186944294713
5.004624182348048
23.89945395873576
-1.140345594660448
21.85797852315569
3.272614931034436
-23.93050374979697
-22.22254988431746
12.79055450641321
-9.27320449773085
28.22032025450837
-22.06375900486181
-6.616085874367664
7.138115966983558
12.74097774232603
-2.72849043977025
-25.03979955255304
1.047292197754893
19.93378582245592
14.78967848896568
-2.04147543660193
26.087091750336
-21.08220429028972
20.6327982802633
-43.20569028118503
-26.35028915848614
33.37347758746676
16.85540112265834
15.44767313158508
-9.730686219838109
9.017057728458619
16.95653391818931
18.88649362472926
-5.144107333400108
19.20700869827459
18.74774394825576
-28.80168420147095
-19.85485951853068
-3.428729212069829
-16.28694369465081
0.7754665869419644
14.49065325344479
18.12891385225416
-20.01050060853271
17.79767351287446
1.07803500173756
-15.26016160466931
-25.19733214456717
-16.83115392515328
24.35111603142141
2.998160412608518
20.0605706935448
-17.54458751958908
-5.186831536034708
-18.58536359201788
7.314573829439403
19.82931433655059
17.2361845920824
8.874449952019255
29.86415713403747
-7.754642317460132
25.89993742135405
-27.20311868094303
-0.06472401414722086
12.62797254195537
27.01790754008887
20.59101720908148
9.335569141879743
18.28239382605572
20.98970718224328
-16.62909227964554
8.946824683558145
12.51474050734737
-25.9646614316912
-17.06094107524906
0.8584413880849538
28.66021197897996
26.73607425657272
-5.594534469100075
14.29591608074168
2.707313356219361
16.42613030625637
-8.043002042515088
-7.48666922990635
-17.32829994535435
13.27435848166535
14.3207626400903
15.52471345094953
13.71881694950506
7.963044670525187
25.18522355094556
-6.42689033440653
20.978620298665
23.8568708329525
17.91938246530108
11.46640660295343
-0.4592647502606632
22.84362143527814
-4.290545337622888
16.76550934064086
13.06290192634071
22.89698922786868
20.64178158508069
-20.7831619293888
-2.965788588774842
11.75392750343683
23.73049437725111
-17.57835850824599
4.112994218493237
-10.68150999336946
-2.349962027368937
17.81737334125094
3.204803420505497
20.1673353697188
10.50745146779181
14.71971609330357
4.212264623742632
17.59765621618714
9.278210529666108
-11.6157491816208
-16.36801066550471
-2.982619057450335
11.83859204014781
7.121024357899614
16.22174407420445
11.97656687365663
13.38539159359798
23.48903503063656
-19.61750015915689
11.51246816112539
2.495065386007215
24.65962790666465
6.896848514302308
4.092935184438293
-16.80102447969414
-24.77913157338114
-18.72411189239813
-12.04624797819708
27.13839466690691
1.707953865607642
6.677863914279885
13.75420184244178
17.22477409029947
7.939476189350883
-6.078112094097674
-9.780719509620585
16.01001089758674
16.28565258866499
27.40551065654854
17.22217887891878
17.06241028126478
17.35344726402563
-16.3601799126432
-9.874753422404863
-3.043406386313413
17.71762132507507
20.87263888211998
12.23781212652625
-15.8913003341075
-2.744140594091639
8.993577139645662
22.52153472031736
7.860255134063146
-6.790580605132563
14.82121106589381
-8.319445687839474
-15.77994382617981
3.254043900554852
-11.39679181082887
4.383152022364409
-20.89395969572498
-14.45614190704118
-10.81788130181938
14.97284910888176
11.42149095755903
-9.285297902150194
22.3637646822229
6.485426491731189
-8.30907771790965
13.31677352375329
-14.79450421023457
22.11256554622969
13.14715974306451
9.100719720660239
3.638260600935815
25.87763286801039
25.79073040792692
-20.54493152321808
-9.448297366570401
10.25688341554516
-5.0884265632018
12.61820624208589
-1.924137718950386
17.43995912799332
-14.36429590169512
1.101762486420214
11.09663416275915
-3.551358154732985
0.2756416914669435
15.45650495406514
-14.64799230981142
19.70518077824513
4.716104557188172
19.36409685658321
-1.730562345417142
-16.71963852178503
11.60079041407863
-14.98907620040283
13.33135277972271
2.361322816180293
14.2438315985157
-16.33819663142461
17.63771439079368
-15.91360222814223
-33.55131661971688
35.18824844553422
7.521512138421522
5.230360094115254
-7.978107105348829
-10.18333178761918
9.707118766738887
2.878250551275838
15.23600657877313
19.89045055052509
15.46605839198685
5.528887795637207
-9.937170568123808
12.35775600301741
-9.841630715458294
20.76102771148021
-19.33357373656338
-16.17855617422981
-4.184244736698591
11.96072953867775
2.882991360898036
20.34078349937618
3.155017560477555
15.14932900194458
2.250354968423681
-8.634826754846006
13.52973576811156
19.06154753444861
-20.69691470449682
-6.593989847762481
9.550984435216554
-5.516051451787815
10.6304064995819
-19.49296388495618
23.4238951236564
15.18086325869808
1.203950813567852
22.16456252220991
21.74873313377242
11.73771773501625
5.531811766388708
16.14497427832666
-12.89897403460026
-21.44074747622838
-21.31833580740407
40.48415607195368
-8.393579837766991
5.624772675739825
8.380053963821656
19.4517221727432
13.87291068833404
-29.05653589359081
-18.10722597504123
0.1224116747406237
16.14645795735868
17.70663279421101
1.560174828205331
12.79348863217263
24.39199358396601
-10.01101539711067
-16.21692136709617
1.240870768906686
10.65178255666051
16.22741038382559
-22.79005495559579
-22.40814899790581
31.47951706403352
-0.1217309963200752
-21.74161512685227
13.52795758462721
20.66279795049909
-12.92774193556286
-18.50655342639008
19.81650729061523
-6.908048471119725
11.32158921259105
24.2463452017622
11.88250882180054
22.83181874952593
10.94930992539861
17.4577921379892
25.94604126753478
7.134840364016672
-14.66127958282614
11.07166820898236
16.81695404199
14.98653961690525
-11.02325271970359
15.97571067458558
22.66832397486949
1.048439826721012
-12.85366714314721
-5.578811486223894
5.745285832947122
32.74424922157473
11.59850495613757
26.99896339403841
-1.830414425089123
4.429837918997332
6.692613300033366
25.32205035748335
18.44819044020266
18.22963767264201
12.92475597940413
-27.98552348029259
-34.85938339666872
29.09106963041606
14.01835251371423
-18.8112009132164
0.6665338731337944
19.47773478733414
5.575627825178681
-31.60124806652854
-12.97181101491529
38.83787069467736
18.62943705778801
-14.65083572528974
-13.90210696822242
-6.87385991682823
51.80968170959264
57.07659311075439
5.266911401205785
