21.79719593959683
-11.47905030081314
4.118440222417857
-3.309427638066209
1.98158214958799
18.91509893463733
-22.50314859191811
1.364966165833635
6.315269646322225
4.590335952951158
5.715798083962301
-7.232387570690304
-24.6651539748781
21.45526351354569
-3.329234468973291
21.13337476316624
16.05827485005485
20.82978367523538
-21.49689903069712
-5.153606756858617
15.04059450641108
-13.11016998899881
73.95353748449108
56.27369358891934
73.00428337790629
-31.62438367378533
-27.82875918635315
-7.834256734943633
34.46603693273433
31.25153221554286
7.847283963069448
-7.356384928590431
18.17089513646589
21.80563819822294
-20.42989376366852
-21.42148084874308
-5.95446305771778
-4.476181232929654
15.75731092387866
20.92995466926331
21.12689304261859
-13.08063707987191
5.262590231790305
-9.4458940173202
15.81905178956212
-18.35558594764446
-29.0288656422462
-8.664297749828149
15.74941979048218
5.417297714544421
16.84917757479504
23.98023311465009
10.36968860177419
-5.075099913165272
8.776564222952086
-13.61054451293526
-15.20366889169812
10.32361117343475
10.16233915023904
-15.44478851758699
-10.67327969496754
23.77288366257438
-1.367156458246901
18.99741143441086
20.16868697559754
4.745936777550747
-15.88768568421645
-21.04342119645282
4.771508825266815
20.36456789280129
-19.67626473699682
-25.98339043212179
-15.86430281161605
4.061827957069498
19.56756558511811
-5.307841249795016
15.2202171094652
24.41371753863438
1.171275542041077
13.05577563485469
-14.21052906197189
-14.37180108410162
4.132698252191612
-2.939921221759854
24.05882901914162
14.17200248846062
-0.1612720225958757
18.3432273135605
-0.9915870873007879
-11.3579419021034
15.95371253367303
1.09975778328566
-14.11949883759422
1.491260765950543
-16.21197769544572
6.782918669595963
18.31618780538945
14.04937730139189
11.43187986139716
22.25085490266574
12.62325453817561
11.88450009255016
-15.42275019808059
-2.611743542618376
-9.627600363341299
-10.36635481245913
15.4670177884914
1.746118014055157
25.09461814967484
-16.56664466431333
14.89013165443472
-15.23499808015372
23.15983066507567
13.35300525563195
10.3395787375673
-14.60465708847585
-28.17665415616697
-16.15372643352086
-6.367305371529148
-2.377471934280177
-16.57179186301706
15.34446860773169
18.52494557504636
-18.31276267814853
13.14401363928645
-14.81105390588864
-2.78140155870417
10.24552325222345
-10.2044864929871
21.71177398018708
28.44617523165382
10.74293677039224
-17.28431949191485
-4.257394681765533
-10.23542633807897
9.502190795045363
-18.68555122658237
-16.44743377128209
1.331646583090187
3.501708772239581
7.206191154490456
2.238117455334218
20.01719780968643
-19.4624643535557
-13.42743130517747
27.92891999072819
21.01173374166099
27.2839502611014
-11.01127730534983
3.469297080113329
27.2073776075493
10.58498334286483
22.51308036469679
-23.11144119808932
-4.724935732418597
-14.19431992723748
-2.092478858344829
-17.09281031239204
20.90241750901037
12.81100665536917
-20.63362246032393
-2.898490386397288
-17.70323846090279
-18.94398443680865
-6.203430311505208
12.55811653704638
14.28552889095483
27.990166844357
-15.00033145265711
7.609407132433364
19.63905947846757
8.41204873295341
-9.312083772331885
-14.9963774795194
19.94914254273231
-21.70058180764483
-2.656642066242471
12.02965234716397
-22.60578461053011
-11.22701074640401
13.02692481053855
7.048893153444364
-23.58926341287228
-0.5300546149036266
18.38523216363047
16.36856639594297
21.98052065085459
18.27590389989066
2.921316201522762
-17.72413250517218
-11.47612882774793
-24.6466378583392
19.7376171329124
9.791792391218873
-15.35458769811032
-9.945824742387444
12.74055412632591
0.3414952890132892
13.08348593433322
19.96037974584151
-12.73002998626689
-17.60183113977804
1.313455641285422
-16.59253051836287
-9.71563671027587
-6.648142290713379
11.63077360982185
13.84081691571926
28.65182321974982
12.74199064460932
22.68637887019696
-25.14638008907141
-13.07152527551272
6.876893809466139
9.944388227034906
21.2689035779379
23.99698794053896
-14.54938753734063
17.6403424382676
0.8807846343755796
23.05920880064033
6.153007365007901
-10.46938689847363
-18.64692410493619
21.34641032198299
21.26357508215439
-2.884000848771123
20.48895920430021
12.07485481468408
-9.703147782564935
-14.39744502853478
-4.871801153743883
-21.77800259562247
-16.90620143830379
18.91528677937447
-21.30336238789335
-5.684293708609988
-21.9281297517345
-6.922505352795256
-3.424871060711745
15.61906867983634
-13.23169646791045
-20.80123986723635
-0.6247673642932426
-16.62239426348141
-4.694297244411179
-13.1705090298555
-27.23801609797578
19.92613076802734
-17.87458769669298
-5.729792214108138
-15.61661874231558
17.67968358755716
7.53154820476591
17.83521345639196
-22.52709819891463
-15.33044708860511
25.49756522039901
3.517865083724637
-19.67779556146919
-14.85395475224972
2.257968955583943
25.40613590260149
3.598212905428575
-29.37879375956592
2.840262612290021
19.34867421100114
-21.30716204810085
-2.016665767816024
15.76292325654494
5.611954255230069
17.77958902448949
12.16763476881968
-28.15076449540979
6.035033049518164
19.04393974110086
-9.806825408699002
-12.82025192816977
20.88896723641266
2.033682259116992
-0.6449697294279145
-24.45962291072156
-5.155735512733234
-18.85528497834919
-21.53393696499656
22.65041796940805
6.272216519427088
16.34329227386637
-16.37820145154063
-6.307125695237555
-7.569543399599183
-27.95766234414498
-3.628561139586301
20.17647250286745
-20.38811894427264
-26.49330517085057
-6.356645502307265
17.4483881381816
18.3865054661781
15.43017217171608
1.858175104037073
-1.724933691613115
23.80503364236964
15.00562439887755
0.9381173285036384
-14.06750706943679
-13.5719970677264
17.11192370934793
-24.19143811122938
-7.170388496805372
10.08046276629304
62.09643956324964
0.4549589225801059
-3.58310879586423
-2.457646662984524
12.0229277226962
1.125462132769169
14.48057438556979
17.0210496123179
-0.08283524117666208
24.64639703694922
9.667455277283961
25.26494580362059
15.50573762796093
-9.886826529444253
23.40947580197695
-17.67875571717867
2.849302638782935
18.84831217304566
7.903738173317866
-4.347348474201306
15.59749052478394
-21.97970013834502
-13.79294919105639
3.795624487431822
20.5280583594261
-10.94457400098096
8.186750948096039
-17.34665024185379
1.784674711082664
19.37324839334515
20.31582679032139
-5.319820422130208
-17.1911203711391
19.13132495176221
0.1555298701023717
17.58857367929549
0.942578396552708
19.99450245218479
-42.28315756245119
63.54059094135269
-39.65332784714344
-21.74867739524551
13.52653842597528
-12.79569709612598
-22.87293149823886
-1.000835798136372
19.50097158352478
-23.81195580980224
35.0756199277727
19.05192405591509
32.29666868005516
-25.63564721118916
-11.01625871520061
42.30029366789289
13.24474462394799
-21.29139999007894
-4.206995140211694
21.61462175643076
6.056208952424089
20.67559744634965
-16.11875624635302
3.180476969181025
17.08440484787494
5.172643745222191
-18.99896593427114
-5.095038058632438
20.72657883566248
26.8009041994692
10.60405522505646
-7.465696796370683
13.90392787682759
11.5332691377718
25.82161689491122
21.87209569828621
6.074325365021664
-0.9390243102379542
-20.41634396254783
8.568258321748676
37.31673713690729
29.883379311349
-8.483075312511726
-26.58408828720003
-18.54650176201774
-34.34427209459535
-6.580440354613935
13.68089590869505
17.52995396375153
25.15316542417811
-15.79777033368884
36.07645572572101
27.76383174004709
-16.1968489743698
0.4066819337479626
-27.35714980585076
-4.652798313255346
20.26133626337451
14.09359193635603
3.688227824782079
20.29175873235177
-14.38152419768956
-18.64833470218455
-3.216284396327914
17.30624310853612
16.60353090807467
-18.06975202163899
22.70435149388432
-2.985515626192625
-4.266810504096594
15.43205030560481
-42.23752254093855
-12.05210190250395
46.1532585269125
-5.653477729547217
36.35967843993359
-20.99967501849767
-7.295037062333728
-6.188668719724896
13.22749044266537
20.94151983212255
13.70463795626552
14.81100630229654
-25.68986712136551
-17.97583773242355
18.60820708173338
18.74639024889128
20.52252750501923
27.13018855282712
17.25085126138586
7.714029389718881
30.18542063735746
-9.879337293600027
36.58404481277432
-40.06475792874682
48.41178034192813
44.92822553163469
11.95121886565402
52.01597679480222
-29.05554904441954
2.629829715307317
31.6853787602785
15.57464834417059
14.61938849495712
-22.17496519915636
-11.87129994769831
10.30366525276876
28.98460228584932
-6.167744326619075
11.47226951573241
-15.9946938812631
21.30198191965279
60.7416446817334
-7.114857251882973
-41.13023812034422
28.16035857022013
-33.50702665508229
28.74847881750282
37.29667579958449
-17.5123327724113
-47.54495381492593
-38.99675683469787
0.4429059276370617
-1.788040318529201
10.03835336111234
21.7788254347068
8.548196980749882
-7.433357823761863
45.75691349642599
39.43966276244454
-17.43276640420395
-50.01405251537665
-32.58128611140661
21.33591950648737
-9.793158791302101
-28.1881301673589
-19.09670293051889
3.954456764112442
17.71777846266534
24.61867437701958
-29.87531339683804
23.31495792213714
-68.24176802011999
-34.67422789769856
-0.4978791242039002
20.75561219241825
53.19027131928105
-38.36645462358807
-2.559345725878563
11.82639367943285
21.95676336092894
12.48187880266645
33.56754012409879
-18.23919613759857
-18.10101297294959
-51.8067362592022
-9.793580085284878
34.17634877343274
30.12011600043217
0.1381831665443832
-14.33873860763591
-18.39497137925635
6.914752707419717
24.30558950039173
27.51093725477769
39.91369608410206
-3.483554809810363
26.79013205501433
-4.056232773039149
21.25349131647414
-13.12356402782848
9.091427236706771
30.27368686434156
-32.97700666543806
15.75046130417371
-3.577450149167026
3.116463799380189
-18.10067571003214
30.05420907769266
18.63754111079009
-14.5232255613115
22.21499126237541
6.383527524154801
-12.39542800878483
-15.12851240982019
13.84679713163366
5.535705200915018
-21.22995674044139
-3.308682619119689
22.64543781304211
-17.97454828536231
-28.51670161967943
-61.64148064360072
8.071631710014884
-31.45410920440732
29.28164878458309
5.134224124411007
-28.72059881843705
-2.419359418357079
24.24632052634591
-33.12477902614084
36.58833332824405
2.7335103868831
-31.07465364193922
-24.14757593216634
24.7292322797758
-20.68459616774347
26.77935766843399
-40.31839926418649
3.462979765876898
2.050125386420808
33.58598977637496
-1.694985385841895
-21.09268745774052
25.75663915475202
43.78137903006641
86.11445336730586
-37.72555110932373
12.46115263246884
-21.21713950896579
26.93774527929463
-17.54051754684532
20.42246682551692
42.33307433771437
47.46395383713735
17.39083679488643
15.04122452638775
10.13036968281524
19.7190080995138
11.74047207409117
-9.474884555877717
10.69864226334584
21.20868570138648
9.588638417163645
-22.51689352878279
-10.09936331083212
20.51192658945473
4.727372470879082
-18.42157160369661
16.50841159953462
-24.1474246595979
20.18503356344083
-5.035328259486293
-30.00167018020859
7.96131419277935
26.83882656176076
-13.47711138844943
12.86767813532005
-49.76087239628111
-3.122023350636088
31.36297188973154
40.48499857390826
47.38461312250782
25.61387306985002
46.63884904562775
-17.67984389559787
26.30123940099246
-12.37591635172446
-38.93904352838351
-33.80816402901825
26.66567994566464
-38.67715575242194
-17.6521797761465
16.832815464951
-6.515278453525484
14.3675761264242
-11.41666796956611
11.63449172498164
-25.22036182398524
-12.08938436759342
16.52455879332409
-18.77895553073086
-6.026479881243424
7.463269606074252
20.78465907706214
10.93940443359908
18.87751236908661
20.88285457857876
-22.87276221160999
-9.539951862927088
20.44464092942018
-8.628535300396759
2.005342209158627
14.75781785953527
-13.97114842664441
5.01235842661954
24.13610377226348
-1.149764194548367
22.07383926963283
3.309275935448211
-24.20782054664999
-22.43226250314447
13.13097745744963
-9.832864481402598
28.61394316296808
-22.96384193951588
-6.942200707517858
7.331444856552762
12.75247564974764
-2.733084400594836
-25.28586796601955
1.058921558461921
20.04242841137995
14.88356137644359
-2.062264504092942
26.34478952441909
-21.28249830809256
21.02497597610922
-43.29371696555209
-26.56312717677169
34.48499524088608
16.7305897889614
16.0216412328952
-9.745459433544553
9.02292707132928
16.96588431483448
18.98350685285565
-5.158867035158772
19.22784454705844
18.76838650532884
-28.87733038044406
-19.88950624542805
-3.431591743019751
-16.31941543739568
0.7752336730092838
14.49683508923922
18.1368543952228
-20.02063115662231
17.80024208249013
1.077064893517214
-15.26755522070209
-25.20924572230782
-16.94582588045215
24.38671158261642
2.997915622823537
20.09256473115087
-17.5501327685355
-5.188614565685739
-18.76456333468423
7.385826560789278
19.94374150260803
17.47022225251245
8.958225117635399
30.10468107404895
-7.829350621622577
26.15038989597285
-27.51709648220327
-0.06547194167720832
12.63445882153674
27.03362216783258
20.60298189440352
9.428286095685207
18.41611023220865
21.14645595658821
-16.78757574059895
8.987824135769788
12.55791494246557
-26.21586183762488
-17.06939686256887
0.8590299708896293
28.67159400877251
26.74690776204783
-5.596908375071896
14.30155876590791
2.730345724199034
16.45791450347693
-8.046049099220824
-7.489198311856068
-17.33445295561967
13.27898105341269
14.32591365125691
15.53014565784082
13.72756877989463
7.968523073117566
25.20005726790053
-6.430640273680017
20.98901430740498
23.86811475748352
17.92842683288899
11.47248848794681
-0.4594580412449177
22.85213291307901
-4.294146851864522
16.77190306072099
13.06747386668535
23.0511596936999
20.66421761249492
-20.7904131317522
-2.966498585443261
11.75774291900586
23.73889289464228
-17.5850653752132
4.114467171956
-10.68416946046988
-2.349612270830213
17.82391454654695
3.205347756300676
20.17352681793691
10.51004343810852
14.7242415051772
4.214198066713828
17.6034449032045
9.281236607759734
-11.62004728378633
-16.373662543902
-2.984415705102228
11.84232008419455
7.123429170718761
16.226788168041
11.9811499762557
13.3892468371795
23.49709171566841
-19.62442572211327
11.51594173958434
2.495877132429523
24.66711202308426
6.900895915164702
4.095321926800183
-16.80596195880623
-24.78449798258625
-19.39770207190229
-12.49808752312577
27.45162454063069
1.775558042720713
6.899614548779854
14.27364556496767
17.23136110004578
7.942957244077049
-6.0802298508584
-9.784659048087592
16.01603318008043
16.29173290114237
27.4196545839686
17.23153419459451
17.09464910936628
17.36162071994944
-16.36580657906722
-9.878261883158633
-3.04441710497621
17.72376226106812
20.8796389867154
12.24204097144618
-15.89616992152857
-2.744999638658007
8.996386955643057
22.52854924136727
7.862683574417739
-6.792810922661072
14.82673578550408
-8.322208295517346
-15.78455411950103
3.255408455405174
-11.40008603794342
4.384468082576356
-20.90128388947905
-14.46204593929242
-10.82202663051623
14.97866560077138
11.4258318505194
-9.288403856171101
22.37196275050105
6.487544698261983
-8.311091932478378
13.32138947179764
-14.79863663097737
22.12030285391307
13.15117028325005
9.103358997887476
3.6400193075094
25.88787779086709
25.80069222967518
-20.5513708090485
-9.450960651716105
10.26034548979399
-5.090226513133213
12.62183241765283
-1.924686246069308
17.4465472892446
-14.37003524351971
1.101927171591805
11.1004101587358
-3.552833751307369
0.2756997214668553
15.46114429617317
-14.65324390966368
19.71130614099636
4.717989626946854
19.37123353592433
-1.729860681124835
-16.72317719031352
11.60294966514365
-14.99331651213544
13.332810348683
2.361486926567653
14.24422691593856
-16.34462011699389
17.90465045230137
-16.11073041665916
-34.01538086892057
35.27521582166209
7.623211462844248
5.130879499252094
-7.978536025303016
-10.18812039093464
9.710346750082516
2.879100451930332
15.24061865960017
19.89846714086016
15.47196241575574
5.53027190781889
-9.941690504771341
12.36151820495527
-9.845254643613396
20.76817936565665
-19.3392859858102
-16.18340926013977
-4.18539619815089
11.96429388278128
2.883806335079098
20.34688115003469
3.155876726840992
15.15388978739434
2.251164603994891
-8.637598014954435
13.5336368760022
19.06721559610585
-20.70300814762593
-6.596050956093332
9.553639126903869
-5.517563576041449
10.63355785483651
-19.49877613863988
23.43058478578105
15.18544457274754
1.204232007492694
22.17123489064175
21.75548962894525
11.74138659499865
5.533578722774559
16.14969008150996
-12.90272518278736
-21.44274393841577
-21.32294872485834
40.58081326720763
-8.394191937583967
5.629470012290731
8.382587268019636
19.45773717944591
13.87694565890787
-29.07317623034833
-18.11814020250724
0.1197952143090177
16.15112143204093
17.71205892967268
1.56093749650647
12.79702693258202
24.39871352051544
-10.01410303365568
-16.22191090630786
1.241163907079595
10.6551497151054
16.2326643133491
-22.79841762914483
-22.41693860229681
31.4936120052274
-0.1214288505183494
-21.74977618230464
13.53216228643461
20.6692527479192
-12.9323890172008
-18.51318053985505
19.82378495889894
-6.91149395116449
11.32644147018
24.25519825993439
11.88273999409606
22.83777602324379
10.95503602888047
17.46307481527055
25.95412043217137
7.137090461086289
-14.66586566656851
11.07514991186179
16.82247896739697
14.99150040815265
-11.02705778936599
15.98178713188205
22.67698878065962
1.048641446641385
-12.85803634904357
-5.580791521706779
5.747329055099805
32.75617397515212
11.60168658874671
27.00884492129986
-1.830978559668761
4.431413302362113
6.695201648829594
25.33328275972286
18.45507525316907
18.23793541982338
12.92875678851444
-28.07313574865926
-34.9513432550098
29.12046815368846
14.02366194995817
-18.8170299722633
0.6671624201328719
19.48419239261289
5.577514597629396
-31.61504085644163
-12.97695974622525
38.9256343684891
18.63808111091188
-14.65549449521377
-13.90667779569361
-6.878207506452264
51.90259411471404
57.19360390235822
5.29100978765408
