21.81020619893778
-11.48827669196677
4.121470620397246
-3.292610480607106
1.96476499212847
18.91097349456637
-22.49373600352421
1.36462924837257
6.311088960716912
4.587369524945469
5.712185680543
-7.132850002412777
-24.69968814081091
21.4480689500818
-3.332694529256754
21.14927638911426
16.07186787940314
20.84616107230739
-21.51889992216589
-5.156617199925767
13.10180922908235
-13.23832076699097
74.84857056830904
57.00760245706783
73.91247071610816
-31.61115685664938
-27.81603627672549
-7.821037316335
33.914767731738
31.27040948082135
7.855472259199662
-7.361651280549496
18.18363570820343
21.81563322574533
-20.44310688007105
-21.43509712546995
-5.957845216052217
-4.479063515376225
15.76639680611011
20.94131699749672
21.14285286519856
-13.08677378126927
5.26739008676084
-9.454776255076185
15.83109942587001
-18.36998055635873
-29.05163700234578
-8.67062206821659
15.76104857717466
5.422151632110348
16.8613272554426
24.00420069243386
10.37854108201262
-5.077408509706627
8.787077152523498
-13.62565961058971
-15.21712353991044
10.32816344916519
10.16647257575112
-15.45594962120301
-10.68165645424558
23.79213218819913
-1.368449448577413
19.01256547798689
20.18447035464935
4.749362680769284
-15.89888876541483
-21.05926178645385
4.774293196441023
20.38101493260803
-19.69081232157969
-26.00277827245782
-15.87546278353715
4.063859963524155
19.57691919296526
-5.311753405019634
15.22814793111306
24.43167064355674
1.171904880757623
13.06520191390365
-14.21917216808241
-14.38086304606363
4.134991721876146
-2.941687424296597
24.07431445910818
14.18123696336187
-0.1616908752724389
18.35416388828763
-0.9919902462808851
-11.36646872781837
15.96404336649559
1.1002786797113
-14.12835851588114
1.491325279327751
-16.22240898220643
6.785604550477233
18.31660842150252
14.04595615654756
11.43917562276466
22.26777550448469
12.63334281766092
11.89329703059313
-15.43510767249515
-2.613984966672065
-9.634432684372829
-10.37447847771461
15.47725190795205
1.747438448642902
25.11168459050169
-16.58009174935855
14.90039081780886
-15.24732778113607
23.17854150561303
13.36367602048825
10.3453511143693
-14.61626171776008
-28.19852776182609
-16.16137735191358
-6.371114316329192
-2.37886819216671
-16.58240808749997
15.35312770542944
18.53509487495255
-18.32753019696115
13.15295236755395
-14.82303145013562
-2.783748322359875
10.25274757909889
-10.21129377119421
21.72424202178334
28.46300025833698
10.74926599556417
-17.29692412477896
-4.260428222335141
-10.24269816630189
9.508559236189477
-18.70005946073606
-16.46031472004865
1.332763967936774
3.504498746623523
7.21170072509658
2.239744740434447
20.03282342858208
-19.47799185239163
-13.43655072190677
27.94454032797713
21.02115186333889
27.29911611188158
-11.01791283678746
3.474413634118362
27.22718075438248
10.59286083959291
22.52956881046575
-23.13118869276834
-4.728913147038811
-14.20353989530971
-2.094050465929468
-17.10374468339538
20.91396306756142
12.8211227030135
-20.6482514452138
-2.900204788416213
-17.71373426192995
-18.95444102267862
-6.206781302582668
12.55463087850101
14.26554787271612
27.9697324637668
-15.00969421736558
7.615506746643896
19.65478987109566
8.4185285825212
-9.319352625004731
-15.00800196058427
19.9648134629504
-21.71773659344544
-2.658695244381723
12.03928312757359
-22.62350870783658
-11.23626128928346
13.03649590195138
7.054225958890724
-23.60881411203395
-0.5306326895023127
18.39882552957722
16.38147879395647
21.99359961791725
18.29048724835198
2.923495853420069
-17.73788120678102
-11.48524700155651
-24.66566730638135
19.75125740358714
9.799298130834428
-15.36699139490646
-9.951959274470319
12.74765972216466
0.3418887685505315
13.08719535834196
19.95452949144817
-12.73970835382048
-17.61533442513784
1.314123811233071
-16.60253336524102
-9.735199236783268
-6.648220946156901
11.57389667557386
13.82410823288128
28.50762612384964
12.74530658574691
22.69961900054234
-25.16628952571513
-13.08159711831589
6.867334130108055
9.954312418044395
21.2860833964685
24.0163328878824
-14.55657651179749
17.65430114113662
0.8819623563483184
23.07818145472816
6.157984312845321
-10.47633558763308
-18.64040568366278
21.30909591402736
21.23255886107309
-2.885268154423039
20.47232917707495
12.08469241376873
-9.711130880616595
-14.40874285655576
-4.875626067262398
-21.79582328456267
-16.92019717407869
18.92945822769064
-21.31996648350273
-5.688649334970835
-21.94493162428211
-6.927786096369664
-3.427724197939284
15.63131714940569
-13.24258967592489
-20.8184063704909
-0.6249651444257494
-16.63431990047828
-4.69761195992802
-13.18042030640409
-27.25848196664181
19.939322739269
-17.88496382542933
-5.732726633399259
-15.62580412769217
17.68761337939459
7.535416685106208
17.84305798556159
-22.53643581662818
-15.33649888177345
25.50515216047687
3.519565862164264
-19.68527011117653
-14.86376468843369
2.259159698765519
25.4203805127421
3.260916385550029
-29.59638842925768
2.887419940887764
19.11700833744574
-20.32742778240057
-2.017346739100305
15.75513753268734
5.612120828210177
17.77248427526716
12.16036344328005
-26.3401299960732
6.041441126816755
19.05904134821845
-9.814865479288072
-12.83319039240028
20.91123327780906
2.03660176295845
-0.6454242134745138
-24.47012669435437
-5.160373027041588
-18.8746315203733
-21.55665748315486
22.67424868040852
6.27796424779139
16.36228272246476
-16.39628444977317
-6.311965952225647
-7.575816694026646
-27.97993773959744
-3.631782254617514
20.19344122954346
-20.40412104611039
-26.50672846564486
-6.362031748165024
17.46319171475255
18.40227555259841
15.43853886814509
1.856272823441714
-1.723719413416827
23.82522348344626
15.01714552741034
0.9390838447144084
-14.07806167306643
-13.58226604504225
17.12292438800983
-21.09671166651955
-4.162982214020088
11.95850041618188
64.99685347172587
20.73408312299157
-3.579992239327247
-2.455176060315785
12.03715041165027
1.124816177952117
14.49232647140229
16.9337294504758
-0.07653705417581251
41.83079479256815
9.676128299214902
25.28587564663694
15.51305922267733
-9.893077495019677
23.42034001604022
-17.68873557854017
2.851165722411799
18.85606475134936
7.907280785580391
-4.348771246363103
15.60974732989321
-21.98558631841119
-13.79598720202935
3.795120579923394
20.53990134078403
-10.94878397669945
8.189599125976871
-17.35333136694666
1.785051776219498
19.37615959996808
20.32209286112755
-5.322644405445005
-17.19788675493333
19.13838313429954
0.1554446107400357
17.59110779154765
0.945933255095026
19.9949989708934
-41.48453135104138
64.05615323539033
-38.92387530004402
-21.39057055788057
13.73115699789752
-12.79359113900449
-22.87619887031591
-0.9898960191935471
19.39286830640998
-23.81395849516636
34.72524203011121
19.04906571751578
32.18645944571809
-25.64473726561539
-11.02036735686257
41.73580505131874
13.1373937275902
-21.29810104750496
-4.20979298651524
21.62183232195802
6.059702790174523
20.68407269874924
-16.12318085918024
3.181967170779918
17.08830805874145
5.174920190284245
-19.00119131767492
-5.0948504326048
20.73677487194524
26.80979336508619
10.60468291908757
-7.470187443199217
13.90634088670471
11.53100387383276
25.83162530522821
21.88630284916893
6.073018494495948
-0.937759623344363
-19.94892491598162
8.436830553487951
37.05266096002997
32.89935986779019
-10.7083581666756
-26.09519164997744
-18.36802191214195
-34.18130626613373
-6.569706044303057
13.51833502472448
17.34711613709536
24.82599844550852
-15.81328435518404
35.71513804918497
27.61160022182984
-16.20511044585479
0.4012737751869122
-27.21032644610921
-4.669686225070365
20.08804106902695
13.94177433254238
3.697744334176436
20.30412855442315
-14.37712602878811
-18.64777829358779
-3.232676709370346
17.30588471770719
16.6063842208975
-18.07487036234837
22.54064022225592
-2.998243838984553
-4.2706522646077
15.41510158376296
-37.55820177155081
-9.685361624308875
43.27544611074416
-1.052778763762894
27.3845563240041
-20.97015867333717
-7.265974079698325
-6.28664078739761
13.27258734719676
20.87346964378748
13.70418459382714
14.68351788936542
-25.53888406245697
-17.93800176621951
18.56742124447866
18.61146055682998
20.53856142701748
27.16011043208226
16.12148262857161
7.600882296945273
27.87284014609389
-11.03862780558645
36.50542300924324
-38.91146794939154
37.06991794773647
46.98418991969557
14.12688510375845
53.03835305347175
-28.59841132749955
2.560656050996453
31.15906738338224
15.33237372344107
14.62436990866378
-22.18288365135793
-11.87524234909221
10.307641302662
28.3857554710863
-6.146266736022334
11.30766342097501
-15.79904764316384
21.32767791210849
60.88386206408688
-6.996023598481243
-40.35602201047922
28.125703961631
-32.8771396973636
28.61583040893095
37.12672555388924
-17.07809205246392
-47.63107950004942
-39.12018435708516
0.4359997951283758
-1.764548178195329
10.05451275844583
21.80299341603457
8.51089514357553
-4.153301090401289
45.86653132184443
39.55618415235204
-17.56683813841406
-50.32499623749219
-32.75815810203951
21.36699361623029
-9.775305771430512
-28.00981823185618
-18.96204339121262
3.947346347424791
17.69420795663677
24.59188056479222
-26.59072326033515
23.42910915060646
-70.19844129411123
-41.30108920707335
-0.3390238513931019
20.89589027981775
50.01983241129774
-43.60771803413258
-2.533218866903764
11.81906093615816
21.9570188561547
12.48523133895142
28.89735208865693
-15.43087279121577
-15.38683348150044
-44.3282248773169
-15.89088978498435
40.96206535555928
37.06649996069282
0.04403931167129232
-14.3389470707169
-18.23451246410636
6.895967058833277
24.26444625391068
27.46951372875157
52.95738974400132
9.914271972504379
40.03970066606806
-3.895565394848902
21.23491413100944
-12.91768907661344
9.047774840357919
30.12542869301842
-32.85730481532355
15.85609195056182
-3.52063334169227
3.089730096301739
-17.78997008472124
29.78827199666707
18.4448305705723
-14.26933674353751
21.96546391475092
6.380947169694107
-12.38380097260166
-15.1133471496915
13.84113795817506
5.531187065618461
-21.22334407792583
-3.307609489957888
22.63903884700564
-17.96933692942228
-25.4718108297897
-44.26277035158294
9.26896064533136
-30.01080257280931
27.9448166242099
4.72996890128641
-27.71602484166223
-2.241344204161513
23.09693335995379
-18.79095952392502
34.74077147359519
2.29477773197935
-30.93833536656489
-24.11782701665298
41.90733184831066
-18.39724208048893
29.75995600995955
-38.50049343927159
5.720584937528066
-12.14737584050713
33.23477175468989
-1.671561993297815
-20.29886857662491
25.47499132661654
44.22107837671016
87.15079148394474
-37.1092885785858
12.33212563662555
-20.87970018051407
26.69854190124055
-17.30006637782774
20.23436985144752
42.92971310805127
48.15719809132121
17.36847919719583
15.01845020333859
10.13795792202575
19.72702103271884
11.74848065876308
-9.471787514294959
10.69738163964966
21.20570257448727
9.589063106644101
-22.51081476661318
-10.09754661223036
20.50504160129043
4.724216586654108
-18.41756269114349
16.229588397315
-23.21484772242318
19.80922220168353
-4.847883265421605
-29.6321920151795
7.902244214585894
26.66696473984118
-13.33025197722844
12.77317827443475
-49.01711557452027
-3.059763708646322
30.14057090633649
38.85588142621253
45.50079450313045
25.39189705291772
45.95735186658513
-17.84096811194237
25.47468063833263
-12.1326011743642
-38.46059808162885
-33.2331130986543
25.33827756501207
-37.60728181232096
-17.04182699443726
16.15850762563005
-6.464172049363881
14.29549448607136
-11.34344142882718
11.5659483088363
-24.65710546814508
-11.9106613547059
16.3019400385858
-18.76474813922771
-6.022259885486275
7.460190785936191
20.77792534258388
10.93568549203447
18.76472052554355
20.7596665338447
-22.87561442446817
-9.542924456624979
20.42458502910151
-8.629982439717985
1.994946007822107
14.73743426142985
-13.89378646540177
5.005587262472007
23.91468481454901
-1.141419472047028
21.87333821888846
3.273431393116394
-23.93761782486049
-22.24462420706743
12.7464441144787
-9.179769940076628
28.21260139483513
-21.92621405529431
-6.565990458364521
7.10939666194818
12.74248825357517
-2.729546176481776
-25.05610428573835
1.047325967393336
19.94669969457241
14.80141614318839
-2.041346596507218
26.10343025319759
-21.10320473609858
20.56545481757352
-43.23286516571877
-26.32799690725116
33.20033461848657
16.90486825834068
15.36022359810516
-9.731846998990269
9.017985291520386
16.95794537643433
18.89937372724528
-5.145283551170248
19.20922937400147
18.74983229027384
-28.80770245817865
-19.85805312650525
-3.429118945777188
-16.28976487052356
0.7754464600835795
14.49174451012665
18.13017535211904
-20.00983330936964
17.79936676502087
1.078601419645476
-15.25984952529085
-25.19707976969905
-16.8427627391505
24.35451292466135
2.998370725352941
20.06358205586386
-17.54634424273846
-5.18724646032965
-18.59990682543017
7.323195874532609
19.8411334630779
17.25720688183669
8.88349199779223
29.88648279773541
-7.759780428073238
25.92310269962093
-27.21104921808955
-0.06449589820693236
12.6292759158991
27.02042296600401
20.59309888694735
9.344326139396211
18.29397547219503
21.00299080018798
-16.64327243949993
8.949649332236119
12.51793758861971
-25.98759859253041
-17.06236569557728
0.8584977568171455
28.66163602849783
26.73736738084007
-5.595094062704321
14.29670865805241
2.709015328108934
16.42893418002337
-8.043430062351945
-7.48710610345705
-17.32934595386221
13.27507416938885
14.32149367738499
15.52551343307734
13.71991885093012
7.963822975686151
25.18719047704373
-6.427324083694621
20.97984312259351
23.85836524844143
17.920863455359
11.46727162824422
-0.4593970842557946
22.84497141483474
-4.290930868286681
16.76647888903412
13.06379802331062
22.90938973691001
20.64453421679999
-20.78524875616517
-2.966108602993388
11.75481883242473
23.73212236634607
-17.58018127841028
4.113330290705798
-10.68250866860416
-2.350028996584325
17.81914015396687
3.205067476959433
20.16916915186249
10.50832093130954
14.72092743665174
4.212606503016281
17.59885192280863
9.278835815032096
-11.61663946305562
-16.36894763764911
-2.982702197015552
11.83906108723144
7.12137890376444
16.22245312569692
11.97730353345746
13.3862454211291
23.49032655107758
-19.61879207642321
11.5130230233289
2.495178535507822
24.66072567843772
6.897672608839969
4.093252097266323
-16.80222311745536
-24.78076347972642
-18.62730658343575
-11.98239350476874
27.14655331999487
1.692993618276569
6.644913078775315
13.67538712148783
17.2258759732057
7.939960084159052
-6.078492525637921
-9.781173391810226
16.01071149027928
16.28643121372127
27.40716723786619
17.22336749934023
17.06521133055929
17.35472889113364
-16.36131557118698
-9.875427509509557
-3.043581010190413
17.71859926209327
20.87377202375439
12.23854310764892
-15.89192769276049
-2.744225045099696
8.99390839964831
22.52231419628667
7.860586748571342
-6.790853453782471
14.82176324156574
-8.320016109584538
-15.78082502624516
3.254007152128675
-11.39743301294193
4.383392022675044
-20.89547525721791
-14.45683567380962
-10.81840482398074
14.97348006175223
11.42203394532702
-9.285915890640704
22.36492373919628
6.485888062831132
-8.309950894046626
13.31773455830922
-14.79583895761149
22.11397061366451
13.14770265175942
9.101074227778142
3.638430844355225
25.8788696234725
25.7918848825009
-20.54576182612505
-9.44872953878455
10.25711929954083
-5.088560864609295
12.61871132456098
-1.924268643101045
17.44037092615284
-14.36492737500211
1.101919933572837
11.09703229530464
-3.551446120761102
0.2757197238265235
15.45720095312431
-14.64847840551573
19.70584883313142
4.716161191166033
19.3646395824398
-1.731077778077568
-16.72076535968472
11.60161216253506
-14.98968761393991
13.33268996784328
2.361592011085957
14.24563203787672
-16.33845097869936
17.5333047466958
-15.82669366482702
-33.35999841262741
35.12172755794524
7.478882310764406
5.227484982987939
-7.978540377922059
-10.18379975183325
9.708002975194537
2.878522148789927
15.23761999052801
19.89180272175206
15.46684731371463
5.529616993159813
-9.937230282481551
12.35909780869733
-9.8422398504773
20.76218027256489
-19.33440489707922
-16.1792321280575
-4.184434760563135
11.9611930661328
2.883103546350257
20.34152494032842
3.155172765975116
15.14997013951835
2.250439262658676
-8.63522891518763
13.53031823082873
19.06233567311217
-20.6977886381571
-6.59423798899877
9.551389847477505
-5.516307421410759
10.63081782142845
-19.49376887131281
23.42480495190155
15.18148122463314
1.204019759109568
22.16554714509862
21.74949386385686
11.73813344625591
5.532017441305172
16.14562783057918
-12.8995308786051
-21.44260246158235
-21.3192996626711
40.44912219310837
-8.394337351946863
5.623715137106647
8.380331878245604
19.45228603706058
13.87341510426542
-29.054567475401
-18.10585319587605
0.1233028068607396
16.14712525072602
17.70727217417623
1.560146911847869
12.79398714111091
24.39290129196589
-10.01136041542265
-16.21747642209756
1.240944969048041
10.65206697341241
16.22777176800682
-22.78995475653999
-22.40785884559043
31.47839107590337
-0.1218540650963124
-21.74144953987959
13.52840580187088
20.6634273846072
-12.92780836011659
-18.50667930102236
19.81650512513134
-6.907765145618488
11.32139090260699
24.24635323957284
11.88404007991704
22.83275437172069
10.9487142886548
17.45842139317308
25.94664833725038
7.135021580307842
-14.66172744308924
11.07195415872884
16.81728171179521
14.98682680098625
-11.02337117596374
15.97561475750826
22.66810071236925
1.048505213920526
-12.85382608431367
-5.578870934864464
5.74532755315289
32.74431347920657
11.59891415659122
26.99898593310118
-1.830454910646827
4.429848124856846
6.692485954490436
25.32107314303674
18.4479006242625
18.22915603340379
12.92496232384504
-27.95223453899881
-34.82540705659688
29.08118456757531
14.01805248930779
-18.81162676999176
0.666409308553535
19.478036079831
5.575704792068005
-31.60024514932775
-12.97165796864503
38.80438566531279
18.6285871890106
-14.65144018371226
-13.90233129593699
-6.873172518185867
51.77604363395853
57.03341910663422
5.25737547273268
