21.82613157460165
-11.49478009200768
4.123788742813721
-3.308394220801175
1.980548732322908
18.90103367530709
-22.48498923567001
1.363915413636691
6.314337261647018
4.589668631620202
5.714973142385876
-7.242488892775985
-24.67364355902965
21.43895238434464
-3.328930401746645
21.15436268752298
16.07429577419266
20.85043884555718
-21.52016218189135
-5.159244923995864
12.13332906637637
-13.26650563359081
74.01608992939221
56.33235977745094
73.06581260713739
-31.69826464509362
-27.89300333205153
-7.844577825455275
34.55488141010589
31.29377109894449
7.860131533506389
-7.358958592990187
18.19480644989206
21.83513302040791
-20.45812536733315
-21.45079937767803
-5.963131256699624
-4.482288770798332
15.77983059507401
20.96000049197049
21.15506450120512
-13.0989646501395
5.269220813176145
-9.458638078536863
15.84031540246492
-18.37421995800188
-29.05819724070113
-8.67328519768653
15.76872840064223
5.423279650083447
16.87015404003987
24.00455154552703
10.38005343427458
-5.080066913381648
8.785461418987756
-13.6244981113158
-15.21909012653936
10.3346749164285
10.17300149763941
-15.46012035129612
-10.68397728335702
23.79749960844682
-1.368441976803434
19.01647006616145
20.18899040788317
4.750673766709442
-15.90380791286119
-21.06485370699208
4.776143071578813
20.38491204332729
-19.69641172842014
-26.00968376958783
-15.88584368897682
4.067192450087137
19.59555424365241
-5.314749094327348
15.24134787188335
24.44201359664718
1.172520342696178
13.07078535319493
-14.2295652600238
-14.39123867795657
4.138620206515474
-2.944364286045225
24.09165634354276
14.1912665570735
-0.1616734182807983
18.36818546589659
-0.9926740125210669
-11.37122824177032
15.97583659942685
1.101425638462343
-14.14037293066148
1.49103044889642
-16.23640823468611
6.792792555929069
18.3406569444021
14.06711222143473
11.44687439103912
22.27681923460339
12.63740995634799
11.89826501015065
-15.43831664115494
-2.61436808857671
-9.639409277058464
-10.37855422685105
15.48766811848403
1.74819460630169
25.12707739339729
-16.58477547042241
14.90885509467101
-15.2517780441899
23.1832990428458
13.36646288036861
10.34994385426739
-14.61967999945667
-28.20601850059593
-16.17012805018863
-6.375903889704771
-2.381197590299407
-16.5941261847617
15.36705795980459
18.5519678983768
-18.33297007647397
13.16066048725717
-14.8274336915003
-2.78464287875133
10.25805392582789
-10.21822229650139
21.74296185040234
28.48474889415015
10.75731021065149
-17.30488643952284
-4.262189635655946
-10.24776910015053
9.514355068100848
-18.704449780116
-16.46408429884577
1.332997425192026
3.505536384946774
7.213498653082664
2.240365481293546
20.03744720531797
-19.48226555875398
-13.44098302449651
27.95698710452163
21.03224919057567
27.31131552821763
-11.02012589989829
3.472774662940599
27.23504544000703
10.5956496467764
22.5358107937875
-23.13565442670678
-4.729657159990037
-14.21292859301763
-2.09603530448509
-17.11553515259572
20.93316548838803
12.82394855238447
-20.65448167814467
-2.902606560787016
-17.72743868312194
-18.97039382626218
-6.214059893550614
12.57608177413114
14.30060822131148
28.02722579026514
-15.01949984676842
7.617336776307945
19.66012758782628
8.420807216385265
-9.321563159735646
-15.01160603379384
19.96962068289456
-21.72263103887131
-2.659322124343634
12.04279081272186
-22.6289428087545
-11.23932037232422
13.04269680422314
7.057117339010857
-23.6143599246031
-0.53101169961198
18.40589937033875
16.38748169491689
22.00274553738559
18.29643771138265
2.924436550448818
-17.74237037598429
-11.48789891252262
-24.67185774418046
19.76212416808816
9.803218425164152
-15.372001160685
-9.958905743656114
12.75633393377273
0.3419839525473176
13.09581852860297
19.96703548820046
-12.74483497290032
-17.62199271302208
1.314918360005314
-16.61360110636719
-9.742384150236592
-6.652196000441302
11.6964863845372
13.86247211838428
28.67265802948149
12.75383457522116
22.71523967900243
-25.17521958560014
-13.08681892552118
6.871216957519758
9.961405105295412
21.29076383593488
24.02152420291803
-14.56179735715481
17.65819367873263
0.8821871421942628
23.08334822875712
6.159004506380964
-10.48039128516071
-18.65211712868907
21.43887053665072
21.37650025210008
-2.886673182387439
20.51466811669972
12.0884006613988
-9.71310081191292
-14.41233546232133
-4.877157740195468
-21.80150147138156
-16.92434372614183
18.9369110710791
-21.32489302930563
-5.690042875405267
-21.95006636364927
-6.929487367718606
-3.428458759175752
15.63485015446538
-13.24529491922653
-20.82286110400491
-0.6251733349141432
-16.63939579154156
-4.699234648313977
-13.18395883100787
-27.26546795494491
19.95303613814048
-17.89979316387405
-5.73818350305628
-15.63857328708939
17.70621079505722
7.542496098101383
17.8620892251667
-22.5629040280853
-15.35494353217681
25.54181103636848
3.523757811898818
-19.7091499000578
-14.87441096281894
2.261219877984688
25.44228926315748
3.513036135205911
-29.0504671355042
2.854262036832616
19.13443345048444
-20.87511560823214
-2.018417675674384
15.76544394679532
5.615263842932538
17.78386162272228
12.16859777922658
-25.39983469996713
6.041282535220226
19.06330891420593
-9.816836161543758
-12.83335518925995
20.91049718515955
2.035859461216737
-0.6456715760154343
-24.48421244170229
-5.161045794832279
-18.87463772516158
-21.55616876006118
22.6741892997616
6.279066337601356
16.36091725793038
-16.39512296429783
-6.313272041326545
-7.577566185021474
-27.98614287991112
-3.632570157094928
20.19768776914689
-20.40857669464667
-26.52007190420257
-6.363330524272544
17.46692739929006
18.40599726745985
15.44398449934896
1.857645998197802
-1.724668627505522
23.83025792613435
15.02057899585251
0.9390698689126875
-14.08150912568037
-13.58633850120936
17.13563084229172
-26.73437367929614
-9.758202029865258
8.343221321800728
61.26877825490988
14.56055103446969
-3.582314626000852
-2.457010112567908
12.03589045052002
1.125304513287026
14.49290056296007
16.97617164732749
-0.0623702858940688
41.29492471690288
9.680384637477101
25.29895347658866
15.52836179322987
-9.900389785251202
23.44439429853416
-17.70234283178764
2.853754129944086
18.87870134503973
7.916032504343727
-4.354206369797373
15.61856883696661
-22.0180532268229
-13.81726743504199
3.805261313041738
20.55609696654379
-10.96266884230741
8.200785792913537
-17.37559831794861
1.787856322488544
19.41038507575455
20.35604684801715
-5.329794072206469
-17.21971988581224
19.16345463897817
0.1558784314997079
17.62252874921626
0.9456617716305102
20.04842550773123
-42.35770332659484
63.73162655839704
-39.71809918158666
-21.7841446880239
13.60256419004917
-12.83104919027462
-22.93044204406908
-1.003183999235818
19.55604135054404
-23.86999778444777
35.17232211258367
19.10276373643665
32.38709054121923
-25.68584091897288
-11.0389485956666
42.39945923588732
13.28432680457462
-21.32274107353912
-4.214453389461672
21.65339582071237
6.066947760507079
20.71384008182082
-16.14257117835366
3.184909940416152
17.10828768207557
5.18016989669898
-19.02561405411618
-5.102236315506143
20.76561289226266
26.84794789306717
10.62086102937932
-7.477749663486546
13.92337773981555
11.54786439048227
25.86784920838708
21.92725804301251
6.08233500202417
-0.9395557390471626
-20.38540676304695
8.661913180485451
37.49751870592603
30.21976189945691
-9.555059549475073
-26.56666091141759
-18.60243793236248
-34.44736097266502
-6.598881985179564
13.70632424220493
17.5730681793206
25.20947273996192
-15.84492304141625
36.17550611163424
27.84847898754919
-16.22708686364181
0.3952042466472552
-27.4532747404509
-4.672457663935573
20.30520622744807
14.12395207670763
3.696994707139708
20.31928581687281
-14.401615986758
-18.67516071019872
-3.224016695504052
17.30729436907752
16.62229111024282
-18.09861069307236
22.78081707780206
-3.011991450168893
-4.273544723049724
15.45114401443559
-41.49976639834092
-11.73338617328382
45.54627621230117
-4.723798644291104
35.09573296216815
-21.01682056138615
-7.290202989676862
-6.206634655539641
13.24110807502946
20.93378608153279
13.72661757181372
14.8101859093675
-25.79280852925736
-18.10013052326429
18.67583723355551
18.79640973992131
20.53131106472962
27.1404207380496
18.10142334995601
7.692678006767863
29.76638022397788
-9.038997390249785
36.77596775543506
-38.80537761201459
46.8291191349406
46.68368259024427
14.12017931854373
52.92555693095724
-29.1151324319109
2.639604145007752
31.75473657763032
15.61628076195532
14.64689232231006
-22.20951893929984
-11.88992581232912
10.3195931282475
29.04731994508705
-6.18125415033922
11.50314849800469
-16.03348551382442
21.3721848216618
60.94296536156709
-7.141651220048442
-41.21406153009234
28.24505765903687
-33.57765696462186
28.8356055277859
37.40567033415351
-17.54417144937839
-47.70279163135872
-39.13272682684888
0.4380537133109309
-1.769463143919858
10.04398628380198
21.78276687206125
8.570064805034487
-7.277756804671583
45.93332848746709
39.57078054027001
-17.43115466626985
-50.12906236834716
-32.69790770241203
21.34471315801677
-9.76947441291547
-27.96303175616327
-18.92541154877016
3.944631381501335
17.68192798626879
24.57490114120245
-30.11905188695727
23.09203340396628
-69.89387333530743
-36.75597233920476
-0.5217604322767818
20.5582963821538
53.21108529123082
-39.77482144865762
-2.533737017970918
11.8134494275034
21.94340555345224
12.47748602918265
33.13790099777839
-17.13217386405519
-17.01160136020206
-50.27007485933672
-10.45054324843717
36.23421190686445
32.23229821583087
0.1205725057502864
-14.19164365681417
-18.19355734646501
6.888413156047323
24.24835775609597
27.45140239998959
42.68284146265133
-0.1454365442114386
29.77521865476962
-4.00191369107062
21.08005681428107
-12.90762280662075
9.037620207254529
29.92065519849611
-32.56350327115585
15.62139731388156
-3.540554966978737
3.096886058116162
-17.83981285228691
29.73689043260174
18.40468804231467
-14.29925788575641
21.9452430117137
6.376493340056398
-12.37700696114151
-15.10201918272257
13.83317219679961
5.528250574810971
-21.21849732232763
-3.306978454598176
22.63353454090322
-17.96485800486042
-27.18517455946456
-46.70822722336883
8.175351525819632
-30.48945594771158
28.60044778153413
4.871070136692325
-28.17222640667952
-2.304660508418816
23.66771663249347
-19.52305266612111
35.36052608383167
2.317229541942583
-31.16027942744279
-24.26317343572526
41.3572950044439
-18.03366387084684
29.72006824757328
-37.56843247914936
6.229509566329201
-11.63722675910506
33.20484624377613
-1.667044831492957
-20.63863106300573
25.46068405815823
43.79794204547816
86.33231824114556
-37.21687032524948
12.31512786730944
-20.93669890995472
26.64000437546411
-17.30734564790178
20.19429707463945
42.53437619615519
47.75373211937681
17.35994460197043
15.01122304498319
10.12995612729432
19.71297540346098
11.73878058877993
-9.465919521865594
10.6911900835207
21.1940569144045
9.583019276463512
-22.50198875019874
-10.09351624148678
20.49887450227538
4.723663583906699
-18.40998523670787
16.28017141447337
-23.72937764426965
19.9095246783093
-4.932731150287111
-29.62247351609989
7.879169207063041
26.59478507441142
-13.31136865478858
12.74118970377241
-49.31246945939853
-3.076576770898655
30.74989049591615
39.67199163539239
46.43240729279731
25.44162881196669
46.23589268850775
-17.68373015199216
25.8675658991709
-12.30495875821734
-38.69686489273413
-33.47750896957855
25.97237714187217
-38.17252465709088
-17.37826077992171
16.44820648777849
-6.44570730056611
14.26285275918113
-11.33220239295266
11.53784053720231
-24.84225582965422
-11.93353317370685
16.31110486284118
-18.75350029895723
-6.019319950060644
7.456678855296241
20.76833913378314
10.93015153797414
18.71561586746016
20.70856005836838
-22.86122715432245
-9.535330625934309
20.43283168288107
-8.624166468669888
1.992944190569574
14.7271245403176
-13.85359537083492
5.001193309508722
23.86773593517967
-1.137515280245261
21.82551449336082
3.271586240494105
-23.92135926598457
-22.16745448862024
12.90872265700492
-9.524170654783296
28.24463803857977
-22.43289331245496
-6.750376516318678
7.214698832381056
12.73418034914103
-2.725012221134313
-25.00525121462952
1.04730714467373
19.90209582465945
14.76158527032008
-2.042221443258797
26.05255835924513
-21.0299392079296
20.79426387699824
-43.12535896409155
-26.39190613462509
33.82646726743974
16.73345282963609
15.68251679704255
-9.725931231415714
9.012721323485536
16.94947148798665
18.8547886799276
-5.140510554545931
19.19739380754217
18.73865255533079
-28.78224184777012
-19.84350096332051
-3.427142436963602
-16.27686940875079
0.7753994606556228
14.48516333785366
18.12236540471335
-20.00860813616736
17.79050647424751
1.076425774160916
-15.25824212527059
-25.19349263219174
-16.80380671347779
24.33790436245366
2.996832160122938
20.04910102752529
-17.53711826128406
-5.184884496024614
-18.55392825333544
7.295266435037049
19.80063887290511
17.18903333512634
8.854002197941439
29.81186377411481
-7.744162185617562
25.849194688841
-27.19294550658432
-0.06521661699991374
12.62283043898869
27.00680200271211
20.58222846924329
9.316246918471954
18.25498780441363
20.95786157635059
-16.59816438535428
8.938740885195704
12.50537243849393
-25.91441130562129
-17.05414528664859
0.8581604891942453
28.65152151021525
26.72803724933791
-5.592103550961901
14.29136132621776
2.702873771767749
16.41635852735993
-8.040447958625908
-7.48417510895692
-17.32236270504945
13.27016241010021
14.31633789287493
15.51990619583193
13.71348475614931
7.959398030667864
25.17552649207596
-6.424573533882232
20.97184695375953
23.84890464892031
17.91230577540409
11.46204173594848
-0.458741251764241
22.8359630327961
-4.288803335293703
16.759923661029
13.0581626052198
22.87004292931034
20.63026975928317
-20.77251041576706
-2.964122371877681
11.74936323319795
23.7219348225117
-17.56946576969198
4.111319707155507
-10.67649261432208
-2.348721559333259
17.80838804414851
3.203044645815619
20.15710960406987
10.50286683081753
14.71348560582351
4.210618774578866
17.59112285894801
9.274653860173549
-11.61103763734346
-16.36262114963652
-2.982117062271929
11.83506277359198
7.118823733482717
16.21689113760873
11.9725715898934
13.38050408508133
23.4814448844859
-19.61061511483308
11.50887329496913
2.494318348509133
24.65232591682075
6.892973155739241
4.092003515949068
-16.79368797350195
-24.76788278616993
-18.9715862315204
-12.21117057388272
27.12772888968962
1.75390477662645
6.760415657644987
13.96507534960588
17.21866491094123
7.936750165023629
-6.076039370317178
-9.777800429218008
16.0053366939646
16.28074648263581
27.39642049158821
17.21612846115206
17.0522688684045
17.34696594184408
-16.35406493029861
-9.87117423658245
-3.042404648661742
17.71193287112212
20.86598254304584
12.23375922701247
-15.88689113786054
-2.743438516890814
8.991336965530968
22.51607770133397
7.858198150085009
-6.788823731615413
14.81717983062879
-8.31646899891177
-15.7752109196904
3.253639317915679
-11.39338255881057
4.381828362208184
-20.88569149475366
-14.45181313810112
-10.81461106826196
14.96852605805921
11.41806362056507
-9.281914746171749
22.35678585150297
6.482890696025398
-8.304921623738322
13.31166027932851
-14.78781232001938
22.10493346279971
13.14345262148689
9.098067404886525
3.637202068416566
25.86987675984273
25.78313712464898
-20.5393552381379
-9.445608622607626
10.25458457910743
-5.087251128195026
12.61484490611874
-1.92348426007723
17.43587685715659
-14.36016018479733
1.101208952652718
11.09374661717663
-3.550462438670781
0.2754097890750574
15.4521041098802
-14.64420905509058
19.70019320102826
4.71515206440939
19.359361118311
-1.72903957220607
-16.71408070190772
11.59685695284765
-14.98504113373703
13.32589652838823
2.360260325252393
14.23706069217207
-16.33466790335492
17.9339544941196
-16.13845581638626
-34.07241031050852
35.38670887857931
7.636404563055887
5.219355923046784
-7.974194814713927
-10.18029203243181
9.703172845016843
2.877057697794021
15.22929146989368
19.88346487710172
15.461369138261
5.526118622418927
-9.935250511381655
12.35223376826129
-9.838187595950831
20.7543375194206
-19.3280722635858
-16.17402259136738
-4.183018707312178
11.9576261974827
2.882196582611932
20.3356173256554
3.1540496732328
15.14505355612958
2.249743785276761
-8.632223315696638
13.52578425301926
19.05621917478553
-20.69113707110078
-6.592258995184885
9.548385911960782
-5.514442753766489
10.62765186986715
-19.48756876541791
23.41783234178459
15.17669431874638
1.203568303958467
22.15800756837905
21.74335933065798
11.73477548314934
5.530434924302019
16.14064490549512
-12.89530977032775
-21.43282953421858
-21.31266516613327
40.56205470932728
-8.39037741284303
5.626456259839158
8.377991129060574
19.44722887481829
13.86944642984745
-29.05699815230608
-18.10795820407388
0.1201643691033879
16.14209462504565
17.70209603268578
1.560001406126407
12.7901804738885
24.38584173055641
-10.00858384714779
-16.21292440647118
1.240496334957393
10.64943289502271
16.22400430794244
-22.78685628519799
-22.40551423706241
31.47751181817553
-0.1214331874844758
-21.73875207116566
13.52474073668089
20.65801674120314
-12.9255952949277
-18.50337774223675
19.81351710500606
-6.907716484671554
11.32040609455265
24.24269385120339
11.87680037343902
22.82584032338348
10.94903994957196
17.45342074331693
25.94051299552124
7.133276004048722
-14.65787955071049
11.06923774617385
16.81354466535593
14.98350797487345
-11.02128684376518
15.97351863769254
22.66542310044699
1.048104213739355
-12.851323534574
-5.577782446172851
5.744306918766089
32.73911239879743
11.59566125766318
26.99480548149396
-1.830036690885365
4.429176747860941
6.691904462790918
25.32052054033376
18.44601042182544
18.22812257720979
12.92228775497053
-28.06108833133143
-34.93559844959982
29.11176078759771
14.01683367277223
-18.80723699309065
0.6667621661376226
19.47399915948463
5.574571412234641
-31.598945006639
-12.97032893003973
38.9135772357898
18.62861607757788
-14.64702187921341
-13.89942774823667
-6.874510118388499
51.8839061658293
57.17284911894153
5.288942953123854
