21.82156132420315
-11.49270218610488
4.123034271690827
-3.307174029515057
1.979328541036717
18.90315112327403
-22.48688977619547
1.364063812078675
6.31407660539534
4.589482776152235
5.714748688490372
-7.248441192899191
-24.68673803285516
21.44138737574964
-3.330492679576003
21.15325752725446
16.07357591071409
20.84941981962856
-21.51949358202202
-5.158884351165606
12.00305594345306
-13.2629387173598
74.05465134536405
56.36737643365485
73.10914700079677
-31.68657740860425
-27.88285975513314
-7.842004328631296
34.50280171465286
31.28862445844898
7.858498563802239
-7.359807375897179
18.19217380133814
21.83147243779614
-20.45408789441049
-21.44661938931508
-5.961526256818316
-4.481492756795803
15.77590782535514
20.95466456029397
21.1511230028403
-13.09645065883631
5.268469813057306
-9.457152020653108
15.83736913090519
-18.37319319563455
-29.05659958778056
-8.67270829668664
15.76707657722001
5.422948536517624
16.86822528208806
24.00370676251656
10.37956867464477
-5.079681616586256
8.785400822764556
-13.62413808794389
-15.21830593975208
10.33367523758862
10.1720036448256
-15.45925029704122
-10.6834063934424
23.79614173246116
-1.368393332645437
19.01549795776556
20.18792482333733
4.750400661995354
-15.90289518022855
-21.06371809102957
4.775843909408803
20.383891291252
-19.6953247553928
-26.00830417084447
-15.88265319108074
4.066309880733029
19.59074149520432
-5.313753865005209
15.23780340007466
24.43978487221275
1.172426866808629
13.06961603203134
-14.22726056271287
-14.38893215507786
4.137659913983047
-2.943655407850403
24.08662298310219
14.18839366561623
-0.1616715924548219
18.36492047596639
-0.9925314969713636
-11.37016883848721
15.97259514041451
1.101148704133656
-14.1371035022294
1.492034381132249
-16.23242028668876
6.790075361370235
18.33110553422819
14.05716376750344
11.44527674651348
22.27482650116956
12.6365538832115
11.89718916468946
-15.43752416120815
-2.614254766213361
-9.638272616655911
-10.37763733899801
15.48509313008889
1.748011858662716
25.1233657446274
-16.58375793940507
14.90695627769423
-15.25080864848351
23.18223392433163
13.3658510405785
10.34926893182546
-14.6189922388557
-28.2046277440314
-16.16896213735258
-6.374732933710624
-2.380322887561047
-16.59114239715563
15.36270114635462
18.54685597801322
-18.33176979775184
13.15894441787794
-14.82647520289864
-2.78448831563376
10.25701647760187
-10.2164094647698
21.73743408088544
28.47987272742147
10.75541805957314
-17.30351739345154
-4.26201260078414
-10.24704160328985
9.513375038718177
-18.70343609215283
-16.46320455509727
1.332949289944336
3.505294594812001
7.213115987614365
2.240231537055649
20.03638538209853
-19.48128758603985
-13.44017985285385
27.95519229747483
21.03071790470714
27.30955456771867
-11.01972270436429
3.472825678298238
27.23348113225897
10.5950649845865
22.53453736210395
-23.13460477904804
-4.729434872084737
-14.21081950826959
-2.095316784847963
-17.11274744681984
20.92717886534738
12.82326939458081
-20.65329584083581
-2.901927939685161
-17.72445466743228
-18.96649768894374
-6.210523846187312
12.56512938793747
14.27732990680693
27.99402893124543
-15.01743066073434
7.61691297214939
19.65889985800828
8.420287020711584
-9.321039633120312
-15.01076751796618
19.96849914877405
-21.72151912207003
-2.659181338727877
12.04198688722348
-22.62768048893293
-11.23861283816541
13.0415047929516
7.056475789866066
-23.61271414188242
-0.5310440088717896
18.40436739057834
16.38617358513149
22.00073610835616
18.29508862809073
2.924203432830736
-17.74132665364409
-11.48721370238664
-24.67042428085161
19.76041664195125
9.802341727419725
-15.37088519503037
-9.958074915347165
12.75597384390216
0.3421525981770708
13.09551286602411
19.96594573923746
-12.74363250064376
-17.620430581002
1.314980822721047
-16.61377917240491
-9.743346302757812
-6.653090675802781
11.58873784226676
13.83476308113524
28.53221796639321
12.75336026674221
22.71404876101933
-25.17322692222031
-13.08578509854692
6.870432871058176
9.960688495937323
21.28978624338126
24.02040573777455
-14.56104725758395
17.65737428553486
0.8821431149278258
23.08167013916912
6.15855305277596
-10.47986309214487
-18.65096491725901
21.33208414688381
21.26927549339518
-2.887680290193802
20.48785375482637
12.08744182541829
-9.712473358068291
-14.41141713475511
-4.876798080084489
-21.79991518089267
-16.92311709255141
18.93541140120806
-21.32377306178331
-5.689727886028288
-21.94890293520057
-6.929097626498566
-3.428292606038925
15.63404517634621
-13.24467548696881
-20.82187563645358
-0.6251298742467819
-16.63841614492068
-4.698943773420914
-13.18321057800278
-27.26397223602747
19.94896307031063
-17.89556397212493
-5.736732024988254
-15.63496134011993
17.70156379651433
7.540593344041547
17.85731640408945
-22.55667055101141
-15.35070225984745
25.53432866645141
3.522776209689244
-19.70364034868542
-14.87144643811783
2.260602633190657
25.43615731743492
3.45111117056272
-30.32230568807144
2.853041431269168
19.11321657978699
-20.82343066149733
-2.018193805970747
15.76328462780752
5.614562524006576
17.78147843430218
12.16691590946228
-25.26599466081282
6.041107733761075
19.06233778297615
-9.816382882407023
-12.83296499323122
20.9099371738207
2.035864447683624
-0.6456377292714177
-24.48236661932954
-5.160822911949577
-18.87407272771723
-21.55557490138837
22.67358864756198
6.278836662911239
16.36060923090679
-16.39475198805209
-6.31297941571149
-7.577200149662034
-27.98484327962641
-3.632411957687959
20.19674576255071
-20.40764312978726
-26.51823106889026
-6.363031452438944
17.46612626355824
18.40516990822204
15.44319037251161
1.857554867271541
-1.724593825052397
23.82915772008006
15.01980530858794
0.9390436459224
-14.08076166070107
-13.5856355053219
17.13204907273929
-21.14047008583296
-4.196989957241834
11.9924407512627
65.65092182355123
20.99058199546862
-3.58214869280398
-2.456882776051853
12.03566560692847
1.125265916528865
14.49254838281549
16.94348012649445
-0.06280865482179515
42.13105208443196
9.67878467995277
25.2945211446282
15.52443161359411
-9.898229316308841
23.43829582216123
-17.69852705251204
2.853030205509131
18.87347847104344
7.913864207032646
-4.352938092020919
15.61573646123568
-22.01155246060745
-13.81316063873399
3.803717653470742
20.55155726577905
-10.95961426640493
8.198391823716609
-17.37060299034741
1.787403107955491
19.40428140841936
20.34966072674121
-5.328376781916889
-17.21485038042377
19.15800609622191
0.1557526092334456
17.61687829404783
0.9453793172343578
20.04085542842313
-42.29134663345845
63.7671765775023
-39.65803483232975
-21.75527065776306
13.61790812091943
-12.82719026669104
-22.92407491801258
-1.00093897871829
19.54023002651171
-23.8630824778332
35.13113370260179
19.09547611163991
32.36742029359574
-25.67803750743219
-11.03589221256904
42.34480604385392
13.27194418171392
-21.3164525682555
-4.213666421993442
21.64665367304967
6.065500821705452
20.7076461147286
-16.13769583514196
3.184154833453445
17.10278614423923
5.178756734664812
-19.0181493636307
-5.09951805588151
20.7608020366289
26.84203971004706
10.61576544786557
-7.477119188507323
13.91863130899101
11.54103017493459
25.86032009313371
21.92313593746273
6.081237674649046
-0.9390075584747988
-20.32226220479479
8.672922541759329
37.51015589380406
30.63381123891666
-10.05756894919235
-26.51326263889789
-18.57702855280232
-34.41892681493079
-6.60222430048732
13.6870104872612
17.55504412838699
25.17832224870531
-15.84189826324859
36.13207268114024
27.81670251450199
-16.22627426212755
0.4055959645754799
-27.41110654946868
-4.702389029913316
20.28923478780685
14.09823435132434
3.702074361941025
20.33394458806876
-14.39081027543442
-18.66475204257948
-3.235852500677964
17.3320427299257
16.63187022664884
-18.0928846365672
22.70871752083638
-3.001901860508101
-4.273941766770729
15.42889954162603
-40.27666423992805
-11.49876396032282
44.80476291350268
-3.549914293361415
32.68221940206143
-20.99097655232559
-7.274277525145693
-6.293521672300563
13.29361770555785
20.91602537818331
13.71669902729131
14.69745488353861
-25.71061938262513
-18.08821171049723
18.63853823885087
18.80062338051079
20.56789523073486
27.20954705145454
16.18943070680102
7.622407672897207
28.77790027852038
-11.02011634680315
36.72674994795763
-39.79801662310425
44.18098336186751
47.63388130628217
13.86046444664631
53.65848107014317
-29.07286186300763
2.63331180112816
31.70617366519737
15.59090367599148
14.64214529394319
-22.20319665741788
-11.88647359730423
10.31672306131646
28.99518474811386
-6.191000436076375
11.49131176168717
-16.02148033868011
21.37643426130372
60.95355310864036
-7.130597288644729
-41.1486314539881
28.24258149133263
-33.52535332885215
28.83723335439359
37.39791459864711
-17.5038729887273
-47.7005049799669
-39.13982373758243
0.437295110007021
-1.764479348813828
10.05043873689191
21.79354046541542
8.560681242916379
-6.876344653086374
45.93602563117803
39.57711884770207
-17.43829683997209
-50.14926845658212
-32.71097161716522
21.35624535434387
-9.76976060545508
-27.94984343938931
-18.91563257696153
3.94475501876703
17.68270479486548
24.57661852329513
-29.74170641149449
23.07066387154738
-70.43308659901281
-38.69618821566576
-0.528265440440392
20.5401238214417
52.8123702833531
-40.69138018782987
-2.530540046260355
11.81491808546509
21.94895856531358
12.48159339557981
31.73689838501823
-16.61777882709735
-16.45569368796019
-48.35467720961393
-12.12254350974056
38.16792277515727
34.16898477922678
0.162085141039153
-14.18114484265044
-18.18008283719039
6.887244417654998
24.24875846234528
27.45246540111547
46.29152828734584
3.452897944904543
33.40022071064901
-3.998937995963092
21.06838926172831
-12.89130757543109
9.03421086227705
29.94732276525457
-33.77341685908555
15.66210540783245
-3.534226419872236
3.0946544782225
-17.81944377797802
29.71850613884372
18.39129201324385
-14.28521735855898
21.92551843554181
6.37737139514775
-12.37790805642553
-15.10319473994695
13.83477167493697
5.528668762422747
-21.21986203927057
-3.307147728419701
22.63510892190583
-17.96602767793092
-25.74284975063237
-44.66033983100469
9.498875025115666
-30.41908171561242
28.49911515177549
4.822643059243481
-28.10148636501611
-2.292638541700596
23.5808514428878
-18.91749008258219
35.2417247742895
2.317595351500374
-31.0978902631604
-24.15695578481995
42.19386074089407
-17.77098524422724
30.01346056475345
-37.4329105702277
6.385970542036239
-12.18040017836854
33.1808304894587
-1.665577874957228
-20.5801263586451
25.44146422307244
43.81888111225607
86.37208571861029
-37.1742734058974
12.30615798499669
-20.91409825574717
26.62385166159089
-17.29117353092708
20.18150542412223
42.5532046068697
47.78444580993034
17.36151404662862
15.01213343964056
10.13404048125175
19.71895779084532
11.7431017290983
-9.467365167287172
10.69297649121297
21.19723644006054
9.584917309523837
-22.50406638288674
-10.09481954838588
20.49992340355888
4.723533678351552
-18.41208296347245
16.26017514933409
-23.67647209196571
19.8830998759292
-4.918263710127372
-29.59733151679882
7.875347438861893
26.58385901799088
-13.30124576483633
12.73487183405517
-49.25241520857227
-3.071929589649815
30.65656888465305
39.54784177932644
46.28916674650726
25.42266532736122
46.18048561898654
-17.68727491181443
25.80884782421921
-12.27855714544297
-38.64672681782246
-33.41548561484706
25.87348998554313
-38.08740496935839
-17.32958467681497
16.3989137987173
-6.442346237195535
14.25846015116849
-11.32721412827094
11.53317346726962
-24.80136358711293
-11.92171078434442
16.29608575341454
-18.75527944926292
-6.019820926408105
7.457400278249496
20.77046468687053
10.93130848979394
18.70851157925548
20.70080638696783
-22.86374290084995
-9.536554799621777
20.43279017881698
-8.625124521693197
1.992294807362173
14.72775333098564
-13.84898718411463
5.001489451766532
23.85258622302496
-1.136922165557312
21.81171442195534
3.269073912561121
-23.90312632465469
-22.15612591984314
12.87965280382457
-9.474576187515986
28.21779653974855
-22.35422899201336
-6.721631130830379
7.1985927876301
12.73545852306469
-2.725286683061405
-24.98950838778026
1.046609211918933
19.89708584741452
14.75694854442411
-2.040871802460061
26.0361175996509
-21.01920375396907
20.75782029236128
-43.10994023937032
-26.36816967247762
33.72849847516363
16.74177056703728
15.63259786210967
-9.726263879777724
9.013637602110956
16.95112941606646
18.85047663544735
-5.140137303161762
19.19874494706211
18.73990148226224
-28.78102719455335
-19.84382779536825
-3.427376057430819
-16.27696621837963
0.7754993822962314
14.48660575919511
18.12408331767832
-20.00941196921467
17.79231460617221
1.076831348050985
-15.25895872010937
-25.19482505442803
-16.79782034674598
24.33888225051574
2.99730661207948
20.04977221091157
-17.53908731055057
-5.185413085213608
-18.54264050979508
7.291065982874289
19.79512695806844
17.17480010662245
8.848971692661074
29.79859005496657
-7.739366266385884
25.83370649307008
-27.17220023732238
-0.06515813935684446
12.62378994834435
27.00894853375789
20.58387003511121
9.310526667147345
18.24772606779458
20.94961836248843
-16.58833796183964
8.937199399916253
12.50406097577366
-25.89886463177946
-17.05576804164248
0.8582137756268778
28.65398661776321
26.73032473054703
-5.592696598675773
14.29263471776899
2.701892294548438
16.41645173879649
-8.041173856811747
-7.484880678389714
-17.32403687571268
13.27133997967909
14.31760188439429
15.52127069619818
13.71455944467555
7.960080087535626
25.17763088729249
-6.425078499415626
20.97358148249991
23.85095358762931
17.91398181711732
11.46307144281653
-0.4588434644347282
22.83812090518394
-4.289110039895805
16.76151136986827
13.05947389220376
22.86038759470293
20.63186350409764
-20.77560466530118
-2.964643618501735
11.75060913511868
23.72419990703722
-17.57189772428791
4.111749245819985
-10.67798399531999
-2.349380609366166
17.8109610471036
3.203706940708762
20.16034165711902
10.50425994848927
14.71525275441013
4.210992805334516
17.59295172391164
9.275688303141864
-11.61231912958647
-16.36409170723669
-2.982132784162306
11.83622045935175
7.11946120923364
16.2183986778893
11.97359077241083
13.3819589193413
23.48355291853544
-19.61245066080336
11.50996214694987
2.494542028764162
24.65453593947541
6.893913729224833
4.091983423500368
-16.79602399650817
-24.77188005542976
-18.91454848370411
-12.17322351616681
27.10704209807177
1.747000404177517
6.741324967553144
13.92022391938704
17.22035483260008
7.93749181437065
-6.076609533974411
-9.778647014507444
16.00674032973092
16.2821662085289
27.39865998818795
17.2175507993523
17.0524655997541
17.34858393327889
-16.35575801020097
-9.872127687290421
-3.042693598328367
17.71352706035952
20.8678639571436
12.23486500294729
-15.8882342647766
-2.743660473685639
8.991967527863777
22.51762904196365
7.858749090853816
-6.789296792745557
14.81835323512585
-8.317263421048326
-15.77638972739529
3.25383436205572
-11.39421151384901
4.382178215551733
-20.88800742844121
-14.45303845528188
-10.81556089341067
14.96982645400786
11.41907249787382
-9.2828630185967
22.35877574116192
6.483630325122813
-8.306102914242219
13.31306440953195
-14.78973323966116
22.10699268921612
13.14457379190948
9.098937469844218
3.637477560107755
25.8721109545982
25.78538734561538
-20.54093835845149
-9.446371026077248
10.25529926727256
-5.08759513535129
12.61580487949328
-1.923661886099401
17.43712873994798
-14.36135190111076
1.101338663130185
11.09456733455212
-3.550753957576676
0.2754258791994225
15.4533432223359
-14.64532129054681
19.7016702922844
4.715469339886706
19.36079062814525
-1.72928232001114
-16.71548326099358
11.59790577587031
-14.98620094739925
13.3271881012283
2.36050560943846
14.23861838960066
-16.33579007459683
17.90276417545855
-16.11526999026709
-34.01803416582083
35.37317877933002
7.623278122727127
5.231241202876857
-7.975856062111797
-10.18110919178296
9.704222125437843
2.877372109472365
15.23104634606888
19.88533131645821
15.46269056541652
5.526824216512166
-9.935866341611545
12.35367423029971
-9.839156197199832
20.75622065837846
-19.32970664243373
-16.17536974476063
-4.183384945951631
11.95851516945592
2.882442350840424
20.33712822605064
3.15433689834574
15.14632169660265
2.249930716016228
-8.632998953810894
13.52699495752977
19.05781209623054
-20.69282198662986
-6.592762190914114
9.549137927469584
-5.514904647728313
10.62843070930186
-19.48915317139132
23.41959238488219
15.17791734085871
1.203668813008388
22.1599939109551
21.74491177910238
11.73562800234256
5.530817140940667
16.14190011637569
-12.8963909802521
-21.43480765063608
-21.31428600039668
40.55431023506163
-8.391171319862815
5.626510094045087
8.378613057748769
19.44859288989593
13.87045445742077
-29.05791470175482
-18.10841516061613
0.1205216518405832
16.14333535898725
17.70340001209102
1.560064650740008
12.79116167828128
24.38767698674698
-10.00928377624596
-16.2140946382288
1.240591235264225
10.65013573954674
16.22506395491064
-22.78815029336383
-22.40668921901623
31.47903290960571
-0.1214750282432408
-21.73995136765078
13.52566151534418
20.65941951455082
-12.92636560310168
-18.50450403840086
19.81464557788343
-6.907988728731114
11.32094809309402
24.24406277891464
11.87811279060596
22.82761233434445
10.94949954313534
17.45468587539293
25.94225665036789
7.13375799856857
-14.65887995022707
11.06997983252089
16.81462864066443
14.98447272154639
-11.02195344945502
15.97440892414155
22.66667526938606
1.048198925214138
-12.85210936866545
-5.578138433750021
5.744648807769969
32.74101117943575
11.59651530985922
26.99636237359881
-1.830155919473697
4.429417203431903
6.692266345246972
25.32180312709631
18.44709861938757
18.22893681873194
12.92311468317726
-28.0530956337805
-34.92780014116927
29.11001920760608
14.01768141401226
-18.80849865437982
0.6667378518254863
19.47523650654835
5.574928214523912
-31.60050793944709
-12.97097115912455
38.90564111174269
18.6295367819203
-14.64804587975213
-13.90030829361617
-6.874704507548929
51.87661227086711
57.16311484140299
5.286502570551385
