21.81313127791222
-11.48934166602814
4.121847623054309
-3.297157062172548
1.969311573694182
18.90920359893724
-22.49247336409534
1.364502113157764
6.312019660270586
4.588028744557891
5.712985270017107
-7.171378789962476
-24.69703817393352
21.4471056143762
-3.33220041251686
21.15011833258021
16.07210496730653
20.84678644711862
-21.51863766303091
-5.157203641885266
12.85933180250414
-13.2625957006124
74.60869455379066
56.81228557907961
73.66902079299547
-31.63262954321789
-27.83506095761772
-7.827019419139956
34.08493359953356
31.27523827929993
7.856133644475332
-7.361059628812552
18.18580338661639
21.81997795630049
-20.44600114989841
-21.43813918951207
-5.958819057973842
-4.479705740123084
15.76890405206797
20.94482641579156
21.14486472664455
-13.08943489922509
5.267594573501414
-9.4552603229996
15.83262841628615
-18.37062232122018
-29.0526259203111
-8.671102646238303
15.76256774372963
5.422287122030247
16.86308798209571
24.00361160840401
10.37867167786593
-5.078013365282849
8.786418334988236
-13.62493993067701
-15.21719327341583
10.32966974226923
10.16796951128261
-15.45668506539601
-10.68200360522195
23.79290944315859
-1.368407182408154
19.01311608619867
20.1851567849277
4.749592419700833
-15.89982283336646
-21.0602340651476
4.774681482421092
20.38152327306356
-19.69182687050331
-26.00399008917418
-15.87727015708345
4.064515583837473
19.58061416343358
-5.312236284403378
15.23069917734687
24.43367038817763
1.172040701951432
13.06629682208022
-14.22132431863299
-14.38302455267527
4.135705170805385
-2.942223693194808
24.07749090406996
14.18308845143354
-0.1617002321856489
18.35702948805403
-0.9921380408560677
-11.36737356430676
15.96629541188022
1.100520239146157
-14.13069845738764
1.491553911258532
-16.22507933969501
6.786749635581007
18.32037693067397
14.04884034566411
11.44080085995746
22.26949163479591
12.63408011077936
11.89425611819326
-15.4355643642236
-2.614020772062968
-9.635411521917066
-10.37523552002676
15.47932012978549
1.747581016673241
25.1147316497909
-16.58089786371084
14.90210136541823
-15.24810088033505
23.17922503974224
13.36408526500574
10.34635284506764
-14.61679835458792
-28.19978687822356
-16.16336635446575
-6.372077324810719
-2.379239782760701
-16.58470760706264
15.35564578430785
18.53820831133858
-18.32847887956593
13.15452034727383
-14.82380474257284
-2.783920137843093
10.2538619363319
-10.21263028267197
21.72772310938573
28.4675367647333
10.7509035129099
-17.29862391347866
-4.260841838790763
-10.24383239739559
9.509851296261857
-18.70074868526018
-16.4608970031564
1.332796982878564
3.504674136840876
7.212002077695026
2.239851681927999
20.03354566807591
-19.4786336818435
-13.43741317540365
27.94724746279215
21.02366602006178
27.30176708819814
-11.01826116129754
3.473862639368418
27.22858417303722
10.59333561763723
22.53065845332564
-23.13177261902669
-4.728990773722368
-14.20546782388174
-2.094380882150598
-17.10612623404182
20.91744809433758
12.82154359008195
-20.64941525196815
-2.900658410735596
-17.7166332511103
-18.95768546891525
-6.207705671767291
12.55728643577428
14.26830599853379
27.97581679033849
-15.01174535144436
7.615796547772964
19.65568114976533
8.418908040581599
-9.319698079917911
-15.00857069609345
19.96557113706561
-21.71848536388798
-2.658796106075857
12.03988460457737
-22.62436724392844
-11.23677310994172
13.03778207443151
7.054791516281217
-23.60960270082327
-0.5307454738341232
18.40022336725796
16.38265113195489
21.99551080691534
18.29156462636591
2.923660438609722
-17.73860611992457
-11.4856420736328
-24.66666576918404
19.75368369440217
9.800057978888661
-15.3679041876693
-9.953625716956779
12.74997979893514
0.3419566083991705
13.0895621774852
19.95791134761547
-12.74068518573917
-17.61658522929004
1.314383625119842
-16.60543628001669
-9.737087114205016
-6.649436323119627
11.57595344838743
13.82657535098408
28.51275044201974
12.7476055659389
22.70360551914655
-25.16796216647077
-13.08264179123765
6.868349167389247
9.955999955971583
21.28678393774649
24.0171037184063
-14.55767190650493
17.65488883184805
0.8819855363643055
23.07885725123803
6.158060206865251
-10.47718833775089
-18.64352772511761
21.31304056432076
21.23856313352914
-2.885976140683093
20.47601167209473
12.08532038019096
-9.711376769244239
-14.40930251319907
-4.875900040650359
-21.79669714182011
-16.92079706862114
18.93096884761103
-21.32073031740351
-5.688872616113215
-21.94573781512973
-6.928059646799086
-3.427831554246618
15.63185770207831
-13.24297132316085
-20.81905653844118
-0.6250075005129908
-16.63524854461599
-4.697925731833255
-13.18102369650784
-27.25964923395905
19.94178573504457
-17.88773290104819
-5.733793482005292
-15.62819593291258
17.69135564035908
7.536799252959445
17.84688540454275
-22.54192221813545
-15.34035548896709
25.51314899478147
3.520423647817729
-19.69027045058837
-14.86577517444028
2.259536969211965
25.42453215592881
3.308010479478594
-29.7910998325481
2.880950828995356
19.1235525239642
-20.4701206131268
-2.017572237879889
15.7575515870564
5.612859678150231
17.77512382751313
12.16226414648519
-26.12192750311638
6.041220504071545
19.05968925711266
-9.815139770270331
-12.83287219570771
20.9104270653144
2.036334368819724
-0.6454803726253142
-24.4733848238152
-5.160411236304454
-18.87409270081218
-21.55590743177308
22.67359724526597
6.278101067584036
16.36143402131606
-16.39549619063942
-6.312163219688686
-7.576085214959677
-27.98088362058979
-3.631895105353714
20.19404904044942
-20.40479840595096
-26.50971919899763
-6.362214887605104
17.46372924214442
18.40278185046116
15.43965744286871
1.856668918770874
-1.723990898901804
23.82594414525822
15.01767816794633
0.9390526134733382
-14.07862554718177
-13.58298852435828
17.12531214465153
-21.10072332737598
-4.163926329445573
11.96978028348235
65.16034813787036
20.74228302221301
-3.580659819533916
-2.455703276458824
12.03642052504184
1.12495654227003
14.49212380105804
16.936796995884
-0.07447743204760567
41.84300635266877
9.676699397789621
25.28788871333049
15.51609857462764
-9.894402451771899
23.42514912482119
-17.69128365485755
2.851651780303242
18.86077914239433
7.909050544318202
-4.349914974377279
15.61118930231176
-21.99272536209865
-13.80072200415914
3.797568585599718
20.54293546520077
-10.95172860639801
8.192003365164974
-17.35802771441226
1.785704287772657
19.38399490908226
20.32967714313429
-5.32421023644306
-17.20249794545009
19.14373199539224
0.1555297678673347
17.59829059698425
0.945682229510637
20.0080415463568
-41.69654013684244
63.9571550912536
-39.1180842331893
-21.48595224902575
13.69699217822706
-12.80348712391112
-22.89013364787582
-0.9927564379200927
19.43645667509641
-23.82819537052603
34.84038932227949
19.06235931817458
32.23994379933941
-25.65388737853864
-11.02470824753725
41.9119530210973
13.17758448066598
-21.30302517955103
-4.21083867932733
21.62851189252102
6.061271041150952
20.69045017146784
-16.12710281851163
3.182562528451233
17.09218649804442
5.17592236287386
-19.00569821704303
-5.0960742503845
20.74327631796593
26.81856793889689
10.60764967412002
-7.472070918862597
13.90962396817276
11.53362729767682
25.83935056901159
21.89737720804021
6.075291622247759
-0.9380617211938143
-20.04304421065832
8.516036893803903
37.18111566058682
32.24321454777969
-10.5669684500452
-26.21059494359708
-18.42732870524957
-34.24941429036019
-6.579569079398612
13.5646037196369
17.40581705486287
24.92592691538024
-15.82208558628047
35.83314576006124
27.66984521097937
-16.21091826466083
0.4024006545586153
-27.26744455591071
-4.6812764262062
20.14417279905332
13.97662206365984
3.69901883663367
20.31233775512599
-14.3807017571269
-18.65223834215821
-3.233707988752689
17.31309596131206
16.61331891910302
-18.07972059308528
22.58616813094146
-2.999241796112555
-4.271536584783083
15.4185303530062
-38.11627789889646
-9.621038642833966
43.12142969282014
-1.573441576383863
27.82138801974103
-20.97548353315166
-7.267972738711026
-6.289308447208185
13.27883121125847
20.88740136975098
13.70751079460507
14.68617508939662
-25.58540992829053
-17.97683977019615
18.56599655518668
18.65789848910071
20.54680395006365
27.17670981787918
16.13370661127487
7.608570158821372
28.49523925493424
-11.04300320870311
36.54283632394795
-39.53824246137021
37.44242666201701
46.75143570369522
13.65232539057898
53.19056785229308
-28.73436854332197
2.578455903652447
31.31282445069011
15.40393264697298
14.62917913065917
-22.18837386122776
-11.87828770836522
10.31008615350454
28.55908110606141
-6.167550734948788
11.36132319595054
-15.85891132233773
21.33264293100328
60.88169265581096
-7.035755306449808
-40.57677910168261
28.14718912421582
-33.05666923642971
28.66507876915957
37.19155425197211
-17.19775791244713
-47.63905935801274
-39.11258387715593
0.4364658478917476
-1.764668083058173
10.05387381598871
21.80130361645338
8.526475481443851
-4.937901110979723
45.87439127495521
39.54904972517843
-17.52565938398696
-50.26016291302592
-32.73450353126449
21.36483776498924
-9.774436785889524
-27.99513017347916
-18.950676482328
3.946883947015533
17.69194998513301
24.58886072043554
-27.49937337862637
23.31291900602923
-70.3095563757923
-41.35021352597489
-0.4025529353003099
20.78025759947119
50.8122923849979
-42.8101829975086
-2.532661402684816
11.81854189863789
21.95590949725734
12.48497800954255
28.95934285145265
-15.7355284230814
-15.64362649176805
-44.69487127199508
-15.30004167134055
40.94766059057027
37.01583158410246
0.0919019332525283
-14.2888643861232
-18.22069339114072
6.893946147013479
24.26155863416938
27.46638677173984
52.31587325378418
9.309009042206263
39.40416044354261
-3.931829006465918
21.18281053458483
-12.91171280893844
9.044453690907162
30.09515140080844
-33.0991103125225
15.8155420431336
-3.52406955777853
3.091193788282499
-17.80367891606034
29.77193092915762
18.43209693739599
-14.27960935877317
21.95616649764199
6.38021630397471
-12.38268833692215
-15.11125335112044
13.839867865266
5.530723420211695
-21.22293931473042
-3.307565882612685
22.63855619932911
-17.96889296523947
-25.58213548092933
-44.41806511852873
9.320979217916623
-30.14476459443036
28.10942154522957
4.758350103431663
-27.84182291019614
-2.261245247378539
23.24067116704085
-18.83592963975557
34.9031146973412
2.302941685088971
-31.00266447520381
-24.12453927539203
41.91748378630605
-18.30349560050269
29.75074895519277
-38.28419164953065
5.821043676277965
-12.16673483329164
33.22375882839273
-1.670150865681477
-20.38971167349253
25.46883087528217
44.10523532574442
86.93161649433468
-37.13747440037057
12.32653356498702
-20.89487270385116
26.6807371417788
-17.30126343933517
20.22200867260259
42.82638116931462
48.05424455659209
17.36761248921924
15.01763940980739
10.13736760045764
19.72559771403251
11.74742980145665
-9.47093148494714
10.69654290556326
21.20406052441481
9.588230110740536
-22.50958751893294
-10.09713324086626
20.5041539783646
4.724135557118439
-18.4166277483294
16.24260169574431
-23.35107144127705
19.83621096197196
-4.86875037937729
-29.62779700509416
7.895475107372649
26.64614377264806
-13.32416070759699
12.76374121944155
-49.10612120413005
-3.064479485961499
30.30125779913668
39.06852201965879
45.74489146538836
25.4113118335748
46.04164171867539
-17.79640897522956
25.58057766367208
-12.18248395147568
-38.53346954747317
-33.30560616042638
25.50191641533421
-37.763061614794
-17.13273172651088
16.23300556247409
-6.458728468794336
14.28629144855291
-11.33983399447494
11.55772643413615
-24.7049613423943
-11.91647556470157
16.3036362983756
-18.7629046380603
-6.021810898271069
7.45965155905294
20.77649975238101
10.93482393655257
18.75066866551395
20.74501991581724
-22.87270476581622
-9.541269802587088
20.42776696576707
-8.628764699663678
1.99435124986419
14.73544498979588
-13.88240255325785
5.004697072812853
23.9002463685672
-1.140370780016572
21.85876215587495
3.27264626162144
-23.93105425524815
-22.223676661153
12.7884857787375
-9.268910853553619
28.2201118647545
-22.05739663300987
-6.613762966870047
7.136805985750087
12.7410937397381
-2.728565013636295
-25.04061714773989
1.047284780575084
19.93438440604699
14.79022911958524
-2.041484213706001
26.08790192834476
-21.0833058817899
20.63032988801329
-43.20772080946244
-26.35098559601845
33.36573728778078
16.85673521339938
15.44363366723458
-9.730747917176446
9.017124137473981
16.95663483402766
18.88709962550188
-5.144155286365877
19.20714690092379
18.74787205460035
-28.80193335407962
-19.85500911239308
-3.428744950412405
-16.28707493094139
0.7754649811276229
14.49072431186424
18.12899843703977
-20.01050807287104
17.79776440240649
1.078065049127474
-15.26017687110117
-25.19736846725202
-16.83171333287082
24.35130218702441
2.998194888598506
20.0607348000371
-17.54470148318173
-5.186860394381241
-18.58611589413903
7.315049796790983
19.82990822024814
17.23723526599056
8.874926981869928
29.86527573867569
-7.754927953110323
25.90116569081568
-27.20370051698129
-0.06471877605988002
12.62804047268543
27.0180288796548
20.59111454584516
9.336029507360731
18.28295375027788
20.99034875703175
-16.62985494530799
8.94692424230187
12.51485842368582
-25.9658844629962
-17.06102483145285
0.8584444285813158
28.66033214378905
26.73618489136552
-5.594567565985229
14.29597938230347
2.707395006789573
16.42626416175289
-8.043036472938299
-7.486706483290847
-17.32838229909296
13.27441766826732
14.32082547530077
15.52478125518092
13.71886915441031
7.963074076616491
25.18532641507389
-6.426914337266459
20.97870677916174
23.85697547465533
17.91946926204766
11.4664572622053
-0.4592748465786023
22.84372459830828
-4.290567386721607
16.765581674393
13.06296606788434
22.89756042783052
20.64197677289479
-20.78331697793697
-2.965815673079912
11.7539966243519
23.73063031756364
-17.57848883765825
4.113023601559145
-10.68157810104567
-2.349973082032312
17.81750130550138
3.20482813963406
20.16747438864249
10.50751761629094
14.71981229853031
4.212294680444309
17.59776207769787
9.27826754844566
-11.61583041005707
-16.36809722578381
-2.982629812676738
11.83863904973915
7.121056616069198
16.22181138579298
11.97663369303985
13.38546739841556
23.48915384919851
-19.61760671642138
11.51252016037694
2.495076206244459
24.65973114214496
6.896910736020099
4.092959786994597
-16.80113812359861
-24.77930602719372
-18.71956080789174
-12.04319136084662
27.13898174103258
1.707377594239866
6.676369447125321
13.75056895371453
17.22485652039367
7.939510696156409
-6.078142923393224
-9.780758531088592
16.01007556986353
16.2857190249782
27.40562114028251
17.22225233693177
17.06253991175407
17.3535334546435
-16.36026699726287
-9.874809744983668
-3.043418799920517
17.71770535143679
20.87273686931406
12.23787318151716
-15.89136141485792
-2.744150438702933
8.993608538918451
22.52161295000171
7.860285861153725
-6.790606632260261
14.8212688302003
-8.319494530593452
-15.78001842997983
3.254046352228493
-11.3968461129324
4.383172324170722
-20.89409794269358
-14.45620146820238
-10.81792733654811
14.97290676790477
11.42153899064774
-9.285345825457156
22.36386194784922
6.48545725375626
-8.309144446616898
13.31684819476069
-14.79460170097341
22.11268292376251
13.14721097925253
9.100754774148594
3.638274127312974
25.87774046230342
25.79083410165734
-20.54500850059146
-9.448334602781721
10.25690623075904
-5.088440051549746
12.61824291803634
-1.924147248915442
17.4400125307328
-14.3643527649937
1.101770574756751
11.09667390400749
-3.551367780710403
0.2756434555031364
15.4565684429769
-14.64804167690352
19.70524082960873
4.71611812314403
19.36415978945297
-1.730576703051745
-16.71969936409766
11.60085823962429
-14.98912268546728
13.33143496322918
2.36133667675051
14.24394010625413
-16.33824194565372
17.63213198758513
-15.90889180743242
-33.54102379581357
35.18294442895925
7.5201098628852
5.227863387025769
-7.978167915442715
-10.18336881349463
9.707178139392184
2.878268712759188
15.23610984621921
19.89054694898662
15.46612334368104
5.528931690160884
-9.93719162483557
12.35784110858144
-9.841675815815282
20.76112415145786
-19.33365095097945
-16.17861942771705
-4.184262464824598
11.96077261635871
2.883002996547618
20.34085715664382
3.155031521350951
15.14938848827762
2.250363586045217
-8.634863687041234
13.52979125119603
19.06162242355671
-20.69699376678314
-6.594013072118381
9.551022016769046
-5.516068789322552
10.63044016412372
-19.49303797810654
23.42398226014665
15.18092498353805
1.20395578262176
22.16465493748168
21.74880938465824
11.737758978911
5.53183117236438
16.14503508417708
-12.89902490334278
-21.44084856385504
-21.31840591478069
40.48256932433088
-8.393620881335265
5.624736698477749
8.380084543451499
19.45178859865204
13.87296024326933
-29.05653167038133
-18.10721663230098
0.1224426550853285
16.14650895952361
17.70668295832695
1.560173990018649
12.79354210423937
24.39209251335958
-10.01105040407694
-16.21697821199856
1.240875945605707
10.65181697291843
16.22745939974384
-22.79009297051659
-22.40817807219423
31.47951593165649
-0.1217360710767796
-21.74164849892657
13.52800441509824
20.66286737367874
-12.92777424413604
-18.50660260601564
19.81654571016983
-6.908052193368549
11.32160712848508
24.24639218177698
11.88260346960504
22.8319185170056
10.94931504503566
17.45785415959252
25.94612208215408
7.134862956698617
-14.66132708536411
11.07170405525452
16.81700380048634
14.98658345612639
-11.02328148250372
15.97573872769702
22.66835691528195
1.048444469534123
-12.85370182518447
-5.578828357209304
5.745299745178163
32.7443199496355
11.59855041352919
26.99902020994439
-1.830420344356586
4.429846479576994
6.692618187328794
25.32204554177041
18.4482040672122
18.22965931061004
12.92478504336867
-27.98399115267364
-34.85783262631456
29.09063006557161
14.01835758002263
-18.81125913530981
0.6665295753834354
19.47778871169125
5.575642424813877
-31.60125200900852
-12.97182466049806
38.83632792197323
18.62942735478552
-14.65089247928746
-13.90214629304247
-6.873841474099405
51.80815258247128
57.07462121829163
5.266468635864993
