21.8150349897294
-11.49005473792132
4.122098007875601
-3.299949786778045
1.972104298299661
18.90796182805585
-22.49142493725239
1.364412150771632
6.312591953858161
4.58843331428284
5.7134760240605
-7.195720411477208
-24.69541354260334
21.44605489428987
-3.331888073681932
21.15080016901673
16.07237531075625
20.84733818296612
-21.5186871227369
-5.157618690822359
12.65636745083004
-13.27851429815114
74.4722975985481
56.70210025833442
73.53206039056091
-31.64596671375662
-27.84686103957534
-7.830903147943372
34.1976470675408
31.27842377477095
7.856567433142636
-7.360791800916695
18.18725108210605
21.82282176308703
-20.44790205318307
-21.44014403569673
-5.959455213821733
-4.480125812676132
15.77053842766511
20.9471037402698
21.14620437759525
-13.09117269789115
5.267743686638868
-9.455602011684107
15.83364700800262
-18.3711428732679
-29.05343569020881
-8.671457111391744
15.76362230988388
5.42241339295604
16.86430441377455
24.00342292606669
10.37883080221722
-5.078424858278905
8.786063691900162
-13.62459212397008
-15.21735923416662
10.33068364907084
10.16896414148472
-15.45725567824286
-10.68229282174851
23.79355626624242
-1.368390189854093
19.01358838480449
20.18572361463016
4.749769582401837
-15.90052803570659
-21.06101011603621
4.7749628742409
20.38197857812689
-19.69261991647426
-26.00495687392547
-15.87846069417453
4.06494080798417
19.58299206181135
-5.312557348839803
15.23234620512617
24.43507941951227
1.172135232504856
13.06706577196876
-14.22274581667623
-14.38446532637525
4.136170581313177
-2.942574305529972
24.07957207717045
14.1843023993053
-0.1617195083737925
18.35891639678382
-0.9922419839809689
-11.36801364577981
15.96777624280152
1.100682104257224
-14.13223596897111
1.491718833996846
-16.22683669990776
6.787490321917993
18.32287405428976
14.05080976668864
11.44189102099731
22.27070219335935
12.63461977142122
11.89493053791232
-15.43595403146278
-2.614059554837
-9.636082420057086
-10.37577165862298
15.48068881994328
1.747675743217033
25.11677123803303
-16.5815056559353
14.90324590956565
-15.24867932417979
23.17988087202661
13.36447367586983
10.34708053756139
-14.61730591919756
-28.20094907631659
-16.16480733571604
-6.372706974768395
-2.3794874054233
-16.58623230074171
15.3572866654714
18.540238886827
-18.32918139847206
13.15557016496478
-14.82437488373093
-2.784045727261443
10.25460548088672
-10.21352532664056
21.72999364065809
28.47055106567362
10.75199553112927
-17.29976452341832
-4.261113315052049
-10.24459509524365
9.510706147435121
-18.70131089882875
-16.46137656041459
1.332826331126813
3.504806514619622
7.212242754717005
2.239934338286557
20.03413722991023
-19.47919665262042
-13.43805486293321
27.94924724294256
21.02549043487148
27.30373351846483
-11.01862486865799
3.47354794536656
27.2296866239607
10.59371694008481
22.53152455683165
-23.13236703679311
-4.729071137331301
-14.20674489465097
-2.09460073092886
-17.10770957768966
20.91972629236151
12.82189447500226
-20.65029761692973
-2.900964683767012
-17.71855553391227
-18.95984491862737
-6.208344168387625
12.55909093411472
14.27051133141621
27.98009955901803
-15.01310884609797
7.616028280093541
19.65635743419032
8.419202206204794
-9.319979668827203
-15.00903294031892
19.96618307259414
-21.71913099071077
-2.658878146577049
12.04032915634778
-22.62506122013415
-11.23715522877396
13.03865120825726
7.055169428238242
-23.61018434501583
-0.5308144908490839
18.40116203683091
16.38341950264721
21.99670546845923
18.29232465713295
2.923775106906305
-17.73918187456291
-11.48595920067611
-24.66746390586517
19.75530124320454
9.800570994290187
-15.36854955010108
-9.954730250186424
12.75150075185154
0.3420123587762671
13.0911161156854
19.96013473014928
-12.74134638911024
-17.61743998008854
1.314536558435414
-16.60744038241703
-9.73842177206606
-6.650313128535052
11.57888170003176
13.82854237511032
28.51810979679809
12.74910375432063
22.70623100488634
-25.16912054426546
-13.08335874570438
6.869018611883083
9.957127253027767
21.28745416089249
24.01783799058815
-14.55854427435115
17.65544510655249
0.882014052322182
23.07936987346778
6.158129489447648
-10.47784018584083
-18.64559817382185
21.31730347386207
21.24677185730554
-2.88636184220681
20.47885550160817
12.08576180264012
-9.711572221622397
-14.40973430815112
-4.876093588796337
-21.79733401802126
-16.92124040332068
18.93197653289658
-21.32137564400614
-5.689053271769747
-21.94641477021327
-6.928282029321225
-3.427930469820254
15.63232237297083
-13.24333766097482
-20.81967714493344
-0.6250391284586776
-16.63596967528834
-4.698162076828932
-13.18150470575784
-27.26059569968736
19.94340149747672
-17.88953518057124
-5.734482942462265
-15.62975261842688
17.69375062025842
7.537694370736205
17.84933487797191
-22.54542336423241
-15.34281098631212
25.51820806436823
3.520969163098991
-19.69345682350242
-14.86709414028609
2.259782563250599
25.42722955305054
3.340138833507503
-29.91424496823904
2.87653958996915
19.12536560208515
-20.56226207490651
-2.017742536198761
15.7592363337228
5.613285968342661
17.77697887193666
12.16369290127575
-25.93488174898107
6.041141788126032
19.06025284352522
-9.815407192543917
-12.8328003354178
20.91013069069695
2.036188569768681
-0.6455137229150457
-24.47569929790247
-5.160482083930964
-18.87394212449621
-21.55564440866641
22.67340539366842
6.278243083164821
16.36106843205164
-16.39516232084736
-6.31233695826272
-7.57633948377414
-27.98177959584369
-3.632009053900913
20.19463801840025
-20.40544011225424
-26.5118878728074
-6.362392884850679
17.46425417462772
18.40329590355261
15.44055832667293
1.856915169200744
-1.724158626215887
23.82664707186193
15.01813274058139
0.9390417330154759
-14.07909100173097
-13.58364315768383
17.12687670465369
-21.1042949425557
-4.165066841445403
11.97682663169349
65.30717254318789
20.80668148504788
-3.581073796899844
-2.456031073116527
12.03614174160191
1.125042723136931
14.49217281435151
16.93922809905003
-0.07053161783379552
41.91097643069739
9.677096232032767
25.28924899893369
15.518051249977
-9.895269676914902
23.42823356468586
-17.6929369818535
2.851966550868428
18.86378015389857
7.910182310020728
-4.35064584732847
15.61215275634904
-21.99723891331501
-13.80371031340071
3.799105674180851
20.54490355666652
-10.95359785057698
8.193528605666071
-17.36101357965563
1.786112901068591
19.38892891382628
20.33449452584474
-5.325208192177142
-17.20542931782833
19.14712647522162
0.1555842608433757
17.60281599333326
0.9455656084235768
20.01595789787939
-41.85818547438674
63.90111571441419
-39.26496885172831
-21.55974628444161
13.67396698676613
-12.80990929871614
-22.89912312641328
-0.9946734538681046
19.46318558558798
-23.83737191963277
34.91866969041974
19.07039229054304
32.27309488465328
-25.65970271693216
-11.02746262197703
42.0285502173985
13.2027025936818
-21.3061681931297
-4.211488686507108
21.6327476343773
6.062258748772786
20.69449884272766
-16.12960288297426
3.182952222878277
17.09467950448615
5.176565311912289
-19.00860805580838
-5.096880777162671
20.74735554048818
26.82394537098564
10.60950388395886
-7.473224320574451
13.91172728008527
11.53538373481675
25.84423631830153
21.90444967065289
6.076589831790673
-0.9382487917936665
-20.12912315750896
8.545015467704719
37.25944941192722
31.85336076567143
-10.46420345426186
-26.3177410353371
-18.4670808500452
-34.29494068822491
-6.587383302333976
13.5950925261524
17.44626229414326
24.99293226465975
-15.8278598393358
35.91334314413795
27.70755738592008
-16.21444148692785
0.4026776726160687
-27.30487971280843
-4.691449254113378
20.18247582851547
13.99385794825348
3.699674656329344
20.31679381518798
-14.38305354904374
-18.65511783677586
-3.234109213099468
17.31639664052841
16.61711915944462
-18.08272820466122
22.61343045994422
-3.000397176976597
-4.272064287449171
15.42100862331116
-38.53351175343831
-9.651567173307331
43.12082201967634
-1.961968241997949
28.22917535007405
-20.97903304387086
-7.269444813603926
-6.289465627314157
13.28106103998245
20.89112766977943
13.70958823041672
14.68956742002659
-25.61382763816954
-18.00376100879823
18.56778250548787
18.68530720161215
20.55050585366319
27.18059329802757
16.14189347147185
7.610066630110063
28.88194457901478
-11.03869982866858
36.57154351286344
-39.92064440542952
37.88074252283482
46.66408530641047
13.40970150359872
53.3303459093856
-28.82584762605667
2.59321662265789
31.41906425170286
15.45548410465261
14.63224009445507
-22.19186163303985
-11.88022112485617
10.3116405089789
28.67413862680199
-6.188617879827985
11.39783973872447
-15.90483886365424
21.34736963668774
60.90216386178299
-7.059005010813096
-40.72780773092083
28.17470826323145
-33.1811377556473
28.71443394659149
37.25220849898206
-17.27629889040396
-47.6558809657519
-39.11810641529336
0.4366878100449794
-1.764320435125027
10.05354543883023
21.80021328473854
8.537774551030523
-5.406088644435491
45.89156053063401
39.55479422546427
-17.49969313114213
-50.22714872764733
-32.72745559827317
21.36352547180759
-9.773590287726593
-27.9848169082181
-18.94265912164557
3.94647884477337
17.69005565899786
24.58635429281147
-28.05556395276543
23.24208522104025
-70.3731281720585
-41.26140017956846
-0.4430749270380317
20.70989426436505
51.29764917413941
-42.31756421962724
-2.532190952809386
11.81786587359233
21.95471834718764
12.48449712148257
29.11172799413523
-15.97106227284736
-15.85353757930213
-45.0827902644539
-14.89164666787426
40.81832525243609
36.8676183708858
0.1175246954740885
-14.26051974384536
-18.2112266239619
6.892449445938854
24.25902595501271
27.46364594746272
51.75926503711151
8.78334278409322
38.8522854835425
-3.950706881558053
21.1529691912255
-12.90697955227634
9.042157786354213
30.06894269893181
-33.25438380223007
15.7852267672146
-3.526288330666518
3.092250464431703
-17.81000426301189
29.76007881183596
18.42284900331475
-14.28371593282623
21.94913733643723
6.379626244778914
-12.38174815529242
-15.10955595411091
13.83883454851619
5.530319491820216
-21.22244682912264
-3.307502030018671
22.63797722053281
-17.96839951042092
-25.64440818498894
-44.50049106102543
9.351982891840647
-30.21837392638617
28.21681881406133
4.778017149485022
-27.91120827800606
-2.268416048740167
23.33438031581223
-18.85608287820771
34.99639107533767
2.307165649248395
-31.02929635847703
-24.13313370070624
41.98150805013486
-18.18701362948848
29.80829457422875
-38.0985746501925
5.946120072621477
-12.17321347809813
33.21520530507612
-1.669119406475412
-20.44195771347438
25.46382280338168
44.04469472276526
86.81057468936453
-37.15108074065166
12.32223102312444
-20.90225472696252
26.66782834832574
-17.30031971804769
20.21295549669542
42.76587996726632
47.99530820462856
17.36657651110307
15.01668807193219
10.13685247531458
19.7244357689126
11.74666784678651
-9.470221223025096
10.6958543070995
21.20272525616194
9.587583291519891
-22.50852262548018
-10.09673204772886
20.50331602748038
4.724028448267878
-18.41578573267866
16.24882601290273
-23.43880166404288
19.85076102354703
-4.882438499451632
-29.62255074197235
7.890724473323108
26.63141771886088
-13.31927542303663
12.75700332551646
-49.14934029414648
-3.066588765943993
30.39814521037109
39.19932358787069
45.89359863586105
25.41696078618343
46.08275152858512
-17.77019734061894
25.64279223013412
-12.20869224956871
-38.56589024504517
-33.33646200787369
25.60279636547839
-37.85148447936279
-17.18569373441027
16.2790402450551
-6.454872851277983
14.27971595369505
-11.33722981122278
11.55190815461341
-24.73319952404686
-11.91917310177569
16.30327531996832
-18.76137439737879
-6.021423951971186
7.459208301689854
20.77531227917235
10.93411681875862
18.74069324574548
20.73458880348016
-22.87063609106075
-9.540138527302439
20.42944216539867
-8.627911988611308
1.993895557320162
14.73384600304183
-13.87441439343062
5.004012677683453
23.88951885554692
-1.139570195673831
21.84802845130682
3.272001300766312
-23.92578448558028
-22.2074906528943
12.81402642331903
-9.323756121115895
28.22244842350565
-22.13778254514109
-6.642329119916417
7.154527968421305
12.73995044542801
-2.727807798284854
-25.02908905038687
1.047189699318946
19.92561676989314
14.78231904497039
-2.041490405357367
26.07627874971372
-21.06792045760911
20.66579074470721
-43.1871581273346
-26.3571979955185
33.46473397849275
16.82996013182296
15.49545342627119
-9.729833325651875
9.016411305451454
16.95554077011452
18.87842707058223
-5.143297724900129
19.20542009031493
18.7462446311693
-28.79750397365637
-19.8526461945569
-3.428463338311523
-16.28494488237484
0.7754819545311976
14.48991824156477
18.12804704806239
-20.01053452290835
17.79660139528869
1.077763145223902
-15.26009939869137
-25.19710857261386
-16.82380944998478
24.34871781510225
2.998012283354363
20.05843911929768
-17.54354967522052
-5.186574049705749
-18.57602715056736
7.309262640999843
19.82182173224502
17.22263985618301
8.868737225460945
29.8497781274734
-7.751382501694096
25.88528979159418
-27.19778578645725
-0.06484357664868654
12.62713827129067
27.01615804236641
20.58959924031508
9.330013621555912
18.27487140195057
20.98104090222665
-16.6201197354231
8.9448577797471
12.51255909156977
-25.9501333652468
-17.05998169495981
0.8583998834629576
28.65917209063443
26.73512080683012
-5.594185372653881
14.29535730429246
2.706169500262013
16.42418285631467
-8.04269187088007
-7.486359558232146
-17.3275550186935
13.27383908453945
14.32023049658182
15.52412796431956
13.71801335576807
7.962460971745879
25.18380967448771
-6.426558804772909
20.97775196145325
23.85583708596027
17.91838157984412
11.46579631989455
-0.4591754592308978
22.84266491838446
-4.290278695691414
16.76481715237933
13.06228639599313
22.88913796503936
20.63987544753908
-20.78176874249362
-2.965581657362411
11.75332331379753
23.72936648991265
-17.57714874746312
4.112767542547978
-10.68085011255118
-2.349888441724999
17.81618708568207
3.204619994479303
20.16607552838992
10.50687094710427
14.71890497217413
4.212034023605305
17.59682373808309
9.277770035748917
-11.61514196175392
-16.36733013630428
-2.982540409078537
11.83822013831694
7.120761123186956
16.22119623087717
11.97604317612488
13.38478971553102
23.48809126539297
-19.61659894755394
11.51204809255833
2.494979032423643
24.65878169612144
6.896298634552083
4.092736905827244
-16.80017505338968
-24.77794296821846
-18.77283830706211
-12.07856325802257
27.13294220991875
1.718293832618812
6.694275049102175
13.79685708938395
17.22399261072473
7.939129464488286
-6.077847765259245
-9.780378523291802
16.00948488825172
16.28507460265304
27.4043107852718
17.22134870152256
17.06042683642487
17.35256509203423
-16.35938668976799
-9.874284096757613
-3.043282708479664
17.71691593431565
20.8718159771508
12.2372938861887
-15.89079855574928
-2.744064956656565
8.993309383942702
22.52089289986351
7.859995414504028
-6.790363437782591
14.82076052169614
-8.319053703384828
-15.77928758615597
3.254047320886557
-11.39631150876927
4.3829760831102
-20.89291198484466
-14.45562713538279
-10.81749832325174
14.97236509170423
11.42109378464336
-9.284863147223295
22.36292236716625
6.48510259468862
-8.308515058303803
13.3161039787725
-14.79361765350949
22.111577980678
13.14673360156699
9.100435111230253
3.638128808494734
25.87672092292981
25.78986341243207
-20.54425691230985
-9.447962728300036
10.25664411918562
-5.088297655500216
12.61779667177532
-1.924051280949629
17.43953719694299
-14.36381478919659
1.101674624688122
11.09629418910798
-3.551271309964591
0.2755897147927999
15.45595925219388
-14.64756549296203
19.70460684433849
4.716023000952153
19.36358848559088
-1.73025445144218
-16.71883825871019
11.60024309592108
-14.98858382676453
13.33049756375839
2.361152544182654
14.24272413444092
-16.33786256414812
17.70522257001689
-15.96358015003807
-33.66880272065914
35.23371327262615
7.546669972895018
5.229428237129206
-7.977767924308502
-10.18296209192436
9.706580588576633
2.878085138238429
15.23506079927878
19.88954267745802
15.46548941706211
5.528480197466344
-9.937009196759197
12.35697564124358
-9.841195460437586
20.76019864278359
-19.33292492915338
-16.17802488216292
-4.184098595476788
11.96035787741505
2.882901483701419
20.34018060312667
3.154900045785731
15.14882633525177
2.250288879011956
-8.634522090307522
13.52928057526019
19.06092636552223
-20.69622149943202
-6.593786565425978
9.550669913877151
-5.515851970463816
10.63007202309411
-19.4923240243643
23.42317329244903
15.18036953391901
1.203897470058823
22.16380266491323
21.74810653810405
11.73737434175302
5.531645790877167
16.14445647533176
-12.89853745695494
-21.43954492344263
-21.31762113000688
40.50291242793256
-8.393089864202999
5.62531081400079
8.379822728327786
19.45123209145711
13.8725033784952
-29.05735415794605
-18.1078171392091
0.121923798240294
16.14592399850866
17.70609431834217
1.560170312803998
12.79310127606337
24.39127896632515
-10.0107321949969
-16.2164607470305
1.240818370114806
10.65152707138964
16.22706314602416
-22.78991620759273
-22.40811507461587
31.47988974078597
-0.1216668381733244
-21.74152036135753
13.52758351917789
20.66225926363735
-12.92759022343918
-18.50631894189332
19.81633448818622
-6.908141248740462
11.32159971631322
24.2461309979818
11.88157162224954
22.83110864846674
10.94953702433725
17.45727911910928
25.94547925071732
7.134675742917755
-14.66089748258685
11.07140936327059
16.81662110153993
14.98624477787333
-11.02308999758795
15.97562297679301
22.66824938209609
1.04839584460516
-12.8534663200604
-5.578728714637464
5.745211738128302
32.74392470780859
11.59817769384527
26.99871297419561
-1.83037632376177
4.429796516242624
6.692626405117917
25.32238516466282
18.44819720069144
18.2297409560385
12.92453127373624
-28.00341365109283
-34.87760161430921
29.09628812216871
14.01840067838513
-18.81080351566471
0.6665947149214452
19.47739823140506
5.575536072943474
-31.60155658395595
-12.97179782913844
38.85584985912158
18.62975875981396
-14.65035884097126
-13.90186216337595
-6.874187963593728
51.82764768826004
57.09970177329956
5.272054085076449
