21.81647897521427
-11.49058785440561
4.122285708980597
-3.302118356133177
1.974272867654801
18.90734244111415
-22.49102591414794
1.364367652373735
6.313035731893446
4.588746541399006
5.713855905696503
-7.213999725555821
-24.69485966347798
21.44569067670173
-3.331760482827274
21.15124765343651
16.07252080756957
20.8476811748582
-21.51862995589726
-5.157912360164703
12.49683868988553
-13.28580398424408
74.35744173249324
56.60947214159766
73.41579825043782
-31.65663097103597
-27.85632059880819
-7.83400333263251
34.28602887629505
31.28081505328911
7.856908346066716
-7.360529842156656
18.18833606060851
21.82496057971244
-20.44931978844274
-21.44163470501437
-5.959932572622443
-4.480442573721612
15.77177212114689
20.94883788767386
21.1472034053211
-13.09247899688324
5.267850964166017
-9.455854473576903
15.83440605639115
-18.3714900059239
-29.05397206573724
-8.671706096324666
15.7643921946205
5.422493951096052
16.86519246918895
24.0031950295877
10.37891555806939
-5.078726845892906
8.785756841273145
-13.62427947162465
-15.21743818831464
10.33142771463313
10.16970448503183
-15.45764241821256
-10.68248206359257
23.79398395712386
-1.368372008028918
19.01389395824198
20.18609780453458
4.749889969740575
-15.90101009980283
-21.06152054848473
4.775160368870063
20.38226596897046
-19.69314853271367
-26.00559353513426
-15.87935244381146
4.065261706532016
19.58481361797179
-5.3127973322224
15.23360401343305
24.43609828920249
1.172203848549473
13.06762185850337
-14.22380924091397
-14.38553247189425
4.13652073106342
-2.942833953298255
24.08113487616003
14.18521122258716
-0.1617232300687185
18.36032997091094
-0.9923149182140756
-11.36847642895602
15.96887721716333
1.100800274613142
-14.13338547525512
1.491841036416194
-16.22814748696884
6.788052092996487
18.32476445139356
14.05226969705661
11.44269851849502
22.27157951347627
12.63500747012322
11.89541800870061
-15.4362078342133
-2.614082637369755
-9.636572041641651
-10.37616150775886
15.4817021303209
1.747746321679718
25.11827416995163
-16.58193528397523
14.90408897059732
-15.2490901057477
23.18025194347225
13.36469561864449
10.34758167786761
-14.6176032906882
-28.20164088710129
-16.16580974109105
-6.373181757229393
-2.379669998832886
-16.58736695379906
15.35852293504094
18.54176757095941
-18.3296816050816
13.15634264760144
-14.82478221001614
-2.784136552795136
10.25515399813298
-10.21418519742924
21.73170469280621
28.47279503759552
10.75280651374983
-17.30060762679765
-4.261317075881077
-10.24515711306366
9.511343792534326
-18.70168312625846
-16.46169226821226
1.33284517749671
3.504899394967692
7.212403108042573
2.239990857955968
20.0345283037235
-19.47954834811541
-13.4384969606624
27.95061909523819
21.02673433465715
27.30507334386688
-11.01882987529333
3.473294339834987
27.23043264655482
10.59396839323603
22.53210700666753
-23.13269835044695
-4.729112055655918
-14.20769695410637
-2.094762011821877
-17.10888560233496
20.92143756980455
12.822125195574
-20.65090006830314
-2.901188649075779
-17.71998852327676
-18.96145124540699
-6.208812832167221
12.56042866210537
14.27201305872282
27.98322401877901
-15.01412358968218
7.616184569785001
19.6568302249166
8.419404117699704
-9.320165607506336
-15.00933944569195
19.96659166112201
-21.71953920563225
-2.658932352712069
12.04064565712298
-22.62552401493399
-11.23742610802891
13.03929055092239
7.055450513692695
-23.61060029360208
-0.530869875802695
18.40186042268696
16.38400301121812
21.99760528346705
18.29287662182471
2.923859266578434
-17.73956972481925
-11.48617271896384
-24.66799806639577
19.75650090595343
9.800952499340474
-15.36901735509048
-9.955548407751694
12.75263841471515
0.3420473749306252
13.0922544921091
19.96173276315181
-12.74183814103322
-17.61807201607636
1.314658291333838
-16.60899317507751
-9.739514907987651
-6.651013462076193
11.58107514012463
13.82981243268542
28.52114062051144
12.75020711502426
22.7081868249995
-25.16996985427496
-13.08388551434031
6.869478268586533
9.957979712202524
21.2878580102594
24.01826861859191
-14.55910977550147
17.65578205044731
0.8820410845892865
23.07973043325357
6.15817367442025
-10.478290572019
-18.6470744735263
21.32059004990437
21.25189906891919
-2.886693066168581
20.48082589270258
12.08608434333045
-9.711706330288495
-14.41003198580937
-4.876233873419774
-21.79779066844561
-16.92155677428716
18.93273030269376
-21.32179149761373
-5.689173838728331
-21.94685172724543
-6.928428339967992
-3.427989192112111
15.63261765957805
-13.24354551257531
-20.82002749400465
-0.6250602314670625
-16.6364642464391
-4.698325647704086
-13.18182534769908
-27.26121906676947
19.94461414659104
-17.89090310574789
-5.735011225322128
-15.63093487686137
17.69560065913372
7.538377354218165
17.85122936051751
-22.54814152599856
-15.34472388286105
25.52218332552277
3.521395740665953
-19.69593347176937
-14.86807694431969
2.259968230016019
25.42928046157047
3.367500049862969
-30.00949333832229
2.871726405756578
19.12543073271214
-20.63297660342011
-2.017857413047249
15.76038140906583
5.613602274267423
17.77823882369161
12.16463654754075
-25.78264267412961
6.041051386518254
19.06060685238257
-9.815556321878336
-12.83267026649262
20.90978830959246
2.036066658679375
-0.6455457501241789
-24.477324755679
-5.160510451565825
-18.87372165389871
-21.55533405572018
22.67316260156385
6.278339008877367
16.36071759584405
-16.39482360099816
-6.312445003071156
-7.576481981350731
-27.98229890993808
-3.632075959455138
20.19496726400005
-20.40581692866613
-26.51339141854087
-6.362486568779343
17.46455664436485
18.40358629805293
15.44115086009041
1.857113263408845
-1.724289179818499
23.82704322309808
15.01842338702418
0.9390296569498853
-14.0793937253719
-13.58403759685524
17.12804517554435
-21.10472161909799
-4.164656134331799
11.9866843821881
65.41768869288074
20.85347232618845
-3.581402444416829
-2.456293068920715
12.03583114679168
1.125109374973289
14.49212421540444
16.94006548269524
-0.06869098227877679
41.95819394839108
9.677386932933256
25.29026051326026
15.51955190845936
-9.895923652556052
23.43061188603865
-17.69419326623338
2.852208062332129
18.86611962714206
7.911059973814253
-4.35120959701102
15.61287357185673
-22.0007875945016
-13.80606793105425
3.800310372227385
20.54640134777163
-10.95505965876603
8.1947196680541
-17.36334076761815
1.786438578910397
19.39281690241406
20.33827994993537
-5.325982264741744
-17.20771206263726
19.14977934202827
0.1556287040830664
17.60637830788831
0.9454630446613802
20.02231727115563
-41.98125487847374
63.85150524777561
-39.37666581797008
-21.61431979853033
13.65464024235317
-12.81450077630024
-22.90563463858964
-0.9966290182829084
19.48467761169677
-23.84407664706878
34.97838401282762
19.07685422739458
32.29917838835946
-25.6642622135476
-11.02957587193629
42.12003221044705
13.22232416059114
-21.30860749180284
-4.212006285395044
21.63616842264237
6.063040075346922
20.69772641571219
-16.13154172754254
3.183244637520688
17.09660120430464
5.177065765956969
-19.01086679413905
-5.097510230338977
20.75066447467007
26.82843562281932
10.6110386255163
-7.47415443305469
13.91335656518174
11.5367123607342
25.84817470565174
21.90900561843229
6.077771149424189
-0.9384420070769091
-20.17201305483684
8.59714296451552
37.3530346254596
31.53951351955357
-10.38266364809255
-26.35993473997165
-18.49802460539963
-34.32925907372456
-6.591113733094881
13.62136055795984
17.47698842560209
25.0465195427651
-15.8312344694704
35.97501303095171
27.73814534066744
-16.2173969972173
0.4039059013619968
-27.33423943882103
-4.69388261020266
20.21247429109246
14.0245526035398
3.700288981079649
20.32159187900595
-14.38490407837888
-18.65739883293176
-3.234603477537726
17.32135950184431
16.62130289849322
-18.08519305871839
22.64035682987688
-3.000232379492779
-4.272494754243058
15.42279535505515
-38.85804841401241
-9.768752604263524
43.34699588671996
-2.266901638587755
28.80867485518276
-20.98200523651944
-7.270794273775683
-6.290677053854439
13.2851687056064
20.90301724415924
13.71121096288226
14.69132818614773
-25.64058921062776
-18.02274067252174
18.56840610572974
18.71843521299595
20.5559629794455
27.1936942989584
16.15134051484212
7.61784853885379
29.08929580864189
-11.04235378624001
36.59114677683828
-40.13164959263817
38.57742745890847
46.67634810479896
13.29935471556719
53.43100430857304
-28.89770805176633
2.604589060503064
31.50229711469293
15.49370640097559
14.63468634098836
-22.19458180397063
-11.88172979698126
10.31285200790388
28.76915602093244
-6.187921687126852
11.42515898502998
-15.93816017163321
21.35450618697193
60.90421351676472
-7.080751595640028
-40.8516883333382
28.18820844763056
-33.28215721140088
28.75589166330717
37.29266635725199
-17.3439970382213
-47.64942237271703
-39.11264768068582
0.4370596493525583
-1.764079452993534
10.05366548488963
21.80015883470862
8.536774692591498
-5.813521104091194
45.88534291973581
39.54970733016065
-17.48085993793821
-50.19686500542181
-32.71600506889616
21.36309918300348
-9.77304768949724
-27.97605305344309
-18.93577077451145
3.946204178280602
17.68882367069733
24.58479290449629
-28.5116931716929
23.18717085088227
-70.43387033871311
-40.94727300458467
-0.4724448952428546
20.65559466444174
51.69886402290229
-41.92217716734795
-2.531576182580618
11.81774493755599
21.95458428511416
12.48468054433027
29.48659733578143
-16.1273001948179
-15.97727109011423
-45.61389752807864
-14.53832102981725
40.47482810925512
36.50869450561169
0.1500291066246571
-14.23687176513121
-18.20300536735361
6.891167792946834
24.25732626742482
27.46187136094926
51.04701553378838
8.098920646399918
38.14374615368697
-3.966133603658538
21.12803955951399
-12.90326937881655
9.040282278733224
30.04482550677779
-33.37699338865933
15.7579306814777
-3.528512967302101
3.093038107269029
-17.81540779324667
29.74996385078024
18.41503868561519
-14.28689482641731
21.9435516553644
6.379302929914416
-12.38125141772565
-15.10848696071786
13.83831155311243
5.530101763375865
-21.22239405656364
-3.307505483870833
22.637909929035
-17.96830993595557
-25.69334501102809
-44.56421636958855
9.376516733420155
-30.27778489619044
28.29677985621541
4.792076847318956
-27.96811922746345
-2.277492896884885
23.4042811124294
-18.87087136074309
35.06986174296608
2.309665669605771
-31.053691950335
-24.13859213629261
42.02688493228426
-18.097051376459
29.84406434707738
-37.94727922161099
6.041540761248974
-12.18282058740946
33.20785241580488
-1.668269093348884
-20.48293921223779
25.45945846323119
43.98881998282322
86.70160223527661
-37.16215022858885
12.31845711892233
-20.90844590004272
26.65692574444662
-17.29934175222264
20.20524845064522
42.71278225307596
47.94111572445897
17.36615847648062
15.01625672459793
10.13683934918494
19.72415986218595
11.74649335060853
-9.469903738172139
10.69556647122291
21.20215406068874
9.58732051151082
-22.50808115748959
-10.09660964918885
20.50302827668249
4.724014753505752
-18.41546786008859
16.25370432775098
-23.50470300835341
19.862808477314
-4.892498744999452
-29.61779887196711
7.886791331470784
26.61921554960535
-13.31509133283591
12.7513358660138
-49.18134807688021
-3.068196310171128
30.47424532470593
39.30209361971451
46.01031424292029
25.4200665084791
46.11315176699675
-17.74796959121274
25.69062633145717
-12.22998109973346
-38.59169109132348
-33.36335762010022
25.6817740102487
-37.92060743086123
-17.22752217027749
16.31491946718225
-6.451677293472106
14.2742853277571
-11.33492516785761
11.54704978446766
-24.75530722336401
-11.92102619291092
16.30270754028507
-18.76055434505945
-6.0212395536077
7.459008621299117
20.77479773983514
10.93378683050957
18.73242421831846
20.72596261976496
-22.86939618158921
-9.539408692006582
20.43112931669441
-8.627385717422277
1.993538401050967
14.73285319295001
-13.86787968370487
5.003545793679615
23.88037607892377
-1.138898994033179
21.83886466973654
3.27142289843575
-23.92124989684991
-22.19438222146983
12.83428103150337
-9.366854543758372
28.22373373502371
-22.20113557595812
-6.665066658128021
7.168250509729239
12.73931479152769
-2.727235542480367
-25.0192750721316
1.04715212777233
19.91857760466237
14.77591914472284
-2.041511410384688
26.06642719989502
-21.05548322761913
20.69308526035722
-43.16803610012574
-26.36170999164841
33.54244163666562
16.80632610852431
15.53606891884025
-9.729307399641588
9.016039804011781
16.95502638364247
18.87142547688136
-5.142658459973743
19.20445866759727
18.74534720380949
-28.79435785340215
-19.85113035283615
-3.428297517412616
-16.28351844343724
0.7755127847641438
14.48957479754095
18.12765519200198
-20.01089585525168
17.79600127840891
1.077553593422273
-15.26029979464514
-25.19734048474766
-16.81743055482466
24.34711712757668
2.997952927787023
20.0569841547676
-17.54297478709197
-5.186444629496212
-18.56744177143733
7.304544071963878
19.81538348161628
17.21028828313776
8.863572002162208
29.83699728275299
-7.748393952573262
25.87198584353774
-27.19267279539534
-0.06494523886844795
12.62670899961546
27.01524104751899
20.58883903191499
9.324965112029632
18.26819261394041
20.97342528079578
-16.61196596140166
8.943227501238502
12.51083941005158
-25.9369310800972
-17.05949281110621
0.8583795030073175
28.6587836414683
26.73477353929703
-5.59399119249196
14.29513026452014
2.705232666802709
16.42283283572388
-8.042571424034195
-7.486226344252798
-17.32723725368383
13.27362721919436
14.32002350994061
15.52389756352997
13.71760016884512
7.962130034449371
25.18310178482015
-6.426402017754048
20.97740009223736
23.85539356487324
17.91787231507454
11.46550161686463
-0.4591114637411052
22.84227143505184
-4.290132972814439
16.76454094534981
13.06200943215652
22.88197495151612
20.63858872573684
-20.7810336448748
-2.965465192859574
11.75302510822629
23.7288303108581
-17.57648854886891
4.11264801038528
-10.68051931413588
-2.349901754385258
17.81556845249363
3.204545095527194
20.16547020776392
10.50658758797601
14.71849030203439
4.211902712850796
17.59642267076121
9.27756444590173
-11.61483354685678
-16.3670394703996
-2.982519502155867
11.83810494180451
7.120657577526952
16.22100703996853
11.97580520278277
13.38451995887911
23.48769705270559
-19.61618230048533
11.51189185249158
2.494947593338451
24.65848311652564
6.895969234553811
4.092613307810154
-16.79978465414489
-24.77745115973381
-18.81467011893837
-12.10644949488851
27.12772755663607
1.726867675147647
6.708220624098901
13.83331716886715
17.22365240796625
7.938986579628716
-6.077730488781969
-9.7802620039792
16.00931275200517
16.28486444589083
27.40380212529847
17.22097174938979
17.05903122759116
17.35214240556338
-16.35901976809538
-9.874062238797954
-3.043230645915712
17.7166229177296
20.87147811969957
12.23706765732146
-15.8906409242066
-2.744049663754503
8.993226970314135
22.52070858593115
7.859904129872053
-6.790291453508191
14.82062442332755
-8.318858225684204
-15.77901352872835
3.254084122363118
-11.39611144275777
4.382902090605822
-20.89239798255023
-14.45544090705031
-10.81736050761306
14.97221425171544
11.42095312635968
-9.284665829143094
22.36259493375261
6.484957531132019
-8.308209791379571
13.3157891197151
-14.79316732296396
22.11112989421623
13.14659126244179
9.100349465293549
3.638080396349093
25.87639403588615
25.78957475701564
-20.5440289186074
-9.44783753250487
10.25661497844405
-5.088269579646281
12.61765727180994
-1.924010099824904
17.43947333731025
-14.36365337929443
1.101619926663192
11.09619139034588
-3.551261127832004
0.2755516942797649
15.45575933547229
-14.64745251339239
19.7044525084115
4.71603093635974
19.36348344319496
-1.730026148778303
-16.71844769194238
11.59996132764249
-14.98842155883195
13.32998748958267
2.361042286606024
14.24201048985228
-16.33785340426288
17.76234602163212
-16.0085907161404
-33.77093673822755
35.26896004207705
7.569531119550185
5.228333471164473
-7.97766651322772
-10.18283038255335
9.706291077201229
2.877993483619437
15.23452366963891
19.88912145737851
15.46527330854929
5.528232581869544
-9.937040708391173
12.35653017017385
-9.841010909378349
20.75985356354635
-19.33270047314413
-16.17784526797486
-4.184045962026415
11.96023696811101
2.882873790256462
20.34000058168782
3.154855204513993
15.14865451226714
2.250270343645256
-8.634410461802222
13.52912506289188
19.06071905817362
-20.69598108466527
-6.593722854387567
9.550560081155858
-5.51577345067697
10.62996000548013
-19.4921070248861
23.42294093283668
15.18020763806303
1.20387405558357
22.16353552411826
21.74792792954712
11.73727663511681
5.531593996372318
16.14428293214664
-12.89838416902978
-21.43882832318918
-21.31732167515183
40.51902080286018
-8.392790774678714
5.625844922551253
8.379763615765093
19.45113068841311
13.87238085162884
-29.05851503726452
-18.10860599664563
0.1215066519040949
16.14573346023176
17.70592684433135
1.56019337843516
12.79298093289233
24.39107065809631
-10.01065129332215
-16.21633393305549
1.240792856260652
10.65148029770805
16.22702580733665
-22.79013631752171
-22.40841470203207
31.48063188232991
-0.1216080495601594
-21.74176210298581
13.52748161828491
20.66213158872222
-12.92766734946379
-18.50641719095938
19.81649130780734
-6.908327463358346
11.32178520745908
24.24631612070102
11.88096822893147
22.83087727560105
10.94990904516505
17.45712679126134
25.94541541303555
7.134649969160071
-14.66080445383952
11.07136707285733
16.81660597429089
14.98623295302114
-11.02312531428594
15.97579444249748
22.66852827817679
1.04837421323696
-12.85349833473835
-5.578749838342529
5.74523890122452
32.74415865411802
11.59808972814605
26.99891975665311
-1.830373021441314
4.42982481815655
6.692733835549197
25.32301614957353
18.44846052040425
18.23011266353515
12.92453090685756
-28.01862025207979
-34.89317588062074
29.10086117914422
14.01863569738906
-18.81076545019396
0.6666526003573038
19.47741805123089
5.575545508186655
-31.60223993589232
-12.97195762565903
38.87113258184039
18.63028231423532
-14.65019557425061
-13.90187254698611
-6.874555628855082
51.84309020749942
57.11948143125564
5.276391223787053
