21.78030493880221
-11.46927732891463
4.115402056060284
-3.309729407336286
1.981883918858085
18.92002157189536
-22.50936140403508
1.365337598845079
6.315600871894888
4.59057035223578
5.716089105814656
-7.219679198833958
-24.65686610774493
21.45910256882777
-3.328999302784371
21.12227478540726
16.04978960518901
20.81893861955922
-21.48612971561749
-5.150959122309636
16.17928562178298
-13.02625681122603
73.8276025829781
56.17995322384112
72.8885955645011
-31.58315943718578
-27.79268407804704
-7.828445681110835
34.40930621967433
31.22387317099814
7.840549475211237
-7.353934795863379
18.15646224721094
21.78536994813163
-20.40911228553237
-21.39979278975852
-5.948409257053816
-4.471698928516214
15.74171110984172
20.91185931301179
21.10956432718852
-13.06741092445397
5.258759147846007
-9.438503222866775
15.80589889627263
-18.34532505637716
-29.01264609735685
-8.658853270417326
15.73635206624566
5.413439548863898
16.83449220073949
23.96650695261275
10.36398487092101
-5.072485180273254
8.772022681501998
-13.60252208174936
-15.19448427111088
10.31591277203604
10.15624252452797
-15.43647005340614
-10.66732104121749
23.7587646056373
-1.366528034689948
18.98726479261608
20.15802803245157
4.743529926510824
-15.87940045004735
-21.03241018292782
4.769149014400359
20.35379282735353
-19.66588214727455
-25.96989774189355
-15.85080518005983
4.058181632734861
19.55130673466238
-5.303665428160201
15.2078462637922
24.39520533498945
1.170763240637265
13.04609683987904
-14.19760584383479
-14.35727609018503
4.128564230649331
-2.9362234361586
24.03755104184004
14.15915712832206
-0.1596702468681475
18.32617007389866
-0.9906805064746161
-11.34910849343652
15.93741335996913
1.098140133426264
-14.10067838068811
1.488408323239372
-16.1901378632043
6.781047696780615
18.31514218558578
14.05071020757044
11.42105265305009
22.2337615813377
12.61469518866072
11.87533359901522
-15.41449810599753
-2.610229056467392
-9.619066391549104
-10.35842798464223
15.45138353015312
1.745036281777052
25.07044991953865
-16.55575378995497
14.87643242586469
-15.22492424452942
23.14848032087401
13.34650961934723
10.33460309721501
-14.59753108357219
-28.16280743802698
-16.14595770080405
-6.360558824597791
-2.375479315059939
-16.55457631448233
15.32956153993009
18.50624676456804
-18.30079007152535
13.13139614300294
-14.80118526306297
-2.778964167820868
10.23630816579492
-10.1940174914083
21.69012036546908
28.40911094530548
10.73056475901951
-17.26943306200828
-4.254160729200166
-10.22576939783466
9.490505091760545
-18.67580425579997
-16.43880430450218
1.330829544343513
3.499604808445083
7.202364750861737
2.236999951336333
20.00663380015917
-19.45249198094718
-13.42056562354979
27.91564025828847
21.00187576181816
27.2710165207313
-11.00706101334721
3.467707306796039
27.193399663802
10.57951507972605
22.50167098575507
-23.09976239975932
-4.722544813264928
-14.1790969978984
-2.089459483024568
-17.07418497317225
20.88172607929918
12.80426904948123
-20.62293037510728
-2.895087976531814
-17.67854618593512
-18.91860585373985
-6.197120650519347
12.56230188594195
14.29783647571961
28.00762345168499
-14.98472548873615
7.605073635445132
19.62729472957239
8.407541900173261
-9.307189612558933
-14.9885601180845
19.93840911220582
-21.68949193100819
-2.655224638295538
12.0222210952246
-22.59363375207377
-11.21975283029171
13.01527233321203
7.043663663768898
-23.57456502650937
-0.5289141292574356
18.3723811459932
16.35581611701922
21.96878942226951
18.26341649410064
2.919590912310313
-17.71473151262945
-11.46995105483698
-24.63367698563777
19.71627448936163
9.784127003693889
-15.3438255815288
-9.932147486344851
12.72148520422581
0.3412799430194655
13.07645010655106
19.97768084875548
-12.72019054942201
-17.58879228986151
1.312502987677659
-16.55358097700668
-9.652350238201864
-6.635118445844695
11.40454791611485
13.8598386843719
28.76367457246727
12.73517016287559
22.6536326920139
-25.12795258496098
-13.06147049274398
6.901230740178841
9.918462530555765
21.25849968824725
23.98518750254079
-14.5434919371268
17.63177596243922
0.8801912370905608
23.04565089944304
6.149957267861407
-10.46392731522499
-18.6651778614077
21.05689815620576
20.69898733606573
-2.881701756707913
20.49495712808046
12.06648209325695
-9.697813285680061
-14.3895419663737
-4.868601740742202
-21.7642953774438
-16.89569363377242
18.9012952759644
-21.29252951466492
-5.681370506981251
-21.91706473878704
-6.918945472683072
-3.423108283641176
15.61115900823137
-13.22507898300253
-20.79081123358374
-0.6245352245222576
-16.61388458308627
-4.691728679370285
-13.16372593002733
-27.22421579974566
19.90898681225265
-17.8591296957214
-5.724628452250488
-15.60302236327801
17.66565120299224
7.524428545098895
17.82091597517697
-22.50796994103397
-15.31790066712174
25.47555427017187
3.514891065438114
-19.66136113568576
-14.83927322840897
2.256107333653015
25.38355824194543
3.620043521729965
-31.72748174226396
2.793048946709469
19.39359821111087
-21.71353248918773
-2.01656502904849
15.78347610502942
5.612973305505326
17.80004113415242
12.1870678282611
-29.20554243300893
6.031926358615114
19.03426729242004
-9.801970700864954
-12.81387722431146
20.87843142790098
2.032627845303055
-0.6446237373976754
-24.44793295159273
-5.153009733287581
-18.84580358357889
-21.52305516457305
22.63918618826014
6.269140758911786
16.33517059333261
-16.37004543065428
-6.304015594711255
-7.565732250867794
-27.94404070293525
-3.626723725734244
20.16627600892778
-20.37830845178098
-26.48056079778851
-6.353411540115039
17.43958819289559
18.37721758689835
15.42368317421722
1.85840681978509
-1.725030518236067
23.79299973458813
14.9981192660495
0.9376293944064811
-14.0604898708473
-13.56527635447476
17.09538056358802
-23.42846019903336
-6.069333538180483
10.46582097691024
60.09621337588529
-4.703871241756532
-3.583437338198507
-2.457918583101485
12.01684973724549
1.125518755001995
14.4747683202435
17.35912665874555
-0.3579108214902457
18.7245889604173
9.659722728823418
25.24440211638347
15.49312510194853
-9.878393912272795
23.39027965550624
-17.66490288274163
2.846608806431588
18.83279173316676
7.897154552974899
-4.343460469647158
15.5846793862676
-21.96066320610439
-13.78076819676798
3.790475359138392
20.51151169204532
-10.93563718128742
8.179895010000529
-17.33261215969075
1.78292003485998
19.354163593921
20.29519653573884
-5.31426642671793
-17.17734738569076
19.11553219350189
0.1552647733983265
17.57124355657039
0.941032941486295
19.96423839755325
-42.22937284040574
63.42139581611904
-39.60651461109098
-21.72353403319378
13.47883895309441
-12.77405905931222
-22.83802204737787
-0.9996056953666521
19.46972069809764
-23.77783327643732
35.01683098662222
19.02320545632635
32.24377975781641
-25.60946296118873
-11.00377421866358
42.23775190095127
13.22057430130549
-21.27950922352412
-4.202658112459059
21.59570733319131
6.050207365182695
20.65589610561296
-16.10936102198935
3.176685226514397
17.07685110907718
5.170148203023247
-18.99434161298553
-5.094175733480399
20.70418970984763
26.77623732742028
10.59923067397381
-7.460247122095895
13.90016588068638
11.53409449076927
25.79836544394371
21.83841635019641
6.072047618785798
-0.9398112277361853
-20.51826186455902
8.426796106910281
37.11315074591879
29.83007828766607
-7.432539236069759
-26.68045713324244
-18.51156733706571
-34.27793606778785
-6.576439368199607
13.66888145435769
17.50486934478078
25.11957353032593
-15.76636873183282
36.01643668179904
27.70149669965424
-16.17700665340448
0.4107624854207974
-27.29073421378573
-4.661238996856325
20.24532082262314
14.08312555157393
3.676670552528279
20.26443969080805
-14.3828072445911
-18.64723922311484
-3.20191765883241
17.29575802465704
16.58776913878311
-18.05947779628378
22.62949521821873
-2.968681668529009
-4.264431978122105
15.44532156403381
-42.93523366960964
-12.50221964347036
46.40813113536561
-6.337241021229107
36.82154720966487
-21.03957449092628
-7.329787512196721
-6.135738608091415
13.16788817143171
20.76628116289373
13.70978697883023
14.90383588635945
-25.59817688803672
-17.99978389709105
18.59820875405426
18.74436454771043
20.49767568364758
26.90201977196542
16.53515451337758
7.598392991722983
30.43301402506259
-10.36686526074722
36.59799264976315
-40.79987928359964
49.32376685262612
44.17803837779783
8.830513112818492
49.63039239682007
-29.01717760006596
2.622858229314307
31.6400358298616
15.54711028845083
14.60568874147778
-22.15956838752511
-11.86308095764737
10.29648743120333
28.94505797302185
-6.162195270650079
11.4506920762178
-15.96430339884524
21.25604683889278
60.61027557137712
-7.097467370123191
-41.07337348973136
28.10490561698966
-33.45866929934707
28.68635464135278
37.22035023640665
-17.49436589909826
-47.44240018888516
-38.90840459568417
0.4458241370533799
-1.797438050616333
10.03384859706414
21.77369094304617
8.533995593722123
-7.283072456456234
45.64496213829799
39.35422873284745
-17.43718690892714
-49.94255686302387
-32.50536995428636
21.32786680547678
-9.802314463354099
-28.2839005899066
-19.16840451731916
3.958044802460883
17.73161432078754
24.63510436827311
-29.48009698474904
23.44793760879254
-66.74271450790633
-33.39141603433413
-0.4727813435566964
20.87807234634846
52.92803459384739
-37.26261752346335
-2.569865258603743
11.8312866474756
21.96033661721478
12.48248832056296
33.35129847524979
-19.394073686582
-19.2479178954342
-52.74537215933685
-9.586583924006966
32.91863469071568
28.86170232593824
0.146155793042979
-14.42465376634716
-18.48158612974456
6.926199921991542
24.32812943778373
27.53392878495428
38.44828624833045
-5.145728474345528
25.23515083066939
-4.056932364816157
21.35085368975729
-13.21313541640199
9.115496072456233
30.38087930453206
-35.34752526443712
15.77355468798176
-3.597432895122271
3.125826944861874
-18.2047575123704
30.18293663702413
18.73119858915841
-14.60732461769421
22.32863148669861
6.385800887697036
-12.40290515250306
-15.13851960576965
13.85127934936786
5.538539957868366
-21.23265463367386
-3.309044394452234
22.64812997339355
-17.9767857838318
-26.96657311298726
-64.8000846205736
10.01394925162646
-31.89850325268614
29.58860054673141
5.082019111052317
-28.88955497324958
-2.416992312468997
24.51488793579395
-37.83351150980688
36.98052236316382
3.008948280349816
-30.9014978712326
-23.58068909401584
19.08249978355886
-21.26264968078312
26.01451342659211
-41.39261026122772
2.318039414688263
6.932013640794415
33.73477320697421
-1.706954351924722
-21.27131409308635
25.87233563340373
43.71064967592055
85.91485237612059
-37.93113372283484
12.5192500997593
-21.330584456786
27.05710969314553
-17.63359165857691
20.51368959307387
42.20420270066901
47.2771631083366
17.40192951770373
15.05235357701483
10.12904997104705
19.71906445676522
11.7398423464686
-9.477848294275155
10.70041615961353
21.21230716556628
9.590014486257333
-22.52084889654254
-10.10077819153134
20.51498622651211
4.728220107581807
-18.42452479688594
16.60054926522522
-24.50658143510456
20.29754206522021
-5.073712612187133
-30.15284175923265
7.994439493044782
26.93710545230388
-13.5424913512386
12.91778510258511
-49.90928610779778
-3.140610747884395
31.59126091542501
40.79073562855193
47.74153152714508
25.66298718420292
46.76867535988541
-17.6476493591523
26.47256266169353
-12.38141235652017
-38.9834065593928
-33.91044615177947
26.93188024922486
-38.85397501791911
-17.74828684179479
16.98358482217729
-6.543420099821763
14.41032572285983
-11.45173805052889
11.67471126918198
-25.37125467846511
-12.15241780471006
16.61035040957363
-18.78870603800527
-6.029281476722371
7.465478460284652
20.7896076870716
10.94225989679869
18.94266595936168
20.95374582131406
-22.87530845693024
-9.540976552633984
20.44726921416757
-8.629481797618009
2.011079861620878
14.77050442380929
-14.0193203499258
5.016661915644092
24.24148687167517
-1.15462361726057
22.17081323355856
3.324167559568769
-24.32068968821625
-22.53936250288808
13.21883687481249
-9.94829542773569
28.762768216342
-23.16713230321005
-7.01686169228254
7.378029332897063
12.7594245615499
-2.735614452828794
-25.396110488145
1.06416596637703
20.10014823160549
14.93346682617675
-2.070673639588411
26.46027645445811
-21.38473888509918
21.10568817595983
-43.31063654344666
-26.60199420298704
34.73187166378202
16.70864234064536
16.15027061182068
-9.753842508803546
9.026551466767081
16.97154137353072
19.03598226516454
-5.166681405657853
19.24000696376364
18.78039397603662
-28.91844570855677
-19.90917597233354
-3.433581248456103
-16.33747303032632
0.7752600893974754
14.50081088636482
18.14180498098293
-20.02307736440674
17.80254448142414
1.077425684163973
-15.26960534820245
-25.21293564547925
-17.00414046568775
24.40668836983538
2.997637076787125
20.11037019440091
-17.5546839728339
-5.189858281072749
-18.84664567450268
7.420804864852579
20.0017775418193
17.58336483647414
8.998623547471745
30.22222685358225
-7.862437573570109
26.26745053986789
-27.64485724788954
-0.06556726262915841
12.63886201710836
27.04407468432331
20.61118843249009
9.471956679227866
18.4812264169666
21.22360330628403
-16.86106112218511
9.009269736981041
12.58097267762241
-26.33301780255602
-17.07500518144828
0.8593869546476535
28.67767997583742
26.75265323631031
-5.598735186515301
14.30473098247981
2.742376889131615
16.47559472497455
-8.047667614866063
-7.49051105158338
-17.33785884216416
13.28132300410231
14.32849493694219
15.53286265741322
13.73321783648607
7.972326415561335
25.20948783204517
-6.432886252013001
20.99491764702163
23.87469900266374
17.93439213546939
11.47626999546492
-0.4596129872258767
22.85694195672539
-4.296318175848061
16.77556814898254
13.07022671202168
23.12644931886169
20.67705956540239
-20.79577921390171
-2.967090705076568
11.75997802237219
23.74330371494143
-17.58997986459064
4.115238711490187
-10.68648981673685
-2.34957594301435
17.82868850905358
3.205799349082377
20.17826445261502
10.51189100607985
14.7270687281678
4.215177721764473
17.60665779747612
9.282911189967663
-11.62229267894285
-16.37638066579878
-2.984900588078828
11.84409771735427
7.124598417649223
16.22924359072746
11.98332569320573
13.39148007639045
23.50097908435593
-19.62806500285633
11.51765339123197
2.496270401477788
24.67071708522463
6.903490048298424
4.096324101044276
-16.80887976285845
-24.78810187167456
-19.5643597411635
-12.6135638424174
27.57928998536449
1.781327184523379
6.95079589874768
14.39489102607266
17.23518113425853
7.944989907357265
-6.081373806221412
-9.78671524642046
16.01904679417299
16.29478874714101
27.42780390145261
17.23716141632467
17.11273311866892
17.36654488929933
-16.36911370838613
-9.880124577468543
-3.044984478516834
17.72684957796563
20.88315723654253
12.24421082684402
-15.89840394119657
-2.745340247722643
8.997584851319374
22.53147172466399
7.863730334700179
-6.793758766824593
14.82899830227322
-8.323746607552604
-15.78676611968179
3.25586885011452
-11.40162024822552
4.385145872339263
-20.90520386714875
-14.46514336036119
-10.82414926303261
14.98161278067205
11.42812292001258
-9.290191227080911
22.3761625518409
6.488989133290239
-8.312739393263902
13.32412922758267
-14.80172852678293
22.1243354036662
13.1530636937931
9.104645173557994
3.640994096130149
25.89326628137614
25.80576204211839
-20.55420867534098
-9.452178986448411
10.2616587047639
-5.090922804448254
12.62339036207619
-1.925026738935077
17.4491957120809
-14.37294899394936
1.102164676999512
11.10202969018946
-3.553489861661977
0.2757419533733668
15.46328587129105
-14.65551955163754
19.7138376907745
4.718702900249848
19.37422245142178
-1.729984011824341
-16.72511879839007
11.60434789046098
-14.99513478903512
13.33433190429636
2.361731656226206
14.24582666325068
-16.34703103463738
17.88298057823313
-16.09292554189167
-33.97590612006571
35.20237298670067
7.614704187964727
5.072960407498411
-7.979222110109771
-10.19064248649756
9.712823682433751
2.879781357151363
15.24460705284692
19.90346616885737
15.47511367151995
5.531783369046972
-9.943330299874944
12.36482569347368
-9.847347790426916
20.77183405608418
-19.34196744402863
-16.18565978554755
-4.185943799039282
11.96585136392891
2.884169511841077
20.34948667257664
3.156307659720052
15.15602364467133
2.251539652887045
-8.638946409393105
13.53550027461108
19.06982929831105
-20.70581096408568
-6.596959250525038
9.554835914382911
-5.51826704913689
10.63489642019011
-19.50144324135435
23.43348493470829
15.18754391600266
1.204367721339255
22.17444668369868
21.75832039225866
11.74292509972643
5.534329026430089
16.15179516349229
-12.90448399113414
-21.44485162208822
-21.32514114895784
40.58556377583294
-8.39498395154104
5.630172756690416
8.383635309360612
19.46012020376896
13.87864902035918
-29.07675101221889
-18.12036062549572
0.1197104737651192
16.15316347038079
17.71431316563672
1.561149694300907
12.79858851600942
24.40163509375749
-10.01539529227197
-16.2239913659753
1.241325793212657
10.65644917875417
16.23462259206834
-22.80092478915982
-22.41939645547253
31.49709026483648
-0.1214336889287218
-21.75215835621008
13.53388687398155
20.67184447023923
-12.93388926184982
-18.51536044727853
19.82602447548145
-6.912313868834829
11.32775723428812
24.25791443379887
11.88409501096276
22.8404853988147
10.95639038763079
17.46531716106875
25.95717436785083
7.137957595892376
-14.66774138965181
11.07648489485235
16.8244810385839
14.9932968007365
-11.02833078919448
15.98358680507874
22.67949110195709
1.048766432792228
-12.85951502752199
-5.58147118456394
5.747996143287688
32.75991373646636
11.60304657848152
27.01191759433192
-1.831184238281282
4.431889959496312
6.695904296937248
25.33609089607252
18.45704666850648
18.24007110181821
12.93015719846384
-28.07634679184827
-34.95539101922716
29.12229196400668
14.02515670831204
-18.81921677294378
0.6672380993592243
19.48645487250233
5.578173412730889
-31.6185239543369
-12.97833735576153
38.9286880739183
18.64018659914672
-14.65748909993248
-13.9082814603603
-6.87904422747255
51.9070254296795
57.19863875586463
5.29161332619427
