21.81577837481069
-11.49031215398598
4.122190032186934
-3.301192588555331
1.973347100076958
18.90754672451911
-22.49111726953423
1.364382204655045
6.312851349827092
4.58861635821506
5.713698160192823
-7.206055667832455
-24.69503154380718
21.44574393799815
-3.331788430916696
21.15098738755795
16.07240682759676
20.8474677691696
-21.51856913884351
-5.157765625533653
12.56826347671965
-13.28154256576874
74.40495964322976
56.64759186467167
73.46339259068469
-31.65204055747407
-27.85225200649183
-7.832630852539785
34.24799574955886
31.27965612789941
7.856719585859589
-7.360631653658672
18.18779028100425
21.82394904793861
-20.44863496169676
-21.44091349331938
-5.959701974814531
-4.480292503272415
15.77117411552101
20.94799981145556
21.14669225151946
-13.09186585153553
5.267786010821174
-9.45570707996103
15.83401782142619
-18.3712765722755
-29.05364325927214
-8.671569163320585
15.76400335283786
5.422436711773464
16.86474692938434
24.00320997998341
10.37884704308867
-5.078580559983902
8.785858740367132
-13.6243629370072
-15.21735123961637
10.33107069524287
10.16935034650485
-15.4574276188174
-10.68236669121546
23.79371328411639
-1.368375216138848
19.01369887623627
20.18586935917202
4.749822498669833
-15.90075071207642
-21.06123070767599
4.775060943346555
20.38207409540338
-19.69285548295459
-26.00523339482555
-15.87890624359486
4.065109395281975
19.58395493273379
-5.312674411656181
15.23300557804248
24.43557251440695
1.172170485373166
13.0673367744816
-14.22329946466316
-14.38501981509404
4.136352409704115
-2.942709597183808
24.08036804288313
14.1847659359079
-0.1617203493424102
18.35965187324133
-0.9922785331901404
-11.36823573817347
15.96834246080342
1.100743576728802
-14.13283612520837
1.491795808378877
-16.22751696351018
6.787771462405253
18.32384452532673
14.05155073491969
11.44231021791748
22.27112348657989
12.63479746608013
11.89516628772765
-15.43604685984247
-2.614063884983245
-9.63632601871587
-10.37595720191785
15.48121151649337
1.747711687823587
25.11753753321701
-16.58169405927364
14.90367571869337
-15.24886134917569
23.18001309680621
13.36455513977512
10.34733204595159
-14.61742020156805
-28.20123926771622
-16.16532045216411
-6.372953953231207
-2.379579146677775
-16.58681576509446
15.35792213571308
18.54102844239978
-18.32940574647819
13.15596402952471
-14.82455807357578
-2.784087341973311
10.25488548699309
-10.21386181264057
21.73087608942989
28.47172873006154
10.75241595763518
-17.30019119132137
-4.261218362268309
-10.24488191413693
9.511042952961789
-18.70146072737733
-16.46150187019046
1.332832709410763
3.504847672794502
7.21231046316939
2.239958857080671
20.03429343675061
-19.47932984367909
-13.43826274690094
27.94992108005933
21.02611928289014
27.30439121209625
-11.01872453374875
3.473380091645648
27.23002388420222
10.59382521106233
22.53178435980906
-23.13246366462782
-4.729077897606052
-14.20723661763913
-2.094680838360403
-17.10831515901665
20.92060758913212
12.82198297343833
-20.65057320953228
-2.901078542173867
-17.71931277183039
-18.96068577746396
-6.208564059710057
12.55975492798781
14.27118937160433
27.98162921920068
-15.0136343198972
7.616092389112318
19.65656311850431
8.419290081127073
-9.320055256108697
-15.00915808295594
19.96634954076369
-21.71928870042446
-2.658900929833433
12.04047073149435
-22.62525047163845
-11.23727303817917
13.03897282900979
7.055309277188034
-23.61035256197988
-0.530844442931676
18.40151097515551
16.38371446572246
21.99718357381071
18.29258231547789
2.923814479235042
-17.73934533681381
-11.48604467572553
-24.66768860748047
19.75592486752699
9.800758691362825
-15.36876783609999
-9.955166177359935
12.75212171928761
0.3420254607603105
13.09172129988617
19.96096447579376
-12.74159164605897
-17.61774999749994
1.314605430330077
-16.60831769318076
-9.739074521294448
-6.650725627501415
11.58036471209358
13.82902780767174
28.5190835442985
12.74969583678599
22.70728789931518
-25.16952652731973
-13.08361710495698
6.869243173398141
9.957592064856852
21.2876086861054
24.01799833919129
-14.55882985881178
17.65557740461944
0.8820218505119379
23.079508136147
6.158137491630693
-10.47806117389945
-18.64635904734289
21.31943923516824
21.24974684021317
-2.886536587767499
20.47975343312345
12.08590942605069
-9.711619613719767
-14.40985915535663
-4.876158349578814
-21.7975290341406
-16.92137066161471
18.93235542272416
-21.32154141199848
-5.689102827276792
-21.94659273427635
-6.92834326889892
-3.427949183880626
15.63243858543222
-13.24340713627454
-20.81979563966049
-0.6250513242911629
-16.63619866553003
-4.698239533015019
-13.18164393215107
-27.26086226232222
19.94401563472692
-17.89024008452008
-5.734761334824011
-15.63036343982247
17.69473488327112
7.538052228689063
17.85034288342156
-22.54688461571407
-15.34384365906909
25.52038315148944
3.52119840814653
-19.6947929964778
-14.86759888583225
2.259876645817157
25.42829231487285
3.354017414945914
-29.9683403823244
2.875288169132356
19.12656325975428
-20.6024080597358
-2.017796511198122
15.75982246145436
5.613469110325666
17.77761897441766
12.16414986202266
-25.84980604248832
6.041067095575698
19.06038777002313
-9.815457953798036
-12.83268105177041
20.90985964940122
2.036111504374016
-0.6455298665810666
-24.47654098871116
-5.160479998790269
-18.87374814826174
-21.5553895115801
22.6731814289729
6.278271928832648
16.36080351343227
-16.39490950932068
-6.312377912590386
-7.576388503262082
-27.98197534202162
-3.632031281093937
20.19474431702974
-20.40558683888359
-26.51265249767546
-6.362420935283709
17.46435465145513
18.40338577063805
15.44085170932334
1.857032642870527
-1.724234979788834
23.82677559773147
15.01824946509961
0.9390311227990423
-14.07921833711396
-13.58381906664272
17.12747553281888
-21.10271839401837
-4.163999557449185
11.98183406703729
65.3686265844897
20.83404632498846
-3.581267623974414
-2.45618580959793
12.03591881642755
1.125081813800815
14.49210462569232
16.9387188345028
-0.06969239624166272
41.93676472210684
9.677222678056303
25.2897248829499
15.5188455340995
-9.895602105986837
23.4294962198414
-17.69358834262348
2.852091628209449
18.86504207120366
7.910650681582207
-4.350949346381667
15.61250219553339
-21.99918475401412
-13.80500698591642
3.799788550981847
20.54567999206481
-10.95439139559866
8.194177773193879
-17.36227564660193
1.786293543939315
19.39108910317737
20.33657750769325
-5.325632399068335
-17.2066676426335
19.14856918561252
0.155608003033839
17.60479554199438
0.9454884013418311
20.01962115947375
-41.92783743692126
63.8714717168248
-39.32815808104522
-21.59067560618826
13.66220899424391
-12.81238596077466
-22.90269971541591
-0.9959312736562418
19.4757167244157
-23.84102258949561
34.9536653493585
19.0741327591121
32.28810268554717
-25.66220990564909
-11.02863662984281
42.08062660378678
13.21396992603794
-21.30746708874484
-4.211767557025119
21.63458064909525
6.062684501908077
20.69625777657343
-16.13064139515502
3.18310630825491
17.09569952960232
5.176825695312203
-19.00979902856763
-5.097205810194768
20.74914239280954
26.82636994200058
10.61030497900888
-7.473725962884149
13.91259321977927
11.5360730653047
25.84634820365037
21.90676843987764
6.077227550473764
-0.9383228726673755
-20.15579078533452
8.572102388419985
37.30097928966411
31.6343544397722
-10.43405312311025
-26.34206800865716
-18.48537411744133
-34.31491500616232
-6.58901833337869
13.6102793357611
17.46422250546865
25.02364130534918
-15.82954088987099
35.94959662285974
27.72589667281775
-16.21606496290035
0.4034190282793395
-27.32247764404921
-4.691006334421188
20.19929766917385
14.01302044342656
3.700034558827748
20.31951854934066
-14.38399638393242
-18.6562901745191
-3.234415884563354
17.31911506466631
16.61948399108796
-18.08403094203211
22.63147131088255
-3.000403486999481
-4.272293790288336
15.42187428960563
-38.68782721937495
-9.691207694375306
43.27193831320439
-2.106009910334135
28.53493003169301
-20.98048034629431
-7.270040496019952
-6.290424614815759
13.28349045319201
20.89778023782498
13.71043985041766
14.69005573495578
-25.63187479913614
-18.01758501494103
18.56423229693464
18.70402677709775
20.5535309492811
27.18820485358084
16.14583362281326
7.614289784939031
28.99661952388868
-11.04237123288666
36.58181731045841
-40.03899075452731
38.22613772552678
46.67015955877155
13.34780176044675
53.38679251533735
-28.86665667984299
2.599679355875487
31.46633603838338
15.47794862477736
14.63357327523589
-22.19332589823473
-11.88103524270188
10.31229065639634
28.72789317533814
-6.186277225317997
11.41336196980957
-15.92235349594199
21.34747743298088
60.90273783494598
-7.070433616474827
-40.79630351000462
28.18245098653686
-33.23688470535722
28.72887690360973
37.2698309275668
-17.31453120785067
-47.6594484381097
-39.11849441607411
0.4367659861355271
-1.764095871165618
10.05351705141843
21.80000910418739
8.540954022600868
-5.666624848074772
45.89535256695414
39.55526040233344
-17.48897587599076
-50.20926272258017
-32.72028684815389
21.36324311547126
-9.773211245887593
-27.97951239243042
-18.93861824520221
3.946304450128985
17.68927732253726
24.5853526762282
-28.35148516228587
23.21049225148613
-70.41989272453627
-41.08975385872071
-0.4575873712714029
20.67849186377681
51.56197741410195
-42.06840756258094
-2.532000383846874
11.81761292224159
21.95438226760796
12.48439856186502
29.33013886746522
-16.04780936137205
-15.90801488377852
-45.37794822631317
-14.73700827978799
40.63216648735939
36.6702880661124
0.1397944795178712
-14.24442273015685
-18.20630114997735
6.891656503279565
24.25793199880438
27.4624885691725
51.40729634425644
8.444021833757667
38.5025033096552
-3.961878421258957
21.13607923487464
-12.90479303331303
9.040894147021293
30.05848147538481
-33.32235779774844
15.77254584344049
-3.527134214304591
3.092548402904513
-17.81306984688644
29.75437343884424
18.41855296139008
-14.28593563305802
21.94568717814555
6.379406346746372
-12.38139491572361
-15.10887717530549
13.83847215479231
5.530171048678195
-21.22235586059427
-3.307494146446397
22.63787884179369
-17.96829480141465
-25.67225809625095
-44.53458026239279
9.365932321102392
-30.24965922309709
28.26622742188883
4.788531193309082
-27.94208973209453
-2.27158233638947
23.37731100347487
-18.86232216831963
35.03819041586703
2.307569491876855
-31.042693956731
-24.13628342918084
42.00645711995835
-18.13989837515291
29.82608533592268
-38.01395590444947
5.99638505543835
-12.18037178623376
33.21130928082651
-1.668667256307798
-20.46560109163457
25.46157452561757
44.01034095984598
86.74493515707299
-37.15689334151958
12.32016864187287
-20.90561824931449
26.66182503686916
-17.29985167243866
20.20871592171693
42.73459419786844
47.96598371199341
17.36627549753881
15.01639894337893
10.13676934703269
19.72415955496669
11.74649205359641
-9.469983703102026
10.69563666436751
21.2023030345002
9.58739020619247
-22.5081972475775
-10.09662261828313
20.5030874580011
4.724008779347651
-18.41553556426274
16.25127509141366
-23.47769622804082
19.85704167002669
-4.888916419622784
-29.62002031512431
7.888547279593818
26.62453889728134
-13.31694015051116
12.75377550082576
-49.16867041239627
-3.067668549323824
30.44197140149264
39.25859502047985
45.9608699844459
25.41925392759308
46.10100186340053
-17.75736777891281
25.67050739657924
-12.22083198141398
-38.58165296271449
-33.35026344876258
25.64889334079515
-37.89133937765929
-17.20959143957919
16.30004851406204
-6.453109114813074
14.27658447452895
-11.33582048015056
11.54910221466433
-24.74595809069902
-11.92046436194916
16.30308016571504
-18.76080125984151
-6.021292573797728
7.459065806083534
20.77493982166915
10.93388710069817
18.73599161788157
20.72969358786559
-22.86986249577388
-9.53969578119405
20.43035648799786
-8.627587073261079
1.993701969580369
14.7332106560145
-13.8707633965573
5.003707555271258
23.88433723665707
-1.139164276926914
21.84288133542981
3.27166421565936
-23.92348991574423
-22.20027712451832
12.8254937297991
-9.34884482742533
28.2235445294636
-22.174338557925
-6.655439975305147
7.162431684011509
12.73950868609599
-2.727482259060764
-25.0235015127549
1.047214139678605
19.92168509099331
14.7787600480732
-2.041455902390469
26.07071565243174
-21.06111284786203
20.68174793784557
-43.17662170698186
-26.36082098135195
33.50963995277102
16.81580072565977
15.5188985836454
-9.729503101081239
9.016162051633264
16.95517967396103
18.87447095131316
-5.142925042930049
19.20480164221068
18.74566515283209
-28.79562192521803
-19.85171923346986
-3.428356505959513
-16.28407779999266
0.7754967976311796
14.48966869409808
18.12775753022775
-20.01066398680194
17.79620487944682
1.077641746467456
-15.26015629397786
-25.19714711873703
-16.82021595015513
24.34772668509573
2.997971237951305
20.05754583446467
-17.54316451803811
-5.186483131935359
-18.5712171198601
7.306643062037882
19.81818718706883
17.21574558315541
8.86584627353907
29.84257771246706
-7.749734755208587
25.87786018198773
-27.19515413151372
-0.06491234963959375
12.6268321293119
27.01551546258021
20.58907170436891
9.32719148557501
18.27109417864687
20.97673143913692
-16.61558103609874
8.943902692410097
12.51154412539823
-25.94277252902455
-17.059640037259
0.858385161696238
28.65884981784977
26.73482837220255
-5.594055654132389
14.29517761074464
2.705637260453895
16.4233627277119
-8.042592909737232
-7.486255810836948
-17.32730853188865
13.27366918542678
14.32005963126014
15.52393982757866
13.71772546709281
7.962239577451212
25.18330984717533
-6.42644376060568
20.97747601343159
23.85549947236328
17.91802520011308
11.46558438109408
-0.4591364893882999
22.84235571368871
-4.2901808505858
16.76459675461209
13.06207987992356
22.88492269401094
20.63904822561178
-20.78124453438795
-2.965500726714473
11.75310848534141
23.72897071653703
-17.57668796149609
4.112683071704232
-10.68061260680085
-2.34987655668448
17.81574380818285
3.204556572382221
20.16562036579417
10.50666636844262
14.71860921303249
4.211942843272415
17.59652673881961
9.277613777416127
-11.61491282574415
-16.3671017614584
-2.982517854545525
11.83811358868319
7.120677656464627
16.22103348548704
11.97586223128622
13.38458389655206
23.48777942318207
-19.61628764492085
11.51191719477306
2.49495280995548
24.65852578120566
6.896075354438786
4.092661694842545
-16.79986487431531
-24.77753236913752
-18.79693383538211
-12.09465887048449
27.13024178198376
1.723212791064233
6.702274964952454
13.81787166034197
17.22373324297795
7.939017622251935
-6.077758958231041
-9.780275834770615
16.00932925488567
16.28489358335843
27.40391979094264
17.2210702686412
17.0595745970688
17.35226073099798
-16.3591153311992
-9.874120764255046
-3.043241311900614
17.71668368448671
20.87154717801035
12.23711969320467
-15.8906563021121
-2.744047719641284
8.993235513030347
22.52072007810394
7.859919418741105
-6.790300463969382
14.8206314204298
-8.318912962324793
-15.77907868480013
3.254061061118418
-11.3961588014638
4.382919888436809
-20.89252659190461
-14.45546953283345
-10.81738069144658
14.97222440158302
11.42097367459593
-9.2847156216091
22.36265254074377
6.484994568711916
-8.308301107742061
13.3158740168121
-14.79329567693401
22.11124045540044
13.14660858466766
9.10035583216856
3.638088838064364
25.87644321008832
25.78960509062653
-20.54405868129922
-9.447861400531325
10.25659326625671
-5.088264384626362
12.61767488759922
-1.924021443083478
17.43943785677975
-14.36367220966874
1.101639791292227
11.09619728537668
-3.551250729646109
0.2755643288657422
15.4557942927022
-14.64744800967077
19.70445466398999
4.716011304265089
19.36345930662361
-1.730119812911509
-16.71856314065748
11.60004688712415
-14.98844334505065
13.33016671457988
2.36108161387851
14.24227545089424
-16.33779805836691
17.73748247727925
-15.98838741627048
-33.72586989406856
35.25288460172194
7.559418802264027
5.23138951390019
-7.977667503248063
-10.18284952960037
9.706383738366485
2.87802347109006
15.23470488865278
19.8892332653056
15.46531200380307
5.528321138577597
-9.936990844992389
12.35668140002787
-9.841052721011383
20.75992499632563
-19.33273263316037
-16.1778691360287
-4.184054385638359
11.96025239916973
2.882876159701415
20.34001630126803
3.154863496241479
15.14867824885346
2.250270641428275
-8.634427484196136
13.52914548871615
19.06074529555086
-20.6960171938857
-6.593729381236733
9.550577409407165
-5.515787237778737
10.62997440654718
-19.49213699088992
23.4229703887771
15.18022996055625
1.203880198452468
22.16357297230282
21.74793971244907
11.73728323376494
5.531599807721993
16.14430678700144
-12.89840760796442
-21.43908325818775
-21.31739933915089
40.51210410469338
-8.392899804527914
5.625605743764173
8.379763904469506
19.45111800930739
13.87239297930737
-29.0579435647437
-18.10822355660055
0.1216839233045228
16.14576164877515
17.70593926432754
1.560177609304279
12.79299598826706
24.39109149399123
-10.01065647747082
-16.21633990457481
1.240800234806157
10.65146923148221
16.22699630184374
-22.78998863670262
-22.40823487800249
31.48025419003602
-0.1216345584501199
-21.74160778454015
13.52748456799337
20.66212570645643
-12.92760002635286
-18.50632506139802
19.81637423861316
-6.908229553065621
11.32167795138876
24.24617750010412
11.881193865397
22.8309138802019
10.94972001314007
17.4571401413342
25.94537298838523
7.13464113707277
-14.6608006569068
11.07135410501809
16.81656612160516
14.98619606899078
-11.02308098825952
15.97568126109908
22.66835408952009
1.04838085072197
-12.85345103989549
-5.578725031608401
5.745212016407119
32.74397426152915
11.59809550894042
26.99876224920472
-1.8303700527533
4.429803267260106
6.692672828267399
25.32269481210734
18.44830882109476
18.22990749643118
12.92449954166921
-28.01211237093906
-34.88649836126908
29.09889080019792
14.01850554846073
-18.8107318582922
0.6666270949239038
19.47735895395527
5.575527068813099
-31.60188875291356
-12.97186677326501
38.86459670930856
18.63002198407575
-14.6502198726464
-13.90183188949983
-6.874385990671223
51.83646348257357
57.11100317117138
5.274539688631198
