21.81591888024695
-11.49037002585232
4.122210555016338
-3.301374373378941
1.973528884900567
18.90748500102218
-22.49108770156428
1.36437795216962
6.312889596572641
4.588643466968675
5.713731043465009
-7.207132775679371
-24.69471371173678
21.44569019167007
-3.331759816159745
21.15105299545207
16.07243898808857
20.84752211217311
-21.51859242874591
-5.157799553846983
12.55391215055949
-13.28250213276972
74.39678100880171
56.64126574979055
73.45578715275832
-31.65295119517144
-27.85306802883725
-7.832941275876541
34.25542730833268
31.27989793907666
7.856757772699519
-7.360617783246339
18.18790302372942
21.82415885104833
-20.44877797303456
-21.44106259962959
-5.959746455957455
-4.480324192305408
15.77129853527597
20.9481700173564
21.1467997310818
-13.09199491989934
5.267801467344429
-9.455739088028551
15.83409946409722
-18.37132779182034
-29.05372267273329
-8.671599683604708
15.76408942043484
5.422448725150685
16.8648430392909
24.00321532230338
10.37886397258927
-5.078614007386843
8.785839766260874
-13.62435134982532
-15.21737555604259
10.33114525112672
10.16942516664377
-15.45747799541944
-10.68239488504309
23.79377651704581
-1.368375086704572
19.01374789893526
20.18592649277214
4.749838679581388
-15.90081269648157
-21.06130188363811
4.775083125819449
20.3821229886018
-19.69292678852052
-26.00532166614017
-15.87899826658549
4.065141183439294
19.58412554798119
-5.312700248896347
15.2331233613647
24.43568910228983
1.172178596237866
13.06740055239219
-14.22340996638988
-14.38513005250239
4.136386432646136
-2.942735738021726
24.08052587706405
14.18485914390088
-0.161720085059719
18.35979639792208
-0.9922846281776678
-11.36828854814753
15.96845378312094
1.10075361901063
-14.1329487689594
1.491804825609784
-16.227644138383
6.787829196702333
18.32404079282221
14.05171488427344
11.44239431446609
22.27122586867129
12.63484746034288
11.89522195479926
-15.43608781254697
-2.614068356357699
-9.636378406559139
-10.37600391692101
15.48131614164864
1.747720569076379
25.11769454621179
-16.58175111102391
14.90376591653118
-15.24891581484163
23.18007044353674
13.36458844061918
10.34738589786678
-14.61745717583988
-28.20131158381123
-16.16541870491302
-6.373000208130393
-2.379597157374089
-16.58692883512557
15.35804478169007
18.54118080976706
-18.32947167949047
13.15604534611556
-14.82461067777585
-2.784096640874983
10.2549456820257
-10.21392862778907
21.7310449903162
28.47194325468766
10.75249429017303
-17.30028400239924
-4.2612416794317
-10.24493985906037
9.51110568908959
-18.70151771673626
-16.46155105463664
1.332835295486293
3.504861001608764
7.212333557251706
2.239966661996644
20.03435301218623
-19.47938577391418
-13.43831781810256
27.95006229285825
21.02624080086403
27.30452906404659
-11.01873955254061
3.473360669322636
27.23012766298506
10.59386233990758
22.53186674410753
-23.13251893291127
-4.729086929374066
-14.20733167695733
-2.094695369492199
-17.1084313398758
20.92077796718719
12.82201945479889
-20.65065137484368
-2.901099663725074
-17.71944896392412
-18.96083756595858
-6.208619838662675
12.55991006011427
14.27141626998241
27.98202061540889
-15.01373596961005
7.616115899417504
19.65662993413231
8.419319403177745
-9.320083896987786
-15.00920544743149
19.96641205405708
-21.71935243555457
-2.658909291286133
12.04051403679477
-22.62532134639635
-11.23731053175853
13.03904232293416
7.055344143333398
-23.61041755587746
-0.5308494823772313
18.40160020920319
16.38379464618694
21.99731658813359
18.2926546752011
2.923825909970933
-17.73940329975067
-11.48607789000011
-24.66776807513356
19.75604554856355
9.800803914528563
-15.36882876508469
-9.955241635219251
12.75221772881784
0.3420266778648324
13.09183257398638
19.96114731095905
-12.74165301325098
-17.61782970619332
1.314619994964064
-16.6084009487451
-9.739086215779913
-6.650747472761606
11.58019222964533
13.82928863974483
28.51991242240974
12.74980589381913
22.7074593666775
-25.16963267946758
-13.08367968930167
6.869314734473961
9.957653475165788
21.28766175209229
24.01805643783996
-14.55887878630876
17.6556213493963
0.8820244340415329
23.07956809026728
6.15814896786211
-10.4781163477529
-18.64652731783973
21.31927844720785
21.25012921600548
-2.886556723946018
20.48003611045485
12.0859529937949
-9.711642864544643
-14.40990380034108
-4.876176691128355
-21.7975958528018
-16.92141913917182
18.93244969613008
-21.32160612498906
-5.689121550896074
-21.94665886000024
-6.928364773647266
-3.427958568200072
15.6324845747999
-13.24344056653545
-20.81984886260633
-0.6250527369885969
-16.6362653156149
-4.698260927336984
-13.18169018550356
-27.2609536782957
19.94413944595504
-17.89037381316703
-5.734812368525348
-15.63047909970029
17.69490405356563
7.538120394993972
17.85051720362922
-22.54713967395982
-15.34402224656707
25.52072174986057
3.521231624355731
-19.69502441623423
-14.86770016587034
2.259894714588298
25.42849420981274
3.357134456667125
-29.97527291340629
2.873514636349086
19.12575970525102
-20.60708242865728
-2.017805564743671
15.7599705957382
5.613521944139898
17.7777761622094
12.16425421603767
-25.83641428332914
6.04106795466319
19.06044314370664
-9.81548199974173
-12.83268454658018
20.90985547297641
2.036102974007334
-0.6455332274568456
-24.4767016238287
-5.160489190285362
-18.87375250215341
-21.55538869611292
22.67318775623374
6.278288262817385
16.36079287501913
-16.39489950242154
-6.312394878325199
-7.576408295956148
-27.98204561712276
-3.63204040231103
20.19479612723821
-20.40563732128156
-26.51280460234409
-6.362435089139967
17.46440142924106
18.403432007082
15.44090322034991
1.857048812081215
-1.724246118012174
23.82683652916414
15.01829408608012
0.939030581385585
-14.07926349960558
-13.58385440845533
17.12759488163602
-21.10424605055159
-4.164525853419858
11.98203207272227
65.37793997377578
20.83904573690642
-3.581294931383113
-2.456207342730142
12.03589287975469
1.12508758808796
14.49210022215676
16.93972019506442
-0.06914923249036398
41.94329179055898
9.677257934807029
25.28983853403732
15.5189843612646
-9.895666732169049
23.42971642380427
-17.69370832523034
2.852115266523206
18.86525387483559
7.910732058459587
-4.351002178464586
15.61258059004961
-21.99949013596899
-13.80521072924765
3.799883166333801
20.54582361257679
-10.95452182224449
8.194279411718789
-17.36247823543425
1.786323019866165
19.39141693736019
20.33688393091752
-5.325697154487955
-17.20686508159722
19.1488012504581
0.1556131529098453
17.60509390057883
0.9454669904466764
20.02012675837311
-41.93809865204334
63.86733823429843
-39.33751563387029
-21.59499857227929
13.66092159878647
-12.81264637539059
-22.90312896222007
-0.9961125492909627
19.47755530912506
-23.84145520784604
34.95800772174833
19.0746597688905
32.29020168487359
-25.66258108428956
-11.02880883358657
42.08836858586331
13.21554191559069
-21.30768842993987
-4.211808800524663
21.63484627791797
6.062747784307225
20.69652003384809
-16.13081695018844
3.183136029652066
17.09587962730068
5.176871481468623
-19.01000994139429
-5.097266346722103
20.74938872862215
26.82668518388429
10.61043218940723
-7.473798342527472
13.91274359607361
11.53621159849381
25.84665507598963
21.90701641104862
6.077296456543287
-0.9383262442156676
-20.16283271625214
8.574332434466562
37.30795907160446
31.63569180611996
-10.43090097971931
-26.35231817029128
-18.48756866212889
-34.31728861595128
-6.589128071963629
13.61340891657967
17.4665516088048
25.02853649464195
-15.82971995497148
35.9541202708835
27.72816054402252
-16.21625299438685
0.403438189792888
-27.32472235374141
-4.690663451873887
20.20253698857809
14.01305153211567
3.700047531368926
20.31973871488467
-14.38418300143704
-18.65650891017278
-3.234398356139832
17.31930029635819
16.61969118408915
-18.08423053207546
22.63405890312285
-3.000438420852826
-4.272325908435093
15.4221105536851
-38.71427693540661
-9.69727305778447
43.28963770406256
-2.132678617614483
28.59984807146369
-20.98085174995793
-7.270247401851517
-6.290227972443816
13.28345125063238
20.89689689709408
13.71060434824874
14.69062378099246
-25.63449732523059
-18.02105167920856
18.56054664141681
18.70371498324027
20.55369865255187
27.18712487047894
16.146557924468
7.613445646766732
29.01700387651199
-11.04056694813096
36.58159831920892
-40.05757082239577
38.29712112870738
46.67074444730384
13.33833707617755
53.39590789893752
-28.87282667232973
2.600583018172486
31.47340969311844
15.48045241245987
14.633772250122
-22.19356473564904
-11.8811679262357
10.31239681028712
28.73716515230162
-6.189485456033827
11.41512757828443
-15.92490692996053
21.34787785305062
60.90130082357461
-7.07345505125523
-40.80892939846556
28.18246512235125
-33.24694450786006
28.73362663950298
37.27278478165567
-17.32203757633864
-47.65572466106004
-39.11656652082728
0.4368564499414973
-1.764377610525688
10.05337773728228
21.79981035058793
8.539158140797042
-5.672267263667825
45.89134705054489
39.55342297089224
-17.48758093607344
-50.20641663551125
-32.71883570097163
21.36295389811183
-9.773215051057976
-27.97903452592325
-18.93808888071827
3.946285111458483
17.68920840494759
24.58525870837022
-28.35712688039451
23.20648743256228
-70.42371966560295
-41.06598886833852
-0.461256868600926
20.67462815823103
51.56361431328616
-42.06659278553841
-2.53185927046932
11.81775534746858
21.95447576428488
12.48450260555808
29.35773079891476
-16.06458552805961
-15.92141718880429
-45.42231632445095
-14.6897896308762
40.60473199964833
36.64315354925724
0.1431683411789762
-14.24424102932868
-18.2058194782944
6.89164399589252
24.25787858100313
27.46242345675463
51.33294317849018
8.373623319108647
38.42840575323405
-3.961578450403698
21.13588502665896
-12.90453742396861
9.040945644999782
30.05478243361337
-33.33240737055073
15.7686252472153
-3.527697497940338
3.092719356922445
-17.81385468497733
29.7534623460639
18.41778556638985
-14.28615718751247
21.94548306678031
6.379383065778621
-12.38139221166935
-15.10881146012998
13.83843375015836
5.530162134664936
-21.22234149613849
-3.30749365675206
22.63785795154521
-17.96827987445127
-25.67681688593468
-44.53889423976185
9.368190483263646
-30.25759447216783
28.26800996080462
4.787412896085003
-27.9497228754015
-2.27501378486595
23.37911043089589
-18.86207735600591
35.04500736771284
2.307871597641534
-31.03934054431427
-24.13668594115262
42.01244102466009
-18.13039287337658
29.83517784072932
-38.00066849930574
6.006293069187468
-12.17726318612977
33.21043880066879
-1.668592849725642
-20.46878307504424
25.4610083679764
44.0069615684524
86.73828928614256
-37.15881911191061
12.31977000647109
-20.90657404142402
26.6607429900721
-17.2998097562098
20.20794306364454
42.73132771832778
47.96557071502465
17.36623458712232
15.01636187369846
10.13672041847464
19.72407168822864
11.74643261412545
-9.469973156091775
10.69559684751934
21.20222623299412
9.587351268063172
-22.50813744095087
-10.09659690782683
20.50306046238321
4.724011406957859
-18.41548610608196
16.25224506969441
-23.48059706417984
19.859009356647
-4.888899531118504
-29.61957976349554
7.888173056922847
26.62341544143934
-13.31658598912217
12.75328354840738
-49.16992491240225
-3.067618319489899
30.44771559573759
39.26635544133632
45.96968534154249
25.41878868628278
46.10230659323228
-17.75551525935826
25.67470909141062
-12.22167259517106
-38.58145513863801
-33.34721214211147
25.65412421669335
-37.89638168624865
-17.21286377706828
16.30247014093508
-6.452799926090392
14.27611645804706
-11.33567678236969
11.54869720930076
-24.74790888881525
-11.92046248143094
16.30299377548574
-18.76077527482915
-6.02128659043101
7.459050682430147
20.77488875144959
10.93385480887669
18.73524238470849
20.72891638266347
-22.86973575922649
-9.539623663242704
20.43049523529242
-8.627534150747664
1.993673997552975
14.73316268235296
-13.87013189313602
5.003681145102871
23.88355025421676
-1.139142280294178
21.84210500973344
3.271640449940214
-23.92286895942309
-22.19900555252072
12.82744640843375
-9.351654076450449
28.22345625872179
-22.17910048558393
-6.6571307401227
7.163592988635099
12.73948868445514
-2.727419247941384
-25.0226925336826
1.047177004935034
19.92099004266397
14.7781173335214
-2.041445245653443
26.06986953861441
-21.05986327247937
20.68351790894748
-43.17430394610854
-26.35978254351979
33.51533391714851
16.81452140262205
15.52196974648364
-9.729481537594774
9.016135829059019
16.95514139878495
18.87381303772598
-5.142872709157419
19.20474544076397
18.74561736677916
-28.7954028530861
-19.85163370783107
-3.428350593844824
-16.28398205193919
0.7755041384266138
14.48964367593596
18.12773086890641
-20.0107025488052
17.79613278886807
1.077619353137227
-15.26017794797969
-25.19717239651683
-16.81956257887149
24.34761814988661
2.997956974143196
20.05744316337628
-17.54310704706242
-5.186469847711879
-18.57046455989233
7.306098751056935
19.81751955198559
17.21457004864232
8.865336407596169
29.84138519624076
-7.749430432692012
25.87656331104846
-27.19450940947335
-0.06490819182292983
12.62681514759872
27.01548009246683
20.58904273725847
9.326704645614102
18.27047379219708
20.97604878885274
-16.61476684750112
8.943769145919095
12.51142080130237
-25.94147150032787
-17.05960887636226
0.8583853923690753
28.65881111914738
26.73479397047989
-5.5940406284465
14.29515497805873
2.705574996616176
16.42328311420774
-8.042579940211928
-7.486239656648726
-17.32727359930734
13.27364589105239
14.32003505057729
15.52391316965457
13.71770811744434
7.96222759200466
25.18327636239769
-6.426437357553461
20.97745194238199
23.85546565194374
17.91799426984948
11.4655682459403
-0.4591280739831449
22.84231602013979
-4.290174986475288
16.76457115441779
13.06205174188105
22.88437399086545
20.63897359642603
-20.78118095958877
-2.965483675009619
11.75307317165664
23.7289074266028
-17.57663608132208
4.11266715713938
-10.6805857769093
-2.349872715944004
17.81569728508226
3.204544877763311
20.16557000194469
10.50662938382511
14.71855684763721
4.211927462516799
17.5964765708765
9.277587357492836
-11.61487496241628
-16.36706646785483
-2.982517348337692
11.83809101117107
7.120662910442956
16.22100257075534
11.97583425504894
13.38454910935726
23.48772938346
-19.61624026953624
11.51189513122607
2.494947487565469
24.65848284834268
6.896050304171899
4.092651346171056
-16.79981094038091
-24.77745000804889
-18.80019022537274
-12.09686032425268
27.12960121775994
1.723863406726422
6.703329901173715
13.82072372977999
17.22369922735788
7.939005569665001
-6.077744864861408
-9.780264279280035
16.00930637134516
16.28487012654126
27.40388931651842
17.22104876933067
17.05948618979965
17.3522267288659
-16.35907496039157
-9.874093647291264
-3.043236887673122
17.71664866016664
20.87150666519214
12.23709411233577
-15.89063149800393
-2.744043784772502
8.993223853209161
22.52069355168211
7.859907329673067
-6.790291828745425
14.82060833714677
-8.318889214285488
-15.779049061452
3.254061623588954
-11.39613751507825
4.382911551380381
-20.89246230886473
-14.45545147604648
-10.81736427787551
14.9722063761171
11.42095709902719
-9.28469365856032
22.36261499054193
6.484981314881541
-8.308271617124415
13.31583807023638
-14.7932529324804
22.11118775759925
13.14658771538649
9.100339663399181
3.638087194895732
25.87640857769575
25.78957065160774
-20.54403338976755
-9.447845270815344
10.25658406432184
-5.088261655277143
12.61765504234421
-1.924017146147588
17.4394315525136
-14.36365614360843
1.101634226851211
11.09618812348728
-3.551249279712059
0.2755637555893142
15.45577173061693
-14.64743739796159
19.70442933239172
4.716011314478616
19.36344870528026
-1.730095456705528
-16.71851344326325
11.60001662501291
-14.98841800353223
13.33011209598383
2.361070970700412
14.24220163631642
-16.33779731869033
17.74251706396692
-15.99295728327431
-33.73547434774719
35.25592017233614
7.561984888221383
5.234242996473379
-7.977639075935058
-10.1828405543547
9.706355055170309
2.878013721483137
15.23465095168119
19.88919560692126
15.46529037325123
5.528295885032247
-9.936994468378128
12.35663721300394
-9.841033942615812
20.75988554777054
-19.33270171437932
-16.17784370582825
-4.184047249039999
11.96023530251509
2.882871708102866
20.3399887365099
3.154858007708275
15.14865446663406
2.250267277885289
-8.634412552253604
13.5291228101544
19.06071541377638
-20.69598576955467
-6.593720452992542
9.550562104311657
-5.515777802150595
10.62995914772136
-19.49210764389844
23.4229360067599
15.18020797177781
1.203878121183051
22.16353536180533
21.74791218447111
11.73726763906587
5.531592604550271
16.14428255371129
-12.89838718926151
-21.43900187701496
-21.31735636252984
40.51342820158769
-8.392866402386675
5.625642967607904
8.379753436329114
19.45109735317037
13.87237390238781
-29.05802938945688
-18.10828293658454
0.1216455186719025
16.14573695424563
17.70591668987926
1.560179729503247
12.79297686497455
24.39105688676681
-10.01064454421314
-16.21631957977522
1.24079744646037
10.6514599491094
16.22698370176671
-22.78998826409788
-22.40824126028703
31.48028291726971
-0.1216282309540427
-21.74161027468108
13.5274697013419
20.66210449086398
-12.92759862693358
-18.50632208269395
19.81637447216132
-6.90824205833605
11.32168642100949
24.24617639497806
11.88113069345345
22.83087715286427
10.94974645777833
17.45711702818721
25.94535160843931
7.1346347881546
-14.66078621960069
11.07134391702733
16.8165547837923
14.98618625725792
-11.02307755553722
15.97568467776556
22.66836004419914
1.048377988004842
-12.85344608112568
-5.578723452380831
5.745210866579141
32.74397309571528
11.59808002495321
26.99876223315363
-1.830368526679882
4.429801928483766
6.692675366284718
25.32272069062016
18.44831130391504
18.22992847147178
12.92448996705591
-28.01337584828055
-34.887785234314
29.09924460346907
14.0185093701613
-18.81071682713106
0.6666309870371572
19.47734781489538
5.57552375113037
-31.6019111525654
-12.97186583234061
38.86585136119725
18.63004532456624
-14.6501991485429
-13.90182406803879
-6.874409386369218
51.83771719353786
57.11262045178344
5.274903258278444
