16.92956851722936
-8.546077638353111
3.22516067614997
-1.723332981355673
0.3954874928775038
14.15768017108192
-16.64521862913631
1.014170695082007
6.821159775691488
4.955809587057479
6.167366254638067
-14.20145956926671
-18.37726875697066
15.51347665669941
-2.532870853517078
15.82127590332547
11.91472996487312
15.60663235059244
-15.9096657443036
-3.732360694306123
1.80073150904807
-4.755385955849904
40.62173097642339
33.84989596180759
41.60556467562886
-22.40268419402932
-19.78604117422289
-6.229241947317421
17.08449593379736
23.31253160760457
5.630220534213141
-6.30932526666213
13.52894220001427
16.21057645276379
-15.52635162944405
-16.28400213195149
-4.533637312303885
-3.405972424904062
12.05101282353069
15.94281423769649
16.05269142498801
-9.78358940776736
3.992803448665793
-7.101955154840976
11.97751959350719
-14.01897336881418
-22.26824270182913
-6.667451507891053
11.8731054006739
4.108952545665992
12.71006368760153
18.4373224656925
8.034625778749684
-3.906545938512648
6.497776664789575
-10.40269668699285
-11.93954580090301
7.898721665828938
7.725229228718238
-11.94117171779213
-8.249269332770476
18.12792591491765
-1.101826733989015
14.49896446076629
15.35937211594478
3.622016367541983
-11.91412873111515
-15.73614533716328
3.691902385551278
15.60079119444105
-14.6343186031567
-19.33899304490861
-12.0598879767692
3.132466630182465
14.9176447207011
-4.075171830668864
11.67352147152095
18.54055690690587
0.860407655779614
9.903981923789061
-10.6465056124576
-10.81999804805943
3.129887244951469
-2.218886903749787
18.32224185080733
10.78558447123151
-0.1734924363173581
13.77639285688672
-0.7576505048382026
-8.636574981457496
12.12037920756252
0.8369582857077154
-10.85453705218921
1.163859400477785
-12.44504761214949
5.109445941623669
13.71141409129838
10.48045189958282
8.601111143215375
16.92249874009268
9.588711442228298
9.043574267926694
-11.73735574854151
-1.998293377325674
-7.33378729682189
-7.878924474392697
11.75036481703118
1.311679556875275
19.08415211167024
-12.59943987161066
11.31253007019058
-11.58700481911646
17.2402210868472
9.938794794225934
7.683346514261327
-10.78645714901865
-20.60675543239247
-11.90087105810771
-4.871121391489046
-1.80390391972696
-12.64274342904455
11.71352874185778
14.16007907632944
-13.91111942833492
10.00085051226892
-11.25539268677317
-2.126363819439034
7.788011808694218
-7.771622039170512
16.58465013434395
21.82724137745449
8.218334365070969
-13.15720890880977
-3.242833281586288
-7.806333621517683
7.282340937925895
-14.16250371207413
-12.45924609201472
1.012435051364142
2.65572674156162
5.4358763923552
1.703257620114042
15.1749387634624
-14.62691388461432
-10.1002687039603
20.64702127235559
15.52699101886635
20.16927032129065
-8.905914347435189
2.563249790501006
20.54976928469509
7.899827348685786
17.01101306699464
-17.14066997039528
-3.583133994545651
-10.8388395077024
-1.590510560525916
-13.05167820925306
15.96398299568144
9.739062371328426
-15.53614509716589
-2.212838702863831
-13.60890701206147
-14.54490043970508
-4.691277004586377
9.316592500739866
10.61813697651231
20.77553269629776
-11.46116764723625
5.766052950543426
14.8950818169071
6.374812415097425
-7.041322526846859
-11.35778329125716
15.11497283301962
-16.33017150334142
-2.008863405562987
9.12902886733384
-17.12383624021939
-8.520269402717224
9.914375627678435
5.350875286842329
-18.00813882908954
-0.3967602810544597
13.93086664986417
12.37383333070969
16.70443521324012
13.8711446895948
2.228371767107015
-13.41613494188123
-8.721383644837692
-18.66132943293376
15.08867455913025
7.446702402608692
-11.64277292222127
-7.641972157137962
9.85362343605823
0.2788542041633928
10.16773049703675
15.67071723870134
-9.633040863830306
-13.33333842998623
0.9942885022854079
-12.68120229629261
-7.178215557941538
-5.074482992355542
8.301118049079255
10.2349309927438
21.05573670147655
9.888876292425079
17.49559559448663
-19.0894753245633
-9.911895068565348
5.502986739704205
7.606719303365574
15.74476907582201
17.80000648880011
-11.33729338992606
13.13977144111622
0.5924911365337091
17.61137854837699
4.723096667679176
-7.926845268151043
-14.67642873655258
15.47933360892513
15.08624567530328
-2.229263483884138
15.30941398294638
9.177580256709991
-7.410999192471659
-10.94975541104069
-3.700297566727708
-16.5885794482069
-12.88828188103949
14.32762693114334
-16.09234479623449
-4.316460765991343
-16.62295243554
-5.245194490904286
-2.545424066236073
11.77588403076286
-9.846850356981736
-15.41982435989648
-0.5306076395174817
-12.64994193583011
-3.53875621813476
-9.939945787192169
-20.59414706176957
15.19235460685861
-13.61119423524231
-4.353486410723017
-11.89014378774758
13.38087230788834
5.737592426746892
13.48815988291156
-16.75916104515536
-11.47075233619634
19.05247217664631
2.649585619646618
-14.71487558490485
-11.28342092373365
1.721050448713529
19.34878666304929
2.988396492670186
-16.58093506530957
1.75043121697321
13.49420636777856
-13.02205893388001
-1.557033319027438
12.4471652528049
4.330601882551172
14.00419857170527
9.673596688966562
-6.556117464898009
4.526645182169505
14.3213080975185
-7.301426292271986
-9.556874573210415
15.58396584512748
1.500446089819591
-0.4777509510598236
-18.08377148192924
-3.822016606110612
-14.08351975600434
-16.06171679592221
16.88197949167358
4.642279302468917
12.17730505000758
-12.23970018953845
-4.704674441766119
-5.572974003262591
-20.72525194318204
-2.6049976346651
14.88921671999613
-15.15227793957168
-19.58421757217709
-4.660235047616247
12.83397930656869
13.55753597587623
11.92978452645962
2.109486243149101
-1.865350188478342
17.4942143546205
11.37775794461172
0.7235566693339835
-10.65420127499755
-9.820298283333361
13.00447137401509
-16.00457760015538
-3.249958943238427
7.909274088928884
15.31945560967101
-4.497944426244221
-3.97483643165784
-2.763279763885025
8.705884374198988
1.211556667736322
11.46916413801082
12.75461865480393
-0.393087934981237
11.50663317705426
7.308236432456452
19.07947474753606
11.78517809095212
-7.536657378300239
17.73435871868051
-13.70440784107916
2.044285460376637
14.12033795603127
5.949180627587833
-3.244123248834448
11.77123831479143
-16.40288655720696
-10.31177533323936
2.616643019806159
15.74869330202951
-8.171157328918147
6.091111224094727
-12.9172985268177
1.344970027146896
14.27338838098181
14.84495697645105
-3.93000961574044
-12.81001095023042
14.26226855340151
0.1072875760270831
12.92841835317252
0.5715685954922967
13.55679922691966
-18.47651218839682
17.81624205771949
-17.47023249280668
-8.448965873731156
3.606470595645806
-8.632476379303753
-16.05248005155773
-0.7262619322203563
11.69721696574718
-16.70228120146053
19.33677430939879
12.98523063160544
20.32969334546799
-18.77496659090161
-8.06980482375354
23.31373788110821
7.344462713708626
-16.00619052138407
-3.138857279429495
15.87114259326784
4.516179679924628
15.22134144484163
-12.11438910876707
2.446550336386875
12.86733323998257
3.891801414078048
-14.204044408858
-3.783261508330759
15.22673836213771
19.61410544209593
7.794243867637642
-5.602076257184556
10.42078290168051
8.601968151585815
19.00999987108452
15.32621811753034
4.387367081167223
-0.6498011485887292
-11.3858188898231
4.241808592652679
15.91283791245192
11.12495703096074
-4.834171739802382
-14.96742823780052
-10.32207534576462
-21.26092638142924
-4.168157217262459
7.756226653212685
9.740960895692591
13.93592552819715
-10.93885103677376
20.06303624141903
17.09276916423136
-11.8198615744172
0.1396244815370361
-16.95314468224857
-3.099780250580497
11.92438387053967
8.342774520190643
2.732536494945795
14.6920225503611
-10.66378363094553
-13.89474582321087
-2.435805629140247
12.41105905716016
11.959486055913
-13.39632012504451
13.85336443295697
-2.280963495583133
-3.230962191851196
11.45894019383456
-17.02635548161341
-11.17342940910724
22.40135068318353
4.475116579540263
11.53676149706602
-15.46221949560057
-5.304823773040007
-4.641413792140489
9.542040913415264
14.71881100352955
10.15739572265739
10.82080570698811
-16.13432792982882
-10.95755784023314
10.543914223687
11.44255477004934
14.84686468647053
19.36022479665176
11.15923303045229
5.176770090372198
5.852926071428554
-8.200991768360858
21.50147206253704
-14.05391783757921
22.71019090566326
12.92559523956831
-6.643736319396615
7.410181518585521
-15.96927516763006
1.006279695589882
16.97555486345347
7.63955734359539
10.7051617660326
-16.63056878894633
-8.880001333105787
7.750567457224847
15.62762748403326
-3.581609349948052
6.179698875231012
-7.39648907866103
7.03573521763998
19.40728055459723
-2.682118189853527
-21.03938232852451
9.373318280137166
-16.84441769115922
11.67102932215026
14.43222429496228
-9.44792861110119
-14.63067452389063
-11.86947955294659
0.5020657842406495
-0.8839893045777218
7.500637008115911
16.34646368820942
2.761194971473094
-4.787880879685702
13.74668521933533
12.37154533730793
-4.175809187723799
-14.20977146207344
-10.03396227438545
15.84439790371129
-6.993250893021005
-19.20657115551873
-12.90826367672688
2.834554415561048
12.67109304456228
17.67026150177189
-3.513920209465369
15.02064588832378
-19.47304897964063
-12.57871191253205
-0.7646048329079834
13.4686194641063
18.53456609809985
-15.95912877048601
-1.552026420364759
8.384626312509337
15.99212890756763
9.082942981780477
6.894337068780359
-11.03189704010469
-10.13325649625545
-17.92623410638731
-10.86458918442113
11.81410707955634
8.86398911551982
0.8986405457474369
-9.263202303021831
-12.21332026565194
4.970021992400516
17.32503838459737
19.66434393840974
19.72857829832168
-9.784595665610224
10.74309267203079
-2.950117964065802
14.23322429685791
-8.985485625026008
6.298307478661593
20.52768833715613
-19.56933155842295
10.50580987371023
-2.649008654497021
2.276129602691467
-12.67088711863808
20.49398060454453
12.6347844445906
-10.02187846458864
15.28379310151377
4.630177445875918
-8.906594952414082
-10.82338487737422
10.10594256031471
4.012322206653935
-15.72538396098734
-2.478256486157676
16.58503078209376
-13.44028086676134
-11.78387212273353
-19.81740003884928
3.558876129980451
-12.38621542245647
17.7290229800225
2.9565328293849
-10.30639551167203
-1.445062818192371
13.83468992169792
-8.033527918340317
15.34274825126482
2.079819911699558
-5.638819072084003
-17.31550916043562
11.89972111369319
-9.619257572765706
14.29442996441918
-16.22971415382522
7.696251589131859
2.394708848480773
24.28190595616095
-0.979961111538485
-18.61419078468425
18.84185283852837
23.9259657429681
46.36095063184414
-26.69079187333359
8.481314213151018
-14.94701672088181
18.21785100284333
-12.18714461584039
13.82687614090148
22.43498488932223
23.91368753815289
12.35501639409882
10.63496940001952
7.607502596317525
14.67213598418502
8.845826680562904
-6.909185923444524
7.84998897172631
15.56206363498635
7.064633388702684
-16.65421244681298
-7.422707904323163
15.46136094714861
3.492102660825728
-13.55836635892271
11.74377515162865
-14.77249015006109
14.50364725845019
-3.894333059576578
-20.66845882989056
5.345561927462765
18.14858226089322
-9.015893543719454
8.722374013640675
-10.58798677599965
1.661404807166871
15.74631543405826
19.63921024941817
24.2343323848691
7.286661731361807
12.24939158310593
-6.771835014591315
8.861332694394642
-2.894513600529069
-9.197341632776457
-7.718638983985924
15.27975274085305
-11.75584629463115
-6.793116442616143
7.29179418472837
-4.390974861698019
9.800411855013852
-7.859196162625102
7.883621929644125
-18.39798031908315
-8.86234163471793
11.65256528782435
-13.53677239615116
-4.389926132663858
5.475765113131633
15.28195736306319
8.027426582787964
12.80302033353186
14.19138671534823
-16.78716274142993
-6.985231688072089
15.56128218666101
-6.337427022447911
1.388366381484458
10.53521264594363
-9.426208247467683
3.511862460861668
16.17689734138183
-0.8781209457649147
14.71220935851482
2.439510622961722
-17.38950063049639
-15.73087025581318
9.535638685421358
-7.987958556810001
20.51490692463505
-17.52359724288647
-9.035580292916636
5.662157616789409
9.146846263785108
-1.916789924527768
-17.05501828638008
0.6832492715792916
13.62131997955987
9.931004471239397
-1.464687984360526
17.73826755790271
-14.85274930942083
4.962729851857448
-14.05849674600364
-6.302828032369685
14.08491062722375
7.755668713846124
8.488016950852337
-7.023350185755884
6.584826651780474
12.41735271553586
12.93807070792393
-3.690315508565554
13.94516398069144
13.60817683804637
-20.810491087096
-14.37526643520014
-2.550111757078244
-11.79997608050404
0.5864270141981469
10.6627783770674
13.32818854369982
-14.64935725208021
13.13935279978116
0.8667511643243638
-11.1967401643738
-18.53756950196322
-11.3956924555381
17.63547948972821
2.116072067736303
14.50247516020527
-13.14350947597981
-3.888212249883201
-12.27269873609943
4.501249517454401
13.51176452265922
10.30405140434704
5.31738802059618
19.5485303332172
-5.4400531176323
16.77394825410001
-19.82901125355959
-0.007197303560894036
9.244478928870331
19.69908276839308
15.02635101237242
6.023704419015224
12.45892907243644
14.23114231279079
-10.75744113862577
6.435224652658588
9.010515005886873
-16.78114555803812
-12.58131849254158
0.63157164317518
21.20602525357192
19.76402511644065
-4.141208364004854
10.56332611300048
1.772213240155686
11.82515467932646
-5.939839899090471
-5.533494543731325
-12.78802532436665
9.803956513756145
10.60239448200415
11.48448483918375
10.05294143990814
5.781872083414096
18.49305156952321
-4.672731755932837
15.51953396795445
17.6593893241982
13.21289013486719
8.44011012938679
-0.3369871420778222
16.83225075836909
-3.133004329993914
12.34372434945954
9.608757195579672
15.74281809142716
14.83570708580811
-15.20295088698563
-2.163822990078021
8.625935854366785
17.44061526943248
-12.86364533108607
3.019810025968654
-7.864476873588728
-1.720046996377899
13.03912789709241
2.339305555714565
14.75917489395971
7.71207466362509
10.7897588451195
3.07768418127714
12.9541125059573
6.81845405083457
-8.497430246175361
-12.07350326378391
-2.197074938224625
8.717735628395502
5.260692876819809
12.01522582384933
8.81467941575664
9.876428325336063
17.33419614097359
-14.4208052428047
8.519516724967353
1.854802480850319
18.29314944049618
4.999168458036246
3.095846088017461
-12.22003820754183
-18.04634751025602
-17.63422967314104
-13.03910753762334
19.82181395009995
1.658630373794211
4.595122135512736
14.69773791058845
12.68071148946377
5.832526064437045
-4.488526407295654
-7.22349356460318
11.87602784201967
12.05370797549175
20.19226572452166
12.71117948606234
12.38640309358566
12.74176152712748
-12.05184562082179
-7.261179080748652
-2.24565336790792
13.09179769043973
15.41878283469564
9.014428642598151
-11.81687043580246
-2.043237720362665
6.724285643882986
16.85655807909521
5.894533698373668
-5.062337488433873
10.91481056588458
-6.135658455038144
-11.96925828639982
2.285103094292995
-8.671768091435966
3.297490195318929
-15.31588429641091
-10.67710350115672
-8.011693332118744
11.0878280776007
8.455349971035821
-6.84818542511017
16.54223438117346
4.790666542505836
-6.093620355440773
9.806192250663592
-10.88428689813843
16.27560772285669
9.773632715525672
6.754532947183939
2.665410168098762
19.13245347298932
19.0995214082285
-15.21818493083879
-6.988654780874375
7.613275631305641
-3.771140593872931
9.357431716321376
-1.442000136767089
12.93332587139276
-10.64269914093537
0.8698345427148696
8.2295301508417
-2.632478107361766
0.1776801338890923
11.44704433791561
-10.86200825863533
14.60193041202285
3.513317748812259
14.37532600781729
-1.183988973065658
-12.27260163577713
8.617942079841962
-11.08861266334668
9.801931053357936
1.744156084710596
10.44973571988018
-12.06349132905943
9.021266619167644
-9.335997520091375
-18.35726413912823
12.05543646968391
4.194964634934955
1.478702648668102
-5.826309303168982
-7.481086239072466
7.223448237514967
2.139855356430254
11.39515258305702
14.70453447681899
11.5125336839562
4.171704345425506
-7.340829338060104
9.255297226305462
-7.254530780455325
15.33745105791766
-14.34685296226373
-12.01986781856237
-3.098783654219899
8.890168818913624
2.135318580444383
15.11698784524873
2.326985145207995
11.24806930751683
1.680528325035987
-6.404354191830153
10.03399276789842
14.15518640007108
-15.35097988857371
-4.901348548562831
7.087603926008835
-4.081615686912
7.884469964919059
-14.46888952969018
17.37619937036364
11.26936420228098
0.8820903578913586
16.43834695946116
16.20043149264763
8.767523364872069
4.121193635139862
11.98895247344151
-9.567540981684065
-15.68774827510426
-15.74348369268974
23.67106368245685
-6.166722829619565
3.992703142774679
6.226819026834073
14.44325440191319
10.28859544440968
-21.89870920917055
-13.69414088423294
-0.05573541739621778
11.96608565245027
13.12857231018281
1.162486657444097
9.491729406355043
18.07263461908633
-7.432908127643288
-12.07923785768464
0.9024314056640135
7.96540388621325
12.07098560870621
-16.97670074220153
-16.77900455154506
22.60860542401966
-0.1396915169976835
-16.2751088014355
10.13227243556805
15.39831201328646
-9.597921128034308
-13.75258008717997
14.73333214820171
-5.171674873982497
8.466730594122703
18.04349145781912
8.705579636067604
16.91014796145982
8.204568325331705
12.98166926521626
19.06328726823883
5.266039577477055
-10.9620243806705
8.216435375564968
12.50172435168078
11.16855420490983
-8.160799630956431
11.88516466980132
16.83700922577459
0.7015919407611608
-9.493969778373193
-4.154658958598365
4.28528897563007
24.3312532756886
8.580905213159635
20.04596430085211
-1.333170147236978
3.310159310220373
4.951844556067774
18.45511326538201
13.46958528281412
13.63840546764294
9.576760863383356
-14.69283255729847
-19.67836053973683
13.59921209353259
10.15942597246379
-13.79724769102361
0.5038957500450146
14.30114344120409
4.105581722026566
-22.74829694112192
-9.24502823192765
16.92819594468352
13.50326870929855
-10.95687118626832
-10.19556171931401
-4.985527982503164
26.17322417661099
28.29204465083776
2.118820474233158
