21.81568390708174
-11.49027323354748
4.122176339540543
-3.301112995695091
1.973267507216722
18.90754000048219
-22.49109313464362
1.364381628018129
6.312830940256308
4.588601847945402
5.713680520225175
-7.205378755607661
-24.69496501664357
21.44570441827891
-3.331787608081186
21.15096992973893
16.07240089654348
20.84745388882444
-21.51858083269163
-5.157756583152547
12.5755449527163
-13.27645566450095
74.41007547377279
56.65176761287874
73.46854802753731
-31.65131991321767
-27.85161086380171
-7.832464225288081
34.24356653855191
31.27952643833278
7.856685472993352
-7.360662442227574
18.18772425907235
21.82384407007964
-20.44855308196505
-21.44082743557298
-5.959672524010075
-4.480275822324049
15.77110069726452
20.94789319922358
21.14661983421205
-13.09180218393836
5.267774714428997
-9.455682368253353
15.83396289026213
-18.37125663392995
-29.05361510421489
-8.671556607358527
15.76396477882911
5.422430418242966
16.86470116592773
24.00321200486319
10.37884240364875
-5.078569033217861
8.785864089543663
-13.62436960132742
-15.21734791531963
10.33103878617781
10.16931745029369
-15.45741145273975
-10.68235847454151
23.7936870522372
-1.368374959257831
19.01368353398479
20.18585099757219
4.749816904763313
-15.90073272899617
-21.06121106372885
4.775052994071157
20.3820584962991
-19.69283609581634
-26.00521047210021
-15.87884512270026
4.065091910937491
19.58384677973148
-5.312656925364394
15.23292746585459
24.43552138443539
1.172167466040317
13.0673095470424
-14.22324476782097
-14.38496610542488
4.13633214264985
-2.942695357458236
24.08026917055107
14.18470977081988
-0.1617213365002607
18.35957690933977
-0.9922743551690318
-11.36821183564035
15.96827726201465
1.100736387292756
-14.13277481248775
1.491804255601485
-16.22744401605527
6.787726599574412
18.32372074769708
14.05145584524097
11.44227074798317
22.27107955393643
12.63477999793482
11.89514207961035
-15.43603409214238
-2.614062653009215
-9.636299554211499
-10.37593747739877
15.48115490955654
1.747707411437903
25.11745446177742
-16.58167405088422
14.90363112710721
-15.24884264904413
23.17999946091561
13.3645468425999
10.34731377192821
-14.61741401897212
-28.20122785449396
-16.16528954594837
-6.372928567219215
-2.379564650046567
-16.5867518992397
15.35784465267337
18.54093676347293
-18.32938146169916
13.15592371432175
-14.82453767175547
-2.784082040090539
10.25485884375955
-10.21382333279074
21.73077322037387
28.47162147214707
10.75237319994643
-17.30015059747333
-4.261209713528142
-10.24485401655448
9.511014507444395
-18.70144394258799
-16.46148799677006
1.332831401156668
3.504843789834926
7.212303905861413
2.239955945710365
20.03427534370666
-19.47931590753977
-13.43824572723611
27.94988211569346
21.02607709564509
27.30435224233804
-11.01871736784553
3.47339490304551
27.22999523463223
10.59381614294124
22.53176192494782
-23.13245417438294
-4.729075931919756
-14.20718724842263
-2.094669203621873
-17.10825211783809
20.92050141357769
12.82197143769929
-20.65054963254777
-2.901064870207443
-17.71924827160234
-18.96060696506847
-6.208534736907896
12.55965159108493
14.2711083678903
27.98140264924692
-15.01358291346334
7.6160854363594
19.65654106580346
8.41928104400429
-9.320047239030131
-15.00914532010509
19.96633178436968
-21.71927185292375
-2.658898970638405
12.04045563155594
-22.62523075604439
-11.23726002260023
13.03894088389769
7.055296580926285
-23.61032892959622
-0.5308424262261903
18.40148379932071
16.38369379162829
21.99715792454518
18.29255660363785
2.923810396852756
-17.73932828260943
-11.4860340867821
-24.66766544183991
19.7558685244334
9.800741314009088
-15.36874620664334
-9.955127211624971
12.75207222969927
0.3420231672312375
13.0916794024451
19.96092527800817
-12.74157084228667
-17.61772253355876
1.314603701801564
-16.60823295653888
-9.738987085002973
-6.650689742232659
11.57932254736302
13.8289533664232
28.51874095092308
12.74965623285805
22.70719944400348
-25.16948752051045
-13.0835940076351
6.869245873049036
9.957543213481699
21.28760366381379
24.01798937380394
-14.55881052282515
17.65557288080917
0.8820268781683264
23.07948652061
6.15813358248067
-10.47804550153791
-18.64632157810046
21.31830963414519
21.24895565740455
-2.886521388105587
20.47964310660694
12.08589351658837
-9.711611156975648
-14.40984448404197
-4.876151689389432
-21.79750466789497
-16.9213529553689
18.93232623022104
-21.32152466886535
-5.689098081494794
-21.94657487575348
-6.928337157449064
-3.427946292920402
15.63242658808262
-13.24339890657554
-20.81978298012714
-0.6250502089166899
-16.63617908401847
-4.698233318375385
-13.18163135546502
-27.26083786181425
19.94393702945372
-17.89015456441573
-5.734730917408593
-15.63029031516791
17.69462311085218
7.538014455605399
17.85023106817355
-22.54672983027028
-15.34373373820578
25.52012888051189
3.521166772369527
-19.69465303465826
-14.86754087647852
2.259864250366511
25.42816902168993
3.353221719454867
-29.96192460812491
2.873916412385679
19.12593527426261
-20.59657976940043
-2.017790009473516
15.75980019188852
5.613464135173093
17.77759020314323
12.16412606588484
-25.85200061721718
6.041070179078227
19.06037288171484
-9.815452615058307
-12.83268568990557
20.90987196650774
2.036116099861842
-0.6455298719618209
-24.47648721294729
-5.160478337949706
-18.87375586990181
-21.55540183403254
22.6731986296478
6.278275146315959
16.36082424966244
-16.39492349258684
-6.31237437700922
-7.576384073423856
-27.98196086225674
-3.632030782609584
20.19473277288786
-20.40557678896084
-26.5126033174344
-6.36241649371324
17.46434705030719
18.40337824610988
15.44083740099309
1.857023565163493
-1.724229080389225
23.82676355510221
15.01823771802449
0.9390311994492319
-14.07920651334708
-13.58381383602089
17.12740512801113
-21.10348743500999
-4.164069027086953
11.98167179688207
65.36432931834625
20.83118589514741
-3.581252646878553
-2.456173962097047
12.03593830942912
1.125078684201301
14.49211227119083
16.93941840585706
-0.06935397802662069
41.93467333325703
9.677195647968231
25.28964523992971
15.51875486540977
-9.895559398745251
23.42935403002107
-17.69350756754092
2.852076804659885
18.86490051459536
7.910599160417734
-4.350919305500142
15.61244958252488
-21.99896211890168
-13.80485969102272
3.799709049415574
20.54558439360657
-10.9543013602011
8.194102433017163
-17.36213036403568
1.786273451106442
19.39084221406633
20.33632519975596
-5.32557555312588
-17.20652240287735
19.14840381017661
0.155607960220567
17.60456874557644
0.9454829824886263
20.01914664408185
-41.92278762494065
63.87242954698045
-39.32371648770383
-21.58886934609627
13.66245227463124
-12.81196879686649
-22.90207359973963
-0.9959469370339425
19.47453265352464
-23.84043401174537
34.95040501158043
19.07366366258025
32.28650145074747
-25.6619007517708
-11.0284652159968
42.07603076554261
13.21283778776807
-21.30732195927215
-4.211737105811116
21.63442994651584
6.062634001426628
20.69606953606873
-16.13052945966451
3.183092112364848
17.0955848513424
5.176792501332229
-19.00966521396002
-5.097172477956227
20.74899457124713
26.82619472020695
10.6102313332467
-7.473671063068928
13.91249273741233
11.53599415050986
25.84616704984973
21.90612666082301
6.077200150243221
-0.9383604105925542
-20.15157618958159
8.571800758486871
37.29954886631868
31.64357969409753
-10.43449244338346
-26.33993843181328
-18.48369468041671
-34.31262119031362
-6.588741515625055
13.60866248527901
17.46265726809325
25.02099145654812
-15.82892651104732
35.9463519484597
27.72387967472238
-16.21596338686842
0.4032802014817896
-27.32059947275098
-4.689036935723768
20.19740400093781
14.00904175628089
3.700011483991929
20.31925507167418
-14.38389091318909
-18.65615581582174
-3.23440475891494
17.31890845839472
16.619243588258
-18.083902396454
22.6315625382814
-3.000346615604071
-4.272264902335293
15.42175105655572
-38.67134098082914
-9.684599010348698
43.26564521412355
-2.091962228766398
28.51011495696586
-20.98021214649509
-7.269917862461286
-6.290424567142311
13.28339535482916
20.89754344643138
13.71029428417752
14.68978758282955
-25.63190915513924
-18.01776106397409
18.56161769092422
18.69807869125436
20.55331321736007
27.18796801451341
16.14574082229619
7.614148091908745
28.98674196936916
-11.04222719433589
36.57937875348069
-40.02896916145664
38.19471396677269
46.66883468616491
13.35368835752998
53.38265751934954
-28.86319297988446
2.59907113723625
31.46226411980634
15.47587235788946
14.63343553520813
-22.19316346227052
-11.88094684889257
10.31221661423707
28.7233769496524
-6.188362244227329
11.41232897149032
-15.92117636703099
21.34733450607304
60.90239300278799
-7.069319633666309
-40.79055854230269
28.18200198965722
-33.23222434908157
28.72774811019763
37.26851087174771
-17.31104798048445
-47.65905022963643
-39.1182874700085
0.436771026950897
-1.764148217835785
10.05347504129679
21.79994844071382
8.540762760193637
-5.655969170403804
45.89490201181049
39.55505849708332
-17.48958626105195
-50.2099772723485
-32.72039101287409
21.36317741116274
-9.77321563051302
-27.97981431363977
-18.9388520936
3.946303288948521
17.68929386241216
24.58536645752122
-28.34021559218918
23.21065558876778
-70.4182877290376
-41.10258726691877
-0.4571923281173819
20.67863991903345
51.55087118128716
-42.07807213717921
-2.532015665871669
11.8176232587888
21.95436956219918
12.48439452215008
29.31570046376821
-16.0419069844211
-15.90544598666113
-45.3576074456649
-14.75553025543401
40.64539493871118
36.68294727399699
0.1364609996845818
-14.24415102327634
-18.20659868656356
6.891681222262241
24.25795934043051
27.46250949367222
51.43847752778676
8.474120719905429
38.5328891516601
-3.962447664725882
21.135832246977
-12.90558837483817
9.040962219832114
30.05876843124164
-33.31514632805825
15.77271355344017
-3.52753707365475
3.092637657400362
-17.81359195209314
29.75488982383313
18.41901351637527
-14.28605487891487
21.94655059248124
6.379408264121834
-12.38140386151479
-15.10889284668476
13.83846503629865
5.530170319772948
-21.22233605678791
-3.307490572924496
22.63785828975905
-17.96827897659739
-25.67127010879628
-44.53314342608999
9.365344837237922
-30.25189974906662
28.25521137751669
4.784715196019695
-27.94421895941262
-2.275691972824345
23.36800926934932
-18.86187331947109
35.03661494454753
2.307680790527909
-31.03988310895934
-24.13547704670991
42.00402731289309
-18.14395417051033
29.82601752777974
-38.01612668304035
5.991522877609568
-12.17800978731105
33.21168289490983
-1.668700134995892
-20.46349619237679
25.46181363446781
44.00764956060763
86.74500369265994
-37.1582484724762
12.32030261622586
-20.90622960901675
26.6622521673617
-17.30016420605646
20.20900940935681
42.73735413269541
47.96997169920748
17.36627812018323
15.01641018568707
10.1367463050801
19.72412412020722
11.74647340024774
-9.469975037405689
10.69561960983798
21.20227430007219
9.587377813364013
-22.50817540930995
-10.09660961852744
20.50306838858365
4.724001395152382
-18.41551640461963
16.25201886266834
-23.47049618095842
19.85808426736534
-4.887202109375796
-29.6204668230943
7.888706792880863
26.62499538871261
-13.31721236245028
12.75401043730409
-49.1667315474125
-3.067442744429072
30.43818798505049
39.2534162788075
45.9549851282874
25.41883735772958
46.09928880331498
-17.75830786125206
25.66852698746208
-12.21981666084282
-38.58018146597944
-33.34756389964156
25.64370124310416
-37.88834364797059
-17.20789220009474
16.29773853223041
-6.453242757664885
14.27676805732484
-11.33587631015458
11.54927907187338
-24.74528637779058
-11.9202961895212
16.30325446174146
-18.76081212300404
-6.0212908425022
7.459056770208968
20.77491207610275
10.93387218022661
18.73628859602668
20.73001081351223
-22.86987988937883
-9.539710498630233
20.43027382314571
-8.627594228117802
1.993722217081209
14.73324349796852
-13.87098495150925
5.003737084531343
23.88479225006905
-1.139216926867982
21.84336478214784
3.271717152468447
-23.9236961361188
-22.20083575248843
12.82499018931854
-9.345962711566003
28.22355065305963
-22.17095290158548
-6.654155758677579
7.161931829578267
12.73952128055201
-2.727488984648053
-25.02400917610764
1.047213624746948
19.92193566027202
14.77899111550614
-2.041427469081472
26.07122280085343
-21.06161882589863
20.68045144764061
-43.17714521946122
-26.36036480518747
33.50563073144841
16.81678041430214
15.51679714393478
-9.729506413772313
9.016154989495288
16.95516302218877
18.87472203552415
-5.142944544773736
19.2047976580897
18.74566140338188
-28.79570965321737
-19.85174307164829
-3.428358946468006
-16.28410768290576
0.7754954916877287
14.48965448931028
18.12773933035918
-20.01062347816242
17.79620083309399
1.077648356192166
-15.26012790685338
-25.1971032354062
-16.82041858427687
24.34774220281409
2.997959297666688
20.05756247115917
-17.54315837062287
-5.186479757244041
-18.57164762976502
7.306775910775012
19.81837788090233
17.21625659791861
8.866050181370575
29.84308989914134
-7.749869260441627
25.87842354062575
-27.19541328869741
-0.0648995192847676
12.62683330122299
27.01550826037853
20.58907093564273
9.327403600650886
18.27137018354183
20.97703971798003
-16.61591944922207
8.943966582230084
12.51160197049187
-25.94332305728253
-17.05962862195818
0.8583848126952492
28.65882068821776
26.73480094209692
-5.594053161577786
14.295163587948
2.705669534403471
16.42338412537337
-8.04258454434567
-7.486249314854923
-17.32728921080966
13.273657464101
14.32004612654912
15.52392526006385
13.71771459079704
7.962237636834928
25.18329004809859
-6.426437327151147
20.97745256952562
23.85547476082052
17.91801343582816
11.46557545832357
-0.4591362547223691
22.8423289886934
-4.290179731605304
16.7645764439315
13.06206410499434
22.88515538122447
20.63906316808452
-20.78122333617053
-2.965496629071144
11.75309684286825
23.72894797146653
-17.57667318040142
4.112678729259563
-10.68060058428205
-2.349867937022658
17.81572670761141
3.204550155256798
20.1655946455645
10.50665468852696
14.71859347291842
4.21193878306456
17.59651068132999
9.277603879688257
-11.6148964841238
-16.36708640835525
-2.982514498635525
11.83809656101408
7.120669529475599
16.22101306331059
11.97585112868369
13.3845718992734
23.48775594313108
-19.6162692423015
11.51190481735108
2.494949652308476
24.65850032627657
6.896072595856294
4.092659016314125
-16.79984131322092
-24.77749202658431
-18.79479605743675
-12.09322720701772
27.13051376952231
1.722860383474758
6.701568850474347
13.81608758928249
17.22371269764021
7.93900803261133
-6.077752543922722
-9.780264884697791
16.00931237072782
16.28487812755508
27.40388991371933
17.22105241017201
17.05960317404319
17.35224383707935
-16.35909388668918
-9.874109295116636
-3.043238577076481
17.71666820199663
20.87152874028446
12.23710960210143
-15.89063852164121
-2.744043016710123
8.993226869600157
22.5207010428349
7.859912634731357
-6.790294978611803
14.82061103666476
-8.318906802571343
-15.77906699962901
3.254057082145082
-11.39615051090939
4.382916493860042
-20.89250035246649
-14.4554544641445
-10.8173696178143
14.97220764098712
11.42096166216329
-9.284704665918612
22.36263067063848
6.484984593334573
-8.308294718152366
13.31585530712434
-14.79327931196935
22.1112188951454
13.14659550714571
9.100343537006394
3.638084842987578
25.87641612898244
25.7895772563906
-20.54403730809224
-9.447852777563726
10.25658183390832
-5.08825784780143
12.61766346953902
-1.924019743538464
17.43941614704035
-14.36365710285205
1.101639858741216
11.09618453516866
-3.551245981498524
0.27556575722015
15.45577945627879
-14.64743051126653
19.70443460865163
4.716005393509846
19.36343589739931
-1.730123301744444
-16.71855248464194
11.60004607434133
-14.98842920034268
13.33016939074864
2.361081628106248
14.24228568987388
-16.3377762811153
17.73484714404959
-15.98639176460205
-33.72123890917595
35.25132162202551
7.558334190838059
5.232617566286766
-7.977650721856794
-10.18283751090243
9.70637924174299
2.878022203554103
15.23470084865351
19.88921674995968
15.46529696445686
5.528321595103931
-9.936975348952943
12.35667862741957
-9.841039895915481
20.75990677901462
-19.33271322188366
-16.17785267995272
-4.184050803070326
11.96024117693464
2.882873388047259
20.33999742116271
3.154860541020591
15.14866242016042
2.2502677952364
-8.634419137570609
13.52913153807291
19.06072606781029
-20.6959956945746
-6.593721927158579
9.550570058719089
-5.515782003290544
10.62996417515789
-19.49211655434076
23.42295179703951
15.18021369576549
1.20387913566068
22.16355067503117
21.7479186673375
11.73726988740746
5.531594530607222
16.14429198221411
-12.89839462547453
-21.43908847980847
-21.31738731111873
40.51148337165576
-8.39290144857987
5.625579731474015
8.379756246614985
19.45110013941771
13.87238173825695
-29.0578680547772
-18.10817093425063
0.1217011729918259
16.14574618292981
17.70592130937603
1.560175120148012
12.7929876279618
24.39107634229065
-10.0106487787077
-16.21632413657518
1.240799894348586
10.65145994972357
16.22698036053202
-22.78995610407642
-22.40819896799783
31.48018737286672
-0.1216364473763937
-21.74157527461589
13.52747417617615
20.66210872591846
-12.92758415357022
-18.5063025598048
19.81634720072886
-6.908213842849582
11.32165828913801
24.24614416588287
11.88120409038032
22.83090121762111
10.94969712556218
17.45712403287769
25.94534886283002
7.134634548342329
-14.6607884056272
11.07134389298044
16.81654876483864
14.98618046813733
-11.02306848967903
15.97565799374441
22.66831966805795
1.048380828007875
-12.85343678538811
-5.578718402773456
5.745204871680735
32.74393135083786
11.59808871756864
26.99872648326754
-1.830368296837422
4.429796970966608
6.692661674157911
25.32264190946522
18.44827815660809
18.22987212390081
12.92448586964189
-28.01153988835415
-34.88590364052406
29.09871514762015
14.01848118022334
-18.81071432152418
0.6666236948564104
19.47733801712488
5.575520409250891
-31.60182382470703
-12.97184359362549
38.86403093950634
18.62998023554523
-14.65020760319887
-13.90181761226733
-6.874363752513426
51.83587453313184
57.11025503600895
5.274380502910708
