21.81091583263943
-11.48852983459849
4.121560334584975
-3.293719965830758
1.965874477352212
18.91045671649093
-22.49331333394829
1.364591816380412
6.311314095427212
4.587528310692631
5.712377956638992
-7.141995961116026
-24.69885509503316
21.44771856710357
-3.332549288877584
21.1494509307948
16.07190314663103
20.84628533897745
-21.51880490085084
-5.156750160346483
13.04246593886622
-13.2477950505054
74.79511028384613
56.96384147237404
73.85852684539667
-31.61721373849465
-27.82143801816101
-7.822613084326101
33.95921169078502
31.27155676837238
7.855625137421896
-7.361498207021425
18.18414364450401
21.81667001601142
-20.44380636489641
-21.43583241985055
-5.958082103382801
-4.479219457088172
15.76701289800599
20.9421760597468
21.14333333118731
-13.08741313200667
5.267435493389448
-9.454886752361123
15.83146450473242
-18.37010923138621
-29.05183490204862
-8.670727045315013
15.76140535816662
5.42217813053322
16.86174317972294
24.00402756383144
10.37856003445445
-5.077547784162401
8.786904219235021
-13.62546752953827
-15.21712334459646
10.32851850723543
10.16681983045661
-15.45610784633881
-10.68172567840312
23.7922873616929
-1.368436490925438
19.01267135875392
20.18460830294908
4.749411686164209
-15.89909248133897
-21.0594665323189
4.774382195657497
20.38110785533699
-19.69103002608479
-26.0030354995353
-15.87589784261534
4.064019246392827
19.57782258697202
-5.311868794178523
15.22877142841296
24.43213240165797
1.171936948077945
13.0654548254698
-14.21968429585581
-14.3813829768343
4.135164350200251
-2.941817928971544
24.07508142990752
14.18168300321315
-0.161698678476903
18.35484864445482
-0.9920260559237595
-11.36667757436428
15.96458690968295
1.100337822838395
-14.12893498504009
1.491383628386354
-16.22306477559501
6.785883309329253
18.31753487284685
14.04667360349513
11.43956504873385
22.26816938597809
12.63350540900331
11.89351787498927
-15.43519661549283
-2.613989472780862
-9.63466397460946
-10.37465151471475
15.47775031493229
1.747471207684998
25.11241428769712
-16.58026500946513
14.9007985648327
-15.24749487875515
23.17867671218578
13.36375897308918
10.3455839872135
-14.61638118917329
-28.19881943810831
-16.1618654951758
-6.371350846164002
-2.378958473237001
-16.58296656736083
15.35374415469474
18.53585982198312
-18.32773621616398
13.15332735557003
-14.82319947746009
-2.78378634133617
10.25301179065818
-10.21161572131673
21.72509500094241
28.46411638500945
10.74966797987911
-17.297324021496
-4.26052588863134
-10.24296797262512
9.508873647751386
-18.70020062886892
-16.46043307427579
1.332770130372789
3.504536738514048
7.211763618647613
2.239767554358944
20.03297075915773
-19.47811969045025
-13.43674054948295
27.9452032850141
21.02177532518166
27.29976638301675
-11.01797525861596
3.474288302459302
27.22748129080975
10.5929613104536
22.52979975090767
-23.1313037890385
-4.728924655775549
-14.2040080940038
-2.094129790217249
-17.10432365844603
20.91481829561271
12.82120714008019
-20.6485041665014
-2.900315564832336
-17.71444840431903
-18.95524273776806
-6.20700650906381
12.55528997641133
14.26627534633465
27.97125268454892
-15.01019386804417
7.615567235055591
19.65498036799835
8.418608492708582
-9.31942381771978
-15.0081189848181
19.96496980926036
-21.71788724530614
-2.65871641051563
12.03941313593393
-22.62368622034918
-11.2363718760107
13.03679813242959
7.054356049232164
-23.60897457267084
-0.5306587685160923
18.39914489691103
16.38173977967378
21.99402108120304
18.29072792541231
2.923532064671359
-17.7380323097248
-11.48532713192004
-24.66587462987506
19.75184162138691
9.79947356711496
-15.36719586070062
-9.952368055922882
12.74823623070448
0.3419072720006796
13.08777718821803
19.95535764137816
-12.73993097627935
-17.61561813304859
1.31418554870299
-16.60329035271803
-9.735709904126123
-6.648555970590477
11.57406416117976
13.82472588856287
28.50894365399057
12.74586991239122
22.70060429037586
-25.16666942777493
-13.08183824450584
6.86758045022452
9.954734381115584
21.28624032569882
24.01649775998485
-14.55683947604213
17.65443387718842
0.8819722929089122
23.07831583441734
6.15799425030178
-10.47652571660147
-18.64117209592194
21.30977406699029
21.23399217108313
-2.88544703561849
20.47328185717891
12.08483118929506
-9.711177627987428
-14.40885919801909
-4.875687152995245
-21.79600880799712
-16.92032161437747
18.92980367352908
-21.32012037886021
-5.688695166622549
-21.94509429190201
-6.927842317107098
-3.427745620037427
15.63142521309059
-13.2426633523153
-20.81853547837929
-0.6249739164790286
-16.63451996690315
-4.697681554966949
-13.18054749938278
-27.25872441527885
19.93991708168178
-17.88563920284805
-5.73298893562225
-15.62638736079604
17.68853117016507
7.535756311754149
17.84399812654771
-22.53778822948295
-15.33745242591977
25.50719638125905
3.519786764166884
-19.68650355397238
-14.86424908850775
2.259251843092053
25.42139551673941
3.271574564987555
-29.64270625711153
2.88589243140886
19.11907292028815
-20.36157180454533
-2.017405120497086
15.75572506355013
5.612281305520687
17.773130187307
12.16084887822829
-26.29026098937153
6.041379137615872
19.05917083398067
-9.814917733593406
-12.83309272609949
20.91100635051084
2.036534490897807
-0.6454368995350944
-24.47091498302511
-5.160374056622747
-18.87447186484231
-21.55644324239475
22.67406022079732
6.277991057132198
16.3620547407157
-16.39606917979946
-6.31200547471798
-7.57587212557782
-27.98014016352569
-3.631806447837348
20.19356156514561
-20.40426803843426
-26.50744948177583
-6.362063884125101
17.4633041088774
18.40237913971526
15.43881176895037
1.856373519420608
-1.723785763728946
23.82536801230962
15.01725197432141
0.9390750372898736
-14.07817692797092
-13.58243824984955
17.12350093245628
-21.09895258779669
-4.164073090744033
11.95959126426079
65.03847662647668
20.73919881009821
-3.580159285470382
-2.45530961752084
12.03695394455986
1.124849666952012
14.49226356154635
16.93487949502347
-0.07578189713711353
41.83815140095755
9.676261022667903
25.2863512248169
15.51380333425214
-9.893398425934132
23.42152010884157
-17.6893554980541
2.851284691447843
18.85723919705977
7.907716767271016
-4.349051143989716
15.61009018566639
-21.98740963598268
-13.79720434678542
3.795775720333136
20.54064022695108
-10.94952244008423
8.190205298215458
-17.35450609701206
1.785221679375729
19.37820178579646
20.32403779752321
-5.323042688617026
-17.19903913504291
19.13972776802606
0.1554669607393197
17.59298007613663
0.9458360060332307
19.99882494369901
-41.5384510126402
64.02820865439466
-38.97308531034554
-21.41398956419394
13.72198057604667
-12.79621967198497
-22.87993823317893
-0.9905719318225975
19.40506047433705
-23.81772947291546
34.75556024881067
19.05298893928834
32.20128014663258
-25.64708048516326
-11.02150980168509
41.7818247781565
13.14829120675962
-21.29931048169446
-4.210048710988771
21.62345285890744
6.060090937624708
20.68566162080167
-16.12414732292359
3.182115668584986
17.08926176847424
5.175163160699917
-19.0022926703439
-5.095146573356494
20.7383549927201
26.81188700782504
10.60538403953218
-7.470641103464343
13.90714609859267
11.53165156627058
25.83350156675057
21.88936629941222
6.073532016450617
-0.937791238242529
-19.9786146566642
8.45492532654638
37.08452202851373
32.76494449821036
-10.66961586877917
-26.13748982301093
-18.38344691939523
-34.19928120167555
-6.572277339484904
13.52897672325773
17.36268526116585
24.85250518631118
-15.81583428346709
35.74613218050893
27.62700386219441
-16.20650296815581
0.4013122479354148
-27.22569161373107
-4.670933084325715
20.10125406274659
13.94237889391943
3.698046078240129
20.30586129355296
-14.37797906545863
-18.64884033469817
-3.232877627635841
17.30674353702677
16.60781521595386
-18.07602514306815
22.55475853062731
-2.999117758802136
-4.270861269033798
15.41596270662129
-37.68552522999797
-9.659630391297831
43.26071993345638
-1.167159676062533
27.48223836798322
-20.9712923160008
-7.266314975186637
-6.287074555617388
13.27330618931485
20.87308180268594
13.70497734099661
14.68421776381594
-25.55387629065084
-17.95410067764404
18.56426487919186
18.61331197746669
20.53962116461696
27.16015635920605
16.12366435336893
7.599775613719346
28.02589483755695
-11.0364920079186
36.51836555538584
-39.06238684319206
37.14186875870907
46.93077933983759
14.01649851661886
53.07888536013811
-28.63353357495405
2.565365702293865
31.1988992818491
15.35049977422569
14.6255706833276
-22.18423826244481
-11.87599644597003
10.30824181693083
28.43353998482298
-6.15887516836922
11.32352846324837
-15.81577402024071
21.32905462942011
60.87722887925944
-7.008110212683395
-40.41560547573311
28.12785993166756
-32.92578554587749
28.62959670435331
37.14482864828116
-17.11001152392323
-47.62726897046291
-39.11203702851969
0.4361372215558513
-1.764620259025626
10.05429100471329
21.80244303652618
8.515231942548542
-4.319577528467547
45.8626487114301
39.54817425021221
-17.55685913393308
-50.30622807834741
-32.74936894719653
21.3663058105631
-9.775017081498312
-28.00588154384092
-18.95912142984574
3.947214175930641
17.69354706989032
24.59099636596154
-26.7867401671428
23.39548607145676
-70.22130053345025
-41.31034196827952
-0.3568666346719376
20.86241905354654
50.18222623895227
-43.43456036666053
-2.53306701402811
11.81891126327393
21.95666132154965
12.48512885203371
28.91095856679369
-15.51692104808218
-15.46787395243465
-44.42787961232419
-15.77848156372171
40.95347533349071
37.04652588638712
0.04904709759935651
-14.32391502035867
-18.23086446599174
6.895370666205452
24.26357112656428
27.46856415208091
52.8250074484372
9.788910581669597
39.90853651842386
-3.906949447089849
21.21928568802067
-12.91647092869761
9.046760113719694
30.11962593621327
-32.91428082261005
15.84749835396225
-3.521556993239514
3.089962511453467
-17.79368457607136
29.78412001179862
18.44167404447971
-14.27212758333621
21.96323104020095
6.380731407977295
-12.38343150518375
-15.11274182680783
13.84075130684865
5.531040361158196
-21.22317017622193
-3.307588601650925
22.63884049324152
-17.9691642664519
-25.49852560824887
-44.29927781923273
9.281134451045656
-30.04347333589729
27.98365095798133
4.736186722382044
-27.74666804895494
-2.245367107380916
23.13112275786676
-18.80075221312162
34.77966005777385
2.296805287780148
-30.94752793726133
-24.11943920786412
41.91393329966694
-18.37050411891973
29.76715757982737
-38.4511098675208
5.748935090314443
-12.1467757220011
33.2322140607747
-1.671227062751263
-20.32044369313386
25.47358140190482
44.20004495775197
87.10632189671884
-37.11682757742221
12.33075627318292
-20.88364708702019
26.69415750122729
-17.30061726989373
20.23133174467595
42.90627693976096
48.13766169962572
17.36820046246383
15.01819586356875
10.13775006025844
19.72656139627543
11.74815203294292
-9.471532466641808
10.69711845966725
21.20519169489936
9.588811332263548
-22.51042358676157
-10.09739989860493
20.50474742020393
4.724182688638761
-18.41725217790366
16.23318048964081
-23.24746423509394
19.81621030845671
-4.852528201285683
-29.63137354381402
7.900575471255406
26.66184890029472
-13.32894730817785
12.77097446151352
-49.03799408759259
-3.060686747893678
30.17843715693087
38.90598529666924
45.55836144522062
25.39670662544043
45.97730734035978
-17.83126881212871
25.5013009424115
-12.14242791883283
-38.47571798474242
-33.24433322515726
25.37648986614889
-37.64372886087382
-17.06312814199191
16.17599576762406
-6.462825756133678
14.29319995660199
-11.34244597004662
11.56388963481471
-24.66873851078359
-11.91207986534098
16.30242623632983
-18.76416291014933
-6.022111489197477
7.460019896401123
20.77747601919686
10.93542004060548
18.76127342931545
20.75602571115999
-22.87482150186063
-9.54248644304986
20.42528693224393
-8.629653436708585
1.994752281375238
14.73680370226064
-13.89087443879016
5.00529369287014
23.91149228885967
-1.141192006670762
21.8700115497949
3.273272606626076
-23.93608609209714
-22.23959066005689
12.75665864648344
-9.200494099219167
28.21450610324663
-21.95715274643666
-6.577228458071551
7.116107451992728
12.74205142081364
-2.729310321027287
-25.05268429467587
1.047237476438001
19.94340560742707
14.79844032832342
-2.041480739952136
26.09992177117087
-21.09839865436102
20.5806007185817
-43.2279754383791
-26.33329006590454
33.23912390812735
16.89468537236773
15.37992428952051
-9.731510009462136
9.017725034742167
16.95753152878723
18.89616813104636
-5.144965278918579
19.2086000135844
18.74923504401297
-28.80608579307863
-19.85715231513939
-3.429008027856863
-16.28899370282448
0.7754459343487417
14.49141948175855
18.12979362635586
-20.00990383377166
17.79891098363304
1.078467442045376
-15.25985938252481
-25.19703354327096
-16.83992106776085
24.35356529205227
2.998310070062583
20.06274970700952
-17.54586489686385
-5.187129709499536
-18.59673894288235
7.321139045442332
19.83823113644763
17.25237484298185
8.88144291421907
29.88130078734251
-7.75863265886974
25.91787798803824
-27.20935869883571
-0.06455023421397882
12.628925944361
27.01969446554791
20.59250780925221
9.342352618551201
18.2912860976416
20.99985787336365
-16.64007558591881
8.948933478514817
12.51709209111726
-25.98242821729978
-17.06194708469017
0.8584804217240778
28.66118383513043
26.73695247804541
-5.594937508685576
14.29646337720017
2.708571775818455
16.42814428669386
-8.043293871145814
-7.486975404979818
-17.32903138345556
13.27485290186139
14.32126507742487
15.525264386633
13.71957250999608
7.963581869241667
25.18658207971703
-6.427186660646249
20.97945720337112
23.85790514708203
17.92042750914739
11.4670095717083
-0.4593649700331325
22.84455741317585
-4.290815584591572
16.76617903352736
13.06353210676616
22.90633560410116
20.64378218947373
-20.78466856769937
-2.966022247036868
11.75456132675197
23.73164695313637
-17.57967553931885
4.113235781831565
-10.68222624167996
-2.350004601596237
17.81864632142085
3.204993027621797
20.16865092427907
10.50807323193945
14.72058357498963
4.212510340853422
17.59850194129393
9.278649634853194
-11.61638035813299
-16.36866578803275
-2.982674167964647
11.83890849954839
7.121270380973264
16.22222944893752
11.97708562599161
13.38599160173472
23.48993617810591
-19.61841117199858
11.5128505574604
2.49514354488322
24.66038053939041
6.897449296763676
4.09317142933916
-16.80185850404195
-24.78026785634773
-18.64921663048446
-11.99684048029009
27.14480846473378
1.696495432441487
6.652376150295849
13.69333591121942
17.22554400335617
7.939806493377213
-6.078378379398385
-9.781025306787894
16.0104819739469
16.28618056891859
27.40664389371593
17.22300020857763
17.06443963706034
17.35434769101602
-16.36098244922959
-9.875231376532026
-3.043526322166321
17.71830198420063
20.87342643144732
12.23832334523829
-15.89172604214461
-2.744196067216155
8.993801371219471
22.52205847942293
7.8604828068649
-6.790766958149842
14.82158262737838
-8.319852308135161
-15.7805647424744
3.254005913179168
-11.39724381674964
4.383320934549401
-20.89502997334773
-14.45661205799657
-10.81823790589317
14.97326937845027
11.42185999367014
-9.285737511481999
22.36455894806666
6.485751073929977
-8.309710947198123
13.31745612440162
-14.79546202182936
22.11355471846032
13.14752997878347
9.10095907346423
3.638374146905287
25.87847205578785
25.79150728121763
-20.54549203370342
-9.448594036581415
10.25702965310742
-5.088507848831958
12.6185494626796
-1.924231352783355
17.44020662805421
-14.36472046223192
1.10187975873488
11.09689800465626
-3.551409388901307
0.2756985953570666
15.45698417704603
-14.6483073836731
19.70562368480213
4.716130622882409
19.36443799320098
-1.730950549850717
-16.72044355504758
11.60138448335422
-14.98949303560437
13.33233505881083
2.361519796467409
14.24516811510934
-16.33832685630451
17.55909575041355
-15.84839951222421
-33.40749526366727
35.13597014229585
7.489819927500533
5.231384759590148
-7.978409367031267
-10.18364369767571
9.707757194074354
2.878447965271687
15.23718320839579
19.89140088680888
15.46660022581234
5.52942599348769
-9.937174196535443
12.35873521206945
-9.842055978533567
20.76182830660415
-19.33414194267313
-16.17901748854658
-4.184375560424317
11.96104479243395
2.883067509541267
20.34128477985997
3.155124451356158
15.14976638503706
2.25041148378115
-8.635103085330632
13.5301339120806
19.06208499693525
-20.69751149399722
-6.594157267913441
9.551263094220007
-5.516225924242051
10.63068457950746
-19.49351217421035
23.42451559959518
15.18128557720174
1.203999312460921
22.16523699653293
21.74924479202493
11.73799743989041
5.531951084115307
16.14542035652511
-12.89935490284679
-21.44211121546058
-21.31901595611119
40.457216758892
-8.394139031834632
5.623945623269313
8.380239991260995
19.45209322824412
13.87325250522874
-29.05494037513698
-18.10611862564578
0.1230952668270961
16.14691051119607
17.70705729742624
1.56014677531331
12.79383103013639
24.39261691285701
-10.01124735007987
-16.21729370749414
1.240923560074896
10.65196705380823
16.2276373347329
-22.7899142826303
-22.40786380002127
31.47856980926432
-0.121825976082825
-21.74142723358916
13.52825711313973
20.66321439988197
-12.92775518415728
-18.50659591489056
19.81644719631548
-6.907810027869829
11.32140390741007
24.24628085637215
11.883648368599
22.83247012964868
10.94882175809215
17.45821726958694
25.94642909516115
7.134957284446773
-14.66157566820989
11.07185323693106
16.81715393730925
14.98671377667588
-11.02331091977568
15.97559076156947
22.66808832623619
1.04848704646769
-12.85375107813983
-5.578840725025588
5.745300700430612
32.74420237476501
11.59878588813377
26.99890168100223
-1.830440160509908
4.429833669876974
6.692497564324036
25.32123229544401
18.44791833471784
18.22921392132876
12.92487693661929
-27.95995717657258
-34.83327113618542
29.08345362523178
14.01808465534747
-18.81147182298622
0.6664365690979558
19.47790839329987
5.575670278523548
-31.60039579317575
-12.97166106944932
38.81215528928497
18.62873473155493
-14.65124974747182
-13.90223812246148
-6.873313960169225
51.78381635873486
57.0434108018612
5.259594443180305
