21.80968518873044
-11.48808980716491
4.121404913417899
-3.291676621251183
1.963831132772528
18.91119664319408
-22.49384037311973
1.364644958259454
6.310903414199593
4.587238234348312
5.71202673427351
-7.123979639621432
-24.69959898102827
21.44812716418473
-3.332731295407644
21.14908911183093
16.07180567135222
20.84601745586489
-21.51892165394082
-5.156492810792704
13.14338971648145
-13.23314407391982
74.89773893750788
57.04728604637995
73.9614552968593
-31.60770814093321
-27.81299539524654
-7.819955358205347
33.88360971398549
31.26947251090198
7.855365819060188
-7.36172452137563
18.18322181200787
21.81477309531856
-20.44256161073415
-21.43452234006498
-5.957663659959774
-4.47894223219245
15.76593363935434
20.94068360755202
21.14250055893174
-13.08625070796841
5.267359712239239
-9.454699415583548
15.83083095665236
-18.36984483732159
-29.05142581594925
-8.670523882184321
15.7607457605034
5.422121050983252
16.86097684469373
24.00430576574696
10.37850927320286
-5.077283440471678
8.787215425143247
-13.62579649271852
-15.2170903406038
10.32785599311581
10.16616939329007
-15.45579274461187
-10.68158098731345
23.79196588799901
-1.368457075974634
19.0124448498043
20.18432187550264
4.749313676056374
-15.89868761686311
-21.05904714733002
4.774211788235575
20.3809019321411
-19.69059005424372
-26.00251026689329
-15.8751408520244
4.063737123906695
19.57625296815432
-5.311669566294039
15.22769101659527
24.43126964084422
1.171877029968683
13.06498242985947
-14.21875362120138
-14.38044022589721
4.134856821980583
-2.941584433948357
24.0737347876468
14.18089604482299
-0.1616866018162443
18.35361044145361
-0.9919607301406573
-11.36628720914104
15.9636193802815
1.100231085766654
-14.12790527374806
1.491253882432133
-16.22189516208866
6.785416889720023
18.31595286065808
14.04544886904638
11.43885579305077
22.26743186840807
12.63319069294753
11.89310539721388
-15.43500819798476
-2.613976373077382
-9.634241172938967
-10.37432647509737
15.4768586786971
1.747411988595543
25.11109984983053
-16.57992333518987
14.90006091654147
-15.24716706268949
23.17836914748536
13.36357238697386
10.34513171152925
-14.61611208389875
-28.19816615610368
-16.16093725793083
-6.370929572495576
-2.378803330435643
-16.58196850438257
15.35266772651904
18.5345188337192
-18.32733532270042
13.15264892630554
-14.82287282759295
-2.783711742057189
10.25252970958983
-10.21103893183088
21.7235972989907
28.4620966713838
10.74894762555049
-17.29658833026971
-4.260346877543054
-10.24247335517962
9.508299691687579
-18.69991073567081
-16.46018869628074
1.332756272257186
3.504462494895406
7.211635185373795
2.239722039121599
20.03266700783167
-19.47784374680383
-13.43636610852326
27.94394476647595
21.0206038561734
27.29853167244339
-11.01777305566684
3.474528466643314
27.22687744429211
10.5927575904287
22.52933218422736
-23.13103710429336
-4.728894846936996
-14.20316517400292
-2.093989887896834
-17.10328439043186
20.91332216463791
12.82103182195113
-20.64800129197515
-2.900119216710388
-17.71314904496448
-18.95379698024473
-6.206609747160058
12.55419498787781
14.26500752599969
27.9687068774513
-15.00929450250421
7.615445383521125
19.65460646561506
8.418449052294518
-9.31927860399051
-15.00787931240682
19.96465118729575
-21.71756578664584
-2.658673508902459
12.03916108532354
-22.62332469664603
-11.23615741401968
13.03624145218691
7.054114975546902
-23.60865935885074
-0.5306097320414613
18.39854834233925
16.38124170205696
21.99318617134127
18.29027238975121
2.923463483101447
-17.73772765550605
-11.48516424193475
-24.6654543763959
19.75077304803333
9.799147966396948
-15.36680890663658
-9.951625083408958
12.74718723520986
0.3418746228537287
13.0867189414855
19.95385460335634
-12.73951362428342
-17.61508517360081
1.314072918868781
-16.60191099103327
-9.734775333876998
-6.647942978374223
11.57257287578765
13.8236742985121
28.50666069774011
12.74484431440711
22.69881232265721
-25.16595687302001
-13.0813882428503
6.867135658821108
9.953968011596402
21.28589134208336
24.0161212101311
-14.5562971121468
17.6541395895942
0.8819529496732693
23.07804966060095
6.157970225137811
-10.47614961370658
-18.63978168810094
21.30734821132314
21.23095525851905
-2.885155236443642
20.47161727493236
12.08456863682255
-9.711082433091903
-14.40862772674033
-4.875571545030697
-21.79565105964863
-16.92007946925413
18.92915808341173
-21.3197951062267
-5.688600707697955
-21.94475250369119
-6.927726717504518
-3.427697876558562
15.63119439941969
-13.2424946296666
-20.81824070444028
-0.6249574012834092
-16.63411983884428
-4.697545276856658
-13.18029013616531
-27.25822704074828
19.93887796775465
-17.88446390366233
-5.732532980992459
-15.6253717224183
17.68694790410112
7.535161933658428
17.84237501199544
-22.53545219242007
-15.335810022045
25.50377168386534
3.519423759609376
-19.68437193955256
-14.86338829615286
2.25909218226278
25.41962583958451
3.252902528319483
-29.55782538910844
2.889767723378678
19.11745232057475
-20.29828571805637
-2.01730664394309
15.75462645527062
5.611944473746491
17.77193310287448
12.15998862517049
-26.37653379040112
6.041477634351114
19.05889227686887
-9.814796754399705
-12.83323743713652
20.91136772662873
2.036652659725734
-0.645413091280575
-24.46941630034907
-5.160359536766155
-18.8747150726678
-21.5567808093867
22.67434906345725
6.277927815478695
16.36242884338374
-16.39642126597729
-6.311920214063012
-7.575746074190416
-27.97968447229252
-3.631751751740741
20.19328330682727
-20.40393839868561
-26.506068968802
-6.361981622030851
17.46305341425212
18.40214226456888
15.43825006181934
1.856195988941867
-1.723665156384071
23.82503505781929
15.01702578566099
0.9390888575288666
-14.07793691803347
-13.5820540732321
17.12248047918849
-21.0982464038734
-4.164158577712382
11.95731988752781
64.97051422615824
20.73496303707176
-3.579861147916606
-2.455072623413885
12.03722890000165
1.124788523392412
14.49230152282753
16.93408782414199
-0.0763929540187252
41.83320944399758
9.676035578883566
25.28553033625031
15.51251583712365
-9.892838742124916
23.41948088849841
-17.68828027531221
2.851080270671286
18.85523378942769
7.906965043209457
-4.348561935311262
15.60949473897496
-21.98434794535113
-13.79516598029319
3.79471274568617
20.53936058778111
-10.9482687576726
8.189181975128891
-17.35251308462433
1.784937690648192
19.37481646048049
20.32079514833003
-5.322379158216235
-17.19708597066937
19.13745076598934
0.1554271126457851
17.58987873605016
0.9459786814790394
19.9930400480712
-41.44839334267041
64.07747920848929
-38.89075327897731
-21.37438716229083
13.73868661245525
-12.79209365097648
-22.87405780647364
-0.9892433538628042
19.38536337497314
-23.81173660042999
34.70303335270649
19.0470613683879
32.17745702624749
-25.6431743056054
-11.01964295010974
41.70356507560219
13.13039565722481
-21.29723645301909
-4.209613497964201
21.62064355003438
6.059433402309721
20.68296475772881
-16.12248648795917
3.181851108424183
17.08762295279271
5.174749967044589
-19.00040262930455
-5.094630787818876
20.735626256171
26.80836007132619
10.60419614524031
-7.46986665484311
13.90577184314449
11.53053597379045
25.83025704467153
21.88481445064973
6.07273381651791
-0.9376787924401813
-19.94774080007599
8.41083838104398
37.01405732711019
33.05738226258259
-10.74290209400949
-26.09140888209893
-18.35656101476519
-34.16864164821582
-6.566594695358321
13.51064929759642
17.3357156917406
24.80832722095245
-15.81208063464742
35.69227670645328
27.60204695285286
-16.20416392593645
0.4008797987459593
-27.20116715356837
-4.664153748760321
20.07724399295043
13.93357590843173
3.697537578413438
20.30258130228711
-14.3765252223275
-18.64702921374827
-3.232517325200849
17.30453820633257
16.60504372453258
-18.0740628001367
22.53701340602109
-2.998043098217076
-4.270503991240155
15.41451188808178
-37.45091667078677
-9.702129007402037
43.31567010398166
-0.9525938465068862
27.29553762419614
-20.96931091672037
-7.26561156269035
-6.2863245225084
13.27144396864299
20.87157296713857
13.70369935422321
14.68298639763231
-25.53505650545062
-17.93492750729916
18.56339531989904
18.59772965640569
20.53705553146143
27.15789749053948
16.12147846361445
7.600128998855342
27.74878766223258
-11.0364190289962
36.49832282573922
-38.78520668893555
36.99766663101794
47.03871556587536
14.22798764730985
53.01319433656268
-28.57316942232436
2.557640063692222
31.13080949113809
15.31766997746302
14.62353135545741
-22.18191989236006
-11.8747068121063
10.3072130806008
28.35857918274023
-6.143668084052885
11.29767792354368
-15.78783525811889
21.32635496790678
60.88440462284973
-6.991842414568441
-40.32134805533364
28.12123136469613
-32.84873652142574
28.60321894845766
37.11419022463979
-17.06090126155247
-47.63311576969424
-39.12214449551387
0.4359051596633632
-1.765077807461337
10.05427517966637
21.80277285507923
8.51097127479653
-3.956675062686934
45.86803796222122
39.55804965531724
-17.57561934142279
-50.33879259603344
-32.76317325771986
21.36686769051835
-9.775540932080663
-28.013055841837
-18.96461994169326
3.947452086389502
17.69464339624009
24.59243451274596
-26.37674232515897
23.4479706984401
-70.17702668105508
-41.29160384695745
-0.3283374474527204
20.91469507992873
49.82471302395801
-43.80028435625539
-2.533275614624102
11.81935298662986
21.9572600137857
12.48533403729312
28.88542283571335
-15.38284112014804
-15.34850678628449
-44.26826395330217
-16.02013247802624
40.96326639938042
37.07232768958524
0.0343343358229185
-14.34657620515028
-18.23751491346306
6.896456320565259
24.26508889451121
27.47018432899851
53.09246016593222
10.04104893540617
40.17285291563749
-3.890938709774442
21.24303252717707
-12.91960724897146
9.048435899849704
30.13180397968253
-32.81072791794786
15.86454979092505
-3.520190959483271
3.089457726387995
-17.78744514880611
29.79213872072713
18.44785218462385
-14.26725418983485
21.96804314659729
6.381057611913191
-12.38393853713351
-15.11372664385063
13.84131011446184
5.531255780454408
-21.22331199622653
-3.307602850523139
22.63902125068216
-17.96933836958738
-25.44834689223611
-44.23555119193036
9.259539669522061
-29.98408537288693
27.91185462889949
4.723801187837504
-27.68990419239129
-2.237376396504154
23.06839542890362
-18.7872043018211
34.70788656022805
2.294181181323335
-30.92993863881265
-24.11611049611484
41.90960239957843
-18.40909220128998
29.76686806686614
-38.53652241548783
5.707018296183901
-12.14273433486369
33.23774280543051
-1.671915019907119
-20.28096577208219
25.47676492277817
44.24354071157704
87.19459937164864
-37.10458747338397
12.33352277152955
-20.87690287468163
26.70268099520865
-17.30031686650444
20.23728816147974
42.9510586609069
48.17596026902395
17.36863257607544
15.01860964938124
10.13790702922342
19.72705290114545
11.74849767662374
-9.471925973556049
10.69746153852674
21.20587048944137
9.589145867629302
-22.51092976983216
-10.09755300883819
20.50515197271232
4.724226551419059
-18.41762375777484
16.22768459794935
-23.18805344056585
19.80427060780276
-4.843459201156645
-29.63383963875098
7.903765389715339
26.67167935434468
-13.33191626880015
12.77544667905696
-48.99986773401695
-3.05890327761407
30.10903584832959
38.81398361436381
45.45272400588713
25.38823610163447
45.94096445715582
-17.85045289186588
25.45252779671452
-12.12450168351671
-38.44902142804991
-33.22411982024131
25.3057718263009
-37.57702947985079
-17.02430111990295
16.14363801136776
-6.46539283329032
14.29757359506799
-11.34428653883956
11.56778548822062
-24.64772980999829
-11.90961424188882
16.30192337053724
-18.7649961459322
-6.02230961270546
7.460252499942438
20.77808162332552
10.93578706115491
18.76791396492764
20.76296642675549
-22.87606824269584
-9.543198462615081
20.42387382757623
-8.63017925453372
1.995052461340752
14.73773899437827
-13.89623267527182
5.005736711519677
23.91841664727983
-1.141674553437467
21.87701854987447
3.273667436861617
-23.93946304059711
-22.2494074748944
12.73811556914793
-9.162133815627959
28.21153761394282
-21.90024938551893
-6.556561227775651
7.103804694620797
12.74268653303732
-2.729788106099694
-25.06009119985723
1.047271749505957
19.94924113558336
14.80375039240343
-2.041398098218435
26.10736294943647
-21.10773292262024
20.55272835962951
-43.23868899439914
-26.32451974451281
33.16793912961364
16.91416924974295
15.34368815893527
-9.732002282858664
9.018098705930985
16.95809667271566
18.901969386151
-5.145490742942441
19.20952194551698
18.75010098851534
-28.80871088551001
-19.85851768896507
-3.429173523012636
-16.29021169147109
0.7754355377971531
14.49185085287388
18.13029188478933
-20.00961664315422
17.79958593896857
1.078692605115581
-15.25971876574935
-25.19690738442048
-16.8451484900517
24.35501268789987
2.998390436169626
20.06403766544897
-17.54655168130718
-5.187290741266507
-18.60335111262522
7.325039729710925
19.8435389247547
17.26196400037974
8.885531426380142
29.89138409722824
-7.760977882652232
25.92839084194855
-27.2131304775715
-0.06445053491578136
12.62942009684887
27.02069079797833
20.59332939441132
9.346332033654409
18.29652523130347
21.00585267109669
-16.64650932333026
8.950193197097004
12.51849919508724
-25.99284137128237
-17.06252030849074
0.8585040636321523
28.66172623624827
26.73744426832399
-5.59516031649595
14.29676710474737
2.709327439925386
16.42934416515199
-8.043460153734602
-7.487141374581816
-17.32943593658471
13.27512716527672
14.321542477632
15.52556882459731
13.72001672415572
7.963909302437425
25.18737670899883
-6.427361408442067
20.97993096707108
23.85848532775175
17.9210243752783
11.46735998709186
-0.4594209575846855
22.84507830679525
-4.290975021890845
16.76655278863534
13.06388132483736
22.91207202631233
20.64498242578053
-20.78550825299589
-2.966143674658342
11.75490724400077
23.73227694497357
-17.58041281555325
4.113365619989585
-10.68262169732826
-2.350022929442674
17.819364579163
3.205095436616866
20.16938750995766
10.50840894719238
14.7210509199198
4.212641970294968
17.59895551154054
9.278884732320673
-11.61672461678973
-16.36902352161044
-2.982709958522668
11.83906969129792
7.121401575036881
16.22248574973187
11.97736970045034
13.38631354261738
23.49042510677658
-19.61891132584051
11.51305541233416
2.495184239104414
24.66078493731227
6.897791117183825
4.093306034938878
-16.80230324770347
-24.78085845999782
-18.60905075228932
-11.97031035892917
27.14867994276807
1.690055566253999
6.638740393474102
13.66036592358822
17.22597374623487
7.939997965957966
-6.07852551806927
-9.781196982168055
16.01074291473167
16.28647711281729
27.40729240864141
17.2234674044454
17.06564722927405
17.35485634616398
-16.3614239724819
-9.875490994208175
-3.043594844682778
17.71867369454099
20.87385684885846
12.23860457624383
-15.89195582370968
-2.744226306547861
8.993924905243359
22.52234696757131
7.860611439848843
-6.790871631131991
14.82177960503892
-8.320070781121542
-15.78092543347918
3.253973630442379
-11.39750940144292
4.383416041859374
-20.89560932722499
-14.45687615527997
-10.81843511525553
14.97350478531645
11.42206404433454
-9.285975781946023
22.36500263079573
6.485932979362484
-8.310054335482889
13.31782912509058
-14.79598731560591
22.11409556680628
13.14772952146135
9.101084180825737
3.638441034323515
25.87894020412745
25.79193989725228
-20.54580831639532
-9.448759097136545
10.25711094571815
-5.08855957951442
12.61874073429821
-1.924281963157229
17.44035393191688
-14.36495913626789
1.101942511020945
11.09704922757748
-3.551440745494885
0.2757341984694931
15.45724872802263
-14.64848996197347
19.70587003740726
4.716145961938702
19.36463590893829
-1.731169336751209
-16.72089334886292
11.60170041475897
-14.98972404603252
13.33286978008084
2.361629773961616
14.24588904390255
-16.33841140630111
17.51636612144192
-15.81313951879621
-33.32950564140461
35.11307377700539
7.472611531559902
5.224901607828964
-7.978555228708687
-10.18382501813837
9.708102409711309
2.878554384761927
15.23781538707598
19.89192742229808
15.4669016526711
5.529712954085945
-9.937188658628187
12.35926096763516
-9.842294562086751
20.76226853954126
-19.33445160059743
-16.17926843852284
-4.184446408634977
11.96121774235552
2.883108054088917
20.34155658793907
3.15518315880018
15.15000519514124
2.250441658258322
-8.635252271664264
13.53034842978049
19.06237649119822
-20.69783966994252
-6.59424976867425
9.551414392513236
-5.516325153450266
10.63084057776276
-19.4938133113525
23.42485120507166
15.18151452474215
1.204026350518161
22.1656007004945
21.74952425902546
11.73815121334294
5.532028060242417
16.14566415505225
-12.89956353875585
-21.44283029824019
-21.31936354667116
40.44214129583726
-8.394431135360421
5.623477539018684
8.380338849810881
19.45228914192789
13.87343681238976
-29.054053089019
-18.10550968220546
0.1234667599076601
16.14716573946295
17.70730029806907
1.560134546438484
12.79401063843256
24.39293730061796
-10.01137304340226
-16.21749619829707
1.240952332652157
10.65206706945082
16.22775600637771
-22.78981231800473
-22.40768488748976
31.47799432604392
-0.12187519002534
-21.74130176779784
13.52842206780487
20.66344010844233
-12.92775306883854
-18.50660540681118
19.81640261139735
-6.907678739871611
11.32129774994191
24.24623018877772
11.88425932568114
22.83280274536762
10.94854341637957
17.45844853298463
25.94662410150709
7.135018038099257
-14.66173552286718
11.07195029200278
16.81725637503209
14.98680367576092
-11.0233370338389
15.97551256469103
22.66793714992508
1.048510547329707
-12.8537897304944
-5.578852331656173
5.74530608314393
32.74415567391937
11.59892666818826
26.99884959813605
-1.830452699077074
4.429827588286477
6.692424584840463
25.32073677334313
18.44773627352501
18.22897647427387
12.92493242507326
-27.94566325885013
-34.81866375744031
29.07913898987012
14.01790867464223
-18.81160607709828
0.6663831226804837
19.47798920112214
5.57568893429713
-31.5998695248092
-12.97155734455779
38.79773715026337
18.62831218899118
-14.65148305143312
-13.90230027540221
-6.87300049920391
51.76929449482184
57.02480224878301
5.255507754020695
