21.81062333467013
-11.48842654298052
4.121522109450063
-3.293299655812956
1.965454167334371
18.91059221158883
-22.49339744997406
1.36460163651764
6.311227852031267
4.587467644485785
5.71230445761168
-7.138235304010117
-24.69901876997849
21.44775075545857
-3.332589191540969
21.14940500104235
16.07190481342356
20.84625820062262
-21.51885749393281
-5.15670610561155
13.05880333773108
-13.23454665652867
74.80129952856593
56.96977968641199
73.86522533789511
-31.6153467143375
-27.81979287004778
-7.822063975153583
33.94387494846736
31.27113325278337
7.855569866749516
-7.361566597947157
18.18396256834528
21.81629189420867
-20.44352182517147
-21.43553590539026
-5.957983232913659
-4.479156464918379
15.7667544441263
20.94182130641272
21.14313117568854
-13.08717069276739
5.26741508510153
-9.454841358574846
15.83131174542171
-18.37007674439376
-29.05178494965166
-8.670694056780345
15.7612798175006
5.422174056991865
16.86159474273945
24.00411373182145
10.37856135941394
-5.077500187616257
8.786977266968661
-13.62555237257147
-15.21713646485284
10.3283927017521
10.16669842681379
-15.45606157540794
-10.68170821319137
23.79225080114294
-1.368443237960573
19.01264764766642
20.18457400667387
4.749398086523873
-15.89903126357422
-21.05941095297362
4.774353390594166
20.38109089142834
-19.69096769933656
-26.0029643064505
-15.87571609550946
4.063953617411244
19.57745851151228
-5.311819397233807
15.22851865867598
24.43197387245325
1.171926362969313
13.06536762867391
-14.21949116581584
-14.38118544509067
4.135094633185317
-2.941764760758744
24.07476433660839
14.18149881969816
-0.1616942766960943
18.35458579737397
-0.9920140811557651
-11.36660624195143
15.96436536210028
1.100314926580979
-14.12869343768428
1.491363441637708
-16.22279162886806
6.785767099458767
18.31715410322086
14.04637520728654
11.43942068525012
22.26803341651773
12.63345465384602
11.89344126324605
-15.43517591882339
-2.613989950547595
-9.634578760274513
-10.37459215703375
15.4775526709671
1.747460117099732
25.11213142940498
-16.58021336527298
14.90064267614057
-15.24744460130211
23.17866008629252
13.36374856630968
10.34551313691477
-14.61636348533399
-28.1987796586274
-16.16171256226449
-6.37125239272638
-2.378920298744279
-16.58274114437737
15.35348528383057
18.53554023921609
-18.32767348136641
13.15318255745039
-14.82314786651556
-2.783773300196322
10.25291128843769
-10.21148875173498
21.72473767661867
28.46365977474442
10.7495047030563
-17.29717381013386
-4.260489220586803
-10.24286439115209
9.508748066730448
-18.7001629657105
-16.46040194858552
1.332768763652834
3.504525614656473
7.211745763253401
2.23976101688378
20.03293172927681
-19.4780884124376
-13.43668358754348
27.94501230707261
21.02159849506542
27.29958119740512
-11.01797385766507
3.474348768595423
27.22739541891186
10.59293392340797
22.52973543182599
-23.13128260696226
-4.728924626286953
-14.20382084554899
-2.094098190824446
-17.10409211412938
20.91446053837142
12.82118596557782
-20.64842934910803
-2.900271268948333
-17.71415507086508
-18.95491170853184
-6.206908822443407
12.55501176694344
14.26592787561996
27.97059916760015
-15.00999392315171
7.615550460543874
19.65492502362879
8.418586079593828
-9.319404667402784
-15.00808772924612
19.96492755964094
-21.71784942986389
-2.65871063012643
12.03937456612472
-22.62363819031496
-11.23633894475145
13.03668458909062
7.05430941936254
-23.60893063724393
-0.530650427391047
18.39903606260036
16.38165665597221
21.99388703796353
18.29064836428654
2.923520584981539
-17.73799074627766
-11.48530624137565
-24.66581852333014
19.75161245892473
9.799410033032919
-15.36712777927022
-9.952202427567572
12.74800288811415
0.3418982866517352
13.08754436198313
19.95503742089802
-12.73985441727863
-17.6155213115889
1.314165195086904
-16.60299117365417
-9.735498119337395
-6.648431921391601
11.57400041145766
13.8244047804209
28.50825993881319
12.74564607142397
22.70020531948935
-25.16653781226805
-13.08175270005159
6.867493055955981
9.954559251240259
21.28621756584392
24.01647794479787
-14.55678222923933
17.65441593917512
0.8819661211610376
23.07828024083543
6.157995285034094
-10.47646619669739
-18.64087222913266
21.30949853247419
21.23299220035711
-2.885384024195623
20.47283669984225
12.0847851183703
-9.711166809921178
-14.40882682784128
-4.875666890431686
-21.7959519188061
-16.92028498678317
18.92968649828289
-21.32008304047852
-5.688683061318075
-21.94505488267249
-6.92782777393951
-3.427738818032885
15.63139998002114
-13.24265033107774
-20.81851093457277
-0.6249718457090688
-16.63446148173139
-4.697660002503069
-13.18051228343865
-27.25866006691019
19.93966970542084
-17.88536104999828
-5.732882392877864
-15.62614790829253
17.68816652485062
7.535616719061094
17.84362521340805
-22.53725657709364
-15.33707997498294
25.5064375255355
3.519704292819222
-19.68601979658958
-14.86405043717735
2.25921314274144
25.4209777712224
3.267434201887084
-29.62871070706645
2.886603856968045
19.11850947019825
-20.35288969213884
-2.017379409969767
15.75548820825852
5.612230386078783
17.77286762156987
12.16063723185156
-26.29334999425966
6.041404821424832
19.05913879891443
-9.814911514355519
-12.83314695051595
20.9111139193086
2.036562151568399
-0.6454311071461338
-24.47066353895695
-5.160379695176166
-18.8745517730787
-21.5565450186258
22.67414800244437
6.277982701618802
16.36215138853757
-16.39616531734025
-6.311996608411205
-7.575860602989076
-27.98011205293886
-3.631801625980347
20.19353909219578
-20.40425145045597
-26.5072256985566
-6.362062006985123
17.46327869074039
18.40235798728271
15.43874835039968
1.85633217649566
-1.723760186037681
23.82534071748738
15.01722710824882
0.9390793031493744
-14.07814779582705
-13.58241617423091
17.12326358075819
-21.09639435645261
-4.162134824861982
11.95963821855282
65.0174183011209
20.73331656805016
-3.580092364909211
-2.455255529254954
12.03706709803138
1.124836834633708
14.49232262674103
16.9342595295635
-0.07650633334389149
41.82971092756335
9.676204384788139
25.28615307096323
15.5135048876114
-9.893265516162502
23.42104892085425
-17.68910122521972
2.851236796822102
18.85678427493853
7.907544025751673
-4.348939837924569
15.609948669303
-21.9867332520565
-13.79675734456034
3.795553844289228
20.54033806037803
-10.94924025971871
8.189975916729084
-17.35405607141195
1.785160144017985
19.37747137309796
20.32332234157269
-5.322889436120539
-17.19859737717127
19.13921620688026
0.1554586929946642
17.59231119808236
0.9458509626431547
19.99772890499608
-41.51765071468949
64.03419642246313
-38.95401710249976
-21.40447312791388
13.72401425182917
-12.79493871569837
-22.87823345329893
-0.9904634265069633
19.40166195277468
-23.81601956713667
34.74589262952299
19.05187794401078
32.19660066878103
-25.64621177672365
-11.02108085217285
41.76593892674092
13.14472272417541
-21.29883979002734
-4.209954625547734
21.62286054051045
6.0599435040121
20.68507442830752
-16.12377293074509
3.182054956667305
17.08888516224191
5.175066861222654
-19.00185989762293
-5.095029694946285
20.73778546725374
26.81120173908552
10.60514897839139
-7.470472890465954
13.90683020429282
11.53138700653536
25.83281516287556
21.8877700248444
6.073416273180936
-0.9377861123392572
-19.97230306331864
8.445761550283816
37.06590732659409
32.8707025415665
-10.68971534785087
-26.12704895613141
-18.37863562083505
-34.19298937181726
-6.571641185312506
13.52625352805462
17.35772043512447
24.84409928628455
-15.81435375217101
35.73635605590728
27.62134818650682
-16.20605276055457
0.4018218447106922
-27.21952634126603
-4.670249324956967
20.0978947133694
13.94314881807308
3.697980010509512
20.3058546149902
-14.37764185904096
-18.64842075484706
-3.232833355255611
17.30678717778854
16.60787460512537
-18.07562186892523
22.54927701752921
-2.999067439474881
-4.270778895605474
15.41558739914541
-37.65504516070793
-9.686815466183308
43.24957063075542
-1.138000958409447
27.42011158735484
-20.9709001330579
-7.266228838482174
-6.28704497970413
13.27339169439293
20.87302558686767
13.70467129476034
14.68385515678382
-25.54834445822366
-17.94871056610912
18.5683336390935
18.61339814225
20.53962053299314
27.16007056747246
16.12177304178097
7.599633892825342
27.96822969337964
-11.03829752777087
36.51704420375074
-39.00652721886505
37.10692705296449
46.94739777137892
14.05125286130212
53.05778008049234
-28.62121620620232
2.563633612188912
31.18484982309851
15.34423067649582
14.62513092442313
-22.18371643669338
-11.87570794061713
10.30800849651005
28.41806461521648
-6.154745894836773
11.31784575842341
-15.80811360196612
21.32508083629979
60.87333790383279
-7.004548188005068
-40.39471131869862
28.12393919593169
-32.90833246283111
28.62014577869735
37.13319443688496
-17.10021885914317
-47.62518774563959
-39.1121390894401
0.4361179783287424
-1.764592152601502
10.05432579381123
21.802547565781
8.513048656807044
-4.195204783190766
45.86059559302997
39.54825706790617
-17.56078346598428
-50.31018217063338
-32.74939870749795
21.366429582945
-9.775079899533678
-28.00726907244546
-18.96014924704032
3.947246044894844
17.69370942983774
24.59120871651593
-26.65052910029939
23.40527127462104
-70.21094698903185
-41.30577350313609
-0.3512352272192189
20.87208654538728
50.0558003752744
-43.5604178890868
-2.533184725350578
11.81891794594102
21.95668716164985
12.48510413557303
28.90517348751726
-15.48239810700782
-15.43733360648185
-44.38757159197186
-15.82945904164755
40.95453827579845
37.05018181208591
0.04506450247932973
-14.32783271433303
-18.23218917657267
6.895489056616782
24.26378248318371
27.46878933006073
52.87964085206025
9.840470718957059
39.96247712684327
-3.904356463697418
21.22332177240737
-12.91716372389977
9.047119825125877
30.1220064073436
-32.8961449094663
15.85107526697448
-3.52141033465249
3.08987404449086
-17.7923414755993
29.78565608414522
18.44287320967183
-14.27093114145273
21.96428354680777
6.38077925721276
-12.38350557019577
-15.11289125862429
13.8408339604909
5.53107141093466
-21.22316155323129
-3.307585333993437
22.63883791171861
-17.96916857267327
-25.48756307271576
-44.28410173592287
9.275821013405128
-30.02903036224693
27.97384727160324
4.73435372285497
-27.73312017156637
-2.241936695520186
23.12263730116052
-18.79653866534269
34.76338408459829
2.295910191516313
-30.94426692767523
-24.11837622571313
41.90621726247747
-18.377961114334
29.75848900444081
-38.45398722603122
5.740415112746969
-12.14772826019614
33.23311623326742
-1.671351316320372
-20.31353381172783
25.47407453658824
44.19440233869261
87.09977199525127
-37.11412113433354
12.33126367513186
-20.88221551958394
26.69578204053393
-17.30045135528038
20.23245279921404
42.90536965736113
48.13645011965124
17.36829342867694
15.01828885842177
10.13776921770884
19.72663863798605
11.74822177311631
-9.471583023189966
10.69716950458667
21.20529681047108
9.588869416413734
-22.51048510187684
-10.09741490391227
20.50478928839721
4.724177302574979
-18.41729803468797
16.23190561399007
-23.2394935482448
19.81366977998035
-4.851209971611748
-29.63171503114546
7.901189123845158
26.66367192408005
-13.32944756987892
12.77177438623187
-49.0309392884205
-3.060470150336009
30.16603364658676
38.88963882138884
45.53962106401389
25.39496634174138
45.97046913876403
-17.83151984282716
25.49118347688155
-12.14021704683081
-38.47125758130977
-33.24017711930524
25.36457399758026
-37.6314005233399
-17.05589772226037
16.17060607956278
-6.463329240897932
14.29399810238041
-11.34278287720286
11.56461241379535
-24.66487975263284
-11.91161208516036
16.30226746193826
-18.76428482437583
-6.022142294962612
7.460054700780161
20.7775620808956
10.93547497631242
18.76248280051553
20.75732734169712
-22.87503193431615
-9.5426109322641
20.42496546646618
-8.629744400796429
1.994844540708664
14.73698707003041
-13.89189753785207
5.005373890986393
23.91267309518577
-1.141285581044318
21.87127297280627
3.273339070729378
-23.93661305333024
-22.24138445830298
12.75326766851281
-9.193967918711923
28.21387954866238
-21.94723558796061
-6.573648170435599
7.113780673536329
12.74214252926456
-2.729385687827554
-25.05395867537435
1.047263282176107
19.94453471033459
14.79946573945309
-2.04140012325172
26.10122195761077
-21.10009887827199
20.5755028007756
-43.22648618539667
-26.33104053447082
33.2265038003003
16.89544565081152
15.37358741868783
-9.731613179101053
9.017786535155697
16.957617270233
18.8972714282191
-5.145068970685758
19.20877364855634
18.7493997140485
-28.80661739765688
-19.85744983920479
-3.429040449696175
-16.2892356974417
0.7754451100032643
14.49148924524594
18.12987195418514
-20.00978919231513
17.79903320865719
1.078518942559706
-15.2597900472955
-25.19694583593251
-16.84086586217879
24.35384261876919
2.998316005107199
20.06299681237429
-17.54599057174685
-5.187156643617618
-18.59793390176979
7.321800164873592
19.83918186589167
17.25409974710327
8.882164206359793
29.88312718140813
-7.759041696679057
25.91973406633632
-27.20995212417218
-0.06452627129694663
12.62902743430524
27.01989525739492
20.59267835224053
9.34305440325479
18.29222196284843
21.00096297529027
-16.64120591616833
8.949167559022872
12.51738170111607
-25.98426033255239
-17.06204557404291
0.8584841175832929
28.66125102975823
26.73701200530711
-5.594978805687482
14.29650520032567
2.708741012545512
16.42840938887676
-8.043316028953532
-7.486997629379077
-17.32908473383596
13.27488763108822
14.32130022361431
15.52530197542426
13.71966837541284
7.963650922392765
25.18673513730751
-6.42721690961193
20.97953275662961
23.85799908316732
17.92052969444548
11.46706676393536
-0.459373934994291
22.84462502562551
-4.290845805921513
16.76622550204452
13.06358103768962
22.90739529024052
20.64396267106009
-20.78478948824636
-2.966041537537477
11.75461336944171
23.73173603588862
-17.57978263848682
4.113255114460134
-10.68228335021008
-2.350004572965969
17.81874795148094
3.205006848987165
20.16875252572723
10.50812730250411
14.7206549081922
4.212527603443255
17.59856601205091
9.278682853492365
-11.61642738944852
-16.36871136373808
-2.982672935051066
11.83891935360155
7.121284356339204
16.22225254917889
11.97712266602766
13.38603840991768
23.48999572938719
-19.61848092215545
11.51287306884064
2.495147383465615
24.66042142110143
6.897499287367674
4.093187088159789
-16.80192309377597
-24.78033994737402
-18.64218249551186
-11.99220025120437
27.14542585298737
1.695228595459141
6.649982244411516
13.6874288451345
17.22559943687923
7.939830734377038
-6.0783995233634
-9.781043988279794
16.01051057035233
16.28621672890456
27.40674969663979
17.22308421297249
17.06468080735629
17.35442684322402
-16.36104305719975
-9.875267147191588
-3.043535672786491
17.71834958717382
20.87348076388018
12.23836116344416
-15.89174460045252
-2.744196255359502
8.99381032837784
22.5220787010043
7.860495454383559
-6.790776391204458
14.82159224756994
-8.319883160295245
-15.78061199699189
3.253992984047569
-11.39727882563653
4.38333318038369
-20.89511022284404
-14.45664337263196
-10.81826065606366
14.97329390619006
11.42188451035103
-9.285768704039105
22.36461625205017
6.485775911211278
-8.309762551057345
13.31750738174203
-14.79553846298198
22.11362830725727
13.14754834903872
9.100968198468349
3.638382711267607
25.87852788718406
25.79155455908834
-20.54552113921531
-9.448614038982212
10.25702625037113
-5.088510865003812
12.61856298491582
-1.924239020054477
17.44020085577415
-14.36474583382916
1.101891820092238
11.09690710792736
-3.551409400040152
0.2757061589372821
15.45701026617534
-14.64831649783528
19.70564028435226
4.716123404347856
19.36443988849823
-1.730997457945375
-16.7205142798736
11.60142351789601
-14.98951685305243
13.33242100205213
2.361536721131189
14.24528758465683
-16.33830902234477
17.54954397894848
-15.8406191513096
-33.39016313131553
35.12848738184
7.486378853513839
5.231080462012712
-7.97841686866809
-10.1836654964913
9.707818515537625
2.878466348612668
15.23730033383048
19.89148400696319
15.46663765887644
5.529481796960285
-9.937155825276619
12.3588339534238
-9.842087104520035
20.76188526021389
-19.33417158697592
-16.17904040321071
-4.184382797433708
11.96105818419746
2.883070681083773
20.34130335385242
3.155131180891982
15.14978879241012
2.250414343330923
-8.635119599542966
13.53015444106479
19.06211108308866
-20.69754007236827
-6.594163855492141
9.551277135602266
-5.516235977293956
10.63069574409694
-19.49353830976622
23.42454221012428
15.18130410268478
1.204001755123946
22.16527403971477
21.7492622396933
11.7380065852119
5.531956641195578
16.14544098537857
-12.89937445072761
-21.44221452472736
-21.31904425634392
40.45407210977972
-8.394180354201556
5.623838653880004
8.380245173569957
19.45209812707714
13.87326507437103
-29.05470987359486
-18.10596283664644
0.1231702760367746
16.14693172900135
17.70707383549604
1.560142095322622
12.79384647629533
24.3926400668421
-10.01125565238072
-16.21730559806788
1.240927071920249
10.6519694854737
16.22763254852443
-22.7898496567671
-22.40778221835159
31.47838625812621
-0.1218352465741698
-21.74135969390697
13.528268377673
20.66322513376574
-12.92773107623217
-18.50656413680238
19.81640248305909
-6.907770541862893
11.32136261462565
24.2462265420328
11.88375091466251
22.83249796343749
10.94874704574628
17.45823267200959
25.9464232459875
7.134956753747765
-14.66158324216912
11.07185295344244
16.81714465641787
14.98670547862562
-11.02329684700843
15.97554501057284
22.66801443034207
1.048489960224698
-12.85373602246079
-5.578833054738322
5.745291703040532
32.74413355345933
11.59879359608018
26.99884185722797
-1.830439177654382
4.429824069015534
6.692469419416184
25.32107792973508
18.44784308706307
18.22913314221331
12.92486391477474
-27.95699861493924
-34.83023345647455
29.08253600184286
14.01801900832909
-18.81146650480096
0.666422527176277
19.477889033219
5.575663060602963
-31.60022151271493
-12.97161300996457
38.80916778378548
18.62860851076477
-14.65127182763611
-13.90222598048318
-6.873234842103361
51.78078079375071
57.03953461684018
5.258753823144553
