21.82036337627741
-11.49221870721255
4.122860308964322
-3.305935116111917
1.978089627633582
18.904818400422
-22.48861924774525
1.364184388338408
6.313805944643988
4.589291342066007
5.714516241543471
-7.242581270406819
-24.69105659542474
21.44328280994124
-3.331091235236786
21.15283062606211
16.07337323288981
20.84906223663499
-21.51937450386681
-5.158660718350498
12.11560464201076
-13.27428438675936
74.14112842488478
56.43586589314915
73.19601508411981
-31.67959621099753
-27.8766832624791
-7.840085606496344
34.44976307440908
31.28677197114294
7.858132703175274
-7.360019847273811
18.19127343240829
21.82990680781905
-20.45296530564308
-21.44544353151533
-5.961146445677302
-4.48124781980908
15.77493171170909
20.95328225984846
21.15021825271763
-13.09549854109253
5.268335392443197
-9.456865163324098
15.8366849316538
-18.37282563819798
-29.05604130766644
-8.672484673409876
15.76645877173391
5.422848775351026
16.86752046077899
24.00366626000988
10.37944726677783
-5.079457393212917
8.785513709498334
-13.62421899331285
-15.21815255051159
10.33314072929555
10.1714554206032
-15.45890466795297
-10.68321567139798
23.79567441380581
-1.368392417999954
19.01516421494616
20.18753986790751
4.750289484749527
-15.9024817407845
-21.06324647753211
4.775689004516995
20.38355663426141
-19.69485405532868
-26.00772295505126
-15.88188286191891
4.066061139791144
19.58933087096034
-5.313533311639098
15.23680727585272
24.43894344343759
1.172375654458363
13.06916068892597
-14.22644612335589
-14.38813143210404
4.137387816546166
-2.943459745313862
24.08533181490992
14.18764657450463
-0.1616853085822795
18.36383393908646
-0.9924782278306193
-11.36978275280508
15.97171748854247
1.101061688509624
-14.1362247755342
1.491991491953611
-16.23140961907682
6.789593250635945
18.32958814963831
14.05599291264894
11.44467168623283
22.27408955345225
12.63621190738701
11.89678503375077
-15.43725038291014
-2.614220663618103
-9.637877644658786
-10.37730452233801
15.4842970835161
1.747952725883147
25.12217472608483
-16.58336039576077
14.90628840384754
-15.25043256985881
23.18182547510736
13.36561165736112
10.34888195436986
-14.6186969181565
-28.20396986142129
-16.16822298962135
-6.37436785453598
-2.380165808075556
-16.59025417346476
15.36171030089764
18.54565221995854
-18.33131312126239
13.15833567676949
-14.826104121643
-2.784409277659679
10.25658445258275
-10.21588632013485
21.73607815618129
28.47820190371172
10.75480079254335
-17.30284767875386
-4.261853948937422
-10.24660402947419
9.512901771746112
-18.70306593354424
-16.4628864176137
1.332927824987511
3.50520899956389
7.212964039909575
2.240179515907631
20.03599375852469
-19.4809270241982
-13.43980718410258
27.95413470124365
21.0297755687629
27.30851649865158
-11.01951954587522
3.472954702124791
27.23281952933234
10.59482977801394
22.53401231571487
-23.13422181895276
-4.729372624982111
-14.21008836418295
-2.095184843859645
-17.11183958676801
20.92581802786818
12.82302971865976
-20.65277122418354
-2.901751223646534
-17.72340111071328
-18.96530013223312
-6.210116528743996
12.56400142223577
14.27604435458819
27.99143169827892
-15.01665474177466
7.616758536810424
19.65845337921358
8.420097065841988
-9.320855553594322
-15.0104654837221
19.96809541580706
-21.72110653922986
-2.659128602359534
12.04169484392757
-22.62722401951305
-11.23835631422589
13.04099373002952
7.056243649049069
-23.61226613279174
-0.5310033096849935
18.40380133347544
16.38568286821164
22.00002622430289
18.29459996334559
2.924127355822461
-17.74095261919775
-11.48699401453325
-24.66990769607418
19.75950580126878
9.802027971000724
-15.37047260731245
-9.957477831166257
12.75518360471892
0.342128541400026
13.09474225568006
19.96495466714644
-12.74322741009093
-17.61990055671406
1.314904091905006
-16.61262300686071
-9.742410599059189
-6.65257527941469
11.58705532707426
13.83358560784283
28.52970270147809
12.75261371290751
22.71266143784973
-25.17250057810232
-13.08535595087274
6.870212409234438
9.96004772674706
21.28937925783835
24.01995794758243
-14.56058738640017
17.65703621251561
0.8821232414106275
23.08126283163674
6.158477223860764
-10.47951252365276
-18.65005057623042
21.32946592797552
21.2646621962785
-2.887418808957605
20.4861608851593
12.08714462939565
-9.712314147608105
-14.41112137007956
-4.876673146005084
-21.79945877375192
-16.92278561630572
18.9348046455424
-21.32335590752497
-5.689609931146964
-21.94846940928803
-6.928955075938048
-3.428231958848402
15.63374597699514
-13.24444577337812
-20.82149833078394
-0.6251135028491953
-16.63798974751338
-4.698807218044458
-13.18291368126489
-27.26338494320111
19.94794399963268
-17.89446095268536
-5.736325199760744
-15.63401043789345
17.70014145279102
7.540069125919662
17.85586517057526
-22.55464155966892
-15.34928046711181
25.53144003472342
3.522448813660134
-19.7018040535452
-14.87065580185255
2.260450515963258
25.43453007995928
3.42542042374193
-30.19038467908268
2.859791034269064
19.11704436561852
-20.76433916275239
-2.018118466056717
15.76263176826151
5.614343357188486
17.78075023511115
12.16640687682151
-25.3898890287701
6.041119840286024
19.06197793646051
-9.8162138159911
-12.83294352150505
20.90998830252113
2.035924941901148
-0.6456182019128738
-24.48117999930324
-5.160764738339131
-18.87406336255849
-21.55560650214544
22.67358268704326
6.278740929729235
16.36071378558215
-16.39484176196806
-6.312868900082335
-7.577052557517836
-27.98430857581524
-3.632343045113616
20.19638482856402
-20.40725601818554
-26.51710494366971
-6.362921735377153
17.46580613251051
18.40484919574048
15.44271062781059
1.857437684429379
-1.724514596732678
23.82872787346837
15.01951433320032
0.9390430649996658
-14.08047126553751
-13.58527294348646
17.13110631918988
-21.11022100367142
-4.167573624824702
12.00747750747923
65.67761493525811
21.01614439972455
-3.581952281823057
-2.456727376200514
12.03574687218534
1.125224905322741
14.49247424818444
16.94264737675661
-0.06480373302004863
42.12636540651973
9.678471059929505
25.29355008555303
15.52326972975524
-9.897685239269014
23.4364666534462
-17.69750306731281
2.852837510562131
18.87172928281659
7.91319692158748
-4.352523590871593
15.61507902090031
-22.00899122638777
-13.81147379765939
3.802912948518051
20.55034058855324
-10.95853236439948
8.197517431276138
-17.36887386160452
1.787175945192383
19.40156270267973
20.34695643754691
-5.32781000554823
-17.21315014115316
19.15604980409907
0.155723719708203
17.61438674872515
0.9453937333279586
20.03659765868384
-42.21561457643284
63.79131336516963
-39.58930332213914
-21.72056500013076
13.62878225196191
-12.82402333364138
-22.91959792913392
-0.9999006069996266
19.5271363844487
-23.85843513983192
35.09325191715358
19.09120392592124
32.35115971847542
-25.67476644189379
-11.03441180755141
42.28984868171695
13.25995579227875
-21.31457370877354
-4.213268714017149
21.64410485792354
6.064913016083703
20.70526764873759
-16.13622316257212
3.183941920806559
17.10130499271306
5.178350547789786
-19.01640045320044
-5.099037384317075
20.75833618496442
26.83865697510939
10.61461564455612
-7.476405551825059
13.91736307016086
11.53999490114544
25.85737356990977
21.91969732029183
6.080320791387088
-0.9388372093378541
-20.29892076643751
8.643980809067129
37.45346950376113
30.81719225370074
-10.20566344148296
-26.50306995374888
-18.55729986949455
-34.39667639771462
-6.599688366663569
13.66942404122145
17.53585265453337
25.14630894694772
-15.83937652934659
36.09315252397872
27.79698803110425
-16.2240413304912
0.4055123797008874
-27.39147565093875
-4.699917967838818
20.26911240793811
14.06496321823746
3.701649066677912
20.33120277627488
-14.38937213067649
-18.66296736803404
-3.23553709336499
17.32919994693664
16.62955371012974
-18.0910211965635
22.69155768437518
-3.002002831694598
-4.273595236999659
15.42743027437739
-39.81860994915481
-10.78091579393284
44.14884891027592
-3.137810147526497
31.03051613805624
-20.9888335544641
-7.273446208045705
-6.292716466043457
13.29129083233038
20.91057345882668
13.71538734653671
14.69611709192636
-25.69356051734467
-18.07427789133298
18.60652191308835
18.76488118534445
20.56473704041558
27.20328992583419
16.17505113060696
7.619282626775504
29.03769415413143
-11.02823879737027
36.6807998030251
-40.06593294927619
41.81143193146684
47.22000957981547
13.60420447597773
53.67013742564013
-29.02989289057247
2.626311254293226
31.65620414627435
15.56611553259202
14.6403546334982
-22.20113617935657
-11.88534013447586
10.31579604600995
28.94290157706952
-6.204149189289433
11.47688490596466
-16.00182739292872
21.37109334319315
60.94392961576908
-7.119473427011323
-41.07830036503008
28.22987382665562
-33.46784406780933
28.80948869704654
37.37292073478097
-17.4660166734101
-47.69928166319911
-39.13584962734515
0.4369866454816367
-1.764117709148593
10.05218806903151
21.79695200845567
8.56343203639312
-6.636277248255764
45.93516395407218
39.57283627294191
-17.44847532503401
-50.16253111320706
-32.7140557889468
21.35996536158109
-9.771052447190037
-27.95611405730632
-18.92031175734079
3.945298053930093
17.68496586147831
24.57970755796794
-29.47039657570231
23.10104462539555
-70.49325227028622
-39.66235898912733
-0.514799270072493
20.57065108045141
52.57144120141318
-41.0228556948997
-2.530393541095005
11.81630577791733
21.95183411428788
12.48338194832494
30.83089328282546
-16.45576578023872
-16.29740651051562
-47.28665906055765
-13.11833277051412
39.14755971898204
35.15945655310261
0.1583592716299584
-14.19695844893013
-18.18506161341113
6.888491900009399
24.25193066644153
27.45601830945292
48.27778932199035
5.408577648843478
35.38674245636772
-3.988103165907511
21.08545035036579
-12.89104686435202
9.035802299802684
29.9781648070294
-33.61580510328179
15.69162394049001
-3.530772188715639
3.094067105940481
-17.81731305592872
29.72518527042001
18.39607697083668
-14.28654086767127
21.92684916198352
6.378145984487451
-12.37925133922833
-15.10516786620735
13.83620475126008
5.529241635681319
-21.22104536205284
-3.307315875358352
22.63641673500535
-17.96705674999493
-25.76953932678664
-44.66147053844904
9.426045514865843
-30.37877129358361
28.44094374394016
4.816813547164832
-28.06483082302869
-2.289348967463798
23.52989964762439
-18.89193121386539
35.19558484018796
2.313940471452549
-31.09106333767626
-24.15208100646039
42.19116914117348
-17.84196554878446
29.99203702178675
-37.55629590554115
6.310115459112228
-12.19913212160818
33.18620749122594
-1.666154869314541
-20.55193884143084
25.44488080243502
43.86641136463809
86.47029947136859
-37.168633494382
12.30869325782595
-20.9113801614108
26.63111816544035
-17.29221484164104
20.18666941597395
42.60388810727353
47.83400257151394
17.36343876838692
15.01377548719137
10.13552833783087
19.72149834339027
11.74476394005362
-9.468452163474122
10.69409594900721
21.19932998710796
9.585970005127136
-22.5057538365003
-10.09563432677893
20.50116851683167
4.723715004677063
-18.41355426043209
16.25725333216043
-23.62413019621495
19.87641865369707
-4.911044097548705
-29.60090810032846
7.877976157887462
26.59225258638786
-13.30409246252286
12.7386814890863
-49.23439142840348
-3.070942532067667
30.60587784031731
39.47962941408446
46.21150352079587
25.42253835752941
46.16344889645617
-17.70526253189489
25.77548185646212
-12.26746657454457
-38.63511827344443
-33.40500380930826
25.81924861603772
-38.04294843069636
-17.30203789056181
16.37478248339542
-6.444448749178852
14.26241803608829
-11.32910830225988
11.53650150875206
-24.78746275230062
-11.92085310359017
16.29681563918091
-18.75739732133648
-6.020400983017037
7.458058765141185
20.77225078759158
10.93231309230702
18.7142764286415
20.70686678385376
-22.86579965601151
-9.537546381352671
20.43286676295958
-8.625925577682814
1.992590354850541
14.72958669385667
-13.8535710974637
5.00222090274506
23.85867170898286
-1.13740134838281
21.81769871321967
3.269531103568373
-23.90661033669712
-22.16484784411614
12.86660964976497
-9.444466133332849
28.21766874471903
-22.31107578377658
-6.705450103896039
7.190222251145173
12.73699633849514
-2.725916526505878
-24.99607305655736
1.046700895923475
19.902492895719
14.76161530517889
-2.04097299710451
26.04277395244243
-21.0274464955441
20.74091053994121
-43.1278008896802
-26.36765169898777
33.67682037348081
16.7601491908121
15.60562568082791
-9.727365791622418
9.014582509962416
16.9527140751019
18.85579199975726
-5.140877590676504
19.2008867184361
18.74194830190299
-28.78512865127285
-19.84627984482575
-3.427708657222447
-16.27912124738181
0.7755274924448488
14.48783168269162
18.12556944295232
-20.01028707007262
17.79372931794025
1.077072865189151
-15.25968867763993
-25.19612189996352
-16.80258830210832
24.34176430933145
2.99760901884414
20.0522577569859
-17.54063401118272
-5.185834829891176
-18.54816760998479
7.294189917053053
19.80019732013468
17.18291550262242
8.852338697237281
29.80779249615529
-7.741326688790501
25.84235752737128
-27.17614144037292
-0.06510576868476195
12.62487699353311
27.01136127312674
20.5857470306577
9.313797901394262
18.25264670927391
20.95545379910655
-16.59366538980911
8.938848807163478
12.50600740361508
-25.90746329498442
-17.0572603769386
0.8582799632402718
28.65605542500767
26.73225052861882
-5.593207591627356
14.29369902571909
2.702807089710828
16.41857118831975
-8.041771202940073
-7.485449778436845
-17.32538747393154
13.27231129057946
14.31863677388312
15.52239118247411
13.71576409890797
7.960870038245728
25.17981688328508
-6.42561424359032
20.97518326081099
23.85280363518275
17.91554034031087
11.46405278475287
-0.4589384162492337
22.83988663514409
-4.289506552564212
16.76280942091071
13.06053539491991
22.86560981018138
20.63440950359503
-20.77787042350565
-2.964985597132662
11.75160253384431
23.72610735186727
-17.57378277819036
4.112111617896028
-10.67904108106161
-2.349663283605421
17.81288482672153
3.204087644966382
20.16254811103635
10.5052340374537
14.71658813180736
4.211354093608909
17.59439920547144
9.276479264023484
-11.6133599806808
-16.36532994763671
-2.982284829787978
11.83706452469306
7.119974090925505
16.21954201075282
11.97450481842824
13.3830451126788
23.48530404131984
-19.61399573366596
11.5107992241616
2.494717476938972
24.65625605346256
6.894741697274443
4.092199581767532
-16.79763964560327
-24.77437404530775
-18.88578397214103
-12.15390986494969
27.11103567179523
1.741762492049744
6.731874107215662
13.89567235598843
17.22174783560466
7.938131565448284
-6.077077212999655
-9.779351241638221
16.00786918168238
16.28333076496768
27.40079751297884
17.21894684448766
17.05464873898434
17.35004194851363
-16.3571142979775
-9.872924720255865
-3.042922272175387
17.71483879735281
20.86939903395391
12.23578849143368
-15.88929198490914
-2.743835157590655
8.992516202255405
22.51898147577976
7.859240598938305
-6.789724060460975
14.81934934296861
-8.317919941865977
-15.7774535152008
3.253988613039114
-11.39497603596989
4.382477481907296
-20.88983923890648
-14.45407839326266
-10.81634062920887
14.97087979733349
11.41989217006685
-9.283616270635511
22.3604079767335
6.484189579837589
-8.306963117285127
13.31419202342977
-14.79115269745875
22.10871321044323
13.14545682843579
9.099567921440311
3.637737761952395
25.8739705650358
25.78722042460927
-20.54227673154584
-9.446998817165317
10.25589663430729
-5.087893442569911
12.61659783297583
-1.923804894958196
17.4382020206367
-14.36235640071898
1.101440465597713
11.09527791708534
-3.55098762897304
0.2754615836847366
15.45438328751637
-14.64626554365886
19.70289545003181
4.71574137842267
19.362006918704
-1.729502400929133
-16.71665645666532
11.59875086638888
-14.98715406451312
13.32825327465896
2.360701194871849
14.2398740926616
-16.33676155175576
17.86873832323204
-16.09008861509059
-33.95882693850945
35.34934725287985
7.610456294817558
5.230114464047784
-7.97673440402949
-10.18185067238167
9.705055946243021
2.877620380409049
15.23241957733965
19.88690661745026
15.46379686785363
5.527363625331938
-9.936433232422692
12.35479918819744
-9.839937695389684
20.75776106927236
-19.33100899196759
-16.17644875388808
-4.183672268811622
11.95926462863008
2.882633858370698
20.3383931067612
3.15456023841333
15.14733672353898
2.250079891344048
-8.633610542086222
13.52792803529054
19.05908261271302
-20.69419312206999
-6.593181876749242
9.549755024288567
-5.515271423230818
10.62908916964807
-19.49043870934147
23.42105914244617
15.17892170133663
1.203754409996912
22.16153857694267
21.74624004854624
11.73635136070424
5.531154579369088
16.14293689867544
-12.8972568320499
-21.43637692530656
-21.31559504797787
40.54622288805444
-8.391797482929176
5.626491235562761
8.379128479549033
19.44974426223776
13.8713041181504
-29.05879234237239
-18.10890189193919
0.1207818795078068
16.14436059537628
17.70449127167675
1.560130673094402
12.79196997622244
24.38919404140333
-10.00988868717653
-16.21508546919664
1.240673777375148
10.65074543588816
16.22597469077105
-22.78922869855593
-22.40768231700656
31.48024026104117
-0.1215124741913663
-21.74095507551512
13.52646527513184
20.66063412155077
-12.92702669121476
-18.50546683860765
19.81561021145058
-6.908242771918477
11.3214410121884
24.24523858443287
11.87917291212248
22.8290633660354
10.94989045308061
17.45575924848321
25.94373261042833
7.134168845617792
-14.65974087561755
11.07061578302049
16.81555928974538
14.98530091530736
-11.02252976305665
15.97516363368743
22.66771623014826
1.048273622337833
-12.85278813735507
-5.578440145434509
5.744943506393338
32.74263690070674
11.59722406696929
26.99769339671254
-1.830258374746794
4.429628376113333
6.692552596429544
25.32276103741091
18.44791709741131
18.22968377994474
12.9237975686466
-28.04488771308453
-34.9197316526852
29.10820313955013
14.0182887186104
-18.80956376834479
0.666727242168642
19.47629101094235
5.575229253889356
-31.60175273744424
-12.97154429856757
38.89752181036198
18.63020844108799
-14.64896465420421
-13.90106175924435
-6.874843939800234
51.8690661089294
57.153090852655
5.284024743744969
