21.82742371814638
-11.49557234418694
4.124053144100372
-3.308000331567031
1.980154843088734
18.9005364096849
-22.48410811341752
1.363876404579229
6.314204013404201
4.589572761780783
5.714856152038556
-7.243981052570697
-24.67667122112052
21.43812488431076
-3.329238561867535
21.15577051757553
16.07539915677688
20.85184268440551
-21.52194469389562
-5.159628399298205
11.94309653007242
-13.26499679053689
74.01513739308677
56.33475993453991
73.06790707910982
-31.699849043999
-27.89433856336188
-7.844592163583282
34.54474739989282
31.2958763547681
7.860864800218648
-7.359246778390261
18.19612676713297
21.83653225706853
-20.45932827985435
-21.45205382410542
-5.963454868669829
-4.482556138665108
15.78070530272169
20.96122974696786
21.15643832044716
-13.09974958889737
5.269593063361933
-9.459344097699859
15.84135632569209
-18.37546752800852
-29.06014979485358
-8.673849256178608
15.76979015566996
5.423665058894554
16.87126977399695
24.00627054636082
10.38075442627913
-5.080371360848468
8.786158967706513
-13.62551612014747
-15.2201115786544
10.33526196695987
10.17361646755618
-15.46112579136277
-10.68468226767803
23.79913258725018
-1.368535667264727
19.01776487118681
20.19036565828853
4.750992290532499
-15.90488790359753
-21.06630769016468
4.776443527919751
20.38630053894523
-19.69777202079597
-26.01147108374276
-15.88684525812907
4.067406991330103
19.59670201965526
-5.315081989651755
15.24223453862781
24.44363941016364
1.172600788148148
13.07165233771153
-14.23048298788215
-14.39212848655531
4.138859668033916
-2.9445237695798
24.09311191527586
14.19212163485003
-0.1616454989503202
18.36934265524957
-0.9927255463972302
-11.37198707076681
15.97677214405597
1.101479617446846
-14.14110091954807
1.491086022464469
-16.23724429852804
6.793197332642422
18.34137436920238
14.06727899295423
11.44760471614674
22.27831306867194
12.63828818657602
11.8990515491645
-15.43937336770569
-2.614547201870307
-9.640024880870138
-10.37926152193857
15.48859895296489
1.748311761443281
25.12862383169748
-16.5859251555439
14.90978702908749
-15.25283538765489
23.18496279704368
13.36741842929514
10.35063096413795
-14.6207603295533
-28.2081269745207
-16.17120726974427
-6.376261332197307
-2.381330040344154
-16.59509813118764
15.36789883697256
18.5529682139017
-18.33423691671904
13.16147526652075
-14.82845676976055
-2.784839271300582
10.25870438290316
-10.21883680040199
21.744160170043
28.4862477753495
10.75791745441047
-17.30602178918077
-4.262478135649697
-10.24845441316981
9.51490013122271
-18.70572850945004
-16.46521125537787
1.333089766865871
3.505780146927723
7.213992110877035
2.240517254089109
20.03881827632349
-19.48363761763379
-13.4418880813262
27.95885206778674
21.03353693416488
27.31312999227377
-11.02080550670518
3.473052482984613
27.23691782846534
10.59637013425073
22.53735464568226
-23.13739141976239
-4.729981009511702
-14.21376808943161
-2.096143379420783
-17.11653897123243
20.93429825397442
12.8248261655812
-20.65588019271445
-2.902770882989452
-17.72833032055155
-18.97134764434732
-6.214304131519057
12.57619297207522
14.29911481446184
28.02622673840595
-15.02039559049814
7.617860397273239
19.66147789445455
8.421385407117581
-9.322198528533002
-15.01263200763566
19.97099140134256
-21.72415487058801
-2.659501000771325
12.04361749842897
-22.63049240360678
-11.2400924882162
13.0435436538675
7.057567375667608
-23.61588718172896
-0.5310687902633939
18.40704469173432
16.38850953619122
22.00396543131938
18.29765986393463
2.924623915761294
-17.74358393549992
-11.48867122628136
-24.67353979783318
19.76335454425856
9.803840744360375
-15.37303594792979
-9.959513800653243
12.75704351391259
0.3420652658544755
13.09665108165278
19.9680470487419
-12.74562400781708
-17.62310004831651
1.315013437086036
-16.61422858650529
-9.742832622910303
-6.652257083007426
11.67398492885563
13.86116186693133
28.65809070896646
12.75458581488957
22.71655731619336
-25.17687669204644
-13.08768927364976
6.871395964990136
9.961971502858015
21.29233576968612
24.02327389446007
-14.562660284626
17.65946849004032
0.8822967898112948
23.0848183958879
6.159375075162978
-10.48117261707115
-18.65303361221804
21.4168175536379
21.34765373466654
-2.887047761933422
20.51341894781692
12.08918741983315
-9.713731953829365
-14.41329514144408
-4.877476040477796
-21.80291937155028
-16.92544332514694
18.93811348329881
-21.32637297513646
-5.690433480404558
-21.951565654345
-6.929955861792233
-3.428714373606686
15.63593949530412
-13.24625873881993
-20.82439851643522
-0.6251926798500727
-16.640547692234
-4.699563185198892
-13.18486857095334
-27.26733565654552
19.95425224837664
-17.90086152799918
-5.738518377484257
-15.63950865549627
17.70730574946812
7.542924356804861
17.86318618008148
-22.56434553201931
-15.35593210875595
25.54344571298079
3.523984780489045
-19.71039958523599
-14.87529252845878
2.261352873699028
25.44378588600977
3.470876987414034
-29.9294036062237
2.860724852741638
19.12474440171336
-20.83801035517353
-2.018535155870082
15.76598585084652
5.615455895679281
17.78452100704362
12.16906511072705
-25.20809332060925
6.041749537164038
19.06465386948279
-9.81754436670189
-12.83433183359926
20.91212001737964
2.036038647240825
-0.6457220751705995
-24.4857995849321
-5.161419787391217
-18.87608137145671
-21.5578420912746
22.67601535839497
6.279593058051924
16.36231629463653
-16.39642230282733
-6.313699063133333
-7.57813977784031
-27.98817875896346
-3.63286727952448
20.1992058367202
-20.41003898089823
-26.52183823361928
-6.36380540453767
17.46826770859922
18.40741041113525
15.44495707443716
1.857590429443477
-1.72463124864414
23.83207311612318
15.02160979246473
0.9391427034203946
-14.08246708759146
-13.58736664505838
17.13664540363016
-25.33668986320642
-8.352584078614939
9.299382663802959
61.85605934685618
16.54101990523513
-3.582221678435205
-2.456938285030966
12.03691970492674
1.125283393237095
14.49385798981971
16.98410578248993
-0.06916382031197549
41.87770977157678
9.681074925000551
25.30070041828838
15.52929502784109
-9.900990279218943
23.44582412743835
-17.70337057404574
2.853945949047386
18.87991689035796
7.916529098479288
-4.354467478743892
15.61962549078768
-22.01946093525421
-13.81813482538486
3.805510480636756
20.55731652871319
-10.96338779370472
8.201326111196829
-17.37674322849731
1.787970682433693
19.41161599448143
20.35745849190779
-5.330177520429205
-17.22086279576877
19.16471390930145
0.1558804320771652
17.62364530734903
0.9458424966693689
20.0497464011292
-42.34278329132304
63.74123777566308
-39.70450825149714
-21.77827506305231
13.60668656458125
-12.83196758648701
-22.93203259322173
-1.002735645541571
19.55473695505986
-23.87168110570603
35.16720233468553
19.10390390482734
32.38670454194537
-25.68763601109305
-11.03971352069424
42.38933956386906
13.2828006369008
-21.32406939053258
-4.214798428935723
21.65497314824678
6.067402148805025
20.71532463725301
-16.14354494802891
3.185069378759728
17.10927095958919
5.180524444027625
-19.02665489318115
-5.102453315397751
20.76731825934456
26.85045273722813
10.62156003286538
-7.478477854434662
13.92420157899894
11.54817703858777
25.86977157536197
21.92929694585643
6.083134479106289
-0.9396485111488557
-20.37030327493968
8.665359833016108
37.50223488686686
30.32700229577336
-9.819341056435434
-26.5559854785526
-18.59960625141373
-34.44576871747822
-6.598956223393203
13.70268493890999
17.57033172867849
25.20372390165581
-15.84616246717999
36.16993798004332
27.84681249414731
-16.2288927043146
0.3977135119443407
-27.44909898175009
-4.675588303961238
20.30164116236533
14.11595895637993
3.698059679378122
20.3246658950759
-14.40197820894578
-18.67607358565263
-3.226039820752121
17.315240499921
16.62660621621056
-18.10003788750315
22.773510679074
-3.009425397526166
-4.274095376320441
15.4500337646369
-41.01431194819941
-11.83356113124117
45.3292277814552
-4.261705233394964
34.2932595742399
-21.01711154533831
-7.28999961864254
-6.220182708549178
13.25128070214869
20.94128990776301
13.72711192680214
14.79692884030819
-25.78293607788499
-18.09292687277746
18.65967984480012
18.7915472596179
20.54128032081668
27.16147261728759
17.65196674070969
7.690009205880793
29.18075081587747
-9.509505878732307
36.75260671619127
-38.69025669239502
46.1268207049682
47.26670058274219
13.86641998811093
52.55667668090312
-29.10653892764039
2.638275039825458
31.74481396827348
15.61246537953747
14.64792248942344
-22.21094709730907
-11.89068527408316
10.32026182448244
29.0356631095118
-6.185682205582824
11.50103896299223
-16.03022573525872
21.37375829877323
60.94716238665038
-7.139660285108224
-41.19824206330496
28.24530134361515
-33.56484988550168
28.83687505619705
37.40398403269818
-17.53462414881686
-47.70278744893407
-39.13567847429379
0.4377256138374104
-1.767349203793902
10.04562562000807
21.7851582747392
8.567108975166892
-7.175232589295016
45.93543824516748
39.57340408824208
-17.43269016856598
-50.13455121108115
-32.70186104291037
21.34743266007747
-9.768079789142975
-27.94769372999476
-18.91399787698417
3.944053994780701
17.67988782105576
24.57253094589331
-30.04294531222929
23.06772552101607
-70.1892886638538
-37.46686747811177
-0.5291074565844404
20.53618251262967
53.11067083355369
-40.14634335193311
-2.531543004543801
11.81297482357743
21.94367823489038
12.4780427388112
32.72242118741652
-16.86851183267775
-16.73664442037539
-49.59093301759612
-11.03596820551814
36.93776002146254
32.93683867343523
0.131867414200841
-14.17869259743727
-18.17961394407968
6.886597370205672
24.24496131195096
27.44796761100122
43.97280687733536
1.139879878260257
31.08027966111532
-4.000921348063124
21.06528996906342
-12.89252721495776
9.033695852868691
29.94039978236876
-33.400280594085
15.65386741290378
-3.536559517509418
3.095171332274767
-17.8230918876653
29.71608238268058
18.38966354573236
-14.28653237060547
21.92622306566358
6.376197001634102
-12.37604616751619
-15.10061571744182
13.83256713333304
5.527861231505687
-21.21778948650036
-3.306854872984638
22.63280969938618
-17.96425382482705
-26.19904112145463
-45.31503944454794
9.091393249596086
-30.45111650275274
28.53805307510345
4.839317867414403
-28.13001855219266
-2.297422695588234
23.61444609814549
-19.11599832530826
35.29043436959653
2.321097951468833
-31.11723099127024
-24.23470149783586
41.9468735935339
-17.81284633729783
29.94564093201932
-37.37715843129112
6.421855161986808
-12.00123266374723
33.17959421776379
-1.665400089817787
-20.6014461029203
25.44098480453025
43.79901359327544
86.33290387007415
-37.1822827701021
12.30548984827259
-20.91826321949033
26.6209110513819
-17.2921258354637
20.17954909436086
42.53389027729407
47.75848727027186
17.35836394367163
15.00958574117659
10.13070341267432
19.71370332466839
11.7395326552665
-9.465635493663488
10.69099022235437
21.19359121037644
9.582999912190251
-22.50126988224212
-10.09332775917127
20.49793374881902
4.723279587923107
-18.40952057598218
16.26401954979183
-23.6987352071185
19.89015693559923
-4.923606978202548
-29.59761568462122
7.874059245822212
26.57946106247325
-13.30057619018103
12.73310718754881
-49.27025882055879
-3.073062558690726
30.69455761932488
39.59881273928704
46.34717321285389
25.42513455962596
46.19719626189138
-17.68037745861263
25.83259585751285
-12.29056106189616
-38.66292593583692
-33.43832894293039
25.9118687946922
-38.12315691910987
-17.35109521613708
16.41652496285815
-6.441361956758503
14.25620258233123
-11.32641883961529
11.53163303201343
-24.81376391485919
-11.92316851471079
16.29703949594867
-18.75224316689047
-6.018967687758769
7.456370130226495
20.76758486695619
10.92972911574689
18.70540181676686
20.69756453770612
-22.86079342514784
-9.535213876559142
20.43165474226363
-8.624003240431817
1.992162720597463
14.72543820055788
-13.84635387511567
5.000560164824873
23.85040310866308
-1.136705271413541
21.80934299682401
3.269030606996384
-23.90255139112035
-22.15188067548176
12.89059540120552
-9.495343832523815
28.22020801267962
-22.38593923439773
-6.733323641593419
7.205032610785105
12.73327547936666
-2.724569549475229
-24.98710837927939
1.046574999210727
19.89348903878577
14.75403653594186
-2.04106011326545
26.03368337843468
-21.01517540365816
20.77206170279882
-43.10551201838828
-26.37236487404627
33.76762017870512
16.73314714450474
15.65261559371615
-9.724878036326615
9.012240797657206
16.94869680343351
18.84691403951961
-5.1394525030408
19.19583277048082
18.737118834398
-28.77695482809004
-19.84105284528202
-3.426945241746323
-16.27455195001804
0.7754313059592656
14.48465111655258
18.12170819740347
-20.00762460930459
17.79010343362756
1.076507881486641
-15.25753071968149
-25.19235849889688
-16.79509664909605
24.33528527386696
2.99675841825487
20.04674167227209
-17.53666000464842
-5.184733889592518
-18.54031239027772
7.289452189670608
19.79185506663845
17.17127684512161
8.847317507435239
29.79353809503601
-7.738609413233204
25.82976458039827
-27.17158199822263
-0.06519710394066906
12.62226124991461
27.00552019152772
20.58125016534909
9.309034759195862
18.24493674348772
20.94622058777956
-16.58592692273735
8.935901983549991
12.50240287758098
-25.89496168400192
-17.05347812801941
0.8581182312001898
28.65050564506847
26.72707659198853
-5.591921813162066
14.2908633359909
2.701283844129168
16.4141076044992
-8.040163801860665
-7.483918937659083
-17.32177468914164
13.26969807943541
14.31583465537276
15.51936544453133
13.7128237608916
7.958988915945267
25.1743800758271
-6.424270026689595
20.97100336233075
23.84798451753944
17.91159635885954
11.46155631500611
-0.4587139356581925
22.83518105408714
-4.288543601939965
16.75935295915182
13.05773328603184
22.85805187078601
20.62847695069122
-20.77190683924531
-2.964059330287979
11.74896803024878
23.72105228491522
-17.56890053799666
4.111156746643271
-10.67625741269484
-2.34877820484986
17.80784750922885
3.2030063009768
20.15662571468362
10.50260098787561
14.71302736129622
4.2104263729499
17.59054362106163
9.274350800113133
-11.61059129749193
-16.36201482225864
-2.98189757073951
11.83470978855565
7.118583295167789
16.21639600618603
11.97208425522216
13.38011724883812
23.48059811898468
-19.60989553777877
11.50851386426222
2.494239007414194
24.65155849575423
6.892643125640286
4.091749309164755
-16.79319277909775
-24.76736344626391
-18.9360460131125
-12.18768553927906
27.10638489438746
1.750670714929236
6.748360473843094
13.93835625329021
17.21806689299892
7.936456006269363
-6.075828093515231
-9.77744776966559
16.00478266940197
16.28017036512781
27.39527339360491
17.21539115958504
17.04998325499741
17.34627688926087
-16.35351979684375
-9.870811545090099
-3.042305056936152
17.71131196085563
20.86526686871273
12.23332300047
-15.88639132200258
-2.743346691544072
8.99103461572069
22.51532396086285
7.857925007865814
-6.78857860852065
14.81660735319486
-8.316192821124629
-15.77465416245533
3.2535356621952
-11.39296794847064
4.38168621549881
-20.88494209442373
-14.451284928278
-10.81422784433561
14.96800259788188
11.41767343095416
-9.281610887014763
22.35599845722285
6.48270825403631
-8.304705903571115
13.31121473759035
-14.78741415787421
22.10413454470284
13.14304463105833
9.097812711896134
3.637057082426317
25.86895836048166
25.78223044050939
-20.53866334325592
-9.445310892208596
10.25423528227454
-5.087070431824954
12.61444239584917
-1.923429052192947
17.43522845126097
-14.35964230996432
1.101189844036861
11.09335245283948
-3.550329168177315
0.2753876961290085
15.4515929111758
-14.64368162003356
19.69954617369249
4.7149758862682
19.35865750481117
-1.729025274977405
-16.71359555425044
11.59655426972478
-14.98457028396175
13.32557954858879
2.360207111534987
14.23679019231222
-16.33403860578103
17.92623318909356
-16.13234858954323
-34.05858177866484
35.38496162817856
7.633392175390286
5.224596992800549
-7.974170669525929
-10.17988223627662
9.702902913284495
2.876981158311005
15.22890728141959
19.88278514910014
15.46083215491217
5.526004365221463
-9.934827784453089
12.35192611859575
-9.837855751345987
20.75361701744324
-19.32746648540199
-16.17351157708716
-4.182891990435139
11.95723915748931
2.882108890188606
20.3349592761245
3.153954909235479
15.14457449489538
2.249667364627852
-8.631943867892694
13.52537562091331
19.05562046803351
-20.69048021121497
-6.592042289348369
9.548088861098407
-5.514274999848589
10.6273062992151
-19.48694941913609
23.4170929152974
15.17620521292796
1.203530790215723
22.15731948845582
21.74263458616554
11.73438130801031
5.530244849574792
16.14013114869817
-12.89490712979476
-21.43240288092611
-21.31210058226666
40.55842666833529
-8.390217726201675
5.626194401261292
8.377720119596075
19.44659085079827
13.8690040542184
-29.05565798358486
-18.10707855650386
0.1203022998375083
16.14158130062523
17.70151282573733
1.559931523365173
12.78978661825358
24.38509404199064
-10.00825327775237
-16.21238973669274
1.240460647600229
10.64907651010387
16.22346037612709
-22.78607921583883
-22.40471995688162
31.47636029936595
-0.1214455839462703
-21.73800050749355
13.52428934612057
20.65732978681358
-12.92514090211818
-18.50272770116954
19.81282162761015
-6.90742027645109
11.3199605868485
24.24184344680241
11.87658308837328
22.82516251741
10.948579428601
17.45285038618447
25.93966457239684
7.133040440174342
-14.6573989523641
11.06887073160669
16.81297605257539
14.98299973041844
-11.02090468964389
15.97295251983522
22.66463363504635
1.04807870799582
-12.850881012063
-5.577586797801867
5.74410532056435
32.73796252847872
11.59530742484155
26.99385720950601
-1.829976322546887
4.429021821058124
6.691681115238278
25.31964688961189
18.44543395001344
18.22738086098918
12.92188285800949
-28.05801932786038
-34.93223226719694
29.11040702687011
14.01641212755693
-18.80662413410466
0.6667194496890777
19.47334358407388
5.574383865295636
-31.59780588446107
-12.96984011119105
38.91043106891037
18.62796577441851
-14.64650361352622
-13.89895971993092
-6.874212939467663
51.88027118010119
57.16842635474402
5.288155174655465
