21.81817397189733
-11.49128570256921
4.12253212689559
-3.303999498539
1.976154010060698
18.90683351258551
-22.49072073885478
1.364330839237907
6.313417153739936
4.589016989203951
5.714183633164315
-7.231593535590758
-24.69596659917748
21.44553033565884
-3.331810851735037
21.15196820286278
16.07289745784815
20.84830400117846
-21.5189221987718
-5.158262563780464
12.3125723053798
-13.27868759294124
74.24571086204855
56.52013865868478
73.30238537588056
-31.66774679025057
-27.86619925157808
-7.836877173948633
34.36562769598849
31.28352093654246
7.857426264051787
-7.360314352931595
18.18965598604842
21.82724787126417
-20.45094230300081
-21.44333115314328
-5.960463008599126
-4.480806089594639
15.77316120423048
20.9507808056651
21.14849223069183
-13.09386495379815
5.268049009904619
-9.456273065278531
15.83538133396763
-18.37208841495766
-29.05490013761409
-8.672059464567358
15.76532794224279
5.422646842773605
16.86624659285439
24.00335867339764
10.37914750263322
-5.079070745047559
8.785618056337082
-13.62421117085827
-15.21774061706062
10.3322297220739
10.17052408686541
-15.45821825886624
-10.68281172553419
23.7947352579098
-1.368378627406103
19.01446204339111
20.18674521857543
4.750071707871709
-15.90168708094121
-21.06230898310746
4.775406544517299
20.38284067282235
-19.69393034968341
-26.00656656504794
-15.88044322295063
4.065617382212507
19.58681501002187
-5.313110883565067
15.23501472476216
24.43738740508535
1.17228317707092
13.06832080251366
-14.22500837932635
-14.38671401526944
4.136905593082621
-2.94311426426725
24.08296619392458
14.18627871963126
-0.1617056353946917
18.3619139714647
-0.9923888519387549
-11.36906660084654
15.97013621597804
1.100918650373719
-14.13465579613913
1.491955350101304
-16.22959930317484
6.788696565441684
18.32683511454304
14.05387069220703
11.44359975067899
22.27271536773032
12.63555369773925
11.89603762445092
-15.4366735102852
-2.61414351259731
-9.637161668428348
-10.37667774609364
15.48286814235091
1.747840102151099
25.12002980872993
-16.58257991155958
14.90508609715703
-15.24969720888325
23.18096459809651
13.36511132166993
10.34818991084724
-14.61809604164487
-28.20269812998481
-16.16693524271621
-6.373714196056516
-2.379878671482002
-16.58865790458961
15.359910015053
18.54347369179699
-18.33042001323092
13.15724599374894
-14.82538109990957
-2.78425976490403
10.25580970653135
-10.21494370956145
21.73362421174856
28.47525916010191
10.75370450652233
-17.30163697418683
-4.26156750296477
-10.24582120931333
9.512066075521435
-18.70230518367817
-16.46222947678737
1.332882701856002
3.505038913244249
7.212657888752517
2.24007570683339
20.0351878855145
-19.48016837614725
-13.43910089888879
27.95224035873699
21.02815523368308
27.30666385048615
-11.01915777040776
3.473105691592644
27.23151466715254
10.59435879368228
22.53296991112121
-23.13337346465064
-4.729230275440318
-14.20877923207902
-2.094943507245645
-17.11021551788057
20.92335236320444
12.82252999672884
-20.65175878751884
-2.901436286753127
-17.72155465306611
-18.96319308488824
-6.209352458230905
12.56191534360749
14.27369122532981
27.98663758797587
-15.01527200965653
7.616443038679329
19.65756437184371
8.419717751045674
-9.320477079612692
-15.00984679409223
19.96726838830867
-21.7202440823286
-2.659021442467703
12.04112133492819
-22.6262898319964
-11.23784662163071
13.04006947132879
7.055815764740085
-23.6113520551636
-0.5309316294306103
18.40276585046034
16.38478618939777
21.99877198385091
18.29366238645824
2.923981538013266
-17.74019483034379
-11.48654303810444
-24.6688619838792
19.7578872850407
9.801445982493266
-15.36968084826247
-9.956441303569038
12.75384062801304
0.3420812789235179
13.09344762405442
19.9633639467644
-12.74247895738478
-17.61891423671709
1.314783250407589
-16.61065711524046
-9.740740796342916
-6.6517415219886
11.58351677981925
13.83130216546989
28.52415295792092
12.75136634335757
22.71028193383788
-25.1711268305731
-13.08456023517463
6.869916320363127
9.958915592501734
21.28854061582422
24.01903311441566
-14.55979742260096
17.65634726582848
0.8820717361154606
23.08042043781327
6.158309342583641
-10.47884652550516
-18.64858069771469
21.32425757797861
21.25716515083374
-2.886989278902234
20.48304368538036
12.08656659819506
-9.711979807758548
-14.41052457612012
-4.876435278198792
-21.79854640171664
-16.92211110730962
18.9336974832072
-21.32249553163755
-5.689369715254415
-21.94758119458185
-6.928667152253465
-3.428096821690789
15.63312581703902
-13.24395009431215
-20.82068857595256
-0.6250856644145938
-16.63715586808868
-4.698544762196461
-13.1823189457773
-27.26220019006146
19.94606060222662
-17.892457983701
-5.735595097977745
-15.63228257012091
17.69761502060547
7.539128910312896
17.8532879521535
-22.55106217880068
-15.34677816222145
25.52641724853705
3.521866972819482
-19.69857843524028
-14.86921756739824
2.260175414729988
25.43158689549648
3.393786426560256
-30.09435911154341
2.866624246255608
19.12346508678321
-20.6960350365756
-2.017979662258234
15.76159142016998
5.613985796022661
17.77957108362391
12.16558528609904
-25.59125989832101
6.041067476872329
19.06122263938551
-9.815853274059066
-12.83277468807922
20.90983264577687
2.035990482470727
-0.6455765072804553
-24.47913466737565
-5.160621904420658
-18.87384216578139
-21.55540914989315
22.67329585298398
6.278508616555004
16.36065963508051
-16.39478724295844
-6.312636215873556
-7.57673848165468
-27.98320736377027
-3.632193349710842
20.1956029125944
-20.40646888210144
-26.5151251531922
-6.362685849063848
17.46511040513334
18.40414319174523
15.44186915871615
1.857267070181849
-1.724400156213769
23.82779626202016
15.01891404212554
0.9390327891466909
-14.07988124927
-13.58460208867463
17.12939298341741
-21.10385316136562
-4.163216978853637
11.99372798300092
65.54539497143519
20.93264067537137
-3.58166722732754
-2.45650057463082
12.03576288785713
1.125166652282487
14.49226346223186
16.94063618043172
-0.06709242845278883
42.03649383985095
9.677836543332795
25.29165438608682
15.52119762559211
-9.896687473218256
23.43321011983062
-17.69564184500147
2.852483749877885
18.86864513789079
7.912012491283106
-4.351800279336025
15.61381783610955
-22.00455028325697
-13.80856187669343
3.801547538672142
20.54812560992996
-10.95663265094059
8.195988410166677
-17.36583446834092
1.786786608289942
19.39689603953414
20.34227736606069
-5.326817203851805
-17.21016153364887
19.15262107300912
0.1556729338695944
17.61010941896865
0.9453813243105404
20.02932208149857
-42.09458285372933
63.82078132297902
-39.47954138568957
-21.6662939218103
13.64118546519921
-12.81863985682438
-22.91189432305594
-0.9981622159153483
19.50611035926234
-23.85046857582898
35.03627094683957
19.08394075792491
32.32475021646046
-25.66909456874799
-11.0318287202665
42.20250487111125
13.24080945820972
-21.31123907268551
-4.212572105054517
21.63972399509104
6.063883896829095
20.7011497438489
-16.13361947335743
3.183563678416092
17.09866696555696
5.177619600971981
-19.01327738629464
-5.098174102156743
20.75412199514032
26.83289542238265
10.61255508436665
-7.47513883465913
13.91510328546878
11.53813855134394
25.85229609793273
21.91373210528173
6.0787734285013
-0.9385742513913371
-20.2217463762796
8.631595455611134
37.41252659249465
31.16339107525805
-10.3131634033567
-26.42311789950757
-18.52769838274484
-34.36265705884137
-6.596541730443178
13.64266430049252
17.50673477989323
25.09533701554284
-15.83495867723275
36.03443316258836
27.76611532844347
-16.22034033794181
0.4040023181671801
-27.3621130098015
-4.700347575026964
20.23920603098091
14.037834505349
3.700910386387307
20.32525304187146
-14.38678353356777
-18.65974795619391
-3.235025713151189
17.32341251190045
16.62434265603444
-18.08769391919019
22.66176543604123
-3.001840532314492
-4.272964422292898
15.42472224272684
-39.30489585516681
-10.10916913584852
43.57250856129534
-2.672751427892977
29.58117483593556
-20.98447603435404
-7.271529669000924
-6.291625247090177
13.28690855608702
20.90221813762765
13.71294636548179
14.69285079075782
-25.66360596962197
-18.04829638854656
18.58384804153763
18.73818207963662
20.55843822513971
27.19384338567195
16.15694496016742
7.615309581830983
29.19572671821931
-11.03689842763765
36.6321444286793
-40.23262514362207
39.69034397125389
46.80718738144036
13.31904184230651
53.55166698630534
-28.96169541443427
2.615041468039224
31.57673688440222
15.53016058744279
14.63726584775072
-22.19750337108229
-11.88334432877814
10.3141590433233
28.85334183346344
-6.201371525213208
11.45267271528167
-15.96798677634517
21.36228284475719
60.92526780999503
-7.097434374486601
-40.95725813878793
28.21004501451441
-33.36865589834848
28.78093113924148
37.33026961975514
-17.40066912049397
-47.67532911276422
-39.12599063414801
0.4369943313378368
-1.763272788578697
10.05439787891748
21.80115008255012
8.549338479166163
-6.249135515426659
45.91205632420232
39.56298496560478
-17.46437306360274
-50.17959585777921
-32.71522279527769
21.36415574932746
-9.772726655591727
-27.96779337918385
-18.929215380689
3.946022035814771
17.6879471230249
24.58372210013052
-29.01784276323863
23.14334907514905
-70.49439724124021
-40.51342577837824
-0.4944335997933207
20.61250940623903
52.16119183870907
-41.47655447832345
-2.530839665055298
11.81767066720038
21.95490170751961
12.48514641878151
29.98097146452152
-16.26428852994389
-16.10995449439311
-46.2452599919517
-13.99133372364684
40.01899217850502
36.04069854378766
0.1543340374648909
-14.21677309363753
-18.19506672694484
6.890169910799033
24.25613355044864
27.46067377938585
50.03203226580079
7.116843410688891
37.1348753689466
-3.978293634738814
21.10694300586784
-12.89715689557625
9.038577998313789
30.01803195775553
-33.48814553856946
15.72967865884413
-3.529150333464553
3.09360680117276
-17.81750363303459
29.73931838571984
18.40658455580765
-14.28835330003574
21.93573489171156
6.379109093153049
-12.38094292347531
-15.1077381471918
13.83798566650755
5.529961914988665
-21.22239697221622
-3.30750906673859
22.63787933334301
-17.96826454734026
-25.73553133503723
-44.61275429896941
9.398324073494345
-30.32855196974155
28.36796272043579
4.805303437868183
-28.01787395405502
-2.284219990430305
23.4661912153265
-18.87722296612477
35.13385540705803
2.310678016574472
-31.06824448528969
-24.14415443095028
42.10358626992755
-17.97656299749642
29.91256475516662
-37.75684518436501
6.167591434879422
-12.19102151697267
33.19926424310417
-1.667389112565727
-20.51794867741237
25.45390806548034
43.92443661921813
86.58107296936522
-37.16795127587483
12.31434169091392
-20.91111043374148
26.64571158549482
-17.29707441137322
20.19723783998103
42.65663635073091
47.8891277535954
17.36596364162892
15.01598608156493
10.13723104186496
19.72447991936476
11.74675220434407
-9.469755286186206
10.69546457744903
21.20189398297368
9.587248876525015
-22.50778101757812
-10.09658811604758
20.50277845595802
4.723985034011161
-18.41530740066772
16.25684084133059
-23.56265928201613
19.87087686545352
-4.901771506332202
-29.61141610312843
7.882896148811
26.60749960479213
-13.31048535571687
12.74580602045203
-49.20727677047775
-3.069633270215765
30.53971546369756
39.39048623005935
46.11056125842768
25.4211450578663
46.13764350046756
-17.72557220360411
25.73365396451238
-12.24694335989461
-38.61141390476519
-33.37892250203335
25.75041120669859
-37.98059732408689
-17.26409887984006
16.34524985616187
-6.448473745204733
14.26929880758454
-11.33273383259699
11.54250358354141
-24.77264837283828
-11.9217903389048
16.30093074867278
-18.76005201414584
-6.021118701328319
7.458876571585832
20.77445884240788
10.93356398005011
18.72460345614414
20.71777255134992
-22.86838668951766
-9.538808279275116
20.43257844750394
-8.626955252610388
1.993169094826735
14.73210240820821
-13.8616935844772
5.003228545057897
23.8710285605824
-1.138228387032285
21.82971682492471
3.27068722487464
-23.91563853790399
-22.18140448459504
12.85085803498581
-9.405161351227983
28.22272108946364
-22.25601938690155
-6.685173592659955
7.179544994050419
12.73893331294205
-2.726795223223577
-25.00925694679741
1.047034430337552
19.91195655941784
14.76990805736838
-2.041311736925369
26.05629137711157
-21.04317609756422
20.71649844403657
-43.14671726181768
-26.36447054494336
33.60934873536323
16.78224671695671
15.57084579522073
-9.728873863589556
9.015786166731207
16.95468268102677
18.86492212905708
-5.142048502133483
19.20372633110982
18.74466003055582
-28.79144117440389
-19.84974103191423
-3.428139072030051
-16.28226951155527
0.7755345029019912
14.48932110210013
18.12736877004764
-20.01132784814932
17.79551548498062
1.077365946536197
-15.26055442214579
-25.19766952266296
-16.81121979406343
24.34577483335286
2.997959938546552
20.05576395155681
-17.5425026720634
-5.186341674513901
-18.55902960028262
7.300008069407127
19.80917973170114
17.19847755602509
8.858635222505814
29.82475578550091
-7.745356177623425
25.85903766992226
-27.18632576288729
-0.06502858489842851
12.62627822947602
27.01441999501255
20.58814257567312
9.320074842463828
18.26177498634129
20.96612056319207
-16.60399140539008
8.941700143183706
12.5091716627586
-25.92406625311446
-17.05909882230244
0.8583613515259038
28.65854308132032
26.73456514666643
-5.593829297671029
14.29497882336471
2.704345576764353
16.42160196038722
-8.042501399381768
-7.486145460421416
-17.32704032293542
13.27350402682571
14.31990527391509
15.52376501401726
13.71725638372962
7.961864347845704
25.18252590655247
-6.426277420988193
20.97713168101306
23.85505157680842
17.91746017438548
11.46526952346213
-0.4590663003917261
22.84202246036202
-4.290010881905304
16.76436913786153
13.06182338260493
22.8752374153187
20.63770006385446
-20.78064569314132
-2.965403394782507
11.75282941042936
23.72847456901419
-17.5761054618091
4.112565554397799
-10.68033048391325
-2.349977562521429
17.81524229877386
3.204540230916756
20.16521986209482
10.50642940444539
14.71823280610297
4.211803400675556
17.5961613175972
9.277442022021221
-11.61464510462506
-16.36685983222132
-2.982501907084549
11.8380712753525
7.120597316198126
16.22091649631323
11.97564515885976
13.38435791781598
23.48745715221362
-19.61590901447391
11.51181199528976
2.494929559715106
24.65832910663785
6.895774977875005
4.092473625024731
-16.7996134773814
-24.77734118756199
-18.85055956488409
-12.13048453584991
27.12129717809702
1.734234052931183
6.720075029071203
13.86471858768929
17.22343543691884
7.938896514445024
-6.077653321427649
-9.780199079001807
16.00922829002268
16.28475335278443
27.40340911402943
17.22066155793487
17.05780401373395
17.35183426531552
-16.35878533759855
-9.873913056376548
-3.043203063275014
17.71644642432325
20.87127725558319
12.23692551951781
-15.8905619896994
-2.744044881153926
8.993173225517555
22.52059333619076
7.859837852476837
-6.790242803099058
14.82057316624797
-8.318719296202639
-15.77879342627772
3.254132426253998
-11.3959482148966
4.382845215061925
-20.89208711858702
-14.45533073753927
-10.81728306519209
14.97214430711675
11.42087305512631
-9.284538923120383
22.36240667313913
6.484872283193708
-8.308023753192778
13.31558227190383
-14.79289603678221
22.11083857431137
13.14651711011009
9.100319182363434
3.638047669739834
25.87620379476663
25.78942737018106
-20.54390439952755
-9.447762261582827
10.25661781175189
-5.088262898090418
12.61757992177475
-1.92397793275356
17.4394916076079
-14.36356425985573
1.101571221398563
11.09614214143842
-3.551271254091611
0.2755250631582848
15.45564149893696
-14.64741339190695
19.70438007133178
4.716056158084874
19.36346954498386
-1.729825653217566
-16.7181495439182
11.59975274669927
-14.98832390301085
13.32957841024264
2.360962104707076
14.24143145706142
-16.33792038133599
17.81324746559972
-16.04657629888773
-33.85982376481172
35.30747938800531
7.588602238044563
5.232491402658651
-7.977727716204612
-10.18274756139718
9.706060561667963
2.877919904368961
15.23408092411312
19.88880812127441
15.46513548333208
5.528020354217204
-9.937115114816081
12.35616100736397
-9.840894862435903
20.7596494874228
-19.33257842078196
-16.17774758716135
-4.184017015920551
11.96016267491638
2.882860320418988
20.33989397290801
3.154830833447322
15.14856140563739
2.25026098656939
-8.634351735558647
13.52904781255243
19.06060790777211
-20.69584805051711
-6.593687885001407
9.550491810359672
-5.515731620864955
10.6298946207862
-19.4919883052251
23.42279619616379
15.1801164329584
1.203859741809718
22.16339954760431
21.7478199610884
11.73721810762705
5.531560096727321
16.1441796924683
-12.89830041920643
-21.43824691873257
-21.3170949589979
40.53303030964435
-8.392547078875156
5.626317962810541
8.379731299804577
19.45107787581244
13.87230438577393
-29.05953370257118
-18.10929588915954
0.1211519627790631
16.14562624495729
17.70584281432663
1.560216564902532
12.79290157988468
24.39092375880916
-10.01060185256887
-16.21625986430934
1.240773786208997
10.65145673626009
16.22701754752664
-22.7903472229817
-22.40869548089657
31.4813118405019
-0.1215580643656829
-21.74198969959746
13.52742011282442
20.66205858690788
-12.92774356047424
-18.50651705453913
19.816647698326
-6.908494873650706
11.32195299587453
24.24650088605071
11.88046937250835
22.83070719071755
10.95023781703279
17.45703365244704
25.9453884001796
7.134638473038184
-14.66075548197945
11.07134657627683
16.81661510050842
14.98624376324633
-11.02316604958302
15.97595668586211
22.66878916667215
1.048357522375661
-12.85353738635809
-5.57877349149389
5.745268523962886
32.74439125622912
11.59802218130431
26.999122735363
-1.830371337500569
4.429853191948955
6.692832480728118
25.32360388683186
18.44871823757512
18.23044786376312
12.92454788514948
-28.03182669834818
-34.90671234708812
29.10476205908616
14.01886504182508
-18.81074993210337
0.6667057823013129
19.47745571496213
5.575560810043097
-31.60286990799753
-12.97209850486333
38.88433674402357
18.63077140626383
-14.65008064836328
-13.90189490800801
-6.874885648998367
51.85643524888673
57.13658875746047
5.280153508598996
