21.8219888608811
-11.49290814810758
4.123107733229907
-3.307500189932296
1.979654701453974
18.90273937970358
-22.4865438746899
1.364035654769761
6.314133072046564
4.589522559596893
5.71479659222762
-7.246921428560007
-24.68282622102231
21.44082347012497
-3.330051996950737
21.15367962585073
16.07386371714857
20.84982113077007
-21.51993092186274
-5.1590411231094
12.06158415254446
-13.26088698667832
74.03458721565733
56.3513867149539
73.08919060203952
-31.68687145279139
-27.88311615257911
-7.842378699057972
34.51359532380529
31.28947704729517
7.858635282005992
-7.359919328141659
18.19260808346911
21.83218214517543
-20.45456045910362
-21.44712876175349
-5.961681908257222
-4.481587844295246
15.77627713813308
20.95514553326873
21.151501326108
-13.09686896537455
5.268542045368608
-9.457294902120019
15.8376571645592
-18.37353292316146
-29.05714096317205
-8.672882458878806
15.76744430720498
5.423046460729669
16.86863401688738
24.0040457097205
10.3797495360022
-5.079815908749532
8.785491099523032
-13.624296173788
-15.21855461019758
10.33397280151308
10.17228321079046
-15.45956544996001
-10.68360804112991
23.79657938421469
-1.368410485724268
19.01584801806163
20.18830611476469
4.750497375394582
-15.9032495640752
-21.06416810970692
4.775957414038176
20.38425850449419
-19.6957576213304
-26.00886225392547
-15.88295928194014
4.066405045401701
19.59118615300568
-5.313844155316922
15.23812566955278
24.44032676439333
1.172458097867132
13.06990692603221
-14.22764169117428
-14.38933128137186
4.137769323933474
-2.94374372347461
24.08713364876307
14.18869709621216
-0.1616895903589707
18.36541101440233
-0.9925683047469668
-11.37041983667034
15.97297261763378
1.101189708892327
-14.13744156236272
1.492028004252745
-16.23282332254452
6.790289877917489
18.33192932664371
14.05802503121885
11.44558755713943
22.27530035463714
12.63681000244167
11.89744882768316
-15.43780873926819
-2.614299036374435
-9.638490350922506
-10.37785152943872
15.48544685106434
1.748046537010508
25.12393719986178
-16.58408231000854
14.90728126700306
-15.25110903793207
23.18273299269083
13.36614121761204
10.34955018624182
-14.61933346543179
-28.2053227568576
-16.16944819604717
-6.374869884559097
-2.380397311939932
-16.59152581387937
15.36308915967951
18.5473341303459
-18.33212884672142
13.15923472885053
-14.82676369583945
-2.784542482331823
10.25722496429964
-10.2166559306783
21.7379590450791
28.48052477523305
10.75567344843943
-17.30385049869819
-4.262083052674785
-10.24723733146957
9.513549657233137
-18.70379842495191
-16.46352187987558
1.332973271081691
3.505365150844773
7.21326199360771
2.240276545082872
20.03677169603736
-19.48168573494964
-13.440484944041
27.95595873268655
21.03131279704144
27.3103032699995
-11.01994142195632
3.472843804371143
27.23405507766884
10.59528028021893
22.53500557211753
-23.13510755187511
-4.729523512826477
-14.21112850058122
-2.0953817605904
-17.11313826337153
20.92773144204187
12.82350970254084
-20.65374693807118
-2.902009763945774
-17.72485132638851
-18.96697511823279
-6.210852856795446
12.56599702853962
14.27925128593533
27.99663466124012
-15.01775650151455
7.617059260679999
19.65928047283034
8.420453920724654
-9.321221540983021
-15.01106133015883
19.96888702965097
-21.72196227896523
-2.659233558504905
12.04222121347024
-22.62812058961052
-11.23882655297844
13.04176744632753
7.056613166914783
-23.61310698097796
-0.5310598116957399
18.40472986969451
16.3864951119225
22.00118655659756
18.29543971994929
2.924257033257393
-17.74167546153407
-11.48742603730697
-24.67091018346101
19.76078698861648
9.80253037808799
-15.37118268645696
-9.958256611321007
12.75612226255956
0.342161185036252
13.09573869583943
19.96631606466543
-12.74389158226367
-17.62078050030666
1.315009185024802
-16.61378767829381
-9.743210313006486
-6.652986310195916
11.59111589551497
13.83711783648382
28.54330248423188
12.75357750977324
22.71437887559618
-25.17371306430986
-13.08605276712233
6.870577366692293
9.960801367442659
21.29026957744234
24.02094520015117
-14.56138953522245
17.65776737603706
0.8821739492664989
23.08204717477727
6.158642250482184
-10.48013254451074
-18.65130688031428
21.33432621038549
21.27149277703315
-2.887735620050614
20.49010414456431
12.08766029881458
-9.712633558616616
-14.41168307005
-4.876888917865549
-21.80029385502136
-16.92340492978988
18.93578968297362
-21.32419979148858
-5.68983979040388
-21.94933811205761
-6.92923472128218
-3.428368717854202
15.63436000166864
-13.24496049021978
-20.82233954364436
-0.6251383213267124
-16.63877479499279
-4.69904950849232
-13.18348414563979
-27.26452908659664
19.9493643259994
-17.89595749946326
-5.736863043577282
-15.63529959375108
17.7019618656279
7.540775877213561
17.85772538828282
-22.55720129574459
-15.35105212987308
25.53480022099211
3.522824056922105
-19.70411260770084
-14.87178291058326
2.260657906901851
25.43673337792126
3.454220172721302
-30.35190703151338
2.855814965743222
19.12485611035135
-20.85588702933162
-2.018234758220657
15.76357126093706
5.61469144536878
17.78180601960637
12.16711457347918
-25.32247113922274
6.041200791591262
19.06272872010658
-9.816591773847115
-12.83318280716205
20.91026704982493
2.035883451838617
-0.6456554622567086
-24.48311492845958
-5.160918546656274
-18.87438359946625
-21.55592251054149
22.67399443244827
6.278990472874328
16.36088979879938
-16.39500396262486
-6.313104632826895
-7.577379053620119
-27.98547468320655
-3.632502201261022
20.19720122258174
-20.40809562939103
-26.51899838201069
-6.363177824282292
17.46652559575221
18.4055840401644
15.44356348448879
1.857574193013182
-1.724610508721871
23.82970342369833
15.0201033906713
0.9390584455277996
-14.0810449433745
-13.5859892915509
17.13244081893179
-21.44984438007242
-4.497657786884741
11.75547061336841
65.28765172152036
20.48598142452067
-3.582184702164472
-2.456910665604094
12.0358745610221
1.125274036358557
14.49278522647161
16.95218659108914
-0.06283343468836558
41.93582580772534
9.678936172948021
25.29495206044709
15.52478110687698
-9.898436551362378
23.43882490979786
-17.6988811276509
2.853088690875692
18.87387618815145
7.914043801545586
-4.353060480659502
15.6160158844184
-22.01197616750148
-13.81342648639994
3.80375530021191
20.55196982546747
-10.95983238878289
8.198549682747609
-17.37094941077401
1.787432668115444
19.40461446213303
20.3499553159006
-5.328443742766256
-17.21518588585971
19.15838207698099
0.1557635242389263
17.61718178825786
0.9453408528063861
20.04073745522433
-42.30684647208228
63.7517127914401
-39.67211754094379
-21.76213745366968
13.61149306385524
-12.82727294427967
-22.92418416164831
-1.001363219327821
19.54181462896837
-23.86326128949302
35.13856862168208
19.09539660283713
32.36908757364314
-25.67839905743405
-11.03598834665871
42.35597402336544
13.27369097057353
-21.31698221744409
-4.213698184223658
21.64706566356598
6.065577828324397
20.70798853721735
-16.13811382410221
3.184244972474978
17.10328403120335
5.178868394882761
-19.01878891281616
-5.099749857128165
20.76101398816413
26.8423740434767
10.61615657460705
-7.4771494618546
13.91903905691985
11.54163945078428
25.86076384591421
21.92282094049195
6.081360056540295
-0.9390771265028726
-20.32452497725755
8.683819103554196
37.51838076537698
30.5124763813834
-9.997995660882383
-26.51883118781193
-18.58106844909812
-34.42252933236438
-6.601919190473004
13.68892396410793
17.55886339177942
25.18488476071658
-15.84146088438462
36.13993184082857
27.8206101419514
-16.22621746881797
0.4056318646036258
-27.41497827689184
-4.69956462939136
20.29084315464074
14.09653694170963
3.701623147791859
20.33347248064366
-14.39168288968052
-18.6655871855403
-3.234949554255277
17.33141870747471
16.63184933336966
-18.09330603665929
22.71541364878307
-3.002053775536391
-4.273904295480835
15.43063763101404
-40.45786047470467
-11.75410549402173
45.01900881877482
-3.724071298764479
33.2291679221743
-20.99386500898239
-7.276481630932389
-6.287680366472405
13.28988663090457
20.91091927822472
13.7173833781595
14.70618464602576
-25.71746742560172
-18.0964347787827
18.6373543999357
18.79610157037551
20.566368261866
27.19859964566962
16.25312839854782
7.621032647589834
28.70375497959964
-10.9454712492733
36.73378917732955
-39.64922622665539
44.98327341568076
47.68908208418824
13.88295487895502
53.5321811060048
-29.08228305358487
2.634728931137949
31.71701198568734
15.59675399261905
14.64241070983419
-22.20369165296066
-11.88674214187023
10.3169495123138
29.00834408237005
-6.194306212526342
11.49596079685301
-16.02441254743099
21.37444872888595
60.94536632573541
-7.132579128741621
-41.16281721044285
28.24105138999987
-33.53679583668495
28.83456166417066
37.39886127498135
-17.51238328781635
-47.69761632116116
-39.13331671221629
0.4376008848864599
-1.766343542382664
10.04846253541153
21.79037511090364
8.564299609474684
-7.005904382193562
45.93127277880435
39.57091759721472
-17.43590479247843
-50.1402197275841
-32.70431493559975
21.35277422504447
-9.770026801673067
-27.95646670086749
-18.92062273487014
3.944850533341691
17.6829506365521
24.57669701206779
-29.85996319467417
23.07721396510332
-70.37043523635174
-38.30693780834173
-0.5288009499097904
20.54558129542885
52.93717716008756
-40.51047204198795
-2.531632665830202
11.81480607755971
21.94770540661201
12.48061806308603
32.06349742968244
-16.67958269310546
-16.52083552518559
-48.74308012028764
-11.78984089490122
37.77813685836512
33.77810498692368
0.1587471698205289
-14.18640803238664
-18.18643990243977
6.887974211377469
24.24943208503978
27.45297743902296
45.5679458802047
2.705808668995958
32.67008674079408
-4.000031871475327
21.07438224518607
-12.89785913814624
9.035843965850015
29.96427807130961
-33.80612720468447
15.67063593623679
-3.535803366655056
3.095463464763128
-17.82944550241434
29.72761343253375
18.39789973275201
-14.29364213621108
21.93370310183125
6.377206599426117
-12.3778936303662
-15.10320052420861
13.83447322159232
5.528645952356523
-21.21950605963576
-3.307100333716555
22.63468775780665
-17.9657254788189
-25.76933732038058
-44.80167029992364
9.496020000724979
-30.44817156340509
28.52888775165519
4.817185756811606
-28.12274259624449
-2.295879353114479
23.607435650411
-19.03233298175487
35.26535731964871
2.325428968066483
-31.10113414224409
-24.1592283983166
41.99865924405584
-17.84220876109234
29.92985808800797
-37.48958571265536
6.317019638669782
-12.06880115827759
33.19243539967314
-1.666386326263899
-20.59921584934718
25.45064227979415
43.80660535131933
86.35007758916163
-37.19395011296899
12.31046808389479
-20.92490896672553
26.63214996874276
-17.29896883602183
20.1879614707475
42.5434722383501
47.77206685005191
17.36145787559606
15.01225072672473
10.13289933043955
19.71734009158861
11.74191257605175
-9.467087341091183
10.6925401217775
21.19646229728959
9.584440761180867
-22.50359139521562
-10.09449157871659
20.49966525068732
4.723562823655847
-18.41157423586766
16.26904114542588
-23.71170199427565
19.8949812779068
-4.921452102485736
-29.60943692079548
7.877493386588163
26.59010352800112
-13.30628342445473
12.7383028121543
-49.26634217209448
-3.073074870366455
30.68490326788167
39.58568279505604
46.33293722261299
25.42603905743495
46.19326730177657
-17.68320050079355
25.8268632440355
-12.28372205066023
-38.65515772212068
-33.42656311049878
25.90331500448166
-38.11058529439372
-17.34335704921476
16.41462109016719
-6.444188497726189
14.26106645981788
-11.32971370245127
11.53575956559238
-24.81643338144932
-11.92688037056057
16.30315349781434
-18.75510022750127
-6.019772539114698
7.457266620652176
20.77001378383141
10.9310710361603
18.71261014153535
20.7052549561527
-22.86307327430199
-9.536225880228645
20.43278609059063
-8.62486764935997
1.99264481427038
14.72797250344855
-13.85180071603043
5.001539399439629
23.86037947258161
-1.137270251386459
21.81880485638943
3.270260113189
-23.91194200482139
-22.16304970342174
12.88955301194522
-9.488693915004481
28.23003387037617
-22.37824692762083
-6.730212973581163
7.204254420510641
12.73532768860603
-2.725306893386072
-24.99764972316785
1.046936514230818
19.90027662932301
14.75977106304856
-2.041574617596348
26.04458623734763
-21.02577945168286
20.76722824499997
-43.10923955840597
-26.37143567156139
33.75797813904333
16.73780388699612
15.64803395496066
-9.726433104580915
9.013497251619619
16.95084357516365
18.85334011504119
-5.140505566455565
19.19875260470467
18.73993035658962
-28.78274563505129
-19.84443748612806
-3.427379574589752
-16.27754034225916
0.7754735529291004
14.48632940346177
18.12375361099759
-20.00915372010714
17.79187757275325
1.076750822257752
-15.25874868096651
-25.19446035646309
-16.80134568051703
24.33925817147251
2.997149590329183
20.05016348362922
-17.5387037243607
-5.185306636356186
-18.54854474362013
7.293289978341268
19.79849527010621
17.18245014170889
8.851677590691667
29.80612252633829
-7.741793119878617
25.84183472238093
-27.18220211811672
-0.0651735121235674
12.62367238462962
27.00870713126594
20.58369924656547
9.313537518373389
18.25184566876703
20.95444493582799
-16.59347071308638
8.938308149658511
12.50520529235732
-25.90700823397568
-17.05549912369132
0.8582098551095778
28.6534510531957
26.72982856628895
-5.592597466113287
14.29236464116339
2.702599266908953
16.41705791243725
-8.041011473857345
-7.484714013566651
-17.32365676149436
13.27106194461539
14.31730810025963
15.52094902713461
13.71445864599175
7.960026862606036
25.17736030338352
-6.425007885370843
20.97327187464235
23.85057952888649
17.91370897856939
11.46290165754209
-0.4588222477271723
22.83764688914651
-4.289094688155371
16.76116936501736
13.05918536655806
22.86547326720408
20.63184647829911
-20.77493951581713
-2.964519206476242
11.75031756017365
23.7236681007504
-17.57139415960793
4.11164709336459
-10.67764778358223
-2.349207151240523
17.81042030963259
3.203545355917149
20.15962746150545
10.50392217523465
14.7148367674281
4.210914591651331
17.59252625563502
9.275443593391412
-11.6120215352563
-16.3637349444682
-2.982123276403743
11.83593114099697
7.119307134352854
16.21802755451699
11.97335054109331
13.38161166473338
23.48304208069248
-19.61202100694159
11.50969154030001
2.494487860435319
24.65398745469264
6.893746376313757
4.092017162982656
-16.79544795423584
-24.7708754671727
-18.93282952309712
-12.18557509521811
27.11702860609912
1.74889230073684
6.747254427892499
13.93446739501265
17.21999161100029
7.937346323988937
-6.076477522757765
-9.778461524147406
16.00642183553168
16.28184205269939
27.39827976564069
17.2173334404141
17.05301389424428
17.34828005593467
-16.35537251612984
-9.871904914150109
-3.042625349727163
17.71315060910391
20.86741409642978
12.23460395378114
-15.88789790599709
-2.743601992885763
8.991807927742931
22.51723427206089
7.858609125529571
-6.789177482805974
14.81805440988667
-8.317082662483083
-15.77610242897929
3.253780581458752
-11.39400601993639
4.382096410860616
-20.88746512478317
-14.45277143419865
-10.81534722338815
14.96953613945951
11.41884727529586
-9.282645287347281
22.35831957408566
6.483467604218916
-8.305827270969823
13.31274716407096
-14.78929487547367
22.1065088669725
13.14429591384627
9.098720421233963
3.637424209141586
25.87161871086323
25.78488336108084
-20.54053158752379
-9.446173250357994
10.25512386955143
-5.087508289507671
12.61556220116125
-1.923622485877778
17.43681375775524
-14.36108641306106
1.101314246867521
11.0943583391963
-3.550688865532508
0.2754202175698017
15.45302329744637
-14.64504720337559
19.70129711894902
4.715389044055825
19.36043624544793
-1.729218688351251
-16.71512675307635
11.59762870093333
-14.9859080704816
13.32684739407349
2.360438329111333
14.23820563429785
-16.33549950896397
17.90998008807311
-16.12025799403243
-34.03023808217511
35.37363051813332
7.626021371347536
5.228594611520513
-7.975427515809707
-10.18094632791
9.704015780002148
2.877307658113048
15.23070475615176
19.88496210726481
15.46240066100304
5.526688972491258
-9.935711682004213
12.35339709242357
-9.838942747799457
20.75577595850667
-19.32929474306302
-16.17503125501296
-4.183291256649066
11.95828746243944
2.882378709490472
20.3367392168919
3.15426348881747
15.14600348646111
2.249887082029669
-8.632810142276757
13.52668945254747
19.05740996518194
-20.6923920211084
-6.592634686814772
9.54894403507647
-5.514788945254843
10.62823094336167
-19.48875109099534
23.41913613230751
15.17760307765956
1.203640928023153
22.15949959445219
21.74451390932144
11.73540992140365
5.530720514956411
16.14157871998234
-12.89611640404419
-21.43427368070938
-21.3138421656317
40.55635702043933
-8.390955164889844
5.626496233657831
8.378451755532696
19.44823682825567
13.87019209724354
-29.05765374105949
-18.10827493325416
0.120431516517202
16.14301989042243
17.70307048822745
1.560050595676938
12.79090519144443
24.38719672186978
-10.00910398744636
-16.21379339444545
1.240567111267173
10.64995308688327
16.2247850233035
-22.78779050751309
-22.4063609468019
31.4785839257529
-0.1214611564999732
-21.73961702496839
13.52542634546066
20.65905707316386
-12.9261579691354
-18.50420270283684
19.81433471373643
-6.907911171292533
11.32079528692635
24.24368229242084
11.87776731454217
22.82714612470118
10.94937880961988
17.45436050760931
25.94178809155932
7.133630727110753
-14.65862514574401
11.06978507310846
16.81434116515011
14.98421791393309
-11.02177262184924
15.97416396972234
22.66632935485384
1.048173482102911
-12.85189587322353
-5.578044732266783
5.744556091656333
32.74049268143701
11.59629153170842
26.99593659158326
-1.830123251585789
4.429347580880747
6.692165385143386
25.32144220202231
18.44679898126397
18.22870645542479
12.9228870031182
-28.05521756646234
-34.92986078692287
29.11038698094098
14.01745139864807
-18.80815736676223
0.6667439222327911
19.47490128931404
5.574831935623194
-31.60004508367935
-12.97076826816552
38.90768138788179
18.62927681693992
-14.64778660486542
-13.90006935511482
-6.874643220609597
51.87844965604716
57.16560454741868
5.287154891385915
