0
0
0
0
0
0
0
0
0
-0.002671300093561361
-0.003203617980198094
-0.00234118082944288
0
-0.003780729360791284
-0.002392419222392021
-1.963213264339881e-05
-3.824866268379935e-06
-0.000168898666230615
0
-0.001596334608403087
-0.001608101662816319
-0.002465579800102335
-0.002865467848088756
-0.002471921137683732
-0.003161561503747415
-0.002552517020194182
-0.001448343089769315
-0.002389825831695207
-0.001993510955920368
-0.002025980643531066
0.0004384116502861932
-0.002868807040147461
-0.001912422776160615
-0.002711041981055911
-0.002627533289114116
-0.0009622150449966881
-1.008259768654043e-05
0
0
-0.002905243189610472
-0.0001994317496383449
-0.002485334156839197
-0.00334674121701262
-0.002884581508948479
-0.0006342522760105148
-9.082983716159824e-05
-0.001123688026243392
-0.001005310185434937
-0.001595307640588622
0
-0.0007458494053266591
-0.002415182083900057
-0.002025061924974645
-0.00293399252390305
-0.002807522369217147
-0.00350306813329968
-0.00264737953054548
-0.003116603261398294
0
0
-0.003433361589359751
-0.0033030793993656
-0.0007094634668127651
-0.001636531003319089
-0.0005180749144727073
-0.000438042748531091
0.0002818003948394177
0.001625206187451089
0
0.0007595489298715384
-0.002290780351427961
-0.002169590863108881
0
-0.002434822072114934
-0.003884542289578766
-0.002553297786744902
-0.00316685831875411
0
-2.284208794068093e-05
0.000798766686151694
5.597752665983352e-05
0
0.0007674623935452398
-2.626827331122521e-05
0.0004234267361579012
0.0009406986186041671
0.0001895954390793001
0.001214085777093184
0.001123177556468015
0
0
0.001243590552558754
0.0005748551631958378
9.033662456073645e-05
0.001188904235600471
-0.002517590418636812
-0.003766527773249231
0.0009836127656695469
0.0007810134100545338
0
0.001251428757462319
-0.003641176087288238
0
-0.00172022623971681
0
-1.112861192683161e-05
-0.002209346734122372
0
0
-0.002486029868687794
-9.334054470949737e-05
-0.002132031732983053
-0.001466862796081459
-0.001113386858686987
-0.003116877398184941
0
-0.003909600624682583
-0.003576163555395204
-0.004331103542145466
-0.003053261265505217
-0.002877415284222808
-0.00344668133985708
-0.003090638671564617
-0.003196219052333779
-0.003657944477741167
-0.003791621417625205
-0.003879539539170038
-0.003897464547853555
-0.003834199343593058
-0.003887382983809846
-0.003677598666562921
-0.003664199804222029
-0.003818274238696782
-0.00344475602714734
-0.003468916777579246
-0.003875895731981087
-0.003759167151121129
-0.003594076668509133
-0.00397576304382366
-0.003675733438267978
-0.003731408273423086
-0.003809679712203611
-0.003857188795990309
-0.003880719461482509
-0.003820906021550871
0
-0.003972247395826338
-0.002708367059319986
-0.003478262769958921
-0.002585414208656753
-0.002172155631411091
-0.003837421567192829
-0.003593353681866676
-0.003766458934099952
-0.003480526505873027
-0.00374732134588355
-0.00369600616200501
0
-0.003974436939821634
-0.003461610349166645
-0.003716101839230144
-0.003740522261313949
-0.003600146528170332
-0.003806659983308667
-0.003804115444924963
-0.003865651117908409
-0.00385106291922109
-0.003591449671431695
-0.003847955077626517
-0.003697521592920461
-0.003717482234650974
-0.003874991853414824
-0.003722959549409008
-0.0037931161481495
-0.003022373440091263
0
-0.003853884909009516
-0.003873508453557048
-0.003783851873443275
-0.003623357371773471
-0.003536141824521499
-0.003755553359757632
0
-0.00392641413425216
-0.00370615811292535
-0.003671914173646249
-0.003576289659619258
-0.003265932428544014
-0.002773178324271024
0
-0.0038844293535595
-0.00354109597111083
0
0
-0.003849106796184781
-0.003870401951053929
-0.003796322414400867
-0.003750655695340886
-0.003541653570304201
-0.003774700710534572
-0.002841635955134916
-0.003536450589230194
0
-0.003446150395317579
-0.003167424294034093
-0.00392301235835293
-0.00383204366171073
-0.003390984299590004
-0.003527230345530614
-0.003422803152334167
-0.00370315856591117
-0.004198668937765548
-0.00388129056849593
-0.003966384076673917
-0.003082142577144243
-0.003525347899580636
-0.003355967301254593
-0.003141608075696449
0
-0.003429363549841957
0
-0.003489121268072301
0
-0.003153530754846513
0
-0.00329100157934379
-0.003527561665885016
-0.001936407557579246
-0.003408006003471821
-0.001288746890438498
-0.004060355603809203
0
-0.003087558483452403
-0.002842476639972769
-0.003636174279468408
-0.003394983140167681
-0.001939974112924364
-0.003116079592817153
-0.003173685094241702
-0.002086018818481244
-0.001032168357746951
-0.0002669332353588102
-0.0007144367490229395
-0.0002142743032055552
-0.003033272337922835
0
-0.004637326135814876
0
-0.004288130839841993
-0.002808751555735006
-0.001554928645178796
-0.002886952244308832
-0.003415420932661043
-0.00303601055243072
-0.001219396348961742
0.0002218890589255698
0.0002009925446603599
0
0.001501037108579143
6.33697694541794e-05
-0.001523316028564876
-0.001892532961133368
-0.002381908561764783
-0.001749134125535495
5.981184160360948e-05
-0.002129381289740891
-0.002073161488964613
-0.000171761405367397
-0.0001698577030419675
-0.002803593709645627
-0.0007062873244596524
-7.404270150065689e-05
-0.0005203834028875629
0
-4.64438353189089e-05
0.001063181378926505
0
0.001189210552670618
0.0007825489359480827
-0.003989833355479155
-0.003840275980684101
-0.003669593118893325
-0.003879681198109682
-0.003810286355271282
-0.003715441562954274
-0.003772550723941759
-0.002860679462354603
-0.001885540548573986
-0.002633541083895141
-0.003718181390352689
-0.001243592722625125
-0.002284846444605531
-0.000656128944275892
0.000538629142454156
-0.001147401870341107
0.001002890927646991
-0.001674243030643327
-0.002361794246319465
4.405165102482569e-06
-0.0002420740872578225
-2.59763852103447e-05
-6.35320420899965e-05
-0.0003659142893405666
-0.0002064576874716244
9.570713328688687e-05
-4.483528675559423e-05
0
-1.608348420389767e-05
0
-0.0002001584163999729
-0.0002727693208483022
0.0001241271773471796
0
-0.0002290392720732344
0.0002254163907572549
-0.0001181364908432417
-0.0004730781676371738
0.0007602598933502948
3.018012075701394e-05
0.001153623724796096
8.10982678348903e-06
0.0006421156315207723
-1.719147144621545e-05
-7.562916786619404e-05
3.581661388527644e-05
0.0002476517145093275
0.000318277090999429
0.0009895403560758278
0
0.0005244591250709219
0
0.0006787289512920512
0
0.0008471975920300048
0.001478128458661663
0.0008504178497105567
0.001117844619521774
7.657366519552656e-05
0.0009559856089011113
0.001014357204210782
0
0
