0
0
0
0
0
0
0
0
0
-0.002681818995872346
-0.003203266644833964
-0.00234089814114269
0
-0.003774574612139692
-0.002376905623004953
-2.007133616590786e-05
2.373456884528696e-06
-0.000170339833266426
0
-0.001598782773102345
-0.001607720021805402
-0.002470406113114822
-0.002865465085324421
-0.002478488115431259
-0.003173864169358085
-0.002554740192192052
-0.001448324501894017
-0.002397539239065031
-0.00200018364942921
-0.002029842033006337
0.0004379086061771902
-0.002880688697754323
-0.001919907775435853
-0.002721902796733688
-0.002641561409023025
-0.0009622393103550099
-1.008704123734183e-05
0
0
-0.002918158068025636
-0.0001990923597534639
-0.00249600011194574
-0.003363928117710921
-0.002899059057941508
-0.0006335643492237443
-8.917152821587657e-05
-0.001122145466308222
-0.001006674533489104
-0.001601406314689962
0
-0.0007429352097509501
-0.002426460991765367
-0.002032348537771217
-0.002949236161835724
-0.002813315646102245
-0.003526120522927805
-0.00265517250173174
-0.003126880229655647
0
0
-0.003431733904135683
-0.003325985877568153
-0.0007116789620021925
-0.001640410833435509
-0.000518074766622171
-0.0004382047223326366
0.0002822958586356257
0.00162524091459617
0
0.0007594076972711417
-0.002293313051521467
-0.002177075907949895
0
-0.002443644162200432
-0.003872153622237242
-0.00255349581155093
-0.003157431087161857
0
-2.257098717461914e-05
0.0008009028131266806
5.358039750792803e-05
0
0.0007672192169127289
-2.638722659030723e-05
0.000424586661578565
0.0009422717562820103
0.0001962885453574408
0.001215003155328314
0.001120644720612888
0
0
0.001243778908828851
0.0005737474042384964
8.929717617660494e-05
0.001190040602482837
-0.002523446154412386
-0.003757132305059465
0.0009845409828885526
0.0007823889603554174
0
0.00125007393378824
-0.003644778867637629
0
-0.001724886257199075
0
-1.206361909565501e-05
-0.002216247108915881
0
0
-0.00248420357450696
-9.33014214848978e-05
-0.002126756934057231
-0.001472650520816177
-0.001109858640927448
-0.003111746402030314
0
-0.003900207718785615
-0.003563458604174695
-0.004331151620792772
-0.003049586001650062
-0.00288778625470004
-0.003440390113998791
-0.003099570804721897
-0.003193857568869431
-0.003646818873945168
-0.003782850226521064
-0.00387006509392907
-0.003888123951077024
-0.003822745265583896
-0.003877650679583954
-0.003667796503546956
-0.003654129891541685
-0.00380712167417396
-0.003444147793937143
-0.003472865960968791
-0.003865351459980191
-0.00374750730513178
-0.003597088084039391
-0.003966179418960114
-0.003666417818321035
-0.00371937266103768
-0.00379864782563781
-0.003847403977725406
-0.003869972798511035
-0.003811616440288358
0
-0.00396432582929744
-0.002703024632364891
-0.003467659491061812
-0.002593806900440197
-0.002176437898999771
-0.003827976977639293
-0.003583055364129357
-0.003758574759430376
-0.003481653592910091
-0.003739078310089932
-0.003685113720313415
0
-0.003969029326091846
-0.003454166250870412
-0.003707723600649341
-0.003732300753246069
-0.003594340037855803
-0.003797373544653315
-0.003794497813093928
-0.003855303782134416
-0.00384112320824533
-0.003584472292578399
-0.003836995270967743
-0.003689325001479864
-0.003709038784101665
-0.003863254799692243
-0.003715285236287874
-0.003783059545182582
-0.003015972330173357
0
-0.00384396923224533
-0.003863733580974187
-0.003776780836399264
-0.003613046276661597
-0.003529125319972824
-0.003747404819641325
0
-0.00391687798896075
-0.003701095414953252
-0.003656694870931777
-0.0035706977959176
-0.003258625978549476
-0.002766086794395688
0
-0.003870307717757402
-0.003539489925142287
0
0
-0.003837479080441763
-0.003859066150324291
-0.003787486180285877
-0.003743306049223015
-0.003533517047010608
-0.003767644034796379
-0.00283584890803762
-0.003530570339798295
0
-0.00343873557315664
-0.003169696469516846
-0.003907256276329452
-0.003826858649764967
-0.003384153711926031
-0.003522013891627082
-0.003428968090814126
-0.003713188650150497
-0.004143662693023862
-0.003844909433552135
-0.003964220985096637
-0.003075584581817614
-0.003519474674034668
-0.003348900580058775
-0.003136906334721727
0
-0.003423065600545842
0
-0.003484902592571796
0
-0.003149747449959626
0
-0.003295986151433717
-0.003523939659994008
-0.001935509520607801
-0.003403089335842981
-0.00128664830901802
-0.004057390029608341
0
-0.00308397623709083
-0.002837132594644669
-0.003627897768341415
-0.003387988177816696
-0.001935494941306471
-0.003110641336842236
-0.003167885074377584
-0.002079921253940217
-0.001024883201892734
-0.0002651406045184762
-0.0007117833225219547
-0.0002142610933050266
-0.003027418556290571
0
-0.004606377976048533
0
-0.004229226335821955
-0.002803320946405176
-0.00155259481745392
-0.002881556999675954
-0.003409865525428643
-0.003030620230986675
-0.001216983262577369
0.0002211443606768595
0.0002018702217693663
0
0.001500431520278939
6.338784540787624e-05
-0.001522502070792603
-0.001889192138258945
-0.002377318141256301
-0.001745579973021275
5.986200300333856e-05
-0.002127118939123669
-0.002070169232071358
-0.0001680097562380977
-0.0001707095672524476
-0.002797927420112198
-0.0007061540098592691
-7.183739000339138e-05
-0.0005203735178523574
0
-4.807908268365648e-05
0.001064519367239185
0
0.001190690580360122
0.0007817242967292214
-0.004004496411822898
-0.00383203496654031
-0.003657838312781893
-0.003860233020930397
-0.003802007226659259
-0.00371546833740836
-0.003765633951911881
-0.002851922842118208
-0.001875492710226064
-0.002623955444538752
-0.003715969631368257
-0.001243963315657829
-0.002283325276657368
-0.0006589740289060078
0.0005368458867533524
-0.001147311656556628
0.0009920717418390233
-0.0016711855497273
-0.002357357182188735
4.284504888155709e-06
-0.0002420944747831938
-2.592566455639462e-05
-6.312262097245803e-05
-0.0003662411393329875
-0.000205564589341521
9.533986745056601e-05
-4.472807572170875e-05
0
-1.610164052907455e-05
0
-0.0002002859284672969
-0.0002725786109847053
0.0001241614996286033
0
-0.0002293220805584285
0.0002252699683907412
-0.0001181154878080842
-0.0004719743762685111
0.0007653171242782872
2.987222230932229e-05
0.001153843375166783
8.02017416716538e-06
0.0006425796412850995
-1.72635922470434e-05
-7.626857713125889e-05
3.610074906046156e-05
0.0002484219263853014
0.0003182040330156251
0.0009892202716222439
0
0.0005251944121659507
0
0.0006789421244937954
0
0.000847798227691313
0.001478112365487268
0.0008500233858010865
0.001118205981535766
7.681918975221951e-05
0.0009556717893590465
0.001015034938360012
0
0
