0
0
0
0
0
0
0
0
0
-0.002685672186329089
-0.003203601672352504
-0.002341167293276969
0
-0.00378043912167131
-0.002391680775928495
-2.000955514530681e-05
-2.155870352118308e-06
-0.0001724782956851933
0
-0.001603929129105332
-0.001608345587128169
-0.002472388695073371
-0.002865467803397686
-0.00247934207174853
-0.003181303221567344
-0.002553356256415347
-0.001448342237334838
-0.002398657904259336
-0.002000519623099109
-0.002030407914239676
0.0004383880442081577
-0.002885490128487238
-0.001920726356322453
-0.002725352726721701
-0.002645522518734905
-0.0009622161732607506
-1.008282541145015e-05
0
0
-0.002923192982107647
-0.0001994157870769586
-0.002498569446108374
-0.003372431736508783
-0.002904346384752335
-0.0006342190384099561
-9.075153566426648e-05
-0.001123614558799581
-0.001007106705589293
-0.001602416157573784
0
-0.0007457106391430456
-0.002429233659540069
-0.002035202514409008
-0.002954767472600494
-0.002818906265631976
-0.003533148101790081
-0.002660209012816157
-0.003133239843725437
0
0
-0.003439486900026446
-0.003332219268088115
-0.0007130394195447249
-0.001643310410485954
-0.0005180747799413532
-0.0004380513495890005
0.0002823182720061252
0.001625208286128942
0
0.0007593545901542438
-0.00229707252424492
-0.002181275354376984
0
-0.002446523073576105
-0.003884241889009322
-0.002560578808931606
-0.003166408192669409
0
-2.266728010670769e-05
0.0007996058021621451
5.586331397324432e-05
0
0.0007682080487490259
-2.627395465114725e-05
0.0004245010912493114
0.0009423252170649264
0.0001899086111161996
0.001215244119598957
0.001121491958259468
0
0
0.001244049856031014
0.000574083914902916
8.986919829210496e-05
0.001190202226877856
-0.00252425479932445
-0.003765064534098903
0.0009847004632825879
0.0007820643697990517
0
0.001250217772802448
-0.003652615342747792
0
-0.001729133473904648
0
-1.220761839281614e-05
-0.002219392742915738
0
0
-0.002488204941466877
-9.333978719547632e-05
-0.002137519472614607
-0.00147382749744731
-0.001115632301595931
-0.003116663434930459
0
-0.003909966665554311
-0.003577006683566658
-0.004331080965481113
-0.00306104290099972
-0.002894131751164087
-0.003453364354374602
-0.003107681061264347
-0.003205401120559219
-0.003659442619645797
-0.003793076217940668
-0.003879854139422365
-0.003897620103788495
-0.00383410908480525
-0.003887307395145847
-0.003681149561051008
-0.003667153317871496
-0.003818174860684776
-0.00345599763003475
-0.003484128092460845
-0.003876312081182723
-0.003759736843184574
-0.003609086512879132
-0.003975426713262747
-0.003680019699719521
-0.003730571830415322
-0.003809491965814413
-0.003856912607088058
-0.003880711600823317
-0.003820316454623539
0
-0.003971989282318335
-0.002714454263521228
-0.003480701813394659
-0.002599524698373283
-0.002181595072793903
-0.00383793263098339
-0.003593745838676253
-0.003767840143384161
-0.003480577768698596
-0.003748539280940363
-0.003697512183378066
0
-0.00397660982248786
-0.003460641655963069
-0.003717467245166997
-0.003742129371527109
-0.003601840483852339
-0.003807848569377781
-0.00380522245296805
-0.003866190546351199
-0.003851356687017573
-0.003592088412638758
-0.003848578241385173
-0.003698778311858937
-0.003718775424980192
-0.003875334683967046
-0.003724259990999416
-0.003794260740689835
-0.003021359053589438
0
-0.003853576728369144
-0.003872854700715973
-0.003783495517484808
-0.003622014867496652
-0.003537663833569103
-0.003754755788835937
0
-0.003927528244346551
-0.003706677332920529
-0.003671196567783874
-0.00357821963433433
-0.003266482819150751
-0.00277239512215403
0
-0.00388361116488164
-0.003540010157631774
0
0
-0.003849532143626176
-0.003869559407916377
-0.003796082674222009
-0.003750777973070038
-0.003539946115049489
-0.003774109488493557
-0.002841146358711801
-0.003535056567518962
0
-0.003445548291972817
-0.003166697219339808
-0.003923257243283109
-0.003834680082125593
-0.00339056437300093
-0.003526570028915421
-0.003422473269009723
-0.003703586867491958
-0.004196457903467937
-0.00387965989254766
-0.003966279947525119
-0.003081495691513188
-0.003524450853017115
-0.00335535725634216
-0.003142184311977706
0
-0.003428982868115214
0
-0.003489099505328863
0
-0.003151400993727453
0
-0.003296660382182902
-0.003528613519285797
-0.001938822310883103
-0.00340846099790223
-0.001289052001908245
-0.004062255897358604
0
-0.003088931269651203
-0.00284235065265373
-0.003636129943512467
-0.003393907079902077
-0.001940427667738445
-0.00311603177084838
-0.003173702769348565
-0.002085724051789276
-0.001031569839980972
-0.0002668491565132332
-0.0007176413651739842
-0.0002142738679324463
-0.003032382886778581
0
-0.004635896292604146
0
-0.00428457519064927
-0.002808518166184447
-0.00155523176116772
-0.002886694613995553
-0.003415617959944531
-0.003036040040210776
-0.001219645364349507
0.0002210753735052978
0.0001983115975374633
0
0.001501009567376584
6.337066030446055e-05
-0.00152327764862098
-0.001892682700382971
-0.002381794631100674
-0.0017494920492614
5.925632434696931e-05
-0.002130598579622425
-0.002073654625211599
-0.0001715843504746656
-0.0001707651900460075
-0.002802651219782312
-0.000706281499958898
-7.293886037772079e-05
-0.0005203825738974933
0
-4.747449577175412e-05
0.00106520733252996
0
0.001190545367821037
0.000781008202096845
-0.003990580950443001
-0.003841131121175253
-0.003670830657432399
-0.003878792075688029
-0.00381155439323165
-0.003715441387171774
-0.003772157032900774
-0.00286027696003192
-0.001883483391424693
-0.002632169303593127
-0.003720888569632854
-0.001245350815604589
-0.00228674027031009
-0.0006608724233306354
0.0005361841987464249
-0.001147397710564043
0.0009874041715789684
-0.00167443138075433
-0.002361724626645097
4.391263977317801e-06
-0.0002424757231918651
-2.597421128470156e-05
-6.326551124961084e-05
-0.0003667556878709508
-0.000206419524049813
9.54189089190641e-05
-4.487364410735397e-05
0
-1.599823461637876e-05
0
-0.0002001642379655669
-0.0002725843089825697
0.0001241619640509924
0
-0.0002296721711488976
0.0002252389634676547
-0.0001182155167454985
-0.0004730259194479282
0.0007604949426798995
3.014854885231619e-05
0.001154030599574424
8.204600112036239e-06
0.0006422702948387421
-1.721309602303112e-05
-7.56700797994969e-05
3.582574872732916e-05
0.0002477825855774821
0.0003182739300820302
0.0009897269240294734
0
0.000524556695759895
0
0.000678851654212403
0
0.0008474260150334415
0.001478651849627877
0.0008500949870940931
0.001118194866384036
7.649155415490443e-05
0.0009562463471709966
0.001014644576090207
0
0
