0
0
0
0
0
0
0
0
0
-0.002686020003080477
-0.003203528008882598
-0.002341106016084904
0
-0.003779079792339755
-0.002388234946480286
-2.007649004651817e-05
-9.824559135759506e-07
-0.0001725543774533008
0
-0.001603527230247258
-0.001608271746125434
-0.002472617314912451
-0.002865467238082558
-0.002479963380594532
-0.00318023470871068
-0.00255376084129671
-0.001448338330347792
-0.002399330856875455
-0.002001219828889034
-0.002030783217467631
0.0004382767264562524
-0.002885563659589986
-0.001921416509644627
-0.002725810810290292
-0.002646022560969925
-0.0009622216903257965
-1.008387524711541e-05
0
0
-0.002923218088743752
-0.0001993414433411666
-0.002499187830629867
-0.003370689077804747
-0.002904284812843565
-0.0006340666452035274
-9.038398461536791e-05
-0.001123277127804384
-0.001007207575124864
-0.001602948105078558
0
-0.000745061120187326
-0.002429866478531442
-0.002035499643123048
-0.002954835705869125
-0.002818726668906426
-0.003532869141619691
-0.002660094146585616
-0.003133246766300009
0
0
-0.003438877363720735
-0.003332664934225953
-0.0007130912519228072
-0.001643248177998548
-0.0005180747812908716
-0.0004380874393360785
0.0002823588205333575
0.001625214955846693
0
0.0007593285973759447
-0.002296807089712
-0.002181501051244903
0
-0.00244700808774415
-0.003881832602505895
-0.00255965315294067
-0.003164311907160091
0
-2.263749206914867e-05
0.0007999516438429499
5.533070429757964e-05
0
0.0007680047734077845
-2.630017087811524e-05
0.0004246310798418915
0.0009424482820108411
0.0001913858295102876
0.001215247048173792
0.001120923659636885
0
0
0.001243935809478451
0.0005738540784481118
8.964699183783539e-05
0.001190241090341066
-0.002524788796618947
-0.003763306302977031
0.0009847265909853841
0.000782225130073294
0
0.001249951217853645
-0.003651174332461646
0
-0.001729078504711294
0
-1.242107784953344e-05
-0.002219683559523854
0
0
-0.002487369669176246
-9.333041317265081e-05
-0.002136459618450138
-0.001474768712534598
-0.001115069351592318
-0.003115409811099063
0
-0.003908106947001421
-0.003574397574832174
-0.004331125270067841
-0.003058494872713254
-0.002893538817282675
-0.003448870567116703
-0.003106115295666815
-0.003202193696698634
-0.003656443696580515
-0.003791215553674878
-0.003878001525364471
-0.003895741772040182
-0.003831293864064923
-0.003885332556423117
-0.003675425726246231
-0.003662336832717478
-0.003815114611373025
-0.003451645946093647
-0.003479960864609316
-0.003874120397577307
-0.00375449812994682
-0.003603892959238391
-0.003973698572481774
-0.003673612906377288
-0.003725897691754138
-0.003806185938073257
-0.003854893212613492
-0.003878433906443066
-0.003818265002245034
0
-0.003970278620572952
-0.002712725272970147
-0.003478087762900104
-0.002599318077631571
-0.002181677081929199
-0.003836086880948477
-0.003591574515881025
-0.003766239067223865
-0.003480790725830195
-0.003747009356015966
-0.003695205836305555
0
-0.003975069786615357
-0.003457399279772719
-0.003715583961548434
-0.003740317345513482
-0.003600430112263599
-0.003805873757934921
-0.003803149509613774
-0.003864000527585103
-0.003849357104601209
-0.003590057651291458
-0.003846229509577591
-0.003696809839148392
-0.003716901283960532
-0.003872814300966113
-0.00372223069301614
-0.003792103578518977
-0.003017319991862142
0
-0.003851352001187149
-0.003870960007085293
-0.003781894279578841
-0.003619689062243873
-0.003535781642395105
-0.003752994270870841
0
-0.003925245379552939
-0.003704492647157119
-0.003667843039727024
-0.003576836698375937
-0.003263598163172179
-0.002768134271584422
0
-0.003881007118322201
-0.003537492892103583
0
0
-0.003846962826437183
-0.003867329698827438
-0.003794130573466061
-0.003749298223379048
-0.003536228407929058
-0.003772288207673494
-0.002837391635552997
-0.00353181402232888
0
-0.003442327160208073
-0.003165659570320118
-0.00391992495069435
-0.003834714376240934
-0.003387388605376237
-0.00352393930792705
-0.003422319844002624
-0.003705773341712808
-0.004183781591480216
-0.00387188013192227
-0.003965816744708156
-0.003077821416278706
-0.003521462677959392
-0.003352045220251612
-0.003139826666663554
0
-0.003426104171858585
0
-0.003487120219047756
0
-0.00314868115214291
0
-0.003299540299120379
-0.003527256941792447
-0.001937431611242385
-0.00340643351944079
-0.001287015236099615
-0.004061354162561112
0
-0.003087222367502384
-0.002839189766146674
-0.003633387296389425
-0.003390474026611612
-0.001935476696178478
-0.003112968800502173
-0.00317091133425406
-0.002080197560643211
-0.001024153895418139
-0.0002664503822279229
-0.000711566683257354
-0.0002142712542421701
-0.003028628448264736
0
-0.004629087730982125
0
-0.004270554444964159
-0.002805161336148646
-0.001553222732610893
-0.002885497021608491
-0.003413256008220203
-0.003033159278337553
-0.001217476022695967
0.0002210674928910121
0.0002009342699196049
0
0.00150087460947984
6.337017045989393e-05
-0.001523097557548381
-0.001890085607056374
-0.00237819228363057
-0.001746014001429251
5.926882676475777e-05
-0.002128881593337854
-0.002071423890835614
-0.0001707508482309498
-0.0001707637501441994
-0.002798411924281711
-0.0007062525788342117
-7.281585325987924e-05
-0.0005203796838860609
0
-4.761483534400835e-05
0.001064746401766237
0
0.001190657079027758
0.0007807954676948027
-0.003994525334856451
-0.003839348261763876
-0.003668361597072567
-0.003874790305087677
-0.003809980427789165
-0.00371544468821296
-0.003770176786801169
-0.002858349819723026
-0.00187739531192927
-0.002627920258619102
-0.003721521275462543
-0.001244788880175164
-0.002285526382234234
-0.0006600521967524819
0.0005361156039816041
-0.001147378159413393
0.000988559812388225
-0.001671718343084214
-0.002358487962524811
4.308383722358087e-06
-0.0002418516589524253
-2.596279809884194e-05
-6.31916260503031e-05
-0.0003661048038908044
-0.0002062221471758512
9.538963543258809e-05
-4.473057380956462e-05
0
-1.608089067275049e-05
0
-0.0002001919645802647
-0.0002725599352221027
0.0001241357392669051
0
-0.000229118587473104
0.0002252263751092294
-0.00011828769178202
-0.0004727806785507703
0.0007616064539552853
2.99513973590414e-05
0.001153892391167989
8.07555400011497e-06
0.0006422883500804027
-1.729978613073985e-05
-7.598664234553141e-05
3.587526786746637e-05
0.0002478889670150621
0.0003182580188334254
0.0009893416652488008
0
0.0005246079223081544
0
0.0006788410899732474
0
0.0008474504333832278
0.00147830778418554
0.0008500434604472115
0.001118116238939462
7.655464669800157e-05
0.000956031094541045
0.001014658188323591
0
0
