0
0
0
0
0
0
0
0
0
-0.002684717790703986
-0.003203454268886614
-0.002341045982144176
0
-0.003777762766506826
-0.002384909128190626
-2.007015444931857e-05
7.682281713039304e-09
-0.000171868946386713
0
-0.001602088995480142
-0.001608104109996702
-0.002471940604057025
-0.002865466656046606
-0.002479495555282837
-0.00317833055197767
-0.002554050206366952
-0.001448334416055406
-0.002398766892018876
-0.002000886489268293
-0.002030482512648878
0.0004381689861544364
-0.002884077272275364
-0.001920941443012023
-0.002724607450455666
-0.002644684849416239
-0.0009622269490776844
-1.008485514821729e-05
0
0
-0.002921688364614975
-0.0001992694213842665
-0.002498206868853261
-0.003368696368162901
-0.002902716903237291
-0.0006339193921765893
-9.002869280119578e-05
-0.001122948510890842
-0.001007043220270659
-0.001602467424526293
0
-0.0007444355129232567
-0.002428831436333665
-0.002034556050823639
-0.002953177559022698
-0.002817141032244812
-0.003530907350796916
-0.002658640014271146
-0.003131386393067263
0
0
-0.003436837917882002
-0.003330704799621817
-0.0007126664635547204
-0.001642410014025796
-0.0005180747775868894
-0.0004381221107696975
0.0002823364084897813
0.00162522197561711
0
0.0007593531220235695
-0.002295759884558844
-0.002180103349571049
0
-0.002445958767448721
-0.003879001147833721
-0.002557871167955715
-0.003162290205250883
0
-2.26227235903641e-05
0.0008002282902879185
5.481675127493577e-05
0
0.0007677765091008785
-2.632560057415781e-05
0.0004246116133432928
0.0009423901678206815
0.0001928177371240269
0.001215173801036974
0.001120865792526464
0
0
0.001243895175738681
0.0005738310787116541
8.954950601947021e-05
0.001190179772497662
-0.002524364794883064
-0.003761535241038388
0.000984670090054491
0.000782269546889361
0
0.001249997928815845
-0.00364932895321033
0
-0.001727785880095538
0
-1.229677746075275e-05
-0.002218617026932333
0
0
-0.002486440068329638
-9.33221415714708e-05
-0.002133451590582171
-0.001474032604372626
-0.001113437943706667
-0.003114185582050666
0
-0.003905779547651956
-0.003571069741564241
-0.004331144233689071
-0.003055778031217911
-0.002891767871135997
-0.003446310002778002
-0.003104130932884518
-0.003199661320229653
-0.003653554592820327
-0.003788824602253928
-0.003875701036344192
-0.003893535331256262
-0.003828764718831998
-0.00388311299008098
-0.003673159785629079
-0.003659881557876328
-0.003812735553753643
-0.003449406536613094
-0.003477859529883258
-0.003871591686150951
-0.003752457435844348
-0.003601904049338345
-0.00397164915565877
-0.003671495897954583
-0.003724008861903533
-0.003803961287573817
-0.003852727989901961
-0.003875987456788572
-0.003816350071804091
0
-0.003968594750961314
-0.002709748701429784
-0.003474937523010976
-0.002597590276884569
-0.002180010037627864
-0.003833755418733891
-0.003589356695683501
-0.003764082663025557
-0.003481016421181116
-0.003744768216356203
-0.003692338333994307
0
-0.003973278792992372
-0.003456513426607936
-0.003713320543681734
-0.003738011404540439
-0.003598661514329565
-0.003803423520502719
-0.003800647120999633
-0.00386147884058562
-0.003846972785672347
-0.00358845561821832
-0.00384354349400747
-0.003694633679829241
-0.00371462663706428
-0.003870024141563118
-0.003720262417465888
-0.003789472020885495
-0.003016993720013998
0
-0.003849220759930464
-0.003868877756673528
-0.00378046052678699
-0.003617786267566333
-0.003533878639296201
-0.003751397792932987
0
-0.003922830401861716
-0.003703656784058459
-0.003664587900527847
-0.003575068539252998
-0.003262145704190101
-0.002767524336558848
0
-0.003877860656399426
-0.003538312876217787
0
0
-0.003844217176266903
-0.003864931241810207
-0.003792255711091986
-0.003747650822993367
-0.003535544561160834
-0.003771046152640809
-0.00283700676488155
-0.00353160539351211
0
-0.003441356061870715
-0.003167014146992935
-0.00391611916906409
-0.003832455228073288
-0.003386509363254426
-0.003523518993937305
-0.003424501617622813
-0.003707843289961411
-0.004171764971346366
-0.003864191440919824
-0.003965359358318182
-0.003077239216023221
-0.003521030083907677
-0.003351205987950117
-0.003139032444739897
0
-0.003425306227749756
0
-0.003486581568439811
0
-0.003149129883380882
0
-0.003298470398225629
-0.003526364766436826
-0.001936891946791021
-0.003405536441993535
-0.001286941352635378
-0.004060265139044318
0
-0.003086325753169877
-0.002838653209610776
-0.003631841734964936
-0.003389820857370053
-0.001935511204778086
-0.003112308147421602
-0.00317002788272848
-0.002080130929873362
-0.001024380365924182
-0.0002660653981428722
-0.0007116355366662142
-0.0002142685373987393
-0.003028321561775247
0
-0.004622471944072319
0
-0.004257089461080218
-0.002804689049582339
-0.001553073638613451
-0.002884341339363896
-0.003412341413059614
-0.003032484941029453
-0.001217359775569687
0.0002210881896403733
0.0002012098183299715
0
0.001500744054860149
6.337430737754481e-05
-0.001522923364870982
-0.001889870644010984
-0.002377989700575186
-0.001745922640399371
5.944406385186315e-05
-0.002128396514175374
-0.002071096198440219
-0.0001699464139815913
-0.000170745513925471
-0.002798329982688333
-0.0007062237327968336
-7.252735173367282e-05
-0.0005203767674112884
0
-4.775141591030732e-05
0.001064680088179502
0
0.001190664438374674
0.0007810995980263971
-0.003998509122428483
-0.003837378882810303
-0.003665120429612373
-0.003870749339451453
-0.003807673198932825
-0.003715450335850008
-0.003768792534176055
-0.002856477069626555
-0.001876818530933228
-0.002626695240472541
-0.003719990205838547
-0.001244546601183236
-0.00228490744184973
-0.0006597390352465622
0.0005363306834138661
-0.001147359015393978
0.0009895877250687753
-0.001671604381564546
-0.002358214176992675
4.300944897249517e-06
-0.0002419318639308223
-2.595181652515219e-05
-6.316716019159744e-05
-0.0003661514841725851
-0.0002060294880977785
9.537505161199736e-05
-4.472745218422261e-05
0
-1.608536415759603e-05
0
-0.0002002190662350265
-0.0002725627185757799
0.0001241406263304058
0
-0.0002291837322657056
0.0002252348654737195
-0.0001182377352283368
-0.0004725439780060747
0.0007626870722919961
2.992493447720578e-05
0.001153873586890551
8.057832489193547e-06
0.000642371812657047
-1.728865343067713e-05
-7.606849692466025e-05
3.594089399793037e-05
0.0002480446234626463
0.0003182423889987147
0.0009893024218771318
0
0.0005247770293998638
0
0.0006788671056809523
0
0.0008475498963364672
0.00147824769908705
0.0008500356265322061
0.001118139525376807
7.663030982186124e-05
0.0009559231948071672
0.001014766866439161
0
0
