0
0
0
0
0
0
0
0
0
-0.002684356331210764
-0.003203430944125504
-0.002341027237871429
0
-0.003777354345705889
-0.002383880196456535
-2.007021971338302e-05
3.140864402690687e-07
-0.000171674720195049
0
-0.001601669111049407
-0.00160805602765183
-0.002471749503645817
-0.00286546646733057
-0.002479372795532901
-0.003177763760902597
-0.002554141775979714
-0.001448333179845366
-0.00239861669695544
-0.002000801975941112
-0.002030404659669354
0.0004381356066688142
-0.002883651753580958
-0.001920814560140297
-0.002724270325565941
-0.002644291293165236
-0.0009622285634265769
-1.008514979985891e-05
0
0
-0.002921244019232721
-0.0001992470818010764
-0.002497932731354502
-0.003368086848126812
-0.002902255144473488
-0.0006338737988159503
-8.991866726696797e-05
-0.001122846266625392
-0.001006996788481982
-0.001602335674509979
0
-0.0007442422397770042
-0.002428535069433098
-0.002034278124635332
-0.002952676430953281
-0.002816653029823928
-0.003530289226972557
-0.002658199498880917
-0.003130810864594328
0
0
-0.003436185351913586
-0.003330100097888756
-0.0007125411645160736
-0.001642155967336459
-0.0005180747762087073
-0.0004381328323496951
0.0002823270955127448
0.001625224432854406
0
0.0007593600012474119
-0.002295450795319961
-0.00217972169227448
0
-0.002445671281981016
-0.003878137681798985
-0.002557311450094763
-0.003161665033355255
0
-2.261941448066522e-05
0.0008003095404930867
5.465776856449707e-05
0
0.0007677027182924942
-2.633348930983045e-05
0.0004246062791191364
0.0009423702863356961
0.0001932619587575413
0.001215144604575261
0.001120831326088844
0
0
0.001243873470923727
0.0005738146119374968
8.951466044375925e-05
0.001190155400176389
-0.002524252874132301
-0.003760975058145618
0.0009846482853126089
0.0007822813410986209
0
0.001249999217299854
-0.003648744792329385
0
-0.001727419424123205
0
-1.226691579458837e-05
-0.002218320833720912
0
0
-0.002486154361315857
-9.331972138225006e-05
-0.002132579646037556
-0.001473857618458947
-0.001112970673832928
-0.003113872913160904
0
-0.003905081583921607
-0.003570071823638919
-0.004331146256885618
-0.003054976447427095
-0.002891266103207861
-0.003445540271639053
-0.003103552637865493
-0.003198911025209271
-0.003652674839327686
-0.003788124066249964
-0.003875008402998147
-0.003892866624526752
-0.00382798780527253
-0.003882432653219687
-0.003672469477124006
-0.00365913488573438
-0.003812010825491779
-0.003448730583264417
-0.003477219127859797
-0.003870819026592739
-0.00375182251518138
-0.003601286302295795
-0.00397096712796865
-0.003670844329353626
-0.003723415924522878
-0.0038032819995674
-0.003852054921774197
-0.003875231840954937
-0.003815748569911518
0
-0.003968074216029037
-0.002708877657535607
-0.003473990717639983
-0.002597111532562642
-0.002179553250273257
-0.003833064740542656
-0.003588665844917631
-0.003763453703960074
-0.003481091142644107
-0.003744126894247947
-0.003691486274576685
0
-0.00397277486594134
-0.003456278017220993
-0.003712664700268397
-0.003737341151177999
-0.003598156075406318
-0.00380270258917762
-0.003799906885949362
-0.003860718198997133
-0.003846263234514155
-0.003588003450129642
-0.003842735426187309
-0.003694006884128499
-0.003713962619147152
-0.003869177103764963
-0.003719681949306736
-0.003788687449848453
-0.003016915578187638
0
-0.003848558199703398
-0.003868227847505515
-0.00377999984751731
-0.003617176949900732
-0.003533270258120984
-0.003750890625457096
0
-0.003922067453202757
-0.003703419650073501
-0.003663577758766866
-0.003574559458675856
-0.003261735577220038
-0.002767373609094638
0
-0.003876902024855989
-0.003538584929452253
0
0
-0.003843384124031598
-0.003864188508744558
-0.003791662209219615
-0.003747144869749192
-0.003535362263697298
-0.00377067700344032
-0.00283690332439373
-0.003531565515594734
0
-0.003441079177485258
-0.003167463193234237
-0.003914959224636983
-0.003831765164637368
-0.003386264718484167
-0.00352340990666686
-0.003425205176310551
-0.003708463416008781
-0.004168089173482656
-0.003861775607665259
-0.003965215859940484
-0.003077075844388569
-0.003520914957138398
-0.003350966652424554
-0.003138804854948221
0
-0.003425082078102307
0
-0.003486443088563059
0
-0.00314928200724573
0
-0.003298201398303902
-0.003526125251096071
-0.001936736187559781
-0.003405288656775949
-0.001286918987140674
-0.004059973122418474
0
-0.003086073864633869
-0.002838498381875585
-0.003631399498584389
-0.00338965142255269
-0.001935543859811849
-0.003112142544900168
-0.003169794155917221
-0.002080138405214371
-0.001024468680107675
-0.0002659463863044051
-0.0007116700866246864
-0.000214267654384523
-0.003028260393956252
0
-0.004620416603945719
0
-0.004252937362962598
-0.002804554819390698
-0.001553026387569631
-0.002883983566065616
-0.003412083002682551
-0.003032290882677524
-0.001217328523792916
0.0002210916835417388
0.0002012927828785552
0
0.001500703720367538
6.33759566355514e-05
-0.001522869369984482
-0.001889806117481427
-0.002377941986037886
-0.001745909157234094
5.949620764557445e-05
-0.002128253526842826
-0.002070996940604944
-0.0001696974938558834
-0.0001707394801848888
-0.002798328889431261
-0.0007062149245137795
-7.244437138790333e-05
-0.0005203758473079576
0
-4.779218883495168e-05
0.001064653362193442
0
0.001190661392225327
0.000781179780889896
-0.003999777527040596
-0.00383679012567873
-0.00366416921899577
-0.003869459426589938
-0.003807005422220738
-0.003715452106317981
-0.003768393788622715
-0.002855895264590335
-0.001876680632663711
-0.002626359427236187
-0.003719517708606201
-0.001244475931106542
-0.002284729065887951
-0.0006596487398532467
0.0005363898779074878
-0.001147353040476881
0.0009898737006425636
-0.001671573136122379
-0.002358137628829667
4.29940324027746e-06
-0.0002419533685865106
-2.594847477453612e-05
-6.316003816846645e-05
-0.0003661651614784534
-0.0002059698066406109
9.536745559773856e-05
-4.472731362562671e-05
0
-1.608472979448808e-05
0
-0.0002002275325003131
-0.0002725621658446258
0.000124141317092377
0
-0.0002292030429195148
0.0002252350541705217
-0.000118220723311036
-0.0004724707441948261
0.0007630228093741887
2.991860707971348e-05
0.001153865994445351
8.053812213028107e-06
0.0006423961055325822
-1.728297288387989e-05
-7.609089900838672e-05
3.59605181011109e-05
0.0002480924356311118
0.0003182375096434709
0.0009892909574166461
0
0.0005248303429773665
0
0.0006788735682883679
0
0.0008475803728490519
0.001478227196946088
0.0008500330570945502
0.001118145135092381
7.665275451346471e-05
0.0009558895132334965
0.001014800136939906
0
0
