0
0
0
0
0
0
0
0
0
-0.002683814148724861
-0.003203398301042282
-0.002341001192345955
0
-0.003776788917637254
-0.002382457395585093
-2.006982227217598e-05
7.227407853407539e-07
-0.000171396961444277
0
-0.001601058946826596
-0.001607986086454082
-0.002471463417912875
-0.002865466199587964
-0.002479182400197403
-0.003176941218406455
-0.002554259821635976
-0.001448331451354565
-0.002398386443066025
-0.002000670318938448
-0.002030283506351262
0.0004380894009438598
-0.002883023216122375
-0.001920623630488638
-0.002723766529179191
-0.002643719488073272
-0.0009622307869989954
-1.008555158391732e-05
0
0
-0.002920592183390431
-0.0001992158760413162
-0.002497523048238762
-0.003367215796004771
-0.002901582305602199
-0.0006338107225820327
-8.976643982908292e-05
-0.001122704404131619
-0.001006931923425854
-0.0016021423280838
0
-0.0007439751509891966
-0.002428098910410743
-0.002033877612422371
-0.002951958935896545
-0.002815967131798454
-0.003529427551505334
-0.002657572798403854
-0.00312999964327744
0
0
-0.003435274102243224
-0.003329245309167696
-0.0007123623004736589
-0.001641794919964528
-0.0005180747743029752
-0.0004381475987400038
0.0002823228069574693
0.001625227934251861
0
0.0007593684758630092
-0.002295001223627809
-0.002179150567063307
0
-0.00244523713408597
-0.003876931196033048
-0.002556533163325644
-0.003160800768901009
0
-2.260934804151269e-05
0.0008004320350734336
5.443794197804951e-05
0
0.0007676037561401317
-2.634441581983529e-05
0.000424603330437658
0.0009423525735759179
0.0001938771466988921
0.001215118350832915
0.001120797531133276
0
0
0.001243858326528971
0.000573804077290297
8.947209851607121e-05
0.001190135108106189
-0.00252407827326529
-0.003760192812230188
0.0009846286897346695
0.0007823046320826096
0
0.001250019748617763
-0.003647928494770197
0
-0.001726880438100995
0
-1.222099035999852e-05
-0.002217877732917202
0
0
-0.002485746534223573
-9.331617485676607e-05
-0.002131309113164978
-0.001473579300714786
-0.00111229034899833
-0.003113442542986634
0
-0.003904080746865018
-0.003568653461367294
-0.004331146770851676
-0.003053816015613173
-0.002890523019017455
-0.003444436269808367
-0.003102705364447244
-0.003197825719711084
-0.003651429748603763
-0.003787140783781397
-0.003874025735504959
-0.003891913936919613
-0.003826899932163379
-0.003881477387104388
-0.003671483774577908
-0.003658075170297192
-0.00381100647310043
-0.003447756856122622
-0.003476301401310374
-0.003869736133328141
-0.00375093209985939
-0.003600411096683971
-0.003970009447642087
-0.003669918279355947
-0.003722583055490209
-0.003802332001100864
-0.003851114213167573
-0.00387417506312178
-0.003814908435061208
0
-0.003967349601428595
-0.002707611662145023
-0.003472637084685594
-0.00259639882841229
-0.002178870637355369
-0.003832090730067764
-0.003587694381503186
-0.0037625637726573
-0.003481197115242083
-0.003743175587360113
-0.003690276126234996
0
-0.003972061458349496
-0.003455934297432122
-0.003711734501371637
-0.003736397195104794
-0.00359744117588405
-0.003801686585324213
-0.003798865628617466
-0.003859652183376612
-0.003845264390425627
-0.003587357898111189
-0.003841603031946365
-0.003693124860822175
-0.003713026089180091
-0.003867992191046523
-0.003718860646074996
-0.003787586522247079
-0.003016797027232421
0
-0.003847632324296891
-0.003867325352764524
-0.003779353563229865
-0.003616324782652737
-0.00353241330314938
-0.00375018093716458
0
-0.003920993906131697
-0.003703069480741439
-0.003662178803964319
-0.00357384119868302
-0.003261133524909888
-0.002767099617747816
0
-0.003875564988985523
-0.003538959662329625
0
0
-0.003842218060493566
-0.00386315229299536
-0.003790832585863733
-0.003746431271509815
-0.003535104815664393
-0.003770152140517795
-0.002836758284915267
-0.003531506179667948
0
-0.003440690742878865
-0.003168079489396426
-0.003913346891291625
-0.003830809454213162
-0.003385917665367239
-0.003523254096706971
-0.003426181414489566
-0.003709350691926921
-0.004163038679533569
-0.003858404394904984
-0.003965016035369347
-0.003076848762286574
-0.003520752836590061
-0.00335063277679002
-0.003138487779314874
0
-0.003424766986283037
0
-0.003486242243474322
0
-0.003149495776371733
0
-0.0032977920239476
-0.003525779155626418
-0.001936526446197062
-0.00340493561911901
-0.0012868909330226
-0.004059549348594524
0
-0.003085717908456776
-0.002838287509143048
-0.003630775261882284
-0.003389404236310138
-0.001935553147923372
-0.003111878626994769
-0.0031694254394937
-0.00208009617134916
-0.001024531282145015
-0.0002657818758672824
-0.0007116900021008781
-0.0002142663957921231
-0.003028149472050966
0
-0.004617567248527758
0
-0.004247207164180472
-0.002804371453872035
-0.00155296738024545
-0.002883488747192732
-0.003411718270127216
-0.003032023350542045
-0.001217280900650488
0.0002211134214081014
0.0002013924838757367
0
0.001500647973049253
6.337824264870633e-05
-0.001522794632436011
-0.001889721986429153
-0.002377867682628738
-0.001745872191215867
5.957386483468426e-05
-0.002128061575767349
-0.002070866409743168
-0.0001693533480694041
-0.0001707338863354034
-0.002798309352570797
-0.0007062025964373801
-7.230881051969776e-05
-0.0005203745406398497
0
-4.786350909994243e-05
0.001064649050070997
0
0.001190670110703558
0.0007812986092569774
-0.004001563049641388
-0.003835962475364239
-0.003662820046700401
-0.003867646493167115
-0.003806067277694284
-0.003715454586643477
-0.003767842666048316
-0.002855089053590833
-0.001876412260303282
-0.002625840081673339
-0.003718863440764138
-0.001244382266538796
-0.002284483937759413
-0.000659537162011767
0.0005364727875726451
-0.001147344730884942
0.0009902405325678081
-0.001671529275872982
-0.002358033600194328
4.295281107338902e-06
-0.0002419866782279244
-2.594383951222069e-05
-6.315562933559195e-05
-0.000366188160351962
-0.0002058872116329197
9.536689580483262e-05
-4.472969274675431e-05
0
-1.609107257035429e-05
0
-0.0002002393021818637
-0.0002725671748694854
0.0001241494353990087
0
-0.0002292329613804402
0.0002252519204798103
-0.0001182009949355792
-0.0004723694866211561
0.0007634881772227417
2.990899859252664e-05
0.001153871843876481
8.045358551731793e-06
0.0006424394955879198
-1.728180644810872e-05
-7.613180280113798e-05
3.599246391005749e-05
0.0002481619864853331
0.0003182307364329564
0.0009892767015097631
0
0.0005249048503569875
0
0.0006788956646512755
0
0.000847628399000193
0.001478216937760752
0.0008500386340807601
0.001118164312050761
7.669197236437202e-05
0.000955847369819374
0.001014850735005756
0
0
