0
0
0
0
0
0
0
0
0
-0.002682467888592666
-0.003203309802987902
-0.002340931571445504
0
-0.003775289064982506
-0.00237869352156302
-2.00697434395905e-05
1.848949448364826e-06
-0.0001706795425017175
0
-0.001599514415260096
-0.001607806901038183
-0.002470752843190383
-0.002865465457155456
-0.002478721168858316
-0.003174863193819752
-0.002554590730309304
-0.001448326771294601
-0.002397821919019278
-0.002000349355831286
-0.002029990167452719
0.0004379669150632759
-0.002881448378710963
-0.001920147653633926
-0.002722511214552078
-0.002642266864162583
-0.0009622366147864241
-1.008657483996863e-05
0
0
-0.00291895079219022
-0.0001991322477634649
-0.002496499847121178
-0.003364992834153905
-0.002899881468978693
-0.0006336437291932247
-8.936326657884604e-05
-0.001122326388663525
-0.00100676018186748
-0.001601651158629165
0
-0.0007432697286899498
-0.002426998174289563
-0.002032849131386325
-0.00295012206114308
-0.002814176095506561
-0.003527184747575529
-0.002655953577258636
-0.003127893326478331
0
0
-0.003432882763654411
-0.003327041009071894
-0.000711901147185882
-0.001640860794971493
-0.0005180747691542512
-0.0004381863982076449
0.0002823031893074426
0.001625236812836516
0
0.0007593951021503686
-0.002293861388003147
-0.002177743734034533
0
-0.002444162412208818
-0.003873675833252528
-0.002554479494797915
-0.003158515706591321
0
-2.258457998023931e-05
0.0008007478344835348
5.385650667289772e-05
0
0.0007673414115517987
-2.637340918381856e-05
0.000424590429049314
0.0009422951145383078
0.0001955100661651399
0.001215036644302031
0.001120690601723449
0
0
0.001243801192917334
0.0005737630908512291
8.935407550095996e-05
0.001190068233274853
-0.002523658459982201
-0.003758109170104108
0.0009845672994002049
0.0007823600976046712
0
0.00125005341278124
-0.003645792220734365
0
-0.001725527859659415
0
-1.211375031901357e-05
-0.002216775419336696
0
0
-0.002484697384552319
-9.330598490558422e-05
-0.00212821151258356
-0.001472945608951753
-0.001110637255272478
-0.003112295634561919
0
-0.003901447216584642
-0.003565115854991571
-0.004331146533214481
-0.003050939461429984
-0.002888672274007665
-0.003441684241677148
-0.003100584935882596
-0.003195128930454816
-0.003648290024779682
-0.003784217944833612
-0.003871334608364219
-0.003889339470600843
-0.003824071751328981
-0.00387887519598822
-0.003668973691706937
-0.003655388680198452
-0.003808358156177107
-0.003445306936063689
-0.003473971495216509
-0.003866751662625878
-0.003748599602011354
-0.003598154523789922
-0.003967415795519937
-0.003667536044696562
-0.003720398219895223
-0.003799820305599033
-0.003848587813814681
-0.003871313644099374
-0.00381266456516722
0
-0.00396529941673211
-0.002704490523110937
-0.003469247763666894
-0.002594641599246227
-0.002177215897115783
-0.003829294767932289
-0.003584592858732695
-0.003759851627754304
-0.003481496713960832
-0.003740391738900608
-0.003686768962301394
0
-0.003969961216880853
-0.003454700255354473
-0.003708995795362418
-0.003733597997471479
-0.003595312746040919
-0.003798748655457393
-0.003795889000927132
-0.00385669201055994
-0.003842446150364701
-0.003585372445023801
-0.003838464622871253
-0.003690527969392613
-0.003710304674767694
-0.003864765242300452
-0.00371642148296357
-0.003784501252752506
-0.003016201708386467
0
-0.003845134932997424
-0.003864872982050904
-0.0037775940812576
-0.003614102508189618
-0.003530185651913671
-0.003748291501846914
0
-0.00391821014425282
-0.003701717745230228
-0.003658465020739532
-0.003571689776059241
-0.003259410544615982
-0.002766384464545232
0
-0.003871983800632971
-0.003539295139830128
0
0
-0.003838992585682277
-0.003860364824406401
-0.003788556312739319
-0.003744305276249417
-0.003534000404340325
-0.003768438245665088
-0.002836109552392094
-0.003530845770397575
0
-0.003439338731418064
-0.003169146784429428
-0.003909191992906289
-0.003828122745321139
-0.003384692740853562
-0.003522390623858445
-0.003428039683684373
-0.003711886804170241
-0.004149847094172121
-0.003849317628672485
-0.003964479440634107
-0.003075961502443048
-0.003519863189502241
-0.003349431628778297
-0.003137395317190321
0
-0.00342358842272304
0
-0.003485311759354793
0
-0.003149641012005099
0
-0.003296559402813168
-0.003524511246418066
-0.001935821983071415
-0.003403662205582077
-0.001286714525251835
-0.004058064965905234
0
-0.00308451916674932
-0.00283747857172673
-0.00362880252361222
-0.003388409389097526
-0.001935473367210795
-0.003111004736154368
-0.003168353820384177
-0.00207993889866786
-0.001024744162482995
-0.0002653469923744181
-0.0007117223628716998
-0.000214262868012734
-0.003027614172525006
0
-0.004609992937068812
0
-0.004234825563495824
-0.002803630770083814
-0.0015527028023494
-0.002882179195880121
-0.003410440178348916
-0.003031048664465758
-0.001217062130182914
0.0002211298726484287
0.0002017369453033989
0
0.001500501037753091
6.338451153373188e-05
-0.001522596447393377
-0.001889345487415586
-0.002377463762699154
-0.001745643646077498
5.976806959460912e-05
-0.002127407720815724
-0.002070378109810158
-0.0001684423818338217
-0.0001707173948192747
-0.002798011108453878
-0.0007061698394888458
-7.199966185297488e-05
-0.0005203734531296147
0
-4.800056903836661e-05
0.001064541662045011
0
0.001190681399556898
0.0007815891072877028
-0.00400368267360189
-0.003833306084666715
-0.003659403344693006
-0.00386267733379187
-0.003803299320798642
-0.003715463617965853
-0.003766367968089043
-0.00285294585253214
-0.001875765360708456
-0.002624536792895548
-0.003716900482322434
-0.001244092778747051
-0.002283687692240417
-0.0006591442368263734
0.0005367280624085608
-0.001147322434033575
0.0009915126076180511
-0.001671275473758096
-0.002357548397067151
4.287489354718722e-06
-0.0002420607683731119
-2.593152172032568e-05
-6.312423650457408e-05
-0.0003662259338413068
-0.0002056684772233561
9.534732155548441e-05
-4.47249308605239e-05
0
-1.609600227872103e-05
0
-0.0002002707804889527
-0.0002725697362650599
0.0001241515433398128
0
-0.000229295212737841
0.0002252566303577574
-0.0001181438972971387
-0.0004721016106211768
0.0007647259671676496
2.988083652939232e-05
0.001153842692188165
8.026682441362692e-06
0.0006425277813512689
-1.726932681847671e-05
-7.622454575286691e-05
3.606241537077256e-05
0.0002483354253093288
0.0003182126715896064
0.0009892331535971955
0
0.0005250979360519101
0
0.0006789185672395321
0
0.0008477385338399155
0.001478136255734586
0.0008500250543345113
0.001118184596837886
7.677256040062464e-05
0.000955724576560607
0.001014971688977971
0
0
