0
0
0
0
0
0
0
0
0
-0.002682171712202989
-0.003203290212553623
-0.002340916358069631
0
-0.003774963472970073
-0.002377878326917545
-2.007019189619202e-05
2.089971814308062e-06
-0.0001705249208394745
0
-0.001599178806193057
-0.001607767074622005
-0.002470595334891943
-0.002865465289175547
-0.002478615803796981
-0.003174408547125903
-0.00255465782638576
-0.001448325737645136
-0.002397694151476981
-0.0020002747622028
-0.002029922749585191
0.0004379403404638693
-0.002881102344916654
-0.001920039133261072
-0.002722234684902447
-0.00264194763746126
-0.0009622378503858475
-1.008678889961869e-05
0
0
-0.002918590718908141
-0.0001991140736681399
-0.002496273302569129
-0.003364509482732305
-0.002899508582545144
-0.0006336075408366335
-8.927586154392679e-05
-0.001122244006663756
-0.001006720507746112
-0.001601540214404997
0
-0.0007431171553648086
-0.002426755025136656
-0.002032622827984373
-0.002949720445841972
-0.002813785170076535
-0.003526698375286374
-0.002655600046460074
-0.003127433185764512
0
0
-0.003432358497882427
-0.003326560839319993
-0.0007118004411585861
-0.001640656663996834
-0.0005180747680439594
-0.0004381947523773404
0.0002822978718249557
0.001625238663914272
0
0.0007594002105344568
-0.00229361147468636
-0.002177431930250806
0
-0.002443926610743087
-0.003872960993547555
-0.002554031304993989
-0.003158021099573933
0
-2.257941416231708e-05
0.0008008178604690536
5.373060692815547e-05
0
0.0007672845381106935
-2.637970534989351e-05
0.0004245876227137114
0.0009422820284985899
0.0001958648010386529
0.001215019573297481
0.00112066759227438
0
0
0.001243788003220719
0.0005737529703847863
8.932657723179762e-05
0.001190052757481068
-0.002523562407172905
-0.003757655506174048
0.0009845530571738529
0.0007823725594709464
0
0.001250057933613849
-0.003645328697565663
0
-0.001725233097501858
0
-1.20889978620276e-05
-0.002216534295271716
0
0
-0.002484470202034547
-9.330388113539197e-05
-0.002127491886502375
-0.001472794992686257
-0.001110244102216128
-0.00311204553138331
0
-0.003900861222648629
-0.00356432601993515
-0.004331148383185283
-0.003050301780233552
-0.002888264082032977
-0.003441088459658711
-0.00310011976643616
-0.003194537881856779
-0.003647604548773437
-0.003783554564360445
-0.00387072893808706
-0.003888767471687198
-0.003823453136689306
-0.003878296328334562
-0.00366843459965556
-0.003654808996185441
-0.003807775985364762
-0.003444778115349228
-0.003473468629812694
-0.003866089686075221
-0.0037480942122405
-0.003597668826574415
-0.003966849948241922
-0.003667024484660835
-0.003719925874502081
-0.003799271267940221
-0.003848033922285298
-0.003870683974414947
-0.003812175494655684
0
-0.003964845479938461
-0.002703782987515396
-0.003468497182184812
-0.002594251092805102
-0.002176839014232037
-0.003828651678737185
-0.003583880350095476
-0.003759228548716674
-0.003481567575476818
-0.003739750917845637
-0.003685990463892735
0
-0.003969518181082518
-0.003454433497322267
-0.003708383253942309
-0.003732973207670486
-0.003594846020514334
-0.00379808443198997
-0.003795221357847508
-0.003856031542645907
-0.003841809992703094
-0.003584937401882992
-0.003837767672847089
-0.00368994801084213
-0.00370969658373144
-0.003864053425943564
-0.003715872340267143
-0.003783815830658982
-0.003016078055923382
0
-0.003844588179107967
-0.00386433737814073
-0.00377720987423589
-0.003613620869400216
-0.003529701536374392
-0.003747879860666959
0
-0.003917600688732728
-0.003701396299290974
-0.003657658386075044
-0.003571208874949069
-0.003259019187277251
-0.002766210600917108
0
-0.003871198548928043
-0.003539334805830297
0
0
-0.003838276858820388
-0.003859755907092995
-0.003788057402931874
-0.003743830228931123
-0.003533745124676043
-0.003768042623760726
-0.002835974209764281
-0.003530679949624283
0
-0.003439039596993228
-0.003169352879401636
-0.003908290835172064
-0.00382752631656474
-0.003384426754741587
-0.00352218178119436
-0.003428410021850977
-0.003712472318237007
-0.004147020809546056
-0.003847315035303374
-0.003964361935965568
-0.003075771390404125
-0.003519649035968865
-0.003349165976784063
-0.003137154716346464
0
-0.003423322011604741
0
-0.003485089249323854
0
-0.003149650518456957
0
-0.003296282423062514
-0.003524217013061701
-0.001935673671763317
-0.003403369741827084
-0.001286681999256062
-0.004057722734571112
0
-0.003084250521005539
-0.002837305970127075
-0.003628357469004356
-0.003388194522452028
-0.001935459509139436
-0.003110818181591439
-0.003168111403518799
-0.002079899644450273
-0.001024768899228979
-0.0002652528726483986
-0.0007117150407786142
-0.0002142620621023292
-0.003027506216161878
0
-0.004608345958566456
0
-0.004232270360412124
-0.002803475020911274
-0.001552650517516859
-0.002881895490251384
-0.003410151978946995
-0.003030835534743144
-0.001217021218712079
0.0002211329522927478
0.0002018197097330127
0
0.001500469324578259
6.338593628345579e-05
-0.001522553441005619
-0.001889270239860201
-0.002377383908340085
-0.001745600438369409
5.981012905125895e-05
-0.002127270299058702
-0.002070277232520654
-0.0001682451403143211
-0.0001707144679502714
-0.002797954139569822
-0.0007061626777356249
-7.192490853434162e-05
-0.0005203734960696092
0
-4.803910664081946e-05
0.001064534819063717
0
0.001190682874804079
0.0007816536103101424
-0.004004048184230807
-0.003832697369072832
-0.003658627210270007
-0.003861569110564065
-0.003802647009313915
-0.003715465756956843
-0.003766038478626236
-0.002852479764068954
-0.00187559111954183
-0.002624220778850014
-0.003716455674243329
-0.001244033583924447
-0.002283515224701892
-0.0006590645663714012
0.0005367840570801038
-0.001147317534206668
0.0009917836591250813
-0.001671228988073214
-0.002357450906367316
4.28595384454952e-06
-0.0002420745905900084
-2.592884830295818e-05
-6.312942315557496e-05
-0.0003662324533228065
-0.0002056211038605591
9.534353805430216e-05
-4.472858249986149e-05
0
-1.610336286023422e-05
0
-0.0002002776744000586
-0.0002725720280828476
0.0001241524120566673
0
-0.0002293072653151081
0.0002252570175159056
-0.0001181356829651994
-0.0004720435963135827
0.0007649952053462415
2.987649683904947e-05
0.001153835556703143
8.021903334368562e-06
0.0006425463041919688
-1.727065949538196e-05
-7.625205093539345e-05
3.607733583073805e-05
0.0002483719405916583
0.0003182087404678459
0.0009892190432765167
0
0.0005251372424979096
0
0.0006789234921248325
0
0.0008477605917238404
0.001478117152641169
0.0008500211913501158
0.001118188047441529
7.67899986164498e-05
0.0009556971729514084
0.001014996499712172
0
0
