0
0
0
0
0
0
0
0
0
-0.002683665746073549
-0.003203388038931945
-0.002340993045570698
0
-0.003776612544902343
-0.002382013999220997
-2.006897267195041e-05
8.568001573261332e-07
-0.0001713121059857471
0
-0.001600886126058574
-0.001607965458530219
-0.002471383991167724
-0.002865466114516697
-0.002479130069938466
-0.00317670869743519
-0.002554300311133976
-0.001448330908143637
-0.002398322004429653
-0.002000631911166666
-0.002030250265582755
0.0004380749896336063
-0.00288284814583384
-0.001920566340516118
-0.002723627073201657
-0.002643555295328433
-0.000962231477724446
-1.008567525168294e-05
0
0
-0.0029204088536797
-0.0001992060481320826
-0.002497407933616497
-0.003366962954766244
-0.002901391464306984
-0.0006337910620083501
-8.971898031213122e-05
-0.00112266007865832
-0.001006909651621042
-0.001602081915823685
0
-0.000743891958873311
-0.002427973964092087
-0.002033759065627807
-0.002951750529671655
-0.002815762896021826
-0.003529169451131985
-0.002657388174299912
-0.003129760400518986
0
0
-0.003435006317820363
-0.003328993560837041
-0.0007123075081221142
-0.001641687256892608
-0.0005180747736935502
-0.0004381521627993846
0.0002823149910710795
0.001625229050338036
0
0.0007593713911652413
-0.00229487228395283
-0.002178993636547782
0
-0.002445118914179709
-0.003876563232788755
-0.002556297835120464
-0.003160531504681765
0
-2.261014479031081e-05
0.0008004584242237322
5.436943839176352e-05
0
0.0007675663228140491
-2.634782495313443e-05
0.0004245956066786172
0.0009423331396320096
0.0001940691117943434
0.00121509327595075
0.001120774557709348
0
0
0.001243837274615651
0.0005737915318200684
8.945545838752836e-05
0.001190112732398152
-0.002524031287276685
-0.003759956035617914
0.000984610040269849
0.0007823039469000789
0
0.001250011686090404
-0.003647684868913827
0
-0.00172672964220451
0
-1.220920611547125e-05
-0.002217755793711881
0
0
-0.002485627570699213
-9.33149311412237e-05
-0.00213092549851015
-0.001473505468342966
-0.001112082958773428
-0.003113308088766212
0
-0.003903765988312708
-0.003568210840766852
-0.004331146403271226
-0.003053475485571889
-0.002890318445521552
-0.003444109935025967
-0.003102468339591023
-0.003197510259151618
-0.003651043140457178
-0.00378684490650143
-0.003873725381269796
-0.003891616786619556
-0.003826557382999136
-0.003881186515496385
-0.003671190428206301
-0.003657755359071682
-0.003810696887365113
-0.003447473575059498
-0.003476033626506528
-0.00386940673740188
-0.003750663779718811
-0.003600151029712329
-0.003969708912971198
-0.003669643081941465
-0.003722332022385334
-0.003802043007016775
-0.003850827216761443
-0.00387385303667943
-0.003814652142223496
0
-0.003967126485489156
-0.002707234714249258
-0.003472220052226025
-0.002596201979331799
-0.002178677115578992
-0.003831810821765507
-0.003587407823495334
-0.003762305606254936
-0.003481230852779457
-0.003742895233187194
-0.003689897205935102
0
-0.00397182037596664
-0.003455802386423358
-0.003711446795359405
-0.00373610423452509
-0.003597212783195359
-0.003801381595452997
-0.003798549756194062
-0.003859330433417449
-0.003844969594538447
-0.003587145065805053
-0.003841258486124845
-0.00369285108243833
-0.003712736718073991
-0.003867631365156061
-0.003718603183564673
-0.003787249610406705
-0.00301672747899844
0
-0.003847350147371956
-0.003867050245448673
-0.003779157847718428
-0.003616074835857212
-0.003532163092795498
-0.003749966426091265
0
-0.003920684120262768
-0.003702945303506457
-0.003661742412325089
-0.003573617493001743
-0.003260944572465735
-0.002767021877438085
0
-0.003875156349298448
-0.003539042277485484
0
0
-0.003841858790717005
-0.003862836632108464
-0.003790577466078365
-0.003746215465630445
-0.003534999815925952
-0.00376997717107922
-0.002836682916434304
-0.003531459669542737
0
-0.003440550515961544
-0.003168258682247216
-0.003912853708303307
-0.003830504567145448
-0.003385789242204287
-0.003523183568276853
-0.003426451045105962
-0.003709634951771568
-0.004161472288080768
-0.003857346147629924
-0.003964953420248305
-0.003076751453640378
-0.003520678485876356
-0.003350508436006128
-0.003138372997287329
0
-0.003424650369116322
0
-0.003486164311540675
0
-0.003149541257345217
0
-0.003297689240832122
-0.00352566284869843
-0.001936444571074954
-0.003404813150336634
-0.001286862331411821
-0.004059412968134703
0
-0.003085594932749517
-0.002838196237678778
-0.003630571124090439
-0.003389300547537764
-0.001935528643732744
-0.003111778598404674
-0.003169310891906913
-0.002080067031492817
-0.001024537862999436
-0.0002657306211217588
-0.0007116567189539057
-0.0002142659940313537
-0.00302808300176469
0
-0.004616677560275392
0
-0.004245424077595516
-0.002804286342479533
-0.001552930605304458
-0.002883334527817191
-0.003411590239543975
-0.00303191896572161
-0.001217248972025307
0.0002211174581228926
0.0002014538887343977
0
0.001500630622507154
6.337896657164458e-05
-0.001522771317467591
-0.0018896730897218
-0.002377814942515555
-0.00174583712564971
5.959940307865183e-05
-0.00212798507359567
-0.002070805566602671
-0.000169246067388599
-0.0001707316352910248
-0.002798267374828614
-0.0007061987094781185
-7.227464946218627e-05
-0.0005203741245633152
0
-4.788153857965095e-05
0.001064629341165002
0
0.001190657167998783
0.0007813310294475413
-0.004002127520177471
-0.003835718124841736
-0.003662427158328218
-0.003867074015772453
-0.003805811586749787
-0.003715455379963208
-0.003767669697676774
-0.002854837395752549
-0.001876339973918681
-0.002625700794683667
-0.003718647559638487
-0.001244343392824601
-0.002284394698733222
-0.0006594854325509316
0.0005364977743931609
-0.001147342130755851
0.0009903903193927482
-0.001671492214272805
-0.002357973327060255
4.293120095069497e-06
-0.0002419887404182104
-2.594239130753432e-05
-6.315215226101937e-05
-0.0003661845434157941
-0.0002058614519260164
9.536771066813736e-05
-4.472819154085472e-05
0
-1.609530418614414e-05
0
-0.0002002429828872301
-0.0002725657404148432
0.0001241455174428219
0
-0.0002292336263381571
0.0002252505114397328
-0.0001181969896545979
-0.0004723379309776282
0.0007636335218926154
2.990313375710712e-05
0.00115386257514767
8.039964362457815e-06
0.0006424444223811376
-1.728440913145012e-05
-7.615070875512673e-05
3.599766662962009e-05
0.000248179744168622
0.0003182286176800917
0.0009892655628427108
0
0.0005249244796933494
0
0.0006788927749454094
0
0.0008476371320530452
0.001478202063006786
0.0008500359742662084
0.001118160308655243
7.669747628447593e-05
0.0009558297031699774
0.001014861528260498
0
0
