0
0
0
0
0
0
0
0
0
-0.00268345374352404
-0.003203374619340625
-0.00234098242344391
0
-0.003776382940504192
-0.002381437078756518
-2.006901856582607e-05
1.030805876965012e-06
-0.0001711997867771666
0
-0.001600641947488691
-0.001607937946236056
-0.002471272392350645
-0.002865466003288953
-0.002479058172359379
-0.003176382103241817
-0.002554350309858835
-0.001448330197932357
-0.002398233940979978
-0.00200058193367986
-0.002030204686538263
0.0004380562276388826
-0.002882600251389891
-0.001920491610550427
-0.002723429680263158
-0.002643327011181243
-0.0009622323747902309
-1.008583494385106e-05
0
0
-0.002920150626627681
-0.0001991932514737422
-0.002497247130750199
-0.003366614245050692
-0.002901123976264816
-0.0006337654739803666
-8.965721463794269e-05
-0.001122602321302673
-0.001006881566469659
-0.001602004706349752
0
-0.0007437837579552029
-0.002427800959034183
-0.002033597577285941
-0.002951462008824146
-0.002815482397347844
-0.003528817062184734
-0.00265713385680382
-0.003129432507253221
0
0
-0.003434634719220107
-0.003328648498023409
-0.0007122358028675075
-0.001641540849800857
-0.0005180747729184423
-0.0004381581188152756
0.0002823128667117881
0.001625230519873635
0
0.0007593754635382661
-0.002294693810265489
-0.002178772058959549
0
-0.002444949558212462
-0.003876039446539383
-0.002555978321205391
-0.003160181195816387
0
-2.260595922995665e-05
0.0008005106563136225
5.428030890716673e-05
0
0.0007675266635697756
-2.635226329006475e-05
0.0004245946356900025
0.0009423271539216332
0.0001943190413496053
0.001215085524471965
0.001120761781731267
0
0
0.001243833001624623
0.000573788387072625
8.94385550225013e-05
0.00119010640017739
-0.002523965361411938
-0.003759628009620355
0.0009846033853619955
0.0007823138267464874
0
0.001250022218069658
-0.003647349385437827
0
-0.001726516015781113
0
-1.219222421614036e-05
-0.002217581934380672
0
0
-0.002485462002698964
-9.331333092086827e-05
-0.002130443151788404
-0.001473406738861227
-0.001111825896551145
-0.003113132886624233
0
-0.003903356087629095
-0.003567657756869136
-0.004331145651793383
-0.003053026707512501
-0.002890026712100778
-0.003443680174689546
-0.003102134622238354
-0.00319708836027238
-0.003650560242490138
-0.003786345740771371
-0.003873294949500134
-0.003891215565591126
-0.003826122177685066
-0.003880771633060845
-0.003670795391140749
-0.003657335966028894
-0.003810279071997607
-0.003447088885903898
-0.003475667569663094
-0.003868922733429908
-0.003750296153941219
-0.003599796040564724
-0.003969313355326094
-0.003669267114087397
-0.003721988459849016
-0.003801644144961987
-0.003850427244732676
-0.003873395339412728
-0.003814298778829102
0
-0.003966804313792118
-0.00270674902811737
-0.003471696266399904
-0.002595925539204978
-0.002178418802297225
-0.003831339614687941
-0.003586926646209421
-0.003761838175227456
-0.003481275332704929
-0.003742412231010821
-0.003689319730605539
0
-0.003971459568957275
-0.003455583286562615
-0.00371098087184908
-0.003735625830241863
-0.003596848181065555
-0.003800884864855844
-0.003798050577517554
-0.003858845797176024
-0.003844503013591231
-0.003586806638584136
-0.003840743916297429
-0.003692408817974361
-0.003712277316326874
-0.003867108964886682
-0.003718188340764692
-0.003786739580032091
-0.003016618261866966
0
-0.003846952972306163
-0.003866658048278818
-0.003778878084123915
-0.003615723815597472
-0.003531810610351594
-0.003749669342690869
0
-0.003920241217231915
-0.003702691879233257
-0.003661174187023151
-0.003573243264941954
-0.003260654184355082
-0.002766903629367142
0
-0.003874580799156842
-0.003539038797827806
0
0
-0.003841331397781192
-0.00386239174159911
-0.003790221112987933
-0.003745875375359014
-0.003534787328192306
-0.003769672771497561
-0.002836565557335966
-0.003531311566309247
0
-0.00344030809768855
-0.003168364078158599
-0.003912189221989144
-0.003830062736329037
-0.003385569744207194
-0.003523006505045031
-0.003426674616904148
-0.003710010616778318
-0.004159439154096951
-0.00385596450346182
-0.00396487173095757
-0.003076590517749375
-0.003520497128663886
-0.003350290677812523
-0.003138180112098448
0
-0.003424432721775804
0
-0.003485978217686206
0
-0.003149517795930238
0
-0.003297470677544634
-0.00352542583613573
-0.001936327652717959
-0.003404578612747057
-0.001286832317193798
-0.004059139570285514
0
-0.003085383536750609
-0.002838051318774552
-0.003630225459240605
-0.003389117231964019
-0.001935523749271947
-0.003111631885750398
-0.003169126517366171
-0.002080050005896401
-0.00102459072155899
-0.000265663943522421
-0.0007116887073553447
-0.0002142654668342778
-0.003027991110201802
0
-0.004615518914960429
0
-0.004243452019292863
-0.002804153079666471
-0.00155288597584835
-0.002883133845204857
-0.003411359644578749
-0.003031744268576798
-0.001217213542469393
0.0002211170077565454
0.0002014897923356274
0
0.00150060805600339
6.337991257599252e-05
-0.001522740978205121
-0.001889607576832316
-0.002377744192936178
-0.001745801213872282
5.962865166025445e-05
-0.002127875725425253
-0.00207072306016076
-0.0001691064738618808
-0.0001707286256373298
-0.002798213411273769
-0.0007061936928379535
-7.222661132082944e-05
-0.0005203735758623016
0
-4.789801519746112e-05
0.001064613042549291
0
0.001190662683396515
0.0007813771640478975
-0.004002515420167082
-0.003835271993553212
-0.003661829548464525
-0.003866323485861031
-0.003805313197449666
-0.003715456414446293
-0.003767446792467716
-0.002854509623645866
-0.001876237939251141
-0.002625485585895294
-0.003718317125687021
-0.001244300414232688
-0.002284261564478292
-0.0006594238750772872
0.0005365422461239017
-0.001147338740764263
0.0009906003461995795
-0.001671448731209482
-0.002357886954801071
4.293114117293223e-06
-0.000241999831479218
-2.594050564127521e-05
-6.314685355323797e-05
-0.0003661881891409339
-0.0002058279331055953
9.536378619993635e-05
-4.472748504602064e-05
0
-1.609453416516135e-05
0
-0.0002002477862532204
-0.0002725666008695962
0.0001241467182389721
0
-0.0002292420709700984
0.0002252499895399747
-0.0001181849727862147
-0.0004722968763009862
0.000763822749323629
2.990147362392458e-05
0.001153858489906681
8.039220965389748e-06
0.0006424600736814674
-1.727969589724628e-05
-7.6159390530238e-05
3.600932347635493e-05
0.0002482077568661499
0.0003182258569152787
0.0009892674280874501
0
0.0005249579024355227
0
0.0006788966897566096
0
0.0008476567320452068
0.001478190142660167
0.0008500335336127097
0.001118166147522118
7.671028122283911e-05
0.0009558138513999649
0.001014883243191533
0
0
