0
0
0
0
0
0
0
0
0
-0.002684888679948356
-0.0032034643828431
-0.002341054144097827
0
-0.00377794099349863
-0.002385358482171763
-2.007117440510598e-05
-1.259469770467476e-07
-0.0001719586253176837
0
-0.001602280556351906
-0.001608127054565045
-0.002472031313964838
-0.002865466737206758
-0.002479557358383374
-0.003178585238785048
-0.0025540148010094
-0.001448334952287512
-0.002398841373491232
-0.002000930114513241
-0.002030522110981159
0.0004381835576319439
-0.002884273960062649
-0.001921003810257624
-0.002724766222152287
-0.002644864305796826
-0.0009622262423558277
-1.008472502853431e-05
0
0
-0.002921892027459635
-0.0001992791683679293
-0.002498336581410336
-0.003368966210473377
-0.002902926801490333
-0.0006339393009080147
-9.007672624426359e-05
-0.001122993070390998
-0.001007064396976106
-0.001602531207494499
0
-0.0007445199629294932
-0.002428969413098883
-0.002034683108328538
-0.00295340156465706
-0.002817356672388124
-0.003531176542669768
-0.002658836893500134
-0.003131638474000405
0
0
-0.003437116996491206
-0.003330971630628075
-0.0007127242651814809
-0.001642523703400681
-0.0005180747781726974
-0.0004381174169750193
0.000282337806311786
0.001625220986284514
0
0.0007593514768880727
-0.00229590096565217
-0.002180283866822875
0
-0.002446096579910861
-0.003879392273805234
-0.002558116466180714
-0.003162563272967694
0
-2.262712208618323e-05
0.0008001902171040332
5.48861855624688e-05
0
0.0007678099557954756
-2.632215843382125e-05
0.0004246121599154099
0.0009423961029780077
0.000192623918870173
0.001215182992391558
0.001120878525743447
0
0
0.001243901444298205
0.0005738361484883506
8.956323832701053e-05
0.001190186851822722
-0.002524421341409058
-0.00376178007832905
0.0009846764752602644
0.0007822615125975068
0
0.001249993050726292
-0.003649581167753363
0
-0.001727956087921707
0
-1.231176238236875e-05
-0.002218757604910924
0
0
-0.002486567179991407
-9.332321668363698e-05
-0.002133862941931858
-0.001474122045206592
-0.001113664714766865
-0.003114351745894462
0
-0.003906104545146498
-0.003571533694778325
-0.004331142830044194
-0.003056138069608906
-0.002891999834391969
-0.003446651426059891
-0.003104393514180835
-0.003199996512093336
-0.003653947756617842
-0.003789156242683109
-0.003876025281103139
-0.003893844103382101
-0.003829115023920031
-0.003883422402692071
-0.003673466670550113
-0.003660213648153309
-0.003813061338686342
-0.003449706935332668
-0.003478143408927509
-0.003871944300229968
-0.003752739203757694
-0.003602175807713627
-0.003971951346933409
-0.003671784636368517
-0.003724269346528645
-0.003804266620780037
-0.003853029204869624
-0.003876328308172243
-0.003816616390310369
0
-0.003968828721476201
-0.002710147025812886
-0.003475365522551556
-0.002597813942094454
-0.002180225567173175
-0.003834085968399616
-0.003589664044363196
-0.003764383964291165
-0.003480984359417354
-0.003745081967648798
-0.003692728377307063
0
-0.00397351182744166
-0.003456633194469694
-0.003713628628877691
-0.003738325185636826
-0.003598896131441058
-0.003803763324991453
-0.00380099244874904
-0.003861828988024954
-0.003847305481610061
-0.003588670362014675
-0.003843914495227163
-0.003694927541033236
-0.003714936805212378
-0.00387040980264209
-0.003720534518300363
-0.003789833297805816
-0.003017043510076477
0
-0.003849516909708888
-0.003869165787058199
-0.003780663195729388
-0.003618049494302753
-0.003534145638867735
-0.003751618081162465
0
-0.003923161125094709
-0.003703780889026916
-0.003665028694860637
-0.003575306556847105
-0.003262345609443198
-0.002767617022327697
0
-0.003878293620663051
-0.003538211186724869
0
0
-0.003844597702822063
-0.003865263707203339
-0.003792515106949698
-0.003747882277040805
-0.003535641104386585
-0.003771223474118139
-0.002837065254533537
-0.003531639631184058
0
-0.003441494313900854
-0.003166846349583248
-0.003916636943330144
-0.003832756452464859
-0.003386633810355753
-0.003523584249877884
-0.003424213656415886
-0.003707549995088794
-0.004173376289016169
-0.003865240610910793
-0.003965421767738773
-0.003077324440104488
-0.003521097060665373
-0.003351325846472188
-0.003139144802940535
0
-0.003425419959698645
0
-0.003486661054204895
0
-0.003149083274914297
0
-0.003298609845213886
-0.003526488065500473
-0.001936967951020535
-0.003405660817359994
-0.001286955681951773
-0.004060413419369643
0
-0.003086448601858191
-0.002838731761025527
-0.003632052933138527
-0.003389911268507247
-0.001935518312673627
-0.003112399451891049
-0.003170152103208201
-0.002080155100300532
-0.001024382699776582
-0.0002661173835682141
-0.000711655655800173
-0.0002142689167079666
-0.003028365473664773
0
-0.004623368275789291
0
-0.004258904810193158
-0.002804759022321317
-0.00155309809068761
-0.002884497556780432
-0.003412469322969927
-0.003032582101517792
-0.001217377445827542
0.0002210922659334538
0.0002011554185851885
0
0.001500761658432849
6.337359542202007e-05
-0.001522946932309675
-0.001889904219729198
-0.002378022691115203
-0.001745940155106882
5.942345128258357e-05
-0.002128465313927701
-0.002071144471659859
-0.0001700551052396919
-0.000170748392160189
-0.002798346800706322
-0.0007062276437031167
-7.256566038545699e-05
-0.0005203771630447252
0
-4.773469026606962e-05
0.001064691055463034
0
0.001190662422748947
0.0007810600314935258
-0.003997960596048153
-0.003837647479289552
-0.003665582603123663
-0.003871306852278049
-0.0038080074499765
-0.003715449565765585
-0.003768959680240466
-0.002856730811892464
-0.001876909671891942
-0.002626853700448053
-0.003720194980845751
-0.00124458005089633
-0.002284993865378736
-0.0006597846092534977
0.0005363027848877227
-0.001147361616648644
0.0009894457504971632
-0.001671623543923695
-0.002358256660257228
4.301193970533728e-06
-0.0002419273269122371
-2.595327262586337e-05
-6.317190959441889e-05
-0.0003661528477665433
-0.0002060555299760691
9.537981371646832e-05
-4.472967352242532e-05
0
-1.608401287920691e-05
0
-0.0002002153807780973
-0.0002725629494762683
0.0001241398316324181
0
-0.0002291823796896394
0.0002252374653857915
-0.0001182429648110706
-0.0004725759580132801
0.0007625406374150048
2.992854885305599e-05
0.001153878593586897
8.059855242309827e-06
0.000642361214036527
-1.728968225896184e-05
-7.6056939665417e-05
3.593226735454723e-05
0.0002480240183676111
0.0003182445146169011
0.0009893111956672598
0
0.0005247555553052961
0
0.0006788647289280566
0
0.0008475372829756505
0.001478260525705218
0.0008500417698909473
0.001118137307009547
7.662116685276377e-05
0.0009559389243840456
0.001014753301230599
0
0
