0
0
0
0
0
0
0
0
0
-0.002673887626019424
-0.003203610996141657
-0.002341175059492322
0
-0.003780607075313053
-0.002392107715333678
-1.992416064191416e-05
-3.080297574714521e-06
-0.0001716073834825546
0
-0.001597938758027631
-0.001608400436269353
-0.00246761513124394
-0.002865467835045532
-0.002474391205373268
-0.003160325242273588
-0.002552889724736294
-0.001448342720249891
-0.002392524472862324
-0.00199597938713305
-0.002027437706065829
0.0004384017252157662
-0.002870964754498174
-0.001915174437616944
-0.002713774103624487
-0.002630157402302232
-0.0009622155108632278
-1.008269384395875e-05
0
0
-0.00290710292227699
-0.0001994250064811339
-0.002488118047902377
-0.003348121565741508
-0.002886619352972734
-0.0006342381661784226
-9.07968519483242e-05
-0.001123656831340472
-0.001006105171837558
-0.001597798405310263
0
-0.0007457909352737373
-0.002417994064135868
-0.002027268908813629
-0.002936270557265149
-0.002809300292284109
-0.003505968939942111
-0.002649373105529259
-0.003118282731500483
0
0
-0.003433936235406075
-0.003305582868835985
-0.0007106132075242616
-0.0016380396158667
-0.0005180748376638775
-0.000438046501386804
0.0002821873027687602
0.001625207180747362
0
0.000759350552075867
-0.00229249847273983
-0.002171530376511055
0
-0.00243748793913629
-0.003884618503257856
-0.002554022480169984
-0.003166668474717573
0
-2.27395812361446e-05
0.0007995044879435435
5.592932031707069e-05
0
0.0007681696213616448
-2.627068044646403e-05
0.00042431979785248
0.0009421635924119006
0.0001897270753662675
0.001215212027096338
0.001122428835894163
0
0
0.001244305825771721
0.0005743392798204361
8.999905167832804e-05
0.001190156821953759
-0.002519795417624741
-0.003766418117691199
0.000984659094640041
0.0007819552652171176
0
0.001250650259396232
-0.003642814698789854
0
-0.001722085734730729
0
-1.143891015282726e-05
-0.00221172763346921
0
0
-0.002485563362254015
-9.334044039556183e-05
-0.002132324184775227
-0.001468103306676998
-0.001113114514585318
-0.003116787618494027
0
-0.003909762317060776
-0.003576160051834053
-0.004331091079905156
-0.003054066678219939
-0.002878699794637507
-0.003447250380729287
-0.003090996450246699
-0.003196976782714514
-0.003658209557135516
-0.003792416081891847
-0.003879671284927111
-0.003897600582662379
-0.003834267481610895
-0.003887365191653749
-0.003677548111782413
-0.003664348857089639
-0.003818451803940095
-0.003445367811303195
-0.003469491129402276
-0.003876149289493063
-0.003758926248900653
-0.003594661517287558
-0.003975623318418806
-0.003675556993772916
-0.003730945098408014
-0.003809700318943584
-0.003857250923491312
-0.00388084532640848
-0.003820940649489497
0
-0.003972328005910826
-0.002708937795914434
-0.003478580317396156
-0.002587047056348672
-0.00217343612284868
-0.003837515160021014
-0.003593816488931402
-0.003767187283276021
-0.00348054907695864
-0.003747873953547226
-0.003696989090835621
0
-0.003976002169404221
-0.003462541057952364
-0.00371695563965806
-0.003741501855705733
-0.003601248037502929
-0.003807307499111773
-0.003804758521764242
-0.003865950705455433
-0.00385116067387991
-0.003592243214259069
-0.003848341976901873
-0.003698367024533191
-0.003718258850672157
-0.003875245982945797
-0.003724119534539139
-0.003793794401161563
-0.003024247044701965
0
-0.003853954864233951
-0.003873458495701131
-0.003783904477515127
-0.00362311352053842
-0.003536191102113655
-0.003755476106385185
0
-0.003926421798270545
-0.003707580655183338
-0.003671612082322339
-0.003577536489510181
-0.003266922326770971
-0.002774313800402215
0
-0.003884217057391554
-0.003542588171758544
0
0
-0.003849514400902596
-0.003870388962067276
-0.003796506006112562
-0.003750951223554861
-0.003542533549850109
-0.003775336439431272
-0.002843793678053165
-0.003537539047139741
0
-0.00344747241069516
-0.00316866569395934
-0.003923146603828914
-0.003832911008174011
-0.00339246880664681
-0.003528352870536169
-0.0034244699463405
-0.003703342316492799
-0.004197767101240193
-0.003880604424662806
-0.003966339489397899
-0.003084035623429709
-0.003526519587827972
-0.003357456329680213
-0.003143374303556223
0
-0.003430700917954795
0
-0.003490175114543672
0
-0.003154191235213555
0
-0.0032925327785555
-0.003528755782367579
-0.001939186858792282
-0.003409256559080834
-0.001290561866728631
-0.00406175505898924
0
-0.003089364324434174
-0.002844502953081639
-0.00363702560938359
-0.003396187304388119
-0.001943302243055209
-0.003117494422546141
-0.00317470371893766
-0.002088790522467872
-0.001035756885249551
-0.0002668977353349266
-0.0007203683115415139
-0.0002142741590311127
-0.003034861351639958
0
-0.004636725811509389
0
-0.004286600177091916
-0.00281086129328927
-0.001556706473286995
-0.002886843651823262
-0.003416746990467745
-0.003037841003171469
-0.001221072596122855
0.0002211307185537357
0.0001984248037117812
0
0.001501025502330114
6.337020440939467e-05
-0.001523299690169574
-0.001894578350866054
-0.002384265751714419
-0.00175162141141603
5.942284307141053e-05
-0.002131453052555043
-0.002075148578383096
-0.0001716868687720534
-0.0001706623204346453
-0.002805695854752749
-0.0007062847571963852
-7.309204067668852e-05
-0.0005203830146811701
0
-4.727971409881976e-05
0.001065072290993599
0
0.0011904857756948
0.0007820979481082351
-0.003990141601346827
-0.003840908071362122
-0.003670001214821937
-0.003879302927474727
-0.003810695418638154
-0.003715441469511088
-0.003772385355455981
-0.002860510342543315
-0.0018862260126215
-0.002632965102673251
-0.003719156176840403
-0.001245339306313981
-0.002286976104549641
-0.0006606318700303972
0.0005366807558292607
-0.001147400106592366
0.0009895100365630563
-0.001676365424741754
-0.002364045732159784
4.428328500615137e-06
-0.000243000116928008
-2.597543708831529e-05
-6.330205865992728e-05
-0.0003672215578915183
-0.0002064414629411379
9.546144167635742e-05
-4.495796547587505e-05
0
-1.596727094952092e-05
0
-0.000200160855673901
-0.0002725770280663575
0.0001241059804818802
0
-0.000230102945606818
0.0002251717627221039
-0.0001181843546302378
-0.0004730561590605317
0.000760358867160547
3.020988398616734e-05
0.0011539066421385
8.226099493662058e-06
0.0006421879904505212
-1.717031973249318e-05
-7.556729834161346e-05
3.579573869995334e-05
0.0002477302366008545
0.0003182757567790861
0.0009897380957320939
0
0.0005244852436435831
0
0.0006787540625637138
0
0.0008473131021994379
0.001478571443934926
0.0008500939843315361
0.001118076144381438
7.644995661156042e-05
0.0009561919741713222
0.001014543822838424
0
0
