0
0
0
0
0
0
0
0
0
-0.002681943888960004
-0.00320327541691178
-0.002340904911563935
0
-0.003774719001927779
-0.002377266680984134
-2.00709930409305e-05
2.265066649656161e-06
-0.0001704114921897453
0
-0.001598920557506351
-0.00160773878583542
-0.002470474740822085
-0.002865465161426684
-0.002478537726702236
-0.003174052508135615
-0.002554707780191949
-0.001448324957484718
-0.002397599537708263
-0.002000222605925238
-0.002029874097901141
0.0004379203909030568
-0.002880834882500424
-0.001919962096085485
-0.002722022144731811
-0.00264170106685801
-0.000962238769066768
-1.008694791180285e-05
0
0
-0.002918311343313939
-0.0001991004234594785
-0.00249610107477679
-0.003364128495869161
-0.002899218174744059
-0.0006335803828980191
-8.921026138361014e-05
-0.001122182075534249
-0.001006694083412979
-0.00160146241248288
0
-0.0007430027350554939
-0.002426569853922538
-0.002032451712115595
-0.002949407606200314
-0.002813484286575432
-0.003526317494157627
-0.002655327201464485
-0.003127075988295318
0
0
-0.003431950377303857
-0.003326185094827543
-0.000711725476872394
-0.001640500550861322
-0.0005180747671523391
-0.0004382010169930765
0.0002822970774189166
0.001625240073945308
0
0.000759405204468361
-0.002293419866302126
-0.002177200570203376
0
-0.002443744926156987
-0.003872443421260841
-0.002553687516705859
-0.003157650072447747
0
-2.257355118233287e-05
0.0008008714062014123
5.363615296631302e-05
0
0.0007672427848219936
-2.638443347889454e-05
0.0004245878057958757
0.0009422763254995999
0.000196131198112813
0.001215009498604077
0.001120650689399637
0
0
0.001243781610879038
0.0005737481124580547
8.930891932143409e-05
0.001190045104576316
-0.002523490034505283
-0.003757314591011078
0.0009845455421217317
0.0007823833965582655
0
0.001250067186154457
-0.003644967049825827
0
-0.0017250076147994
0
-1.207322713595009e-05
-0.002216348956252789
0
0
-0.002484294067637795
-9.330232802070962e-05
-0.002127012185695994
-0.001472703991036292
-0.001109989368486474
-0.003111857518274866
0
-0.003900443250826774
-0.003563766865499129
-0.004331150246830764
-0.003049834558032479
-0.002887950582539889
-0.003440628787006841
-0.003099758958023223
-0.003194091263193389
-0.003647094532638712
-0.00378309343776275
-0.003870302071119434
-0.003888355643568575
-0.003822994754423782
-0.003877881786219497
-0.003668016254712885
-0.003654363633473715
-0.003807349641817739
-0.00344436326826254
-0.003473072723719654
-0.0038656157846577
-0.003747712050077061
-0.003597286707434232
-0.003966430001870406
-0.003666626489605029
-0.003719563745727893
-0.003798865756588882
-0.003847628771083831
-0.003870227810595246
-0.003811813851662393
0
-0.003964513556428857
-0.002703291168447384
-0.003467956483417979
-0.002593960862337394
-0.002176580006533327
-0.003828215352667363
-0.003583359851382952
-0.003758800789215459
-0.003481621448947034
-0.003739310489005811
-0.003685424092737514
0
-0.003969192725956461
-0.00345424251647141
-0.003707950248411136
-0.003732531644899985
-0.003594513111889597
-0.003797621856511832
-0.003794752058352996
-0.003855562907462766
-0.00384136731683217
-0.003584623444730363
-0.003837270239024949
-0.003689538626031476
-0.003709267450917106
-0.00386354081525953
-0.003715489190318557
-0.003783327343436687
-0.003015994755218543
0
-0.00384418948336219
-0.003863947070003338
-0.003776928902935791
-0.003613238075839714
-0.003529317716688909
-0.003747569015107392
0
-0.00391711505053333
-0.003701190015706316
-0.003657052656165483
-0.00357087593426337
-0.003258766742239035
-0.002766136988929672
0
-0.003870628071087696
-0.003539406737830016
0
0
-0.003837763830108997
-0.003859311867994141
-0.003787689289958942
-0.003743490327212067
-0.003533580143668262
-0.003767773981680719
-0.002835881580981275
-0.003530588255406687
0
-0.003438830546108794
-0.003169541031946871
-0.003907630662322205
-0.003827091109061977
-0.00338423741627982
-0.00352205570977335
-0.00342873098466044
-0.003712920512943197
-0.004144907402593044
-0.003845804381037488
-0.003964273408848786
-0.003075638759747101
-0.003519518787613937
-0.003348982540007996
-0.003136985867802649
0
-0.003423143280184042
0
-0.003484953097266596
0
-0.003149689840366414
0
-0.003296090683723726
-0.00352402648717073
-0.001935563105560299
-0.003403177419634135
-0.001286654332750797
-0.004057497333244255
0
-0.003084065529041108
-0.002837183798403384
-0.003628051342744091
-0.003388043721450914
-0.001935476405499998
-0.003110693536449423
-0.003167963488640101
-0.00207991378515033
-0.001024857125959665
-0.0002651822738679118
-0.0007117682378523101
-0.000214261452063432
-0.00302743252433582
0
-0.00460710880923451
0
-0.004230355696098492
-0.002803364283877237
-0.001552609255723513
-0.002881682641210802
-0.003409956106438858
-0.003030686629871005
-0.001216991515730623
0.0002211411038671501
0.0002018401917035182
0
0.001500445543809005
6.338713634833846e-05
-0.001522521144126765
-0.001889212492881791
-0.002377331101260652
-0.001745579613565744
5.984405769946262e-05
-0.002127167533486133
-0.002070201831151339
-0.0001680971383427377
-0.0001707122233169943
-0.002797921839096142
-0.0007061572224340175
-7.18755858096566e-05
-0.0005203735094945821
0
-4.80605948269039e-05
0.001064515463661931
0
0.001190687753170548
0.000781699264152807
-0.004004328721115684
-0.003832272800817885
-0.003658112813777081
-0.003860730886223311
-0.003802224904500656
-0.003715467386622635
-0.003765783209354738
-0.0028521296759944
-0.00187554166851495
-0.002624056507614189
-0.003716132515932815
-0.001243987708761793
-0.002283388026019993
-0.0006590060296117112
0.0005368224313506132
-0.001147313841703172
0.0009919660834080432
-0.001671193185839172
-0.002357380569568141
4.284789148601521e-06
-0.0002420864080764991
-2.592684453780515e-05
-6.312470124193208e-05
-0.0003662345245681957
-0.0002055855634614674
9.534227385516467e-05
-4.4728027404476e-05
0
-1.610459140985902e-05
0
-0.0002002828611053662
-0.0002725776319508642
0.0001241577497702293
0
-0.000229314330497017
0.0002252662845887612
-0.0001181222805816279
-0.0004720000716934525
0.0007651975537872975
2.987382481856266e-05
0.00115384214688472
8.019736830776869e-06
0.0006425686658853608
-1.726800370649649e-05
-7.626492695255879e-05
3.609242813413756e-05
0.0002484042260865094
0.0003182057818453713
0.0009892244158671896
0
0.0005251753883896875
0
0.0006789359341066731
0
0.000847786337355363
0.00147811626414548
0.000850023359419765
0.001118201204687193
7.68086567972908e-05
0.0009556832002385594
0.001015022899861128
0
0
