0
0
0
0
0
0
0
0
0
-0.002686382567094757
-0.003203547721525831
-0.002341122287936404
0
-0.003779439343604511
-0.002389145152448352
-2.007925397216137e-05
-1.251606452668313e-06
-0.0001727376643467414
0
-0.001603927169569772
-0.00160831806723837
-0.002472802996994128
-0.002865467389677231
-0.002480091388554511
-0.003180757013122332
-0.002553683107055185
-0.001448339379256487
-0.002399485051016443
-0.002001310387511254
-0.002030866420043307
0.000438306177257483
-0.002885973513336935
-0.00192154668459092
-0.00272614258131537
-0.002646384232266585
-0.0009622202394903035
-1.008360163125715e-05
0
0
-0.002923636855116413
-0.0001993611067659143
-0.002499456857817541
-0.003371231668548406
-0.002904711761276154
-0.0006341069095438696
-9.048112600584804e-05
-0.00112336656535248
-0.00100725467305632
-0.001603080828994301
0
-0.0007452325446394468
-0.002430148017150562
-0.002035755170005835
-0.002955284428098782
-0.002819154309640121
-0.003533403305352535
-0.002660486485690491
-0.003133750170875167
0
0
-0.003439423449551165
-0.003333197024886456
-0.0007132086386984152
-0.001643476412572188
-0.0005180747820367588
-0.0004380778943058161
0.000282368075667686
0.001625213146209763
0
0.0007593243501370025
-0.002297094708890298
-0.00218190019232868
0
-0.002447299599359959
-0.003882605601331259
-0.002560133559224562
-0.003164865438414489
0
-2.26391667319379e-05
0.0007998821740254371
5.547137341683674e-05
0
0.0007680727259657469
-2.629323426456202e-05
0.0004246374276515415
0.0009424682706130162
0.0001909949930186965
0.001215275316132875
0.001120950744308775
0
0
0.001243955284356329
0.0005738705750397761
8.967645917319692e-05
0.001190262656271073
-0.002524905027118121
-0.003763791075878825
0.0009847458290793251
0.0007822153780150342
0
0.001249950017051707
-0.003651682975742478
0
-0.001729440648191419
0
-1.245855138287103e-05
-0.002219980197551325
0
0
-0.002487627527448127
-9.33328148080017e-05
-0.002137312671198758
-0.001474990500782333
-0.001115537027054844
-0.003115742467692048
0
-0.003908730462537143
-0.003575305200910853
-0.004331115975703373
-0.003059264361473328
-0.00289403737943763
-0.003449594003937529
-0.003106669194173955
-0.003202910598290494
-0.00365724186593854
-0.003791894152532614
-0.003878623923007058
-0.003896330641018741
-0.003831983117727806
-0.00388592922208192
-0.00367605822295509
-0.003663025489791591
-0.003815790951060126
-0.003452269260689231
-0.003480539660209414
-0.003874801481674132
-0.00375506040722263
-0.003604440437232279
-0.003974144177927282
-0.003674200283752821
-0.003726417822186902
-0.00380681426426322
-0.003855478046231211
-0.00387909168154423
-0.003818786372083246
0
-0.00397073104096322
-0.002713567057510282
-0.003478957011741649
-0.002599812126054345
-0.002182158175590875
-0.003836747313097108
-0.003592174822217197
-0.003766850729246912
-0.003480733310035866
-0.00374762936606517
-0.003695986301602929
0
-0.003975565183801408
-0.003457670783956751
-0.003716220543167407
-0.003740963866635065
-0.003600924556744804
-0.003806565574228149
-0.003803849200447045
-0.003864696420867035
-0.003850028454283668
-0.003590518446570666
-0.003846970174771087
-0.003697429238301956
-0.003717539900728417
-0.003873577186378126
-0.003722774700440779
-0.003792832373874736
-0.00301742928582
0
-0.003851931702656996
-0.003871529198441599
-0.003782276697099038
-0.003620199222993302
-0.00353628644430584
-0.003753434969506932
0
-0.003925890815424724
-0.003704719088182262
-0.003668730509686697
-0.00357733331870629
-0.003264046855504746
-0.002768374851828148
0
-0.003881870509559923
-0.00353728403439945
0
0
-0.003847713933195132
-0.00386798228905372
-0.003794640596543361
-0.003749752042247742
-0.003536441598048405
-0.003772629199544757
-0.002837507699510251
-0.003531891208657269
0
-0.003442604407372085
-0.003165305013355726
-0.003920973391107668
-0.003835340817524032
-0.003387642984289832
-0.003524065142095893
-0.003421743888848577
-0.003705250823510113
-0.004187106103004033
-0.003873953604370794
-0.003965940071612765
-0.003077990699670635
-0.003521593036005658
-0.003352285715335326
-0.003140051382630515
0
-0.003426334099128266
0
-0.003487279260552871
0
-0.003148567147876177
0
-0.003299852412592898
-0.003527513848305939
-0.001937578114165206
-0.003406691353839272
-0.00128703347304088
-0.004061667782203269
0
-0.003087477073899478
-0.002839341283338961
-0.003633832841947498
-0.003390676719773977
-0.001935509028370882
-0.003113186742617911
-0.003171193387758781
-0.002080283807278971
-0.0010241847681484
-0.0002665558182251398
-0.0007115680032242115
-0.0002142719771789666
-0.003028745769650701
0
-0.004630890874358416
0
-0.004274250742215765
-0.002805295515189185
-0.001553261392926923
-0.002885813104626223
-0.003413517344281542
-0.003033350241642602
-0.00121751207221562
0.000221043739692721
0.0002008900179802663
0
0.001500910421574602
6.337030351680529e-05
-0.001523145168721418
-0.001890142562742001
-0.002378259924587832
-0.00174605916467345
5.921856191685217e-05
-0.002129013754301386
-0.002071512633844202
-0.0001709710203549151
-0.0001707670754269945
-0.002798460825485638
-0.0007062603727573028
-7.290201023456782e-05
-0.0005203804543219079
0
-4.757140464699482e-05
0.00106475109117741
0
0.001190659942364798
0.0007807074695725892
-0.003993463086909619
-0.003839901888976897
-0.003669285105224856
-0.003875862301623213
-0.003810659978700232
-0.003715443161647604
-0.003770653946036655
-0.002858860229234306
-0.001877688677377426
-0.002628408879838745
-0.003721944925277213
-0.00124485372067065
-0.002285695341436405
-0.0006601342832710692
0.0005360557914320877
-0.001147383356100739
0.0009882764971480993
-0.001671751603366731
-0.002358565640389908
4.309769905636112e-06
-0.0002418295306107419
-2.596586158825431e-05
-6.318575616469103e-05
-0.0003660922916113267
-0.0002062748429706169
9.538483949750121e-05
-4.47239458640123e-05
0
-1.607488137560655e-05
0
-0.0002001846081144821
-0.000272547899729152
0.0001241253184403542
0
-0.0002290985983333521
0.0002252082652824333
-0.0001183028783600636
-0.0004728454587715501
0.0007613119618108987
2.995117937351216e-05
0.001153881563819513
8.077901804403148e-06
0.0006422545406341683
-1.730298793179247e-05
-7.59628015803189e-05
3.585108662409533e-05
0.0002478417165311587
0.0003182622575113762
0.0009893446644570687
0
0.0005245584053822631
0
0.0006788202269270874
0
0.0008474164653853155
0.001478305116691468
0.0008500312236223541
0.001118097994459518
7.652417518041194e-05
0.0009560564466067002
0.001014623774268226
0
0
