0
0
0
0
0
0
0
0
0
-0.002050142900810044
-0.002831363359109151
-0.002341205179192447
0
-0.003780964102934367
-0.002393031855722725
8.143118321152944e-05
0.001656859410876894
0.0006318847222421766
0
-0.0003377210017347849
-0.001605642601569478
-0.002029947580142231
-0.00273749440598881
-0.00209702093015481
-0.003159746633969841
-0.002439741259535104
-0.001448348783110349
-0.002033218513234132
-0.001865155729312797
-0.00184581650749461
0.0004383763184584024
-0.002359929776281446
-0.001691801331136063
-0.002121864422211561
-0.002185828143696475
-0.0009622190537719567
-1.008249215864814e-05
0
0
-0.002461337520373439
-0.0001994443971663174
-0.002022568677445375
-0.003128085760355185
-0.002477217041927993
-0.0006343586400566367
-9.08869008753903e-05
-0.001123762337726166
-0.0009951913666528007
-0.001403588100670559
0
-0.0007459365632284456
-0.001969172459824747
-0.001575284602301059
-0.002599226506861719
-0.002305517028078575
-0.003307795463287687
-0.002171935947108666
-0.002878954636819411
0
0
-0.003292711058336505
-0.003088258685645994
-0.0001250099038716585
-0.0006562712842929916
0.001480031203358061
-0.0004380102562743855
0.000559716878036519
0.001956887559884291
0
0.0008442943708362879
-0.001724396700077258
-0.00152581732130457
0
-0.001821088493898041
-0.00360723693415195
-0.002527799035227098
-0.003167201820127689
0
0.0002162242634658708
0.0009367150287038022
5.605352136953147e-05
0
0.0007965279830230108
-2.626406652345236e-05
0.0006701215241627757
0.001493314968420206
0.0001894111615007006
0.001620545822333215
0.001778554777753969
0
0
0.001958188310603307
0.001163846441340007
0.0002617520387616737
0.001703914105078195
-0.002153097162613025
-0.00355949771267843
0.001514975904844391
0.0008813497370296485
0
0.001719410672828651
-0.00346967286820087
0
-0.001012218584663423
0
0.0005937500221769292
-0.001589524033507775
0
0
0.0009652928776277333
0.0001283163160272981
-0.001243985944663208
-0.0005052834723193418
-0.0002546102906456331
-0.002748672392847259
0
-0.003408373384765392
-0.002815714869927852
-0.004152473496398148
-0.00239420490294385
-0.002414397626052428
-0.002893823824744629
-0.002748592003968388
-0.002628460326896522
-0.0029864203278415
-0.003418559238914463
-0.003590985935378998
-0.003446795793239382
-0.003326786894835528
-0.00366676030574825
-0.003298849018047054
-0.003185872342309881
-0.003407414561329678
-0.003030323410304806
-0.003175533491993326
-0.00365151999453931
-0.003593544244363204
-0.003364646807894738
-0.003976396301277245
-0.003427945714944358
-0.003513729370898239
-0.003467486548288835
-0.003599245501248224
-0.003659636990657559
-0.003595983190614633
0
-0.003714591466932604
-0.001957354997750833
-0.002716989161995859
-0.001993033668437573
-0.001450579165945029
-0.003514895789585917
-0.003289740156230335
-0.003404791533452856
-0.002900469696149463
-0.003254829280424472
-0.003261586310189337
0
-0.003386972614235372
-0.002609412605427293
-0.003148951426560331
-0.003251089565298839
-0.002938878291970653
-0.003428551528241016
-0.003351900366839187
-0.003725031119315274
-0.003564640183670289
-0.002860661564255721
-0.00351455488050314
-0.003095486266593629
-0.003090324794903705
-0.003593306157809613
-0.003125363664830029
-0.003295374222880429
-0.002059402492848336
0
-0.003617124617850361
-0.003612473680550562
-0.003542257649418292
-0.003481472052421628
-0.00346611688851331
-0.003568039307388837
0
-0.003771466636570223
-0.003087585112509407
-0.003672642642875571
-0.002832550019914138
-0.00256572060265353
-0.001827780983792686
0
-0.003610631333474301
-0.00276719502107736
0
0
-0.003462345429509973
-0.003610989585338976
-0.003572909482734174
-0.003423209070370797
-0.002694479469303567
-0.003390572347677132
-0.00193346206248775
-0.002713738163640449
0
-0.002537643401349491
-0.002677130771468545
-0.003672067697892626
-0.003661192611911266
-0.002451935498165751
-0.002745760713365246
-0.002880243092393916
-0.003703129446495504
-0.004095179628531934
-0.003881348736435025
-0.003773379895749004
-0.00209740180777583
-0.002695043218086021
-0.002420609924951384
-0.00202865797661847
0
-0.002546112509748904
0
-0.002821529819928891
0
-0.002571744727987687
0
-0.00298749509367729
-0.002841527134853775
-0.001155683245936102
-0.002654440406521908
-0.0008065482423386409
-0.003276470173744663
0
-0.001962060165145167
-0.00188721520966553
-0.002893338257428802
-0.00250082777633859
-0.00118874014450466
-0.002214784936784587
-0.002289596026100072
-0.001163401674089005
-0.0002432639661753024
-0.0002669823954117436
-0.0004462952347468475
-0.0002143179222217256
-0.002110166338414933
0
-0.004638395944317903
0
-0.004291614131146974
-0.001854419530900407
-0.001447853033937045
-0.002121665656690784
-0.002555990164867796
-0.001982322928612786
-0.0007152306506986249
0.00104670368497971
0.0003598136241752276
0
0.001501037560952664
0.001359291380117953
-0.001523501950165702
-0.00147716793546051
-0.001700395362810258
-0.001101193646247027
0.0002106360628176269
-0.001516493427871655
-0.00197326865570599
-0.0001718465613977214
-4.995854250652817e-05
-0.001867898436981343
-0.0007062663180505635
2.953231173898549e-05
-0.0005203846902828069
0
0.0002579429228260271
0.001527265832739902
0
0.001667369127548262
0.00195274797284967
-0.003989855870629823
-0.003532657184426659
-0.003427843498048646
-0.00375156968560043
-0.003482341383966956
-0.003709473449501581
-0.003773077337538253
-0.002861172748500832
-0.001069277455115551
-0.002441632790891827
-0.003624759469750953
0.0006008761493153331
-0.0007667821902759041
-0.0001140123687634055
0.0007365234507471475
0.002614929681081677
0.001160771645136664
-0.001013244666485286
-0.001585920313432739
0.0001319768993110442
-0.0001069768546818837
8.64690398243935e-06
-2.250460113293395e-06
-0.0003063575496762967
-0.0002064786434723464
0.0003714531559332351
-4.564185094409666e-05
0
0.0001736617835204569
0
-0.0002001802428022571
-0.0001625988655644059
0.001017598897030306
0
-8.069349946098901e-05
0.001141792394655008
0.0003918566003211791
-0.0003527340193787924
0.00076014790609962
0.0003634170114783776
0.002044963699609314
0.0006198266219387391
0.000789919288505289
0.0001553385400724192
-6.121415531461512e-07
0.0002873483450172072
0.001140794859023314
0.0003182678043721587
0.001895877651845438
0
0.001615248408709315
0
0.001603341470506051
0
0.002005750501354897
0.002202642308328658
0.001282383294888225
0.001805350291447791
0.0005955519671741762
0.001939103591535086
0.0021154012809112
0
0
