0
0
0
0
0
0
0
0
0
-0.002681814379748221
-0.003203266400641167
-0.002340897952895772
0
-0.003774570600040056
-0.00237689559190295
-2.007160377962074e-05
2.375132207988181e-06
-0.0001703374498318233
0
-0.00159877815074
-0.00160771924435939
-0.002470403287908595
-0.002865465083203732
-0.00247848581281583
-0.003173857213887556
-0.002554739391151135
-0.001448324489217328
-0.002397536757302837
-0.002000181694327403
-0.00202984043830549
0.0004379082787257623
-0.002880683266719506
-0.001919904465059423
-0.002721898475521362
-0.0026415556837971
-0.0009622393253934867
-1.008704382336643e-05
0
0
-0.002918152500069799
-0.0001990921356688666
-0.002495996251450948
-0.003363920931983874
-0.002899053020157979
-0.0006335639037309696
-8.917045212675739e-05
-0.001122144448687966
-0.001006672609606764
-0.001601403075334844
0
-0.000742933333750725
-0.002426456515781609
-0.002032344777757588
-0.002949229376455477
-0.002813309560051741
-0.003526110792395473
-0.002655167068924999
-0.003126872883595921
0
0
-0.0034317255207059
-0.00332597704984788
-0.0007116781632340128
-0.001640408338715292
-0.0005180747666142514
-0.0004382048246430134
0.0002822932375164931
0.001625240938019237
0
0.0007594094987970919
-0.002293309416815369
-0.002177070425281191
0
-0.002443640564123835
-0.003872145412223178
-0.002553489107943151
-0.003157425003781613
0
-2.25730667929363e-05
0.0008008979802903397
5.357884862568986e-05
0
0.0007672196599273291
-2.638730420873546e-05
0.0004245840866112021
0.0009422679904276002
0.0001962929172067577
0.001214997869427173
0.001120644991172942
0
0
0.001243776107555081
0.0005737462096070092
8.929710477601203e-05
0.001190036470784249
-0.002523443994505469
-0.003757126260464361
0.0009845387099272382
0.0007823885038808863
0
0.001250074811950912
-0.003644772908174321
0
-0.001724881756526647
0
-1.20633225202869e-05
-0.00221624338608981
0
0
-0.002484200238368847
-9.330139643762232e-05
-0.002126745140417006
-0.001472647143684243
-0.001109851829327276
-0.003111743313563568
0
-0.003900200104180436
-0.003563448002177428
-0.004331151662518665
-0.003049576356580376
-0.002887779283288973
-0.003440383228112344
-0.003099563968549695
-0.003193849406941892
-0.00364680865332558
-0.003782843645259076
-0.003870059070671663
-0.003888117425829815
-0.003822735200843698
-0.003877644656654662
-0.003667795495898526
-0.003654124821678462
-0.003807110527716432
-0.003444143324257827
-0.003472861185707039
-0.00386534420001567
-0.003747502372486025
-0.003597083804242283
-0.003966172288869928
-0.003666416147645936
-0.003719367864038897
-0.003798640161229035
-0.003847396851574563
-0.003869965363419837
-0.003811609707266404
0
-0.003964321222747606
-0.002703013247747735
-0.003467647704413297
-0.002593799920995187
-0.002176431130461898
-0.003827970813940003
-0.003583047221470212
-0.00375856862336941
-0.003481654486958194
-0.003739071257122599
-0.003685104705285919
0
-0.003969023955810429
-0.003454164238060401
-0.003707717328250835
-0.003732294188764012
-0.003594334489056022
-0.003797366993688682
-0.003794490958408241
-0.003855296876078542
-0.003841116975270372
-0.003584467010525215
-0.003836987903604973
-0.003689319001740687
-0.003709032253848373
-0.003863246965401524
-0.003715279365988979
-0.003783052246255312
-0.003015972070086923
0
-0.003843962402106612
-0.003863726569430013
-0.003776776146028736
-0.003613039520017844
-0.003529118256251405
-0.003747399380487715
0
-0.003916869090169616
-0.003701092646306796
-0.003656684927433687
-0.003570692093904106
-0.003258619482198789
-0.002766082970151085
0
-0.003870298968761704
-0.003539491620468207
0
0
-0.003837471705067977
-0.00385905843848465
-0.003787481592717818
-0.003743300225511746
-0.003533515974664881
-0.003767641772230745
-0.002835847888055274
-0.003530569602968979
0
-0.003438733758957475
-0.003169703745801584
-0.003907245188681201
-0.003826853007654258
-0.00338415291767077
-0.003522012232602411
-0.003428976449057274
-0.00371319614165987
-0.004143628145106908
-0.003844884545895184
-0.003964219525553292
-0.003075583965196894
-0.003519473115814146
-0.003348899230547935
-0.003136905174904041
0
-0.00342306425899081
0
-0.003484900845912721
0
-0.003149750594204601
0
-0.003295982532258342
-0.003523937212295701
-0.001935508807115017
-0.003403087299415724
-0.001286648170217732
-0.004057386899348854
0
-0.003083974172989511
-0.0028371320887544
-0.003627893545605478
-0.003387987489678322
-0.001935492377760994
-0.003110639016006357
-0.003167882077829411
-0.002079917866016091
-0.001024881241103134
-0.0002651394469872799
-0.000711780678111796
-0.0002142610836426581
-0.003027417648196023
0
-0.004606357667333632
0
-0.004229194968370202
-0.002803320664690079
-0.001552594300572794
-0.002881553509386086
-0.003409863746164161
-0.003030619529315371
-0.001216983164866092
0.0002211464477638137
0.0002018708605716774
0
0.001500431130984624
6.338786292415445e-05
-0.00152250154060249
-0.001889192040500845
-0.002377317630709127
-0.001745578918348878
5.986425849591191e-05
-0.002127118783484695
-0.00207016877805
-0.0001680073278431065
-0.0001707092590827272
-0.002797926849402811
-0.0007061539201318749
-7.183402019611208e-05
-0.0005203735175299727
0
-4.808066674557469e-05
0.001064522838809626
0
0.00119068709797869
0.0007817252537216025
-0.004004501105375737
-0.003832028652726029
-0.003657830718972526
-0.003860219162505998
-0.003802001476013367
-0.003715468363003346
-0.003765629958162066
-0.002851917094239036
-0.001875486476830301
-0.002623942812718307
-0.003715966685586363
-0.00124396352801526
-0.002283324311239559
-0.0006589732085897464
0.0005368469792352403
-0.001147311595765553
0.0009920766714646913
-0.001671185755300247
-0.002357356873969225
4.284359888962592e-06
-0.0002420920283159755
-2.592563178533242e-05
-6.312645976333432e-05
-0.0003662368952478075
-0.0002055640067256711
9.534268555669122e-05
-4.472833401989253e-05
0
-1.610346506088535e-05
0
-0.0002002860136052765
-0.0002725800582819693
0.0001241614964416024
0
-0.0002293180593121614
0.0002252714782475974
-0.0001181154377136134
-0.0004719736623280192
0.0007653204488517915
2.987262358632301e-05
0.001153843812694748
8.019740081280685e-06
0.0006425802737401906
-1.726384574508296e-05
-7.626936281933619e-05
3.610119948460198e-05
0.0002484225970021285
0.0003182039846175351
0.0009892204070449584
0
0.0005251951386450636
0
0.0006789426226638079
0
0.0008477987527925851
0.001478112346990743
0.0008500234668962299
0.001118206394630605
7.681971160394947e-05
0.0009556716521802153
0.00101503543201702
0
0
