0
0
0
0
0
0
0
0
0
-0.002683331727624529
-0.003203603453812214
-0.002341168785760035
0
-0.003780471872067063
-0.002391763850778356
-1.997973955194591e-05
-2.387450925635911e-06
-0.0001721416496316957
0
-0.001602663100965832
-0.001608327782692512
-0.002471380345232573
-0.00286546781871462
-0.002478272282802299
-0.003177792648634791
-0.002553258583992509
-0.001448342328294307
-0.002397383824771281
-0.001999556122455911
-0.002029761394695913
0.0004383907156055643
-0.002882816124314864
-0.001919585978854514
-0.002723124495899591
-0.002642948276938233
-0.0009622160412698239
-1.008279974781594e-05
0
0
-0.002920372479990269
-0.0001994175794302238
-0.002496590263264574
-0.003368808664622719
-0.002901379599283384
-0.0006342227385217504
-9.07603843545962e-05
-0.001123622728160148
-0.001006887516252664
-0.001601452413569835
0
-0.000745726301383565
-0.002427207978968629
-0.002033728875155332
-0.002951956611643911
-0.002817358048782302
-0.003530395955955924
-0.002658347834513537
-0.00313100385867443
0
0
-0.003438863669748566
-0.003328780084293373
-0.0007125665133447174
-0.001642376191597674
-0.0005180747798420915
-0.0004380504491712236
0.0002822856547290626
0.001625208115550252
0
0.0007593619058094668
-0.002296120548904073
-0.002179146629524216
0
-0.002444661768367629
-0.003884311549852503
-0.00255963461288346
-0.003166458856854344
0
-2.268328668888363e-05
0.0007995843857415608
5.587617414120979e-05
0
0.0007682118378648222
-2.627332059773919e-05
0.0004244449059589766
0.00094227609090116
0.0001898731509814125
0.001215239937582765
0.001121799033942044
0
0
0.001244133902610947
0.0005741788528159874
8.991833341909591e-05
0.001190192569215451
-0.002523290090981957
-0.003765190936250189
0.0009846924486252564
0.0007820324717078079
0
0.001250373765053173
-0.003652203308689016
0
-0.001727616046345209
0
-1.198760237733862e-05
-0.002217779274414886
0
0
-0.002487799983485826
-9.334001354149643e-05
-0.002136115039144274
-0.001472357480144353
-0.001114951982954971
-0.00311668779255338
0
-0.003909876082533765
-0.003576729568196896
-0.004331081443293596
-0.003059333339933554
-0.002891117329101709
-0.003451810984290996
-0.003104536315594214
-0.003203439661076815
-0.003659016391762406
-0.003792928965222291
-0.003879783958118992
-0.003897580185431619
-0.003834034338926226
-0.00388728695086786
-0.003680080087548511
-0.003666268310472839
-0.003818115320277621
-0.003453814362482619
-0.003481513486559825
-0.003876271179737356
-0.003759327467174286
-0.003606875442379793
-0.003975465635236907
-0.003678852269843532
-0.003730417810381255
-0.003809403474628883
-0.003856967995858795
-0.003880728952957165
-0.003820405776271658
0
-0.003972059575007959
-0.002713001728544904
-0.003480075509875333
-0.002596883394873172
-0.002179645735858576
-0.003837804739084319
-0.00359377072716832
-0.003767687021985455
-0.003480572544568791
-0.003748357904244093
-0.003697389450916628
0
-0.003976494533685392
-0.003461303356052382
-0.003717353343837787
-0.003741990118017979
-0.003601710090401638
-0.003807724509109273
-0.003805115470065489
-0.00386613123568891
-0.003851274642058199
-0.003592185391069075
-0.003848517016945657
-0.003698690197067717
-0.003718650686357545
-0.003875302910137541
-0.003724314070737276
-0.00379414352175956
-0.003022356440516806
0
-0.003853619101401317
-0.003872937970331065
-0.003783574677914949
-0.003622194610772667
-0.003537408187716811
-0.003754781577539112
0
-0.003927352697320334
-0.00370714795252747
-0.003671277769822371
-0.003578070171515896
-0.003266654689592151
-0.002773032969723503
0
-0.003883708783420966
-0.003541020916696288
0
0
-0.003849568730221167
-0.003869730121306556
-0.003796233231936307
-0.003750774495170566
-0.003540829118277123
-0.003774538795356832
-0.002842075330666614
-0.003535953643989605
0
-0.003446216477589111
-0.003167446692797752
-0.00392316311388689
-0.003834092925578825
-0.003391228334176783
-0.003527236985647966
-0.003423272045340093
-0.003703541516780825
-0.004196768517489637
-0.003879843882423794
-0.003966291314955732
-0.003082377660707113
-0.003525218137795188
-0.003356087197086191
-0.003142642594925801
0
-0.003429595836027246
0
-0.003489526302355877
0
-0.00315238629378495
0
-0.003295378870048955
-0.003528730818198856
-0.001939024091113633
-0.003408789146448504
-0.001289596627028884
-0.00406216886390902
0
-0.003089147431700128
-0.002843116259935249
-0.003636468417759735
-0.003394696839427835
-0.001941474118354512
-0.003116560316329911
-0.003174058059920673
-0.002086802542393449
-0.001033035367436441
-0.0002668586611460014
-0.000718774695973102
-0.0002142739302007319
-0.003033247135137944
0
-0.004636058875055867
0
-0.004284914222477089
-0.002809346650032762
-0.001555758992037116
-0.002886723671007808
-0.003416038789663849
-0.003036689433546427
-0.001220164458782125
0.0002211120399956022
0.0001980449748016486
0
0.001501012706819034
6.337067271222896e-05
-0.00152328196138746
-0.001893358620008266
-0.002382674507995331
-0.001750268450855764
5.930999890796754e-05
-0.002130936709637634
-0.002074195841167967
-0.0001716043844304914
-0.0001707486983911978
-0.002803707237693019
-0.0007062821371765558
-7.291806632834272e-05
-0.0005203826477379372
0
-4.745565803037565e-05
0.001065270112080833
0
0.001190532856399942
0.0007813159908851463
-0.003990492272978594
-0.003841090222270708
-0.003670611186838695
-0.00387889018665751
-0.003811337358791217
-0.003715441399687038
-0.003772201688344736
-0.00286032283443369
-0.001884342944996311
-0.002632325230999561
-0.003720329102693751
-0.001245399714948363
-0.002286887513460525
-0.0006609156691631194
0.0005363014459749822
-0.001147398178507775
0.0009877140024455119
-0.001675128022741249
-0.002362550751383059
4.403897795463685e-06
-0.0002426740558050563
-2.597445500705455e-05
-6.328158252137634e-05
-0.0003669435915553573
-0.0002064239011936401
9.543725536920013e-05
-4.490858607942677e-05
0
-1.598094203306799e-05
0
-0.0002001635769049203
-0.0002725852853854967
0.0001241594988387036
0
-0.0002298424869404898
0.0002252419162877056
-0.0001181945876471388
-0.0004730318255391637
0.0007604683539442006
3.017604291851939e-05
0.001154032390122927
8.219400492444887e-06
0.0006422710958881994
-1.718850314719243e-05
-7.562081910722039e-05
3.582949774913903e-05
0.0002477817443627535
0.0003182742916055199
0.0009897661381355817
0
0.0005245540135084111
0
0.0006788479315113426
0
0.00084741444786228
0.001478687621552944
0.0008501196909070437
0.00111819201341892
7.649468433608987e-05
0.0009562489490439558
0.001014636538098359
0
0
