0
0
0
0
0
0
0
0
0
-0.002686219138663772
-0.003203538537901087
-0.002341114696313614
0
-0.003779271449567355
-0.00238871999169651
-2.00778801886602e-05
-1.122752476627582e-06
-0.0001726506244856889
0
-0.001603746741610986
-0.001608296823557369
-0.00247271827862765
-0.00286546731927511
-0.002480031092138221
-0.003180523233492048
-0.002553720445831315
-0.001448338890536948
-0.002399412886308387
-0.002001266294685283
-0.002030827357516465
0.0004382924237884735
-0.002885788839590129
-0.001921483536748001
-0.00272599237417771
-0.002646220159520992
-0.0009622209178462971
-1.008372967103534e-05
0
0
-0.002923448203094432
-0.0001993519245551252
-0.002499333957464978
-0.00337098835173564
-0.002904519562743355
-0.0006340881047396333
-9.043575778242191e-05
-0.00112332482092768
-0.001007229793498544
-0.001603015946146587
0
-0.000745152461838569
-0.002430019044377342
-0.002035636932191457
-0.002955081922326526
-0.002818959874072748
-0.003533165025278213
-0.002660307670333589
-0.003133523751732931
0
0
-0.003439177999560785
-0.003332959644362103
-0.0007131541706889704
-0.001643372405815368
-0.0005180747817295701
-0.0004380823511578272
0.0002823636173937175
0.001625213985571366
0
0.0007593265051216361
-0.002296964087044014
-0.0021817189384456
0
-0.002447167873548743
-0.003882247836385195
-0.002559914565528866
-0.003164606874715775
0
-2.264005909406762e-05
0.0007999157886607145
5.540566855638526e-05
0
0.0007680423644832345
-2.629647298821488e-05
0.0004246345509437082
0.0009424601753796278
0.0001911774952727472
0.001215264030886689
0.001120940499934323
0
0
0.001243948554972241
0.0005738643769915366
8.966311110737033e-05
0.001190253916198622
-0.002524850810220537
-0.003763570798849188
0.0009847380915318851
0.0007822202870889602
0
0.001249952929694555
-0.003651453064637235
0
-0.001729277098857364
0
-1.244055996730565e-05
-0.002219846067959802
0
0
-0.002487513017804265
-9.333168528451768e-05
-0.002136891422819697
-0.001474884673194398
-0.001115300210734945
-0.003115587211858653
0
-0.003908430745260595
-0.003574863106982558
-0.004331120560122868
-0.003058908005873183
-0.002893813407500112
-0.003449259373212397
-0.003106420058964572
-0.003202581193388095
-0.003656865695965421
-0.003791585544201627
-0.00387833035509123
-0.003896051211499153
-0.003831656487604724
-0.003885653439396292
-0.003675766672377179
-0.00366270572499906
-0.003815477772422567
-0.003451984422669257
-0.003480276822427371
-0.003874487076341716
-0.003754803249765404
-0.003604192453842085
-0.003973936496572226
-0.003673930920537754
-0.003726181387618006
-0.003806525696009486
-0.003855209381848192
-0.003878788579955255
-0.003818548413844641
0
-0.003970520154237471
-0.002713168298900349
-0.003478546391336207
-0.002599588129467224
-0.002181933141241895
-0.003836448879570175
-0.003591891036823854
-0.00376657006039369
-0.003480760070193452
-0.003747327193532399
-0.003695618733464938
0
-0.003975324903661041
-0.00345752322709956
-0.003715922862124393
-0.00374066492845258
-0.003600688983515943
-0.003806247355767779
-0.003803525640282892
-0.003864375570729155
-0.003849722480034733
-0.003590294035692163
-0.003846627224078754
-0.003697138940566104
-0.003717242100031438
-0.003873224093875788
-0.003722520610303085
-0.003792493466617376
-0.003017348881725705
0
-0.003851665680263329
-0.003871266257955961
-0.003782104401786106
-0.003619972799724123
-0.003536061975038412
-0.003753235691267902
0
-0.003925606702631743
-0.003704613544259607
-0.003668316187969893
-0.003577097820905863
-0.003263804724795495
-0.002768200319778776
0
-0.0038814695775387
-0.003537368456781682
0
0
-0.00384736568898683
-0.003867681947019758
-0.003794408174244195
-0.003749544417421915
-0.003536326510289188
-0.003772469110154878
-0.002837428150807964
-0.003531841339582101
0
-0.003442460729454846
-0.003165461590946482
-0.003920485712365186
-0.003835050565622663
-0.0033875072044901
-0.003523995564982581
-0.003422002319136576
-0.003705492400491779
-0.004185551322414334
-0.003872986553137082
-0.003965882566871067
-0.003077890018943925
-0.003521519646400489
-0.003352157427301693
-0.003139934713611556
0
-0.003426213539166572
0
-0.003487196968516873
0
-0.003148611434455793
0
-0.003299709739386212
-0.003527387675401535
-0.001937499446642425
-0.003406562283311576
-0.001287009742639503
-0.004061515579993948
0
-0.003087348255723173
-0.00283925247830287
-0.003633617891869877
-0.00339055999379143
-0.00193544100040583
-0.003113050927891212
-0.003171025851872338
-0.002080176484489531
-0.001024087403406873
-0.0002665065660771325
-0.0007115188613996457
-0.000214271642186417
-0.003028655439219381
0
-0.004630049012080835
0
-0.004272523575151711
-0.002805212768438563
-0.001553230105131948
-0.002885665467610042
-0.003413384486961124
-0.003033246137246561
-0.001217476943717885
0.0002210599215903392
0.0002009246418994652
0
0.001500893695568533
6.337024243679302e-05
-0.001523122931438039
-0.001890098692950653
-0.002378199554019199
-0.001746004391260687
5.92402689968426e-05
-0.002128941566130602
-0.00207145731944301
-0.0001708681814744506
-0.0001707644186228116
-0.00279840126480083
-0.0007062567264588866
-7.285344032638496e-05
-0.0005203800953147232
0
-4.759873002996774e-05
0.001064763263401089
0
0.001190660020172946
0.0007807486484433097
-0.003993957984240334
-0.003839648337234557
-0.003668863259167307
-0.003875363158553138
-0.003810361803930076
-0.003715443862612023
-0.003770431603620595
-0.002858621926618575
-0.001877467020763539
-0.002628104303694223
-0.003721749264509241
-0.001244816767875436
-0.002285608304693677
-0.0006600862307084011
0.0005360880346616514
-0.001147380931956919
0.0009884323505210178
-0.001671715634839296
-0.002358507968644975
4.308967719651365e-06
-0.0002418352176868842
-2.596442889381136e-05
-6.319737267876e-05
-0.0003660924060444852
-0.0002062502337763703
9.53878118765841e-05
-4.47300939398527e-05
0
-1.608111909315775e-05
0
-0.0002001880414870203
-0.0002725603175299179
0.0001241336678417898
0
-0.0002291041720411995
0.0002252211018532645
-0.0001182978845163732
-0.0004728151997309832
0.0007614494620970403
2.995288159513574e-05
0.001153890294670419
8.07725288748566e-06
0.00064227275645214
-1.730307560361894e-05
-7.597809922877871e-05
3.586404357814862e-05
0.0002478642043273433
0.0003182602790230742
0.0009893389126355014
0
0.0005245796992669943
0
0.0006788341189813837
0
0.0008474327912108447
0.001478309816853701
0.0008500408172242861
0.001118108771022736
7.654148485240939e-05
0.0009560442431749507
0.001014639418086181
0
0
