0
0
0
0
0
0
0
0
0
-0.002685435466540935
-0.003203496717586805
-0.00234108038494732
0
-0.003778515711181916
-0.00238680893471804
-2.007322491152624e-05
-5.577500275228453e-07
-0.0001722515459496774
0
-0.00160289300690592
-0.001608198876018213
-0.002472316963272528
-0.002865466993949841
-0.002479750636031141
-0.003179400902164333
-0.002553886501727763
-0.001448336667629241
-0.002399075635926376
-0.002001067102483544
-0.002030646247251983
0.0004382305559990952
-0.002884903422434
-0.001921202240291139
-0.002725273133455452
-0.002645433615090922
-0.0009622239530779788
-1.008429932432272e-05
0
0
-0.002922542578299544
-0.0001993105961716578
-0.002498749253010728
-0.003369827834056137
-0.002903595956534858
-0.0006340035339830437
-9.023171077256897e-05
-0.001123136516232905
-0.001007135749378104
-0.001602733003991078
0
-0.0007447927272128508
-0.002429406980974582
-0.002035082408592764
-0.002954113576171095
-0.002818036610900098
-0.003532036097247869
-0.002659457167219314
-0.00313244143436346
0
0
-0.0034380141353315
-0.003331822468170409
-0.0007129046967854829
-0.001642881940655523
-0.000518074780180651
-0.0004381023209294649
0.0002823528649102392
0.001625217887048574
0
0.0007593383795225736
-0.002296349243664456
-0.002180868006526282
0
-0.002446535647420017
-0.0038806260146809
-0.002558890926328106
-0.003163444904909734
0
-2.262928436610456e-05
0.000800075987963295
5.511032958232488e-05
0
0.0007679115900554571
-2.631105965814007e-05
0.0004246247453369002
0.0009424286319660374
0.0001919990503253056
0.001215223596808689
0.001120912430683698
0
0
0.001243928309873854
0.0005738521453810757
8.960683439591495e-05
0.00119022109880533
-0.002524596468375375
-0.003762556865997043
0.0009847071660747074
0.0007822470471559635
0
0.001249977923626558
-0.003650385626563065
0
-0.001728501534261569
0
-1.236258057802834e-05
-0.002219205420255954
0
0
-0.0024869702844686
-9.332677244067201e-05
-0.002135172038977726
-0.001474423935511155
-0.00111437726712342
-0.003114886515142722
0
-0.003907131283516083
-0.003572998682083627
-0.004331136096543115
-0.003057304992265344
-0.002892745829149156
-0.00344774842904271
-0.003105236168705824
-0.003201078731965834
-0.003655212190736865
-0.003790175384434666
-0.003877033520137131
-0.003894818020303143
-0.003830226645601749
-0.003884399477547608
-0.003674440476100328
-0.003661271320152917
-0.003814089290339662
-0.003450666613754118
-0.003479048005935277
-0.003873050126526525
-0.00375362759533265
-0.003603038809344621
-0.003972914726386574
-0.003672697921417257
-0.003725093540184313
-0.003805228156199258
-0.003853981753303226
-0.003877402727994525
-0.003817457917091147
0
-0.003969567563270985
-0.002711436964299676
-0.003476746214154616
-0.00259853864013189
-0.002180931423561041
-0.003835084873743579
-0.003590619108427429
-0.003765297014385773
-0.003480883858758672
-0.003746015118214169
-0.003693954487854817
0
-0.003974248741190935
-0.003456968776814982
-0.003714583776266646
-0.003739303907786743
-0.003599628531462861
-0.003804808257174238
-0.003802063159043721
-0.003862922523426326
-0.003848330645771247
-0.003589325239470917
-0.003845076001727135
-0.003695841544299728
-0.003715899201098043
-0.003871623641798866
-0.003721368061466032
-0.003790962818448584
-0.003017137654568667
0
-0.003850452515436539
-0.003870085957052666
-0.003781300300707511
-0.003618887773204119
-0.003534987129042768
-0.003752316182160005
0
-0.003924221261557698
-0.003704123615027963
-0.003666449595958442
-0.003576034451498105
-0.003262829751407507
-0.002767665527079028
0
-0.003879660722993
-0.003537832767917659
0
0
-0.003845785220448478
-0.003866317086993435
-0.003793336547169239
-0.003748605444124404
-0.00353590772049036
-0.003771758962003206
-0.002837207903798767
-0.003531705000575552
0
-0.003441894563437039
-0.003166237189103703
-0.003918294191044121
-0.003833740631888934
-0.003386984833586873
-0.003523748509411133
-0.003423242283033935
-0.003706630801558232
-0.004178603883682425
-0.003868605217104837
-0.003965621968998525
-0.003077559047637949
-0.003521266046802902
-0.003351673494115597
-0.003139477953307304
0
-0.003425747792641585
0
-0.003486872044126775
0
-0.003148885035774108
0
-0.003299005441453347
-0.00352684392435819
-0.00193719568789858
-0.003406024249531317
-0.001286993734273336
-0.004060844649459676
0
-0.003086815270919749
-0.002838960535840385
-0.003632692597751432
-0.003390150275028391
-0.001935353709576436
-0.003112585833519999
-0.003170416537538944
-0.002079966833263309
-0.001023974242403448
-0.0002662852573121805
-0.0007114387748588211
-0.0002142701169132959
-0.003028417861578377
0
-0.004626256273824059
0
-0.004264773286173195
-0.00280495664225989
-0.001553171905943568
-0.002885001663108744
-0.003412846774813641
-0.003032867701493489
-0.001217407958186305
0.0002210865590345077
0.0002010759676967337
0
0.001500818550887861
6.337127139714253e-05
-0.001523022929101983
-0.0018900034783315
-0.002378071397063441
-0.001745906799122769
5.934208647427539e-05
-0.002128675209269573
-0.002071292664322321
-0.0001704059155507057
-0.0001707590690059705
-0.002798311559675444
-0.0007062403171645446
-7.27057364586158e-05
-0.0005203784342433036
0
-4.766863586894639e-05
0.001064702684630104
0
0.001190666462400069
0.0007809332299794448
-0.003996212367192834
-0.003838490371210663
-0.003666969501279844
-0.003873082087463758
-0.003808978654683454
-0.003715447082333314
-0.003769499828874996
-0.002857548316285638
-0.00187678518376675
-0.002626999663676102
-0.003720858754899632
-0.001244679448143831
-0.002285255933289682
-0.0006599131280545513
0.0005362109034264408
-0.001147369981557119
0.000989046343613227
-0.001671662607009516
-0.002358367573274577
4.303768996527996e-06
-0.000241901515745979
-2.595803250606643e-05
-6.318315588306523e-05
-0.000366145583348971
-0.0002061395464472319
9.538672813916177e-05
-4.473304487832297e-05
0
-1.607998474763607e-05
0
-0.0002002035385015708
-0.0002725609268027122
0.0001241382108668623
0
-0.0002291675938328081
0.0002252306242428901
-0.0001182649302478102
-0.0004726791908240338
0.000762068898221655
2.993863449752421e-05
0.001153883511754104
8.067051827961962e-06
0.00064232761244883
-1.729181373065228e-05
-7.60195083325018e-05
3.590725692734463e-05
0.0002479563964278056
0.0003182513512542239
0.0009893248450000968
0
0.0005246772188546935
0
0.0006788534926916892
0
0.0008474909099056296
0.001478284665695889
0.0008500519166017048
0.00111812765731022
7.659037043380959e-05
0.0009559849656519646
0.001014703423221356
0
0
