0
0
0
0
0
0
0
0
0
-0.002682788102798157
-0.003203330814697561
-0.002340947971437583
0
-0.003775640892925987
-0.002379575119583109
-2.006912831371965e-05
1.579951558297755e-06
-0.000170844659995991
0
-0.001599884057469802
-0.001607846636571876
-0.002470916884204433
-0.002865465635849017
-0.002478822344954627
-0.003175361130969083
-0.002554507551931144
-0.00144832788120988
-0.002397947719465249
-0.002000416459060571
-0.002030053951690316
0.000437995634845676
-0.002881823128649047
-0.001920249826458866
-0.002722807446484549
-0.002642610076803473
-0.0009622352561805647
-1.008634006530901e-05
0
0
-0.002919341333660104
-0.0001991518773168308
-0.002496738395106312
-0.003365524792565763
-0.002900286078034073
-0.0006336828573909296
-8.945776068556733e-05
-0.001122415279386868
-0.00100679637308565
-0.001601756600566844
0
-0.0007434348134012545
-0.002427254853814287
-0.002033088433969378
-0.002950558779077039
-0.002814601685426774
-0.003527721829785539
-0.002656336917966427
-0.003128395960029272
0
0
-0.0034334567328877
-0.003327568141038322
-0.0007120063782843281
-0.001641080003314603
-0.0005180747703781727
-0.0004381773388871208
0.0002823013622085817
0.001625234848089698
0
0.0007593877708495289
-0.002294128432245738
-0.002178079692570873
0
-0.002444417156804697
-0.003874434387867219
-0.002554968311072403
-0.00315905073587452
0
-2.259481789664296e-05
0.000800663114491538
5.399267878450761e-05
0
0.0007673958520189183
-2.636660625655144e-05
0.0004245854094014618
0.0009422934911615465
0.0001951268805963908
0.001215039706719389
0.001120707508893289
0
0
0.001243799896922973
0.0005737660393336624
8.937787212998656e-05
0.001190068353661071
-0.00252375064091431
-0.003758605118913274
0.0009845694510731669
0.000782339085173613
0
0.001250033112915249
-0.003646303223257299
0
-0.001725852082522338
0
-1.213865224657102e-05
-0.002217037372846277
0
0
-0.00248494910654963
-9.330829997500787e-05
-0.002128905134523374
-0.001473089911055144
-0.001111000481465812
-0.003112565419811815
0
-0.003902050271368215
-0.003565919237409107
-0.004331145438626805
-0.003051615668085931
-0.002889116712021083
-0.003442335422562753
-0.003101093797852338
-0.003195768258291253
-0.003649018419362917
-0.003784898151911086
-0.003871955288358784
-0.003889934685358475
-0.003824728576520565
-0.0038794820076833
-0.003669567996968452
-0.003656021982909761
-0.003808979813977048
-0.003445891268002134
-0.00347452836655919
-0.003867447794555568
-0.003749153330236858
-0.003598693691772479
-0.00396802784117985
-0.003668102764729795
-0.003720918335717973
-0.003800410921756428
-0.003849181763023893
-0.003871983515288337
-0.003813195824951592
0
-0.003965782365896728
-0.002705208938672795
-0.003470028830854416
-0.002595061732072611
-0.002177600808747128
-0.003829949315117457
-0.00358535325454669
-0.00376048937999112
-0.003481422398002823
-0.003741037819889416
-0.0036875889738821
0
-0.003970433901990558
-0.00345497884602821
-0.003709629530052745
-0.003734244880202089
-0.00359580014640816
-0.003799430976007812
-0.00379657939548932
-0.003857381626136054
-0.003843104491504738
-0.003585828962706436
-0.003839194414717828
-0.003691127333358886
-0.003710933300115962
-0.003865516827425508
-0.003716982373937226
-0.003785216941138072
-0.00301632780473031
0
-0.003845722895968573
-0.003865451701841307
-0.003778014010112323
-0.003614636844687955
-0.003530722526123028
-0.003748743290836406
0
-0.003918882961974649
-0.003702018942518706
-0.003659336584363157
-0.003572182371278504
-0.003259803242056233
-0.002766545272880009
0
-0.003872816872193985
-0.003539198893295717
0
0
-0.003839740880897772
-0.003861019163263014
-0.003789095336089635
-0.003744816350794569
-0.003534243867979471
-0.003768825412642499
-0.002836247980770725
-0.003530984488426454
0
-0.003439643986571037
-0.003168884387817166
-0.003910154606396997
-0.003828745329044439
-0.00338496860941506
-0.003522579693974482
-0.003427582433341323
-0.003711267982210705
-0.004152915881381385
-0.003851468512413373
-0.003964606052744172
-0.003076155991983766
-0.00352005798187216
-0.003349700634866856
-0.003137640122289766
0
-0.003423851759778157
0
-0.003485517169241212
0
-0.003149590660321828
0
-0.003296852704541064
-0.003524796953480623
-0.001935978713264325
-0.003403947821531101
-0.001286748559239576
-0.004058402495952247
0
-0.003084789036566054
-0.002837655014958576
-0.003629251584173379
-0.003388630770509207
-0.001935478329458136
-0.003111201391983921
-0.003168597113947326
-0.002079965913511308
-0.001024685684235919
-0.0002654488081958721
-0.0007116805919159242
-0.0002142637202142388
-0.003027728964355097
0
-0.004611771468748704
0
-0.004237593079477837
-0.002803790995370701
-0.001552756921988007
-0.002882486003325901
-0.003410728024423736
-0.003031264639296218
-0.001217106745504559
0.0002211195875729145
0.0002016913761123369
0
0.001500535367068117
6.338301350723067e-05
-0.001522642929667004
-0.001889423667528275
-0.002377546085724964
-0.001745686843536459
5.972282066531732e-05
-0.002127552785537613
-0.002070483019767973
-0.0001686557417165437
-0.0001707202434943727
-0.002798067816581137
-0.000706177618782284
-7.207420012366937e-05
-0.0005203734028794832
0
-4.797175911750766e-05
0.001064564072944641
0
0.001190663498915814
0.0007815205009623327
-0.004003297118714031
-0.003833941283409813
-0.003660173822758591
-0.003863863305579412
-0.00380394471792793
-0.003715461333338833
-0.003766718590563156
-0.002853449207147895
-0.001875915097337498
-0.002624840263819771
-0.003717353306945465
-0.001244156000092548
-0.002283866991629635
-0.0006592281531759387
0.0005366721436049338
-0.001147327705558301
0.0009912370480070461
-0.001671325920200567
-0.002357650196326418
4.288219711150395e-06
-0.0002420426968021958
-2.593440983061009e-05
-6.31295158811008e-05
-0.0003662146553606498
-0.0002057197061459027
9.535074041848136e-05
-4.472354998107213e-05
0
-1.60937869557707e-05
0
-0.0002002633539552483
-0.0002725651589522782
0.0001241448074051169
0
-0.0002292780670496031
0.000225246995000618
-0.0001181607274229898
-0.0004721643512294534
0.0007644351737939414
2.988266936962487e-05
0.001153838126936714
8.028435709940528e-06
0.0006424994655768065
-1.72742837731726e-05
-7.620438889533961e-05
3.604202601097177e-05
0.0002482906954820165
0.0003182169165580079
0.0009892308783362061
0
0.0005250463831852541
0
0.0006789038209223699
0
0.0008477059004275811
0.001478141874339514
0.0008500213110770855
0.001118170591850122
7.674745566838695e-05
0.0009557484419206588
0.001014937795789477
0
0
