0
0
0
0
0
0
0
0
0
-0.002684324133740629
-0.003203429122260929
-0.002341025778415552
0
-0.003777322597498624
-0.002383800257567428
-2.007014513622925e-05
3.384665465975831e-07
-0.000171660834382998
0
-0.001601631740520525
-0.001608053021303924
-0.002471732757548174
-0.002865466452495563
-0.00247936330299581
-0.003177710867330757
-0.002554148355977161
-0.001448333083301206
-0.002398604265327109
-0.002000795464532482
-0.002030399037916793
0.0004381330121381372
-0.00288361327365854
-0.001920804180203529
-0.002724239877450531
-0.002644255750075381
-0.0009622286886168238
-1.008517255445113e-05
0
0
-0.002921203276611798
-0.0001992453450425849
-0.002497907655997212
-0.003368030028146994
-0.002902212385271925
-0.0006338702556871155
-8.991011696508743e-05
-0.001122838310844311
-0.001006993466008343
-0.001602325064792672
0
-0.0007442272265546459
-0.002428508186553536
-0.002034253503310606
-0.002952630874772599
-0.002816610878496561
-0.003530237006338118
-0.002658159722663129
-0.003130760708952688
0
0
-0.003436129704554778
-0.003330047552468276
-0.0007125306782892992
-0.001642133382326204
-0.0005180747760998193
-0.0004381336578216008
0.0002823289729566422
0.001625224626374487
0
0.0007593597957760333
-0.002295423624800681
-0.002179692439134565
0
-0.002445645871632407
-0.003878062335974525
-0.002557264538785366
-0.003161616466685853
0
-2.261768697994656e-05
0.0008003189506877967
5.464541711346738e-05
0
0.0007676972840178346
-2.633410277433337e-05
0.0004246082421575076
0.0009423725843041348
0.0001932964924907463
0.001215146119186327
0.001120828760437472
0
0
0.001243875005654988
0.0005738147377465896
8.951262851150881e-05
0.001190156693657544
-0.002524243948178877
-0.003760928098229018
0.0009846490562199532
0.0007822844635867924
0
0.001250002632816897
-0.003648692753016588
0
-0.001727388608431657
0
-1.226558473517667e-05
-0.002218295100614723
0
0
-0.002486126063863962
-9.331953585827074e-05
-0.002132521017229029
-0.001473851055184555
-0.001112940192321947
-0.003113848779358515
0
-0.003905023018797974
-0.003569995591006115
-0.004331146351542596
-0.003054914228305529
-0.002891222221699379
-0.003445476058630616
-0.003103499715356251
-0.003198849067076289
-0.003652614086306282
-0.003788049690362394
-0.003874947774539012
-0.003892810191078938
-0.00382793758063105
-0.003882375549784699
-0.003672405324492776
-0.003659075238619362
-0.003811964817799014
-0.003448666981991771
-0.003477158779093215
-0.003870749673668824
-0.003751769651253258
-0.00360122708434137
-0.003970912609737802
-0.003670782505414802
-0.003723363018183082
-0.003803228385629625
-0.003851999017313769
-0.003875167075602668
-0.00381569967545321
0
-0.00396803170561041
-0.002708814415168921
-0.003473921600554799
-0.00259707425752504
-0.002179522845633163
-0.003832994667504213
-0.003588604602557284
-0.003763384568224435
-0.00348109701388168
-0.003744052922207636
-0.003691401249245186
0
-0.003972718527432967
-0.003456241083371162
-0.003712593751861133
-0.003737269029738329
-0.003598100678357936
-0.003802628895941503
-0.003799833227063381
-0.003860648178966358
-0.003846194413699178
-0.00358794974459791
-0.003842660671627896
-0.003693939142190693
-0.003713893474425176
-0.003869101895121018
-0.003719617454314468
-0.003788612861852271
-0.003016896821707489
0
-0.003848502808991925
-0.003868175740498915
-0.003779960854594952
-0.003617120483426107
-0.00353321345803742
-0.003750847672267192
0
-0.003921995339486652
-0.003703372282250797
-0.003663499222861294
-0.003574504288394871
-0.003261695082344738
-0.002767356632816827
0
-0.003876818698304013
-0.003538575290278862
0
0
-0.003843306097428236
-0.003864126144796272
-0.003791613143044835
-0.003747101417948135
-0.003535327392320431
-0.003770625636603514
-0.002836884834007406
-0.003531538201335356
0
-0.00344104275957793
-0.003167472878530473
-0.003914862909407035
-0.003831705097153695
-0.003386231242856313
-0.003523380316229806
-0.003425227142788547
-0.003708512260774034
-0.004167804424774102
-0.003861587160217956
-0.003965204675272943
-0.00307705101835852
-0.003520884912106322
-0.003350933379108467
-0.003138774745570372
0
-0.00342504715906385
0
-0.003486411874720705
0
-0.003149273479892707
0
-0.00329817028482928
-0.003526086687923854
-0.001936718889266276
-0.003405250210821782
-0.001286911712619691
-0.004059929241189816
0
-0.003086040592859456
-0.002838474645895571
-0.003631345508202223
-0.003389621250207947
-0.001935544687087639
-0.003112117200442157
-0.003169764772594637
-0.002080138666317673
-0.001024487579446968
-0.0002659371419023812
-0.0007116881258316728
-0.0002142675849401327
-0.003028242156197971
0
-0.004620256750635716
0
-0.004252615077540368
-0.002804532564751664
-0.001553018020352525
-0.002883955768656279
-0.003412046125219406
-0.003032263176582801
-0.001217321599236779
0.0002210944039250562
0.0002012925888107768
0
0.001500700586889105
6.337608386245002e-05
-0.00152286517352086
-0.001889794792210972
-0.002377929703194786
-0.001745903106174882
5.95004023735378e-05
-0.002128236559016889
-0.002070982630676008
-0.0001696781548212991
-0.0001707397195684098
-0.002798317611156025
-0.0007062142470681512
-7.243218532202223e-05
-0.0005203757750728727
0
-4.779820092182201e-05
0.001064661498171199
0
0.001190664287085201
0.0007811851407319379
-0.003999876811924071
-0.003836726100787252
-0.003664072685465455
-0.003869358528715616
-0.003806927014353622
-0.003715452243684316
-0.003768363987543457
-0.002855850020309659
-0.001876674207499532
-0.002626334086784086
-0.003719473935148589
-0.001244469387995178
-0.002284709413391795
-0.0006596415075031884
0.0005363961499503013
-0.001147352575153141
0.0009898997001400495
-0.001671564664778869
-0.002358123178320102
4.299536481240179e-06
-0.0002419530130217185
-2.594821486006619e-05
-6.316462457760962e-05
-0.0003661627220592553
-0.0002059651687782984
9.536817040671237e-05
-4.472790529047347e-05
0
-1.608732935880996e-05
0
-0.0002002281922110659
-0.0002725659595290363
0.0001241422059589662
0
-0.0002292013980110334
0.0002252372829001877
-0.0001182199626869682
-0.0004724650543538136
0.0007630489165875884
2.991939172938398e-05
0.00115386754295051
8.053233239106767e-06
0.000642399260837904
-1.728399760332928e-05
-7.60940641784787e-05
3.596245044131273e-05
0.00024809656046532
0.0003182371299144894
0.000989291524684584
0
0.000524834667635536
0
0.0006788754625158971
0
0.0008475833988240256
0.001478228471305205
0.0008500339942293728
0.001118147042223168
7.665525572053309e-05
0.0009558874410865153
0.001014803314465946
0
0
