0
0
0
0
0
0
0
0
0
-0.002683476476018371
-0.003203375941398522
-0.00234098346844399
0
-0.003776405512003639
-0.002381493779445752
-2.006949398668458e-05
1.010921912349901e-06
-0.0001712111506602825
0
-0.001600668577210502
-0.001607940878400229
-0.00247128134244502
-0.002865466014267252
-0.002479062217091948
-0.003176421712817277
-0.002554344078570765
-0.001448330267908356
-0.002398239817411606
-0.002000583803759404
-0.002030207942064712
0.0004380580721431186
-0.002882628187482262
-0.00192049650006393
-0.002723449772126594
-0.002643351863627698
-0.0009622322867024344
-1.008581931274065e-05
0
0
-0.002920179886572175
-0.0001991945095884523
-0.00249726240491968
-0.003366656405586292
-0.002901154728967144
-0.0006337679891793676
-8.966328564109494e-05
-0.001122608001938498
-0.001006884063449845
-0.001602010444093619
0
-0.0007437943901433227
-0.002427817814302139
-0.002033613507610723
-0.002951495330248743
-0.002815511469674163
-0.003528860160180621
-0.002657160908690632
-0.003129467630101704
0
0
-0.003434673099181884
-0.003328689947668181
-0.0007122427257446694
-0.001641555701796085
-0.0005180747729880455
-0.0004381575346233655
0.0002823135481466551
0.001625230374548636
0
0.0007593756218135106
-0.002294710474194874
-0.00217879964400812
0
-0.002444966338907259
-0.003876091020766307
-0.00255601180221025
-0.003160215623708949
0
-2.260528597097559e-05
0.0008005056674602181
5.428906827082929e-05
0
0.0007675315475199867
-2.635182695869357e-05
0.0004245942645591778
0.0009423269474960322
0.0001942944709055202
0.001215086242447174
0.001120764434253777
0
0
0.00124383279107785
0.0005737895410277029
8.943940500136264e-05
0.001190106383709226
-0.002523968705458238
-0.003759661679169236
0.0009846034146476798
0.0007823124223286078
0
0.001250020847690318
-0.003647386389449414
0
-0.001726540000886938
0
-1.219496992817577e-05
-0.002217599630347382
0
0
-0.002485479068062006
-9.331348735941441e-05
-0.002130500469770309
-0.001473423121460718
-0.001111856222006359
-0.003113150117925804
0
-0.003903401143908604
-0.003567719101495082
-0.004331145707924277
-0.003053078638297005
-0.002890063363670503
-0.00344372716503819
-0.003102175759410137
-0.003197137016900629
-0.00365060985208645
-0.003786393586076573
-0.003873337927789806
-0.003891258320058178
-0.003826163507905847
-0.003880812646749898
-0.003670835757335651
-0.003657378181348061
-0.003810318679747659
-0.003447132597668415
-0.003475709678309183
-0.003868970263069661
-0.003750333065390867
-0.003599837491501881
-0.003969352620192716
-0.003669306870111476
-0.003722024468695044
-0.003801683527904801
-0.00385046679017187
-0.003873440503749781
-0.003814333539099779
0
-0.003966839254745324
-0.002706805962484959
-0.003471753469113245
-0.002595961010415637
-0.002178452987602827
-0.003831383670685571
-0.003586977920190279
-0.003761882931371695
-0.003481270934675544
-0.003742456105676901
-0.003689374782860728
0
-0.003971491745340193
-0.003455603141694638
-0.003711024633097232
-0.003735670673950108
-0.003596881988770866
-0.00380093283298236
-0.003798098489684985
-0.003858893601807329
-0.00384454689036685
-0.003586837915556299
-0.003840793835844788
-0.003692450256018599
-0.003712320883362883
-0.003867160065469701
-0.003718226531678604
-0.00378678863311896
-0.003016628032848022
0
-0.003846992220642025
-0.003866698163696151
-0.003778905781858681
-0.00361576451031828
-0.003531851452575875
-0.003749699473969642
0
-0.003920293910454647
-0.003702712052058843
-0.00366123005110908
-0.003573278965945547
-0.00326068588320925
-0.002766917269595946
0
-0.00387463728761556
-0.003539034099513418
0
0
-0.003841381856130368
-0.003862436397360587
-0.003790256604675989
-0.003745910081148747
-0.003534805890900983
-0.003769697769546001
-0.002836575158070346
-0.003531322862040783
0
-0.003440329924743788
-0.003168346543321324
-0.003912255021714202
-0.003830106226205707
-0.003385589781760869
-0.003523021342397686
-0.003426646480788436
-0.003709973411324388
-0.004159638752440061
-0.003856100563321948
-0.003964879769984937
-0.00307660423447963
-0.003520511859220728
-0.003350309802253059
-0.003138197210646655
0
-0.003424451769360149
0
-0.003485994617303028
0
-0.003149514844221143
0
-0.003297492351370167
-0.003525448127360411
-0.001936337796648811
-0.003404600024627545
-0.001286835631113189
-0.004059165302116401
0
-0.003085402432248194
-0.002838064014794553
-0.003630257220154858
-0.003389133679013603
-0.00193552860106803
-0.003111646546681699
-0.003169145442289302
-0.002080056813546323
-0.001024601511331645
-0.0002656704960107241
-0.000711700383041537
-0.0002142655186302811
-0.003027999579912553
0
-0.004615632830682254
0
-0.004243630749685016
-0.002804165071243312
-0.001552889513999479
-0.002883153569729056
-0.003411380468736113
-0.00303175952850927
-0.001217218188890397
0.0002211182396349874
0.0002014797711692829
0
0.00150061027343284
6.337982009896101e-05
-0.001522743960082215
-0.001889613074298415
-0.002377751199106836
-0.001745806686848272
5.96249317129923e-05
-0.002127885047545851
-0.00207072988673487
-0.0001691201977230247
-0.0001707295891363354
-0.002798218512653577
-0.0007061941769866942
-7.223505263618831e-05
-0.0005203736303127528
0
-4.78959056831703e-05
0.001064611931811409
0
0.001190661589649748
0.0007813710358604033
-0.004002492395264714
-0.003835315437394671
-0.003661886591386508
-0.003866397522126474
-0.003805360678498372
-0.003715456313066136
-0.003767468408758378
-0.002854541853550854
-0.001876262020384915
-0.002625517229960601
-0.003718348783380342
-0.001244303635821048
-0.002284273222966482
-0.0006594301119733389
0.0005365366746042721
-0.001147339074437329
0.0009905775218703502
-0.001671453894277172
-0.002357894864132405
4.293571117275693e-06
-0.0002419986179155404
-2.594069104231576e-05
-6.314929005045863e-05
-0.0003661874325269389
-0.0002058312276980363
9.53637995757917e-05
-4.472845143044513e-05
0
-1.609411784042718e-05
0
-0.0002002473143713995
-0.0002725709443193315
0.0001241501491530041
0
-0.0002292410673044518
0.0002252535823913707
-0.0001181860020334061
-0.0004723009118177424
0.000763804141408711
2.990316509707206e-05
0.001153864059805875
8.040618885444919e-06
0.0006424622969370321
-1.727929896549662e-05
-7.615668636377763e-05
3.601024692932616e-05
0.0002482064829041529
0.0003182261286314927
0.0009892679752719136
0
0.0005249549277785251
0
0.0006789011725009291
0
0.0008476569592045307
0.001478195748505961
0.0008500338716711579
0.001118169740771548
7.671219966728889e-05
0.0009558164162372836
0.001014882307365346
0
0
