0
0
0
0
0
0
0
0
0
-0.00268603407671352
-0.003203528876314527
-0.002341106730265709
0
-0.003779095550402185
-0.002388274815438639
-2.007610923500472e-05
-9.933670419691315e-07
-0.0001725622926945929
0
-0.001603543633302258
-0.001608274584737851
-0.002472624635057567
-0.00286546724478965
-0.002479967839826927
-0.003180257437007064
-0.002553758962059313
-0.001448338376495734
-0.002399336761356918
-0.002001223455615499
-0.002030786744828993
0.0004382780169626749
-0.002885580342332713
-0.001921422045474342
-0.002725823912584555
-0.002646037510089588
-0.0009622216268904049
-1.008386330361642e-05
0
0
-0.002923235576971189
-0.0001993423051057728
-0.00249919849445583
-0.003370713742337535
-0.002904303161162071
-0.0006340684093706818
-9.038824088941354e-05
-0.00112328105070192
-0.001007211059506141
-0.001602953974245095
0
-0.0007450686278208406
-0.002429877742123963
-0.002035510411435685
-0.002954855530162431
-0.002818744752948917
-0.003532894144736732
-0.002660111015453548
-0.003133267855027051
0
0
-0.003438898563584288
-0.003332688600828106
-0.0007130958432925753
-0.001643258105914993
-0.0005180747813173484
-0.0004380870225488559
0.0002823603419654089
0.001625214875581674
0
0.0007593277731535552
-0.002296819083859826
-0.002181515771273116
0
-0.002447019260333584
-0.003881865403930422
-0.002559673691247519
-0.003164336153292834
0
-2.263695561153891e-05
0.0007999480978250332
5.533686661876561e-05
0
0.0007680061872850811
-2.629986677010816e-05
0.0004246326666354658
0.0009424500231384374
0.0001913687002351592
0.001215247820171629
0.001120922774100265
0
0
0.00124393660340236
0.0005738537982528299
8.964770663100782e-05
0.001190242181184298
-0.002524792703333342
-0.003763328070383084
0.0009847276509167846
0.0007822251274562926
0
0.001249950813832171
-0.003651197278022119
0
-0.00172909262886732
0
-1.242251703306237e-05
-0.002219695054024034
0
0
-0.002487379807470258
-9.333051714087365e-05
-0.00213648945347384
-0.001474775590509882
-0.001115084611275401
-0.003115424405145942
0
-0.003908131298317473
-0.003574433943312987
-0.004331124900208678
-0.003058526417176788
-0.002893558551478448
-0.003448902240898122
-0.003106138517259146
-0.003202223932535041
-0.003656480120511994
-0.003791241278205624
-0.003878025794197394
-0.003895765705218306
-0.003831324691393227
-0.003885357755674793
-0.003675454814175375
-0.003662367824721463
-0.0038151435986431
-0.003451674014649003
-0.003479987358833882
-0.003874148779228197
-0.003754523949728568
-0.003603919558105437
-0.003973718166291875
-0.003673640806721123
-0.0037259215244149
-0.00380621274988264
-0.003854918815649745
-0.003878462116972055
-0.003818288142921327
0
-0.003970298936405551
-0.002712758003207881
-0.003478125479195308
-0.002599336590535881
-0.002181694446367827
-0.003836111492575005
-0.003591599917056811
-0.003766261996061852
-0.003480788170902881
-0.003747033113916639
-0.003695236377304509
0
-0.003975087774761154
-0.003457407442040224
-0.003715608001911845
-0.003740341830070994
-0.003600448045482068
-0.003805900837660871
-0.003803177164415466
-0.003864029065429477
-0.00384938322858137
-0.003590073948356033
-0.003846259881929299
-0.003696833080355884
-0.003716925756352931
-0.003872846321738416
-0.003722251298607845
-0.003792133050503223
-0.003017322933302693
0
-0.003851377392862248
-0.003870985733729937
-0.003781911486274046
-0.003619712016744818
-0.003535803999833942
-0.003753013864185021
0
-0.003925273469486314
-0.003704497870904317
-0.003667881945638574
-0.003576855306764358
-0.003263618711228026
-0.002768151922846423
0
-0.003881043350897075
-0.003537478254904279
0
0
-0.00384699362661015
-0.003867358354426275
-0.003794154478534913
-0.003749319271500409
-0.003536233461009853
-0.003772300295753229
-0.002837394079658391
-0.003531812622164164
0
-0.003442336135211289
-0.003165641333179753
-0.003919971421657348
-0.003834745095055684
-0.003387396953866115
-0.003523940024256209
-0.003422291414526677
-0.003705750053714692
-0.004183926913181982
-0.003871971241309227
-0.003965822160797012
-0.003077825885616957
-0.003521463873061652
-0.003352052371287004
-0.00313983346019181
0
-0.003426110204417599
0
-0.003487122323800396
0
-0.003148672462393325
0
-0.003299551978351638
-0.003527263094550477
-0.001937436370899982
-0.003406440214340672
-0.001287012849549136
-0.004061362441264526
0
-0.003087229849607916
-0.00283919286279274
-0.00363340307666432
-0.003390479414766487
-0.001935482727927154
-0.003112977943665594
-0.003170924924054493
-0.002080208762060021
-0.001024167206227488
-0.0002664550001674112
-0.0007115743345490539
-0.000214271285715941
-0.003028632348118432
0
-0.004629166782572112
0
-0.004270716255627686
-0.00280516364511634
-0.001553222432959837
-0.002885510869344044
-0.003413263532121652
-0.003033164275346149
-0.001217476096477305
0.0002210644297127947
0.0002009333140196881
0
0.001500876177681636
6.337017645706609e-05
-0.001523099644335055
-0.001890085423511281
-0.002378193577686557
-0.001746016758570698
5.926557505368696e-05
-0.002128885642580783
-0.002071425611072798
-0.0001707604946908647
-0.0001707635952132071
-0.002798413566056927
-0.000706252926283129
-7.281103687868556e-05
-0.0005203797181233034
0
-4.762004646461667e-05
0.001064757962743782
0
0.0011906573389437
0.0007807922882148416
-0.003994478604380861
-0.003839369996093365
-0.003668396327710412
-0.003874837543349296
-0.003810004531877821
-0.003715444621339479
-0.003770197774758841
-0.002858372197815251
-0.001877421194373845
-0.002627951985798561
-0.003721543408246914
-0.001244791258134962
-0.002285531425618256
-0.0006600565956373203
0.0005361148087224784
-0.001147378387578176
0.0009885441364347756
-0.001671717843625086
-0.002358488640717067
4.308523515078557e-06
-0.0002418480313382868
-2.59629310477853e-05
-6.319514911593142e-05
-0.0003661008695993688
-0.0002062244552549857
9.538840297558891e-05
-4.473136900201336e-05
0
-1.60811425062351e-05
0
-0.00020019164198078
-0.0002725611661205657
0.0001241360427665926
0
-0.0002291148372781038
0.000225225076207246
-0.0001182891824295618
-0.0004727835163238645
0.0007615935395376633
2.995192495573762e-05
0.001153891877867052
8.076389930674777e-06
0.0006422867378333741
-1.729969428058872e-05
-7.598607369887025e-05
3.587407439184187e-05
0.0002478866589288177
0.0003182582046824744
0.0009893399846916556
0
0.00052460517103546
0
0.0006788403217345512
0
0.0008474488417536747
0.001478306813404753
0.0008500400014313325
0.001118115508757087
7.655324012503303e-05
0.0009560321486057267
0.001014656616009934
0
0
