0
0
0
0
0
0
0
0
0
-0.002684003406128214
-0.003203408980923998
-0.00234100968938638
0
-0.003776973116155303
-0.002382920689020069
-2.006968020366087e-05
5.922024167707725e-07
-0.0001714906950575222
0
-0.001601266448136479
-0.001608010434816963
-0.002471562489473696
-0.002865466287664013
-0.002479250949376261
-0.003177222038130493
-0.002554225444529517
-0.001448332016646796
-0.002398468634000541
-0.002000718516920119
-0.002030327703214969
0.0004381044528609521
-0.002883240243044015
-0.001920692108536341
-0.002723941735005871
-0.002643914588724379
-0.0009622300641378215
-1.008542159013476e-05
0
0
-0.002920815924516321
-0.0001992261375147629
-0.002497665693133227
-0.003367510078631157
-0.002901812290207483
-0.0006338312647269826
-8.981601720708815e-05
-0.001122750659665059
-0.001006955698157191
-0.001602210859793254
0
-0.0007440620948343434
-0.002428249280563469
-0.002034013477333104
-0.002952201386785605
-0.002816194279893014
-0.003529713460579013
-0.002657782894827992
-0.003130270052842523
0
0
-0.00343557228081715
-0.003329532083166517
-0.0007124222736811758
-0.001641915474176552
-0.0005180747749214726
-0.0004381427897756363
0.0002823250922867855
0.001625226780440074
0
0.0007593658303497551
-0.002295153292940408
-0.002179351798533976
0
-0.002445389171140386
-0.003877323158965903
-0.002556787977426757
-0.003161082149617995
0
-2.261122984160054e-05
0.0008003929085549512
5.45095180066325e-05
0
0.0007676343222316163
-2.634085589231635e-05
0.0004246058161643602
0.000942359512857877
0.0001936766997443614
0.001215127397349108
0.001120803960089998
0
0
0.001243861831591334
0.000573804976100737
8.948602012111448e-05
0.001190141794579394
-0.002524141227680603
-0.00376044835614862
0.0009846351467998732
0.0007822974400645626
0
0.001250011538123754
-0.003648196550757173
0
-0.001727066186780996
0
-1.223864063667202e-05
-0.002218031775694497
0
0
-0.002485881740324464
-9.33174858484249e-05
-0.00213174166203588
-0.001473684939946031
-0.001112522573890798
-0.003113582863165605
0
-0.003904400023559632
-0.003569118257723418
-0.004331146969442007
-0.003054207022823309
-0.002890781563247567
-0.003444805486355007
-0.003102996781372593
-0.003198192692724148
-0.003651833867136692
-0.003787462319982045
-0.00387434219632323
-0.003892219187231285
-0.003827249229624108
-0.00388178743769399
-0.003671811097151978
-0.003658424488993343
-0.003811331256964617
-0.003448085345150723
-0.003476611040292391
-0.003870088729053679
-0.003751225525345933
-0.003600703072974282
-0.003970322181344689
-0.003670226919629641
-0.003722856092610399
-0.003802639566783683
-0.003851420189412102
-0.003874519039930104
-0.003815181869120123
0
-0.003967588431269552
-0.002708038528520801
-0.003473078973817446
-0.002596648670255051
-0.00217911034174596
-0.003832413578413033
-0.003588007956192206
-0.003762852495743207
-0.003481162272383181
-0.003743473845990543
-0.003690664145156942
0
-0.003972285917902531
-0.003456042844229229
-0.003712034280484939
-0.003736702261368715
-0.00359766859289393
-0.003802017304268295
-0.003799203585393258
-0.003859999286175961
-0.003845592401724706
-0.003587566418390503
-0.0038419710508944
-0.003693408120215651
-0.003713328897347751
-0.003868377380633318
-0.003719123966203572
-0.003787943989433343
-0.003016830468341964
0
-0.003847933533217102
-0.003867618740120711
-0.003779564406661393
-0.003616605744227608
-0.003532694158748273
-0.003750413696330454
0
-0.003921347324705771
-0.003703174141065271
-0.003662634552118024
-0.003574068913479226
-0.003261325201900597
-0.002767180207458672
0
-0.003875999756911663
-0.003538823947337658
0
0
-0.003842596310360066
-0.00386348888349236
-0.003791102376417299
-0.003746661814140039
-0.003535180523489669
-0.003770315284822721
-0.002836800761691026
-0.003531515834643111
0
-0.003440812529639837
-0.003167866913812582
-0.003913871170023362
-0.003831118082550251
-0.003386026386354123
-0.003523296972146007
-0.003425847903103962
-0.003709057577272003
-0.004164679025925233
-0.003859506325899362
-0.003965081269464397
-0.003076917653435389
-0.003520797295654517
-0.003350736287445782
-0.003138587663147649
0
-0.003424863966352513
0
-0.00348630119617437
0
-0.003149414936162914
0
-0.003297928947763416
-0.003525887506827135
-0.001936591967930835
-0.003405045418600636
-0.001286897820820216
-0.004059683494602568
0
-0.003085829941048298
-0.002838351150080473
-0.003630972738869834
-0.00338948020827401
-0.001935545468233097
-0.003111961780371079
-0.003169538693329415
-0.002080104854102015
-0.001024511719175041
-0.0002658354354332062
-0.0007116745204744201
-0.0002142668114088778
-0.003028182443740739
0
-0.00461849597642023
0
-0.004249071478076297
-0.00280442600970392
-0.001552984640059169
-0.002883649873306573
-0.0034118326667407
-0.003032106062060411
-0.00121729431748787
0.000221112681370888
0.0002013580991076827
0
0.001500666112067528
6.33774929582727e-05
-0.00152281897998691
-0.001889746293578639
-0.002377887643047245
-0.001745880730129336
5.955355677013948e-05
-0.002128121670212721
-0.00207090631343251
-0.0001694653750296147
-0.0001707348829750138
-0.002798310629026138
-0.0007062066803399252
-7.235310840076677e-05
-0.0005203749712583621
0
-4.784019099733061e-05
0.001064650186207206
0
0.001190667402916367
0.0007812555514036455
-0.004000977453308992
-0.003836229725141739
-0.003663258451873559
-0.003868240527637662
-0.003806382539550983
-0.003715453765745625
-0.003768023023303367
-0.002855351750707037
-0.001876497917055628
-0.002626011060630703
-0.003719073199531218
-0.001244411473433709
-0.002284561839749033
-0.0006595700937707835
0.0005364488567031584
-0.001147347442797729
0.0009901314307341163
-0.001671540602601029
-0.002358063300717383
4.295083198442172e-06
-0.0002419766746729247
-2.59453504675321e-05
-6.315594139297826e-05
-0.0003661809221132416
-0.0002059141099834127
9.537343215658779e-05
-4.472830202407954e-05
0
-1.609014281070545e-05
0
-0.0002002354599747742
-0.000272565016524751
0.0001241468280102435
0
-0.0002292231898356896
0.0002252512908465279
-0.0001182072931240563
-0.0004724024542036641
0.0007633365075079659
2.990994711037535e-05
0.001153872460621182
8.045979773078761e-06
0.000642426599324374
-1.728251866422012e-05
-7.612012504571313e-05
3.598281027812276e-05
0.000248139925993059
0.00031823294491906
0.0009892826349282271
0
0.0005248814379725568
0
0.0006788900688000442
0
0.0008476137987114665
0.001478222889760601
0.000850038121393377
0.001118159578872138
7.668011861384926e-05
0.0009558619468464753
0.001014835286650437
0
0
