0
0
0
0
0
0
0
0
0
-0.002685186400786134
-0.003203483059834065
-0.002341069273224758
0
-0.003778272020350147
-0.00238619363246436
-2.007100720628029e-05
-3.734219641699583e-07
-0.0001721203741690853
0
-0.00160262016563774
-0.00160816678827001
-0.002472187447183757
-0.002865466886041888
-0.002479660276229957
-0.003179035979892175
-0.002553936422873572
-0.001448335942898795
-0.002398967765275716
-0.002001003793695732
-0.002030588383356504
0.0004382106207312324
-0.002884619159691732
-0.001921112691329564
-0.002725043312297091
-0.002645180059077732
-0.0009622249257718765
-1.008448078525809e-05
0
0
-0.002922250255450047
-0.0001992972703971921
-0.002498562993875457
-0.003369446455154492
-0.002903296518872591
-0.0006339762920222796
-9.016597618858712e-05
-0.001123075736170884
-0.001007105388102743
-0.00160264332915279
0
-0.0007446769900762736
-0.002429211396788704
-0.002034907779020448
-0.002953799027845194
-0.002817742189456631
-0.003531659099558268
-0.002659186993733444
-0.003132092239619195
0
0
-0.003437630218741678
-0.003331446268885549
-0.0007128257721689573
-0.001642726361351229
-0.0005180747793706556
-0.000438108715541305
0.0002823454606670961
0.001625219188033838
0
0.00075934487097704
-0.002296150801841986
-0.002180599955194518
0
-0.002446334769327946
-0.003880100025851613
-0.002558557707697415
-0.003163070877673318
0
-2.262835724039655e-05
0.000800122588880309
5.501524372864707e-05
0
0.0007678657192754356
-2.631576522984741e-05
0.0004246175348455714
0.0009424113986670216
0.000192263996176926
0.001215203417605923
0.001120898887899405
0
0
0.001243914210072019
0.0005738445242325102
8.958979173323228e-05
0.001190203321891625
-0.002524513729298758
-0.003762225325464981
0.0009846917341052844
0.0007822510554786096
0
0.001249985797925192
-0.003650039731450034
0
-0.001728255401819762
0
-1.233862155380393e-05
-0.002219001719741759
0
0
-0.002486794623138664
-9.332524765362755e-05
-0.002134588510715059
-0.001474278491318973
-0.001114057818113952
-0.003114659958705127
0
-0.003906689084122799
-0.003572366606086791
-0.00433113944722703
-0.003056787656472175
-0.002892406686654877
-0.003447267473369987
-0.003104857456286103
-0.003200599725725087
-0.003654660876935221
-0.003789742324359695
-0.003876597279380248
-0.003894399079175066
-0.003829743179690179
-0.003883979817579973
-0.003674020060459683
-0.003660811692401328
-0.003813640995685777
-0.00345024597232269
-0.003478651181098166
-0.00387257893663221
-0.003753245101535815
-0.003602663085289099
-0.003972510298489352
-0.003672303465674828
-0.003724740263111636
-0.003804813867628677
-0.003853574892486566
-0.003876944570947124
-0.003817098951945179
0
-0.003969253463473781
-0.002710864340042552
-0.003476143924781649
-0.002598207235760781
-0.002180608718430586
-0.003834647192364029
-0.003590213897995208
-0.003764905842246064
-0.00348092562746462
-0.003745615709648108
-0.003693442546345349
0
-0.003973951543082464
-0.003456842638291289
-0.003714183706967654
-0.003738895265829871
-0.003599326388719758
-0.003804362938282654
-0.003801608252918476
-0.003862454770270634
-0.003847886076407289
-0.003589057008869028
-0.00384458139832205
-0.00369545954601549
-0.003715494445808141
-0.003871105906351897
-0.003721023471556283
-0.003790483381579582
-0.00301711589041942
0
-0.003850053573377556
-0.00386969172382817
-0.003781029986556016
-0.003618524204247906
-0.003534619694605687
-0.003752019173491897
0
-0.003923755054751016
-0.00370400246337786
-0.003665847187647862
-0.003575730755568786
-0.003262621329221759
-0.002767637655711964
0
-0.003879078797585435
-0.003538023979504783
0
0
-0.003845284604682136
-0.003865867463575461
-0.00379298686159657
-0.003748294182849385
-0.003535813597708077
-0.003771550246151557
-0.002837164054848854
-0.003531700299033822
0
-0.00344174006907
-0.003166514046549473
-0.003917586173409897
-0.003833328357647846
-0.003386851266910502
-0.003523697084175655
-0.003423687011989022
-0.00370701547634815
-0.004176381435941711
-0.003867182075000113
-0.003965537255320934
-0.003077476288060744
-0.003521214342462406
-0.003351541662299669
-0.003139347800079355
0
-0.003425623521170402
0
-0.003486795843224537
0
-0.003148987962074372
0
-0.003298824124342808
-0.003526702062099707
-0.001937104064387978
-0.003405881448509996
-0.001286987595450061
-0.004060668639676036
0
-0.003086667694774811
-0.00283887860054142
-0.003632432645802834
-0.003390066458941797
-0.001935431021967125
-0.00311251560747079
-0.003170304166625104
-0.002080047915002511
-0.001024142487854162
-0.0002662140269945202
-0.0007115237152894156
-0.0002142696162477267
-0.003028411475152812
0
-0.00462503212262027
0
-0.004262282411120001
-0.002804889131396807
-0.001553150038525056
-0.002884787860375799
-0.003412698620075621
-0.003032760448950853
-0.001217404460411454
0.0002210996440920041
0.0002011146712264433
0
0.001500794393576906
6.337224186481664e-05
-0.0015229907036817
-0.001889974169107555
-0.002378066093088419
-0.001745931536416985
5.93811281467108e-05
-0.002128593415214572
-0.002071240048362803
-0.0001702571002786359
-0.000170753999630818
-0.002798344170594446
-0.0007062349348864733
-7.264445572003902e-05
-0.0005203778872024403
0
-4.769610493421435e-05
0.001064700060593707
0
0.001190661616468532
0.0007809920719031471
-0.003996950189816878
-0.003838134599298242
-0.003666363112147708
-0.003872333882172204
-0.003808550608920396
-0.003715448137837645
-0.003769268537146929
-0.002857201827348888
-0.001876824626712412
-0.002626917093429233
-0.003720586602190023
-0.001244637005473912
-0.00228514930980537
-0.0006598589607070738
0.0005362508035871298
-0.001147366438326983
0.0009892185592030641
-0.001671659415570636
-0.002358336293595971
4.30205166776973e-06
-0.0002419139251852087
-2.595597687168648e-05
-6.317786631038044e-05
-0.0003661483798984257
-0.0002061038893836875
9.53891814327442e-05
-4.473067564292269e-05
0
-1.607711413669672e-05
0
-0.0002002085522190565
-0.0002725626148279367
0.0001241410354223395
0
-0.0002291738498515678
0.0002252409351613771
-0.0001182519616210517
-0.0004726353952868483
0.0007622688422650513
2.993328859795885e-05
0.001153887232885636
8.063827071201403e-06
0.0006423457000484984
-1.728521380700957e-05
-7.602758431816962e-05
3.592072970339992e-05
0.0002479870426878502
0.0003182484567479008
0.0009893239457342349
0
0.000524712978768955
0
0.0006788629158846344
0
0.0008475128631351805
0.001478281741110696
0.0008500526052404306
0.001118136007985738
7.660685523667196e-05
0.0009559674261109233
0.001014726665263095
0
0
