0
0
0
0
0
0
0
0
0
-0.002683954143519043
-0.003203406833392465
-0.00234100797924226
0
-0.003776936021695685
-0.00238282737224215
-2.007064027959724e-05
6.149140026570396e-07
-0.0001714709815468744
0
-0.00160121501571912
-0.001608005184279506
-0.002471537164177469
-0.002865466269996017
-0.002479231901583023
-0.003177154138961284
-0.002554228757403682
-0.001448331902988801
-0.00239844668440291
-0.002000705366575362
-0.002030315739007774
0.0004381014215993655
-0.00288318561751852
-0.001920674508295122
-0.002723896826128506
-0.002643866939916367
-0.0009622302098379891
-1.008544783652236e-05
0
0
-0.002920760636003519
-0.0001992240712791282
-0.002497629297048187
-0.003367441742826963
-0.002901756255672709
-0.0006338271275506425
-8.980603215358604e-05
-0.001122741348085027
-0.00100694938527351
-0.001602194507485229
0
-0.0007440445807701221
-0.002428211815257344
-0.002033981854645327
-0.002952144326986897
-0.002816142333744253
-0.003529650063516143
-0.002657734407198613
-0.003130207000919822
0
0
-0.003435502205251681
-0.003329465677953074
-0.0007124100597706543
-0.001641888568687176
-0.0005180747747949243
-0.0004381437562373031
0.000282326894460908
0.00162522701177106
0
0.0007593681696362656
-0.002295116907751071
-0.002179298219647512
0
-0.002445349164386734
-0.003877244819983992
-0.002556731319266807
-0.003161025471114737
0
-2.260908453067146e-05
0.0008004057843375271
5.449510100383945e-05
0
0.000767632716324732
-2.634157277148137e-05
0.000424606840895448
0.0009423627325969524
0.0001937170624342253
0.001215132760502396
0.001120810880266249
0
0
0.001243868030302117
0.0005738104173671583
8.948512282232414e-05
0.001190146881203513
-0.002524122984312957
-0.003760394191816126
0.0009846387706891314
0.0007823019713082726
0
0.00125002188410521
-0.00364813825341539
0
-0.001727018675809489
0
-1.22337454309169e-05
-0.002217991853015331
0
0
-0.002485848590847947
-9.331722067243198e-05
-0.002131638555264295
-0.001473654478294978
-0.001112466681957868
-0.003113554612184404
0
-0.003904331362812169
-0.003569016906339649
-0.004331146953145112
-0.003054114195159902
-0.002890714886075412
-0.003444718836398589
-0.003102924522861196
-0.00319810521026804
-0.003651740027934241
-0.003787400756844293
-0.003874275236303423
-0.003892154192279366
-0.003827167946536019
-0.003881722691151613
-0.003671738705659964
-0.003658343843436223
-0.003811256189086451
-0.003448009507742525
-0.003476540016940732
-0.003870018308508114
-0.003751162604210584
-0.003600640696567865
-0.003970258113337868
-0.003670159985720685
-0.003722798803238769
-0.003802574035337184
-0.003851356966844097
-0.003874449498712524
-0.003815124712602156
0
-0.003967537578186236
-0.002707938451074015
-0.003472979346673976
-0.00259658316486918
-0.002179049269900056
-0.003832346820928261
-0.003587945915455848
-0.003762796875614543
-0.003481169265074312
-0.003743416303248439
-0.003690589892789463
0
-0.003972246377751829
-0.003456020710838703
-0.003711976841095469
-0.003736644956784244
-0.003597626824087058
-0.003801952838928114
-0.003799137887261414
-0.003859930231493755
-0.003845525249069031
-0.003587524850859434
-0.003841898257680346
-0.003693353907298176
-0.003713270506886536
-0.00386830060971874
-0.003719074451054111
-0.003787873780426921
-0.003016824353026686
0
-0.00384787198043763
-0.003867558021712035
-0.003779519885674221
-0.003616543147102274
-0.003532629150420628
-0.003750364621481061
0
-0.003921264222026258
-0.003703158654836153
-0.003662542774579949
-0.003574029181098827
-0.003261289045614018
-0.002767163392754088
0
-0.003875913410286651
-0.003538856984950867
0
0
-0.003842521984592201
-0.003863420491152866
-0.003791045635498613
-0.003746615238282443
-0.003535169311943172
-0.003770285419935951
-0.002836794081544986
-0.00353151829513061
0
-0.003440791092035014
-0.003167918720063212
-0.003913765318619351
-0.003831050119363588
-0.003386007154190064
-0.003523291882338384
-0.003425918746405297
-0.003709116299881746
-0.004164348295292487
-0.003859284697498748
-0.003965068144633497
-0.003076906421777352
-0.003520792539335784
-0.003350718575319518
-0.003138570369619199
0
-0.003424847611908827
0
-0.003486292130405003
0
-0.003149437887790761
0
-0.003297901680179979
-0.003525867535585743
-0.001936580151163085
-0.003405025911096737
-0.00128689715485424
-0.004059658358655428
0
-0.003085809611619298
-0.002838340652278872
-0.003630937155130905
-0.003389465876700548
-0.001935549189669562
-0.003111942020540245
-0.003169515192831063
-0.002080103428097982
-0.00102451551279609
-0.0002658246468998485
-0.0007116901898054308
-0.0002142667278472342
-0.003028172169776946
0
-0.004618308977450645
0
-0.004248695845418642
-0.002804417069299819
-0.001552982228104884
-0.002883617420093163
-0.003411812252303212
-0.003032092196707833
-0.001217291927821601
0.000221111421142089
0.0002013625700835064
0
0.001500662455689855
6.337764380489348e-05
-0.001522814077355492
-0.001889743328862793
-0.002377884473900218
-0.001745880407345037
5.955398518518535e-05
-0.00212811094814374
-0.002070899190101153
-0.0001694428122050487
-0.0001707346187058405
-0.002798309044592603
-0.0007062058671661424
-7.233933190839355e-05
-0.0005203748849024224
0
-4.784836183602391e-05
0.001064655527274177
0
0.001190674355891799
0.0007812671741606062
-0.004001095093351338
-0.003836179710379856
-0.003663167975480555
-0.003868121159806802
-0.003806319044107879
-0.003715453930375409
-0.00376798791550628
-0.002855298852684694
-0.001876481588907276
-0.002625979395299708
-0.00371902768860228
-0.001244406039670914
-0.002284547543500296
-0.0006595643438195894
0.0005364538180440063
-0.001147346897023771
0.0009901518104695898
-0.001671538847100537
-0.002358059024829836
4.296132596410772e-06
-0.0002419773201943986
-2.594504613302556e-05
-6.315948330226942e-05
-0.000366180235558061
-0.0002059086919387422
9.536897488019202e-05
-4.473004533416689e-05
0
-1.60922468217484e-05
0
-0.0002002362333259653
-0.0002725664966968513
0.0001241467000436286
0
-0.000229223787311191
0.0002252491312684363
-0.0001182065604117232
-0.0004723958134395282
0.0007633670375433649
2.991189154738616e-05
0.001153870874492788
8.04673893743926e-06
0.0006424279114107984
-1.728359310572265e-05
-7.612418970266112e-05
3.59839196469585e-05
0.0002481437877421544
0.000318232500359354
0.0009892809521369456
0
0.0005248858055005736
0
0.0006788896946960982
0
0.0008476158647588503
0.001478221704130734
0.0008500389726472848
0.001118159051526401
7.668150609830879e-05
0.0009558585708062782
0.001014837836263641
0
0
