0
0
0
0
0
0
0
0
0
-0.002684445788064199
-0.003203436704137345
-0.002341031856115565
0
-0.003777454859739082
-0.002384133321424817
-2.007033226964824e-05
2.311270637518413e-07
-0.0001717236835713255
0
-0.001601773655435987
-0.001608067302277893
-0.002471793132252796
-0.002865466514138964
-0.002479398757799704
-0.003177904250039396
-0.002554114981848851
-0.001448333485037544
-0.002398649581014469
-0.002000819054395157
-0.00203042140005118
0.0004381438203207633
-0.002883756893885304
-0.001920842243293189
-0.002724352010520382
-0.002644386466277211
-0.0009622281667618458
-1.008507762322596e-05
0
0
-0.002921353171865419
-0.0001992525800852505
-0.002497997672802124
-0.003368236576956961
-0.002902368178974643
-0.0006338850165519463
-8.99457388632826e-05
-0.00112287144679993
-0.001007007315374513
-0.001602365227888933
0
-0.0007442897788874235
-0.002428605457375009
-0.002034343960808675
-0.002952798602993376
-0.002816769308554924
-0.00353044118329112
-0.002658305639301938
-0.003130948591822415
0
0
-0.003436339410152913
-0.003330247588711505
-0.0007125700192603353
-0.001642215594051247
-0.000518074776550333
-0.0004381302110898857
0.0002823291094907841
0.001625223822574522
0
0.0007593580184124773
-0.002295523612531952
-0.00217982057323865
0
-0.002445741659164061
-0.003878337483734021
-0.002557446427031298
-0.003161818819882342
0
-2.262040826231598e-05
0.0008002886607615087
5.469687807037496e-05
0
0.0007677185212369205
-2.633154749336603e-05
0.0004246068771506142
0.0009423736081766697
0.0001931526258957037
0.001215150152636531
0.00112083641195708
0
0
0.001243876557266787
0.0005738171109398476
8.952341266631628e-05
0.001190159625927575
-0.002524276154725673
-0.003761107776297524
0.0009846522933177268
0.0007822777352211192
0
0.001249998944766687
-0.003648887262090273
0
-0.001727511856925671
0
-1.227525593702568e-05
-0.002218393789578109
0
0
-0.002486223913670062
-9.332031139310525e-05
-0.002132800854600135
-0.001473907464836718
-0.001113090177632585
-0.003113949296486749
0
-0.003905241473779411
-0.003570314070916189
-0.004331145923507496
-0.003055178980412678
-0.002891394558597751
-0.00344573637563952
-0.003103699454896774
-0.003199102060255576
-0.003652891405343606
-0.003788270786093111
-0.003875164724550679
-0.003893019897141354
-0.003828177469196492
-0.003882590484453266
-0.003672642519889785
-0.003659322696029994
-0.003812188125963791
-0.003448902115344872
-0.003477380136684917
-0.003870995241676849
-0.003751978569746687
-0.003601440297222074
-0.003971133287242561
-0.003671007797460407
-0.003723559548211745
-0.003803443457768672
-0.003852212558465152
-0.003875407190898272
-0.003815890205392507
0
-0.003968196518100015
-0.002709095733708568
-0.003474221714097039
-0.002597235853450023
-0.002179672127464255
-0.003833214619138024
-0.003588829383792587
-0.003763585576261877
-0.00348107261750721
-0.003744254268715794
-0.003691675620011508
0
-0.003972876451597084
-0.003456295852294092
-0.003712800903880464
-0.003737480576952955
-0.003598261793686157
-0.003802856520241343
-0.003800067596077155
-0.003860889304734023
-0.003846419130820538
-0.003588084737880716
-0.003842917317398062
-0.003694136862729395
-0.003714104586762701
-0.003869371503834169
-0.003719801309828669
-0.003788862289428815
-0.003016898492728444
0
-0.003848712319815084
-0.003868378948816171
-0.003780105022406545
-0.003617327140513353
-0.003533418650384343
-0.003751010939993059
0
-0.003922253105350621
-0.00370344207941032
-0.003663826379213368
-0.003574667691640565
-0.003261817259180949
-0.002767389918964511
0
-0.003877124851369336
-0.003538467073921205
0
0
-0.00384357060750787
-0.003864361250958767
-0.003791800385292553
-0.003747257347122009
-0.003535366135170112
-0.003770736419658118
-0.002836898020616046
-0.003531531682356709
0
-0.003441115233435872
-0.003167309082286358
-0.003915234007623139
-0.003831914879101099
-0.003386292478017693
-0.003523398879451067
-0.003424975931232626
-0.003708309629318608
-0.004168991641228023
-0.003862371582669214
-0.003965251249395163
-0.003077084462718118
-0.003520904596864346
-0.003350993970477239
-0.003138837846329923
0
-0.003425105365733637
0
-0.003486443962884909
0
-0.00314920548614426
0
-0.003298268520080464
-0.003526156188161426
-0.001936765365484314
-0.003405320737621178
-0.001286909259169117
-0.00406001791087513
0
-0.003086114528649026
-0.002838509199467695
-0.003631478766091725
-0.003389653677084568
-0.001935512579385017
-0.003112153059127797
-0.003169828626808166
-0.002080114352634325
-0.001024439197387762
-0.0002659756591769506
-0.0007116634719938668
-0.0002142678733678434
-0.003028237071170972
0
-0.004620922610967007
0
-0.004253958181682324
-0.00280455877740162
-0.001553024451890686
-0.002884071582165507
-0.003412118995342659
-0.003032312233427441
-0.001217320666563264
0.0002210992289413003
0.0002012599405446112
0
0.001500713643660343
6.337554954061497e-05
-0.001522882656350563
-0.001889802362430789
-0.002377925724776444
-0.001745890427549926
5.948513472561112e-05
-0.002128277183677823
-0.002071006021695784
-0.0001697587341382339
-0.0001707423898446971
-0.002798292577792379
-0.0007062170687893111
-7.246002616352911e-05
-0.0005203760753995697
0
-4.778686208008851e-05
0.001064668040691513
0
0.001190660374683197
0.0007811577246814662
-0.00399946375237022
-0.003836914443270903
-0.003664368093866696
-0.003869778232356267
-0.003807139914285847
-0.003715451670838496
-0.003768494329886662
-0.002856038486982538
-0.001876707401737978
-0.002626441787612132
-0.003719610983199075
-0.00124449204348765
-0.002284762557720389
-0.0006596707005367803
0.0005363751863350784
-0.001147354512839691
0.0009898015491777764
-0.001671559954729669
-0.002358130260507602
4.299919930741689e-06
-0.0002419430502598572
-2.594929769299117e-05
-6.316536557260547e-05
-0.0003661583556082139
-0.0002059844920809988
9.537402101688311e-05
-4.472849408499499e-05
0
-1.608530726037542e-05
0
-0.0002002254470366787
-0.0002725656845480939
0.0001241443954427344
0
-0.0002291950941623387
0.0002252426857552748
-0.0001182232714498466
-0.0004724887599050943
0.0007629401462448636
2.99229867054684e-05
0.001153874393500353
8.055673384255119e-06
0.000642392990898615
-1.728381526785282e-05
-7.608297276187449e-05
3.595699747291712e-05
0.0002480822388741428
0.0003182387109612147
0.0009892975547479324
0
0.000524819301599096
0
0.0006788767221605043
0
0.0008475755861406908
0.001478240284707002
0.0008500385536201058
0.001118147558751955
7.664962918994001e-05
0.0009558994154544136
0.001014794032344638
0
0
