0
0
0
0
0
0
0
0
0
-0.002686762621442472
-0.00320356933174861
-0.002341140249329067
0
-0.003779837592049567
-0.002390154569252191
-2.008133192459941e-05
-1.559862054317512e-06
-0.0001729411870304454
0
-0.001604352825620636
-0.001608367709058475
-0.002472997367091728
-0.002865467554040525
-0.002480220493458732
-0.003181321588258566
-0.002553591699105569
-0.001448340531364241
-0.002399642732176088
-0.002001400896827041
-0.002030949976921199
0.0004383388031818098
-0.002886409347788626
-0.001921679773507315
-0.002726492121715196
-0.002646775751784165
-0.0009622186245942908
-1.008329559000577e-05
0
0
-0.002924085650652501
-0.0001993828879529992
-0.002499740035105009
-0.003371825034479375
-0.00290517250155573
-0.000634151543981706
-9.058879813079788e-05
-0.001123465463591047
-0.001007301322697711
-0.001603217952649966
0
-0.000745422758571478
-0.002430448220579796
-0.002036032632206324
-0.002955774178259696
-0.002819625869040091
-0.003533989294663919
-0.002660918191248412
-0.003134301277179293
0
0
-0.003440024503591485
-0.003333777271581533
-0.0007133348974534179
-0.001643725488267899
-0.0005180747825126001
-0.0004380673038595724
0.0002823782439247806
0.001625211193051943
0
0.0007593175751984782
-0.002297402081313362
-0.002182310165495135
0
-0.002447603789146322
-0.003883438016889873
-0.002560664201287661
-0.003165479375411652
0
-2.26412942652999e-05
0.0007998002841582361
5.562736923184851e-05
0
0.0007681427505782881
-2.628555336705801e-05
0.0004246446862564889
0.0009424884689104328
0.0001905621246051407
0.001215300463368485
0.001120973587023502
0
0
0.001243971608235501
0.0005738821791288135
8.970801774938394e-05
0.001190283702410798
-0.002525021792419568
-0.003764317253403968
0.0009847648721497274
0.0007822028035626721
0
0.001249943797573136
-0.003652242448089609
0
-0.001729821792140777
0
-1.249274735320758e-05
-0.002220291082061958
0
0
-0.002487904832785105
-9.333555459675937e-05
-0.002138161221036107
-0.001475196119796911
-0.001115989510572252
-0.003116110096395006
0
-0.003909397886160616
-0.003576259742278979
-0.004331103138055023
-0.003060082038499928
-0.002894562425828582
-0.003450382843465594
-0.003107261965915645
-0.003203681564940559
-0.003658105836012359
-0.003792586865712671
-0.003879277948544059
-0.0038969627111012
-0.003832731615326468
-0.003886566333387294
-0.003676756431787297
-0.003663781219924501
-0.003816522544569208
-0.003452951703039681
-0.003481175828254148
-0.003875520776878454
-0.003755679704220779
-0.003605044529908595
-0.003974633787599284
-0.003674849996494705
-0.003726989610351042
-0.003807496603448843
-0.003856108548767698
-0.003879793828006494
-0.003819350362812548
0
-0.003971220538063839
-0.00271443872732533
-0.0034798859040823
-0.002600323065300743
-0.002182642207221783
-0.003837408882156861
-0.003592817606103534
-0.003767468224827953
-0.003480669827186229
-0.003748272915704876
-0.003696815051135898
0
-0.003976120307011131
-0.003458000389962121
-0.003716890997752115
-0.00374163901540157
-0.003601462078220329
-0.003807279707028156
-0.003804580027950927
-0.003865428996641702
-0.003850717177325415
-0.003591021000294943
-0.003847754389434018
-0.003698091533021404
-0.003718216717026666
-0.003874391516947785
-0.003723343024579037
-0.003793602129662596
-0.003017612936625361
0
-0.003852553941851166
-0.003872139327482049
-0.003782684063680555
-0.003620764517815767
-0.003536844486411873
-0.003753913378817066
0
-0.003926603033367244
-0.003704937832703293
-0.00366971246651897
-0.003577870132157507
-0.003264642438921318
-0.002768844035320422
0
-0.003882804619542969
-0.00353704442392986
0
0
-0.003848508123752164
-0.003868687037541763
-0.003795185338338897
-0.003750219140106134
-0.003536702782519061
-0.003772977157496893
-0.002837680661098043
-0.003531985144552906
0
-0.00344291782521595
-0.003164896249213326
-0.00392210419814458
-0.003835970711333211
-0.003387942347392752
-0.003524193091732904
-0.003421081162555428
-0.003704695068901015
-0.004190811652975124
-0.003876240171391157
-0.003966076046837319
-0.003078206817972049
-0.003521731607809792
-0.003352561311722865
-0.003140300885138472
0
-0.003426589526388556
0
-0.003487440347602933
0
-0.003148435796871044
0
-0.003300165486011754
-0.003527780118683035
-0.001937755128652632
-0.003406969612091202
-0.001287070243038143
-0.004061993327965808
0
-0.003087761358480844
-0.002839523986613659
-0.00363432834557683
-0.003390933690109294
-0.001935739754138446
-0.003113512380344431
-0.003171597673467929
-0.002080621310529932
-0.001024559260746738
-0.0002666727582904401
-0.0007118670049116937
-0.0002142727579338727
-0.003028959350561473
0
-0.004632886555170989
0
-0.004278355340921134
-0.002805465997673935
-0.001553317331851041
-0.002886163547888339
-0.003413802380905153
-0.00303356764910459
-0.001217596132948213
0.0002210401603877247
0.0002006687253049677
0
0.001500950112873676
6.33704429672214e-05
-0.001523197928807758
-0.001890225153378416
-0.002378401288636513
-0.001746214392292207
5.917331581907291e-05
-0.002129170790318315
-0.002071624936859541
-0.0001712151866046309
-0.0001707697447822849
-0.002798609349212806
-0.0007062689591846487
-7.296274034343281e-05
-0.0005203812939190928
0
-4.754013672210727e-05
0.00106481588226309
0
0.001190659932907743
0.000780621541587817
-0.003992298664685973
-0.003840477741176377
-0.003670213940294943
-0.003877035801415964
-0.003811310412431315
-0.003715441598001117
-0.003771177713162877
-0.002859425223017788
-0.00187834980115868
-0.002629271411345974
-0.003722351436614944
-0.001244945621277815
-0.002285888048300355
-0.0006602554293785083
0.0005359970841526533
-0.001147389091260141
0.0009878840763302471
-0.00167182647428422
-0.002358684600755999
4.315309373568008e-06
-0.0002417991524793887
-2.596925257480567e-05
-6.320114679002974e-05
-0.0003660677540175257
-0.0002063331867818828
9.539366171396407e-05
-4.472780653096946e-05
0
-1.607264429411035e-05
0
-0.0002001764805911729
-0.0002725569697769112
0.0001241360909098495
0
-0.000229067807065287
0.0002252252326126363
-0.0001183101425467696
-0.0004729172861810579
0.0007609860473247646
2.996946452052354e-05
0.00115391268273393
8.089781333629017e-06
0.0006422422439638199
-1.730306982849632e-05
-7.592748855392773e-05
3.583511162890364e-05
0.0002478022332382499
0.0003182669413197645
0.0009893816620108627
0
0.0005245252615712994
0
0.0006788303078350364
0
0.0008474045835531371
0.001478346530751305
0.000850028387718599
0.00111811010259612
7.651032737273974e-05
0.0009561010588983761
0.001014605986516605
0
0
