0
0
0
0
0
0
0
0
0
-0.002684461350141222
-0.003203437914839921
-0.002341032827703958
0
-0.003777476016420147
-0.002384186604841196
-2.007048611559684e-05
2.165405034264515e-07
-0.0001717335944506117
0
-0.001601792191557263
-0.001608070105886502
-0.002471802149875081
-0.002865466523961046
-0.002479404706744993
-0.003177926347249837
-0.002554110379443559
-0.001448333549202072
-0.002398656629012336
-0.002000822739215442
-0.002030425468567714
0.0004381455491655274
-0.002883774360332407
-0.001920847371029412
-0.002724366630018226
-0.002644402371428314
-0.0009622280831972574
-1.008506241461964e-05
0
0
-0.002921371490735063
-0.0001992537373779496
-0.002498009487397072
-0.003368261016487623
-0.002902386990991314
-0.0006338873778090805
-8.995143732639201e-05
-0.001122876745381154
-0.001007008967241825
-0.001602370430668925
0
-0.0007442997869699482
-0.002428617699866725
-0.002034355446052891
-0.002952819005987014
-0.002816788519681156
-0.003530467367948051
-0.002658323564090564
-0.00313097276137577
0
0
-0.00343637065521853
-0.003330272367663462
-0.000712575401709622
-0.001642226022753722
-0.0005180747766210053
-0.0004381296566481629
0.0002823293232758903
0.001625223694581041
0
0.000759356892135215
-0.002295538078065403
-0.002179836002514856
0
-0.002445754646042851
-0.003878383266207288
-0.002557468872927728
-0.00316185119510589
0
-2.262041299225324e-05
0.0008002839406386758
5.470511107010883e-05
0
0.0007677219955626027
-2.633113883551849e-05
0.0004246074978319901
0.0009423747937551168
0.0001931296136348187
0.001215150862768652
0.001120838760132876
0
0
0.001243877910503008
0.0005738179847645229
8.952490767996658e-05
0.001190160462002391
-0.002524281416143298
-0.003761134543826719
0.0009846529996775549
0.0007822768986712605
0
0.001249998518904214
-0.003648913792336391
0
-0.001727528148354129
0
-1.22763233400833e-05
-0.002218407220856594
0
0
-0.0024862364244298
-9.332043598674761e-05
-0.002132824016126538
-0.001473911797455708
-0.001113099364143003
-0.003113965369272876
0
-0.003905272549047627
-0.00357035324920129
-0.004331145832118339
-0.00305520762251344
-0.00289141371217412
-0.003445764247866194
-0.003103721029854796
-0.003199129129991885
-0.003652927109864326
-0.003788312678029879
-0.00387519933670654
-0.003893050758062119
-0.003828208739185049
-0.003882623964648496
-0.003672669070622222
-0.003659350782698669
-0.003812217076632259
-0.003448927220418754
-0.003477404710110603
-0.003871037051405112
-0.003752005697395997
-0.003601464835050172
-0.003971169549215043
-0.003671033417649506
-0.003723585875796381
-0.003803474077605166
-0.00385224635909977
-0.00387544683228956
-0.003815919355417356
0
-0.003968222332773245
-0.002709124986929328
-0.003474259551126103
-0.002597253995749125
-0.002179687260362922
-0.003833256128565777
-0.003588870003729648
-0.003763623006187264
-0.003481068727657541
-0.003744286419475569
-0.003691720414319138
0
-0.003972904617401651
-0.003456309195348085
-0.003712837130054912
-0.003737518541685917
-0.003598290545259122
-0.003802897634921673
-0.003800109075049491
-0.003860931019475238
-0.003846458829918646
-0.003588109752620645
-0.003842961152868835
-0.003694171915777034
-0.003714141921775715
-0.003869416676797697
-0.003719835858174525
-0.00378890502555408
-0.003016901205416781
0
-0.003848745993281126
-0.003868410175208352
-0.003780127425108359
-0.003617353398009316
-0.00353344290819252
-0.003751034689609765
0
-0.003922286741058518
-0.003703461461997925
-0.003663878705983782
-0.003574699304195685
-0.00326184251279445
-0.002767392211454117
0
-0.003877175316928813
-0.00353845832495756
0
0
-0.003843615825945195
-0.003864399313488748
-0.003791831373266104
-0.003747283196524577
-0.003535379401373125
-0.003770756945672372
-0.002836902331506391
-0.003531537833986126
0
-0.00344113077864153
-0.00316728572721976
-0.003915293973872008
-0.003831949254759211
-0.003386306341626345
-0.003523408267981323
-0.003424943453710581
-0.003708277418022429
-0.004169181772579132
-0.003862496909839971
-0.003965258690413555
-0.00307709289451215
-0.003520913751445347
-0.003351007441007444
-0.003138852289477829
0
-0.003425119033734289
0
-0.003486455035320388
0
-0.003149198595164853
0
-0.003298286976817162
-0.003526173357148902
-0.001936773852648628
-0.003405337794505282
-0.001286910538411869
-0.00406003856889836
0
-0.003086131157863407
-0.002838518214487966
-0.003631505993652195
-0.003389663775217562
-0.001935504100738877
-0.003112159645772031
-0.003169839130395091
-0.002080107056128718
-0.001024427631770857
-0.000265981821711961
-0.0007116481881676754
-0.0002142679192974799
-0.003028237195001321
0
-0.004621029101011309
0
-0.004254173122959172
-0.002804566139738168
-0.001553026999713564
-0.002884090110698706
-0.003412134917918307
-0.00303232385846993
-0.001217322441516917
0.0002210976965712588
0.0002012621089828835
0
0.001500715733090555
6.337546391033344e-05
-0.001522885452533462
-0.001889806222656448
-0.002377926620099055
-0.001745888574720654
5.948314201361034e-05
-0.002128285232310844
-0.002071011593253797
-0.0001697716286588773
-0.0001707409340257015
-0.002798289532477927
-0.0007062175194400838
-7.24602040099782e-05
-0.0005203761233252051
0
-4.778837800384288e-05
0.001064675083195032
0
0.001190660081473972
0.0007811552413384062
-0.003999397871695766
-0.00383695228200928
-0.003664424913821825
-0.003869845235111799
-0.003807184978895264
-0.003715451579506738
-0.003768514132656643
-0.002856068631059227
-0.001876710608788179
-0.002626460795078567
-0.003719633314582067
-0.001244495145314804
-0.002284773163230972
-0.0006596730522249297
0.0005363750275301673
-0.001147354822562369
0.0009897903698511974
-0.001671561888066276
-0.002358134373483021
4.298830772867227e-06
-0.0002419421202047732
-2.594947089010702e-05
-6.316842073731469e-05
-0.0003661571891642953
-0.0002059875830964069
9.537531156161607e-05
-4.472984697359498e-05
0
-1.60898309874242e-05
0
-0.0002002250083395767
-0.0002725634869805871
0.0001241412190440203
0
-0.0002291940519160354
0.0002252399753637222
-0.0001182278225493565
-0.0004724925527664718
0.0007629227537363025
2.992077508500736e-05
0.001153870634197763
8.053138461532754e-06
0.0006423884463670276
-1.728833220979864e-05
-7.609018358476421e-05
3.595402110046942e-05
0.0002480779331689855
0.0003182389636462838
0.0009892931376283504
0
0.0005248141007827141
0
0.0006788725323879928
0
0.000847571399892601
0.001478236990861856
0.0008500363875856371
0.001118143536541214
7.664585954683748e-05
0.0009558997241800484
0.00101479055165501
0
0
