0
0
0
0
0
0
0
0
0
-0.002673611113198303
-0.003203611588416144
-0.002341175551018132
0
-0.003780617582751228
-0.002392134482000478
-1.991878601793112e-05
-3.096699166982354e-06
-0.0001715760819392768
0
-0.001597800056230256
-0.001608400704199373
-0.002467502812371543
-0.002865467835235203
-0.002474274693673102
-0.00315981837749495
-0.002552875746324067
-0.001448342751366533
-0.002392378772768237
-0.00199587104256067
-0.00202736740328414
0.0004384025802952163
-0.002870617592748286
-0.001915040578771499
-0.002713498287781349
-0.002629781542493487
-0.0009622154701981601
-1.00826856119057e-05
0
0
-0.002906712782097631
-0.000199425584917392
-0.002487867140451458
-0.003347511759743261
-0.002886185683825494
-0.0006342393714575289
-9.079968500425525e-05
-0.001123659496262407
-0.001006079725022897
-0.001597685783149002
0
-0.0007457959599876184
-0.00241772187839239
-0.002027080555503745
-0.002935803513156435
-0.002809063186139167
-0.003505154557898294
-0.002649113958326501
-0.003117911532789746
0
0
-0.003433784809830622
-0.003304870321763535
-0.0007105528229465653
-0.001637911130491272
-0.000518074843353279
-0.0004380461851660202
0.0002821795463283215
0.00162520709922039
0
0.0007593502190027422
-0.002292392066351344
-0.002171316166426285
0
-0.002437275615018282
-0.003884642576873446
-0.002553859461912997
-0.003166684787634148
0
-2.274239840479384e-05
0.0007994901028117273
5.593345477184659e-05
0
0.0007681573125708483
-2.627047433249286e-05
0.0004243069641004358
0.0009421417467570508
0.0001897157344568375
0.001215193873202365
0.001122439722435299
0
0
0.001244294430564812
0.00057434174204269
9.000198478634274e-05
0.001190137356864242
-0.002519690415040045
-0.003766475296956473
0.0009846427809049941
0.0007819410344293556
0
0.00125065234126783
-0.003642366746201395
0
-0.001721924257610435
0
-1.142554785545078e-05
-0.002211548669675775
0
0
-0.002485497588213765
-9.334045075659337e-05
-0.002132269607478206
-0.00146799962496742
-0.001113094976419432
-0.003116795341824528
0
-0.003909778223532
-0.003576176662741353
-0.004331091996075245
-0.003053942415816444
-0.002878345477930604
-0.003447140762215565
-0.003090611402150836
-0.003196812050934044
-0.003658206792065706
-0.003792391623188065
-0.003879678351501276
-0.003897616640072273
-0.003834285929598551
-0.003887375735284559
-0.003677502124586049
-0.003664314370948784
-0.003818469484914403
-0.003445140712468051
-0.003469157569689313
-0.003876150705362473
-0.00375894831465319
-0.003594321872603481
-0.003975635442776876
-0.003675494137133875
-0.003731004081508506
-0.003809727945447918
-0.003857269432603701
-0.00388085730181267
-0.003820967868337143
0
-0.003972345924548969
-0.002708863181097761
-0.00347856667756089
-0.002586773498941658
-0.00217328244171927
-0.003837513009739556
-0.003593820454746486
-0.003767166060744049
-0.003480547186532807
-0.003747865099642732
-0.003696977177042639
0
-0.003975971797097552
-0.003462584387804871
-0.003716937722239093
-0.003741477391466155
-0.003601225055226993
-0.003807291015962702
-0.003804745467415033
-0.003865951231199725
-0.003851165397278544
-0.003592245459781209
-0.003848340733049231
-0.003698354606306623
-0.00371824180648204
-0.003875251058279751
-0.003724095747043991
-0.003793781065607776
-0.003024299046655198
0
-0.003853977286536735
-0.003873494650858253
-0.003783926911464945
-0.003623154903603009
-0.003536159092934603
-0.003755515626526768
0
-0.003926400926105698
-0.003707565142881828
-0.00367163803685362
-0.003577492764654791
-0.003266932975354604
-0.002774376148919506
0
-0.003884259709037573
-0.00354261254973066
0
0
-0.003849510666538903
-0.003870426393736426
-0.003796517275508152
-0.003750966256558814
-0.003542588443284947
-0.003775362494318314
-0.002843833511608528
-0.003537580952081253
0
-0.003447505662843931
-0.003168681504386268
-0.003923160834539074
-0.003832868722552846
-0.003392501791079782
-0.003528377918217895
-0.00342448003776416
-0.003703326618726887
-0.004197844528256915
-0.003880663534786213
-0.00396634329777652
-0.003084076047359006
-0.003526549694638067
-0.003357489151225916
-0.003143378213517719
0
-0.003430724649309041
0
-0.003490185803902188
0
-0.003154238581767851
0
-0.003292418274389158
-0.003528745728194785
-0.001939142677901027
-0.00340925990471333
-0.001290570210409283
-0.004061729603450269
0
-0.003089348331002975
-0.002844529367992142
-0.003637039738078928
-0.003396236055707362
-0.001943331913045379
-0.003117528425788418
-0.003174736605616832
-0.00208884683693162
-0.001035824204161412
-0.0002669007716093928
-0.0007203186679979741
-0.0002142741725349832
-0.003034910347978721
0
-0.004636777515159771
0
-0.004286731734826663
-0.002810893333232638
-0.00155671211664349
-0.002886852978813913
-0.003416757614788621
-0.003037859823869249
-0.001221085166531019
0.0002211293480856572
0.0001985891230520993
0
0.001501026494324193
6.337016750635149e-05
-0.001523301070723107
-0.001894593198429692
-0.002384298273823033
-0.001751642506257763
5.943117342926657e-05
-0.002131436951704866
-0.002075151819418791
-0.0001716932750205601
-0.0001706412685658761
-0.002805749720384174
-0.0007062849603537672
-7.311455392746144e-05
-0.0005203830495339884
0
-4.726082662142285e-05
0.001065033342000334
0
0.001190465629235118
0.0007821172691973295
-0.003990114820187258
-0.003840900837006402
-0.003669984303776292
-0.003879335255564934
-0.003810671440628438
-0.003715441475442444
-0.003772399579922264
-0.00286052487509586
-0.001886314588037419
-0.002633014696379994
-0.003719105736171924
-0.001245299099729268
-0.002286944130263221
-0.000660530341912241
0.0005367331486354551
-0.001147400257093462
0.0009898346636886888
-0.001676384165205151
-0.00236407391563493
4.428335503807073e-06
-0.0002429942521291935
-2.597551420623494e-05
-6.330627937650115e-05
-0.0003672070793671175
-0.0002064428226684724
9.546371491835178e-05
-4.495617479899586e-05
0
-1.597180494416516e-05
0
-0.0002001606442076476
-0.0002725745473934472
0.0001240949289766652
0
-0.0002300914988628327
0.0002251591513135097
-0.0001181897245404454
-0.0004730580501364628
0.0007603503591426418
3.020734326855741e-05
0.001153880948456033
8.221138085994268e-06
0.0006421708322354361
-1.717335746741576e-05
-7.557251105554306e-05
3.578830693690925e-05
0.000247720427669002
0.0003182758703283754
0.0009897182211749511
0
0.0005244716882662391
0
0.0006787359012572193
0
0.0008472960210334073
0.001478539880750081
0.0008500844263308587
0.001118053535056032
7.64398691343907e-05
0.0009561791914495481
0.001014527779508761
0
0
