0
0
0
0
0
0
0
0
0
-0.002683204069482507
-0.00320335760144152
-0.00234096899787321
0
-0.003776093298641272
-0.002380709865023378
-2.006978372991381e-05
1.248385635669963e-06
-0.0001710629595157848
0
-0.001600353314663836
-0.001607902540999675
-0.002471138176985895
-0.002865465861404342
-0.002478968524837548
-0.003175999367089348
-0.002554412670360586
-0.00144832929754627
-0.002398126418763779
-0.002000520821327075
-0.002030147156498669
0.0004380325694112889
-0.00288230889514643
-0.001920402465185738
-0.002723196400109217
-0.002643060667975617
-0.0009622335024665832
-1.008603364662744e-05
0
0
-0.002919847691502597
-0.0001991771055832823
-0.002497057663816092
-0.003366204194704672
-0.00290081122800719
-0.0006337332107350651
-8.957933500328155e-05
-0.0011225293821464
-0.001006849975050523
-0.001601913535888882
0
-0.0007436474289269202
-0.002427598167053823
-0.002033409022500605
-0.002951124520836337
-0.002815152168239202
-0.003528401615766512
-0.002656836495734238
-0.003129042073489745
0
0
-0.00343418491695723
-0.003328242043754181
-0.0007121507519616135
-0.001641369428965157
-0.0005180747719195353
-0.0004381656518159135
0.00028231300504373
0.001625232357600646
0
0.0007593818781229032
-0.002294478535630331
-0.002178510239780205
0
-0.002444749317089226
-0.003875427797044443
-0.002555596183770815
-0.003159739635966144
0
-2.25981659422318e-05
0.0008005801724109454
5.416796510622752e-05
0
0.0007674832223637713
-2.635786120531619e-05
0.0004245969418929396
0.0009423256783532293
0.0001946343384527844
0.001215082143322212
0.001120749422331657
0
0
0.001243831597223326
0.0005737847899633424
8.941659228740991e-05
0.001190104463137088
-0.002523883955892638
-0.003759233616535497
0.0009846006089649817
0.0007823306342232337
0
0.001250036235323304
-0.003646948541677109
0
-0.001726263689879009
0
-1.217113951286648e-05
-0.002217376234440837
0
0
-0.002485267412670157
-9.331134165535017e-05
-0.002129850354254695
-0.001473285690130578
-0.001111507724454073
-0.003112911622441685
0
-0.003902853651693833
-0.00356698396825474
-0.00433114509286843
-0.00305248752822736
-0.002889685259409868
-0.003443164183179916
-0.003101743218699397
-0.003196584732679081
-0.003649966043260954
-0.003785814483625503
-0.003872785856473196
-0.003890723436786571
-0.003825583074211221
-0.003880278193077794
-0.003670323360039036
-0.003656829696254644
-0.003809778935475588
-0.003446632003815084
-0.00347523439765602
-0.003868363404964483
-0.003749855645306638
-0.003599375848645228
-0.003968812507237463
-0.003668820190231637
-0.003721576618558254
-0.0038011702956171
-0.003849947930134927
-0.003872855335849852
-0.003813872727915809
0
-0.003966410516709768
-0.002706159191129274
-0.003471055448689408
-0.002595599690752921
-0.002178106822033862
-0.003830820805744128
-0.003586325229660092
-0.003761345379762316
-0.003481332123073012
-0.003741920913664877
-0.00368867847725693
0
-0.003971090418201795
-0.003455382718537045
-0.003710486781186689
-0.003735121087843184
-0.003596467865724382
-0.003800347403380324
-0.003797504153891867
-0.00385829305251935
-0.003843977187612926
-0.00358645927425916
-0.003840160123858098
-0.003691940494982037
-0.003711781671191486
-0.003866504138793539
-0.003717747124824444
-0.003786169377863041
-0.003016530328175226
0
-0.003846480151536352
-0.003866193596898989
-0.003778545011760425
-0.003615310646691114
-0.003531399636715404
-0.003749311746088602
0
-0.003919729583278561
-0.003702467660084646
-0.003660457087379279
-0.003572856880092017
-0.003260346373433763
-0.002766775439308293
0
-0.003873908174787844
-0.003539144415652266
0
0
-0.003840732884341522
-0.003861865186804126
-0.003789787587113421
-0.003745472175884557
-0.003534609703758666
-0.003769372073209019
-0.002836463093740488
-0.00353122129558666
0
-0.003440077764214084
-0.003168610361868076
-0.003911407422643962
-0.003829565799391216
-0.003385363530418338
-0.003522874465749235
-0.003427074428603966
-0.003710493486116555
-0.004156884605729027
-0.003854215534263075
-0.003964768294993378
-0.003076444767627584
-0.00352036033925593
-0.003350087742320115
-0.003137990747858794
0
-0.003424234973346691
0
-0.003485831009555389
0
-0.003149579666124592
0
-0.003297250026651795
-0.003525211537511963
-0.001936202203274583
-0.003404361699924445
-0.001286806861544208
-0.004058885301413948
0
-0.003085174349752331
-0.002837916733298726
-0.003629876649073156
-0.003388960849747026
-0.001935514955952082
-0.003111488926001896
-0.00316894056303173
-0.00208002598524356
-0.001024630742993702
-0.000265579906368226
-0.0007116802791930265
-0.0002142647912273728
-0.003027916702644436
0
-0.004614056773413744
0
-0.004241161622880613
-0.002804032246589673
-0.001552841822266904
-0.002882880843246967
-0.003411140003025637
-0.003031578850776268
-0.001217179240225428
0.000221121520836625
0.0002015704584807882
0
0.001500579632490815
6.338111635070766e-05
-0.001522702706132067
-0.001889546080313444
-0.002377683574020244
-0.001745766778046729
5.966770793289012e-05
-0.002127759870786733
-0.002070638352432677
-0.0001689304220813118
-0.0001707249422308864
-0.002798179682862
-0.0007061874266587005
-7.216466444297316e-05
-0.0005203733393128027
0
-4.792841742338644e-05
0.001064599789107566
0
0.001190675934291548
0.0007814331571394589
-0.004002814981251437
-0.003834777026095167
-0.003661222858160259
-0.003865369577114535
-0.003804816758053968
-0.003715458420235422
-0.003767164393717436
-0.00285409591051278
-0.001876124720661527
-0.00262525144024479
-0.00371796145361239
-0.001244247369641718
-0.002284119585669537
-0.0006593520748816319
0.0005365903168234939
-0.001147334447235342
0.000990834291150746
-0.001671411290343027
-0.002357810301021106
4.290299951451312e-06
-0.0002420178600511852
-2.593812558182574e-05
-6.314139578826593e-05
-0.0003662014401382036
-0.0002057856639168723
9.536166455191188e-05
-4.472580661117639e-05
0
-1.609462351630068e-05
0
-0.00020025384755965
-0.0002725642563475456
0.0001241468117504499
0
-0.0002292572375268869
0.0002252524180456849
-0.0001181759355381114
-0.0004722451166450297
0.0007640616616814566
2.989249020181113e-05
0.00115385319985636
8.033919692636595e-06
0.00064247655753474
-1.727759898763836e-05
-7.617759191592843e-05
3.602294292735371e-05
0.0002482406469282881
0.0003182223675758247
0.000989252871189863
0
0.0005249925964054718
0
0.0006789018996610385
0
0.0008476763568902714
0.001478172822671531
0.0008500286337026891
0.001118169040071327
7.672638973211462e-05
0.0009557881358937479
0.001014904548713944
0
0
