0
0
0
0
0
0
0
0
0
-0.002684945732331634
-0.003203468042312915
-0.00234105710225694
0
-0.003778005651561118
-0.002385521554065424
-2.00703503072256e-05
-1.732754124968925e-07
-0.0001719878261198425
0
-0.001602345152439525
-0.001608134847723472
-0.00247205964228773
-0.002865466766481701
-0.002479575549814278
-0.003178672456779185
-0.00255399939025083
-0.001448335146348067
-0.002398864313491961
-0.002000943342528469
-0.002030534405525153
0.0004381888428927932
-0.002884340115420656
-0.001921024399589028
-0.002724818728764078
-0.002644923373455153
-0.0009622259856139589
-1.008467751052351e-05
0
0
-0.002921960319240315
-0.0001992827041485274
-0.002498379263073186
-0.003369058743740436
-0.002902997290292564
-0.0006339465251897497
-9.009415520898604e-05
-0.001123009227045733
-0.001007074264082842
-0.001602552489335958
0
-0.0007445506179468503
-0.002429014635429895
-0.00203472439309441
-0.002953477045541871
-0.002817426146932112
-0.003531270796129605
-0.002658901697181854
-0.003131722255837712
0
0
-0.003437211341866919
-0.003331061955846204
-0.0007127416469798858
-0.001642560207044735
-0.0005180747783886749
-0.0004381157173284616
0.0002823392578767057
0.00162522063213326
0
0.0007593489784580242
-0.002295947503430693
-0.002180347103702737
0
-0.002446141415006415
-0.003879521452176337
-0.002558197099786168
-0.003162662376502013
0
-2.262678108204642e-05
0.0008001756524449969
5.491138432471415e-05
0
0.0007678171545837318
-2.632090959859877e-05
0.0004246131227321196
0.0009423980856896733
0.000192553611270732
0.001215184686853924
0.001120879285448467
0
0
0.001243902398060605
0.0005738372563290247
8.956929198051318e-05
0.0011901878750654
-0.002524437357702309
-0.003761864797267369
0.0009846779862998287
0.0007822588489332053
0
0.001249992150156385
-0.003649669539662843
0
-0.001728013407981673
0
-1.231681025024684e-05
-0.002218803632461996
0
0
-0.002486610907138866
-9.332360985419255e-05
-0.002134016648097158
-0.001474158587973543
-0.001113748981528892
-0.003114411991515822
0
-0.003906214733100305
-0.003571697351070179
-0.004331142251814632
-0.0030562721100939
-0.002892080367650617
-0.003446774930976234
-0.003104485582849825
-0.003200119939942968
-0.003654084731559642
-0.00378925338394095
-0.003876127704009501
-0.003893948007355146
-0.003829229720707025
-0.00388352490671931
-0.003673576129646607
-0.003660329401736019
-0.003813163952497872
-0.003449814859823875
-0.003478243509934282
-0.00387205937982694
-0.003752835552146854
-0.003602272608922824
-0.00397206026191188
-0.003671887176293556
-0.003724360490475037
-0.003804367569972875
-0.003853130903749697
-0.003876441796995026
-0.003816707266048455
0
-0.003968911733225701
-0.002710298482522932
-0.003475520273521097
-0.002597893610309064
-0.00218030779163477
-0.003834175818580747
-0.003589758602733274
-0.003764465747002847
-0.003480972801503276
-0.003745179276012191
-0.003692853495065791
0
-0.003973587381503769
-0.003456674936721735
-0.003713723936655438
-0.00373842142127847
-0.003598968278047752
-0.003803866096093558
-0.003801099649026339
-0.00386194077885991
-0.003847403667466734
-0.003588738970528406
-0.00384403414839654
-0.003695018652831274
-0.003715033228588868
-0.003870536275838656
-0.003720619759602776
-0.003789949261579174
-0.003017063765346304
0
-0.003849616656303902
-0.003869264141692001
-0.003780732348330435
-0.00361814088073368
-0.003534234623786541
-0.003751695430653466
0
-0.00392327271681294
-0.003703816083256334
-0.003665188575872829
-0.003575376945394183
-0.003262412015684177
-0.002767651443901873
0
-0.003878437282825686
-0.00353817158796541
0
0
-0.003844721663096944
-0.003865375334459945
-0.003792604511123112
-0.003747955359788499
-0.003535672010976907
-0.003771284277184453
-0.002837087338393312
-0.003531648263860731
0
-0.003441536699288769
-0.00316677325353504
-0.003916814048748381
-0.00383287143997746
-0.003386672269393887
-0.003523600180092384
-0.003424111361697483
-0.003707444532172627
-0.004173962029579502
-0.003865620607116235
-0.003965444361444317
-0.003077353149149482
-0.00352111468135834
-0.003351363039752055
-0.003139178692266055
0
-0.00342545352378479
0
-0.003486679721829636
0
-0.003149060977722626
0
-0.003298634423843395
-0.003526520331987508
-0.001936990534827742
-0.003405696555626221
-0.001286961785186168
-0.004060451085462219
0
-0.003086484646715749
-0.002838758269279506
-0.003632119202959829
-0.003389942492391331
-0.001935526146041113
-0.003112433045403709
-0.003170193408087405
-0.002080168603001558
-0.001024383282502445
-0.0002661362502750079
-0.0007116558231822195
-0.0002142690536338116
-0.003028386907983509
0
-0.004623693361153548
0
-0.004259563925297455
-0.002804783713743405
-0.001553106770144735
-0.002884554247079524
-0.003412506852964361
-0.003032612541301524
-0.001217388431655419
0.0002210933289798203
0.0002011471318256296
0
0.001500768044891072
6.337333766076182e-05
-0.00152295548305487
-0.00188991742531766
-0.002378038469744534
-0.001745951778687984
5.941655087880678e-05
-0.00212848780568776
-0.002071161353612986
-0.0001700945500384705
-0.0001707477440735129
-0.002798358881326709
-0.0007062290765034542
-7.2573362984051e-05
-0.0005203773056287587
0
-4.773658730794068e-05
0.00106470772278458
0
0.00119066013885927
0.0007810467652547488
-0.003997762441164933
-0.003837730159903997
-0.003665710683667834
-0.003871508338915186
-0.003808086188771422
-0.003715449288289166
-0.003769020671618199
-0.002856822839240443
-0.001876941583887956
-0.002626904414509257
-0.003720276317186252
-0.001244589876476981
-0.002285018987794134
-0.0006597947681492686
0.0005362991315767576
-0.001147362559362179
0.0009894176516928289
-0.001671634887573383
-0.002358274278199184
4.302083429561704e-06
-0.0002419206194487945
-2.595380011094065e-05
-6.318241047453712e-05
-0.000366145697193084
-0.0002060649739560339
9.538226097809749e-05
-4.473255568360618e-05
0
-1.608543212681758e-05
0
-0.0002002140460451804
-0.0002725668553475361
0.0001241427973079998
0
-0.0002291750723864371
0.0002252403528423738
-0.0001182446026872705
-0.0004725875625994502
0.0007624875159923187
2.993225724249183e-05
0.001153883571831758
8.061723787365191e-06
0.0006423607935284975
-1.728873380314731e-05
-7.605058430341065e-05
3.593138844348239e-05
0.0002480179196957974
0.0003182452850401157
0.0009893153446718971
0
0.0005247484960244353
0
0.0006788676027545372
0
0.0008475344574780492
0.001478266810443709
0.0008500423497697589
0.001118140125025236
7.662017138698202e-05
0.0009559455727308863
0.001014749504767049
0
0
