0
0
0
0
0
0
0
0
0
-0.002686397370139453
-0.003203548722709019
-0.00234112311717079
0
-0.003779457698473705
-0.002389191645919513
-2.00789202903818e-05
-1.265103929104536e-06
-0.0001727469073047829
0
-0.001603943893034198
-0.001608321329405512
-0.002472810431121791
-0.002865467397337374
-0.00248009663354412
-0.003180779566450816
-0.002553679750546111
-0.001448339432575404
-0.002399491408280832
-0.002001313928317271
-0.002030870215565357
0.0004383076810448001
-0.002885990561419834
-0.001921551303995221
-0.002726156119123172
-0.002646399096957128
-0.0009622201652616397
-1.008358759775554e-05
0
0
-0.0029236543613277
-0.0001993621106696746
-0.002499467568735961
-0.003371256775702873
-0.002904729656631568
-0.0006341089658359592
-9.048608699521085e-05
-0.00112337112722678
-0.001007255302783418
-0.001603085348191663
0
-0.000745241303277002
-0.002430159116830623
-0.002035765812800099
-0.002955304017468731
-0.002819173114961475
-0.003533430248714017
-0.002660504056108557
-0.003133770980559515
0
0
-0.003439444063820261
-0.003333221743771585
-0.0007132134678551944
-0.001643486300356471
-0.0005180747820836174
-0.0004380774048417076
0.0002823691407739285
0.001625213054990689
0
0.0007593229649609914
-0.002297107196684114
-0.002181917350292123
0
-0.002447311332659786
-0.003882646599432018
-0.002560154545884635
-0.003164893715254841
0
-2.263945074418173e-05
0.0007998778893006341
5.547855888398171e-05
0
0.0007680738541195615
-2.62928802180833e-05
0.0004246386826472188
0.0009424696117273841
0.0001909750412512609
0.001215275641366776
0.00112094923729465
0
0
0.001243955295956054
0.0005738700975764762
8.967754078445432e-05
0.001190263041847199
-0.002524909673059779
-0.003763815853954731
0.0009847460772404162
0.0007822144217854148
0
0.001249948975669064
-0.003651707306874301
0
-0.001729455864226129
0
-1.245993367053665e-05
-0.002219992296648294
0
0
-0.002487638394533972
-9.333293926161589e-05
-0.002137360710622558
-0.001475001629095548
-0.001115564105677287
-0.003115759430902597
0
-0.003908767249594035
-0.003575355337515011
-0.004331115435526453
-0.003059303759957631
-0.002894058373680256
-0.003449630284212634
-0.003106693559306352
-0.003202946249284715
-0.003657285001829329
-0.003791931181135961
-0.003878659883790577
-0.003896364804307309
-0.00383202031652401
-0.003885962440717652
-0.003676092363292066
-0.00366306152204455
-0.003815825134625378
-0.003452299953517607
-0.003480568381427627
-0.003874837592994923
-0.00375509083679617
-0.003604468897018426
-0.003974166837302172
-0.003674232515267591
-0.003726444850770523
-0.003806847261698275
-0.003855509236433023
-0.003879126606901939
-0.003818813929516204
0
-0.003970755152294121
-0.002713613056164637
-0.003479004936891433
-0.002599833752890504
-0.002182182405128463
-0.003836783633123403
-0.003592202390817252
-0.003766882390053604
-0.003480730335871833
-0.003747658593749844
-0.003696021934132032
0
-0.003975586942518062
-0.003457681554716984
-0.003716252491859525
-0.003740996975327949
-0.003600947445685469
-0.003806602978692721
-0.003803886160261886
-0.003864733935354644
-0.003850064963119072
-0.003590538971387675
-0.00384700921197566
-0.003697460642646387
-0.003717572678529043
-0.003873617542441489
-0.00372280179878418
-0.00379287006441128
-0.003017433872791247
0
-0.003851962761435562
-0.003871560611891693
-0.003782297010385465
-0.003620222785727501
-0.003536308416842199
-0.003753456868231834
0
-0.003925919315512787
-0.003704729218642559
-0.003668775789948459
-0.003577356862647472
-0.003264064381040142
-0.002768381746443732
0
-0.003881915972647171
-0.003537272138830764
0
0
-0.003847752708326174
-0.003868017644417543
-0.003794667828846453
-0.003749778131971258
-0.003536453654539257
-0.003772645914369782
-0.002837513808644156
-0.003531895382615838
0
-0.003442618789163895
-0.003165284073085623
-0.003921027790524828
-0.00383537239339256
-0.003387655649078466
-0.003524071051951969
-0.00342171203552884
-0.003705224687471007
-0.004187276357387969
-0.003874059247613477
-0.003965946352868204
-0.003077999680498924
-0.003521599254253608
-0.003352298202266993
-0.003140063803091998
0
-0.003426345867954301
0
-0.00348728670594973
0
-0.003148560531348417
0
-0.003299864646764698
-0.003527526637377888
-0.001937586643613066
-0.003406704807131632
-0.001287036239525058
-0.004061683065366545
0
-0.003087490916085853
-0.002839349825440232
-0.003633855965418998
-0.003390685100466952
-0.001935509558675846
-0.003113193515335376
-0.003171203751382814
-0.00208028379858894
-0.001024178397952151
-0.0002665612047530317
-0.0007115684399287258
-0.0002142720145179406
-0.00302874821513395
0
-0.004630982896583042
0
-0.004274439697970947
-0.002805303282544805
-0.001553265277619669
-0.002885829249032477
-0.003413530906433529
-0.00303336079334234
-0.001217515370441755
0.0002210436164585128
0.0002008800487391036
0
0.001500912250540228
6.337031001182152e-05
-0.001523147599669095
-0.001890147757960739
-0.002378264059437229
-0.001746062169831604
5.921577513704661e-05
-0.002129021761885095
-0.002071518744244308
-0.0001709822672297357
-0.0001707669213573765
-0.002798461636011282
-0.0007062607630447553
-7.290709415075285e-05
-0.000520380492972922
0
-4.756783460906089e-05
0.001064748854333988
0
0.001190659123512724
0.0007807041075670784
-0.003993409103682208
-0.003839929100864748
-0.003669339613272234
-0.003875916696769272
-0.003810699468310569
-0.003715443084701933
-0.003770678194039581
-0.002858886278759667
-0.001877690279807071
-0.002628421568006098
-0.003721966006419584
-0.00124485872070452
-0.002285705547272447
-0.000660138264014541
0.000536053647227012
-0.001147383620889921
0.0009882666869685806
-0.001671755309743138
-0.002358571392753543
4.310763859759339e-06
-0.0002418276095497481
-2.596601810114217e-05
-6.318409008820554e-05
-0.0003660917469910948
-0.0002062775333240513
9.538510522810422e-05
-4.472372473289345e-05
0
-1.607120366968671e-05
0
-0.0002001842326959322
-0.0002725475104974344
0.0001241256404189634
0
-0.0002290984284745013
0.0002252082168693451
-0.0001183004932307164
-0.0004728487675997885
0.0007612969314704813
2.995308942981584e-05
0.001153882714742851
8.079641329359321e-06
0.0006422550762494995
-1.730152156397415e-05
-7.595679695738404e-05
3.585068724455656e-05
0.0002478405767967142
0.0003182624738112385
0.0009893501230086442
0
0.0005245585236906061
0
0.0006788204816773965
0
0.0008474169144744958
0.001478307033879159
0.0008500318114488455
0.001118099474495193
7.652394357864194e-05
0.0009560594006430449
0.001014623840113098
0
0
