0
0
0
0
0
0
0
0
0
-0.002683331259627546
-0.003203365737046348
-0.002340975408458275
0
-0.003776231520706374
-0.002381056834694263
-2.006994785177535e-05
1.138439647993784e-06
-0.0001711268868704561
0
-0.001600499525798858
-0.001607918098033922
-0.002471201103250988
-0.002865465929335375
-0.002479006372220903
-0.003176197044509538
-0.002554378947085399
-0.001448329727853417
-0.002398173421581246
-0.002000544538087901
-0.002030171480872949
0.0004380438586942089
-0.002882457801553541
-0.001920441299445765
-0.002723312925922213
-0.002643195429551795
-0.0009622329650252471
-1.008593905773483e-05
0
0
-0.002920002338625792
-0.0001991848112125851
-0.002497150373897175
-0.003366414333562062
-0.002900970967368719
-0.000633748603867107
-8.961649560933071e-05
-0.001122564199862374
-0.00100686622977379
-0.001601954573440879
0
-0.0007437124619370817
-0.002427698175551992
-0.002033502350377653
-0.002951296341143139
-0.002815318119998493
-0.003528612748515484
-0.002656986464931943
-0.003129238466477815
0
0
-0.003434406917459232
-0.003328449392420672
-0.0007121920441765802
-0.001641454780681397
-0.0005180747723949641
-0.0004381620499446654
0.0002823136047464793
0.001625231500061346
0
0.0007593815375388393
-0.002294582278217854
-0.002178646603372531
0
-0.00244484945393612
-0.00387572908610036
-0.002555786055737309
-0.003159950299539259
0
-2.260169384088709e-05
0.0008005470320314336
5.42215651414164e-05
0
0.0007675063372418724
-2.635518982975323e-05
0.0004245949007422088
0.0009423250609486044
0.0001944838663970358
0.001215083804281969
0.001120758844530382
0
0
0.001243831853647476
0.0005737880730648225
8.942726774841064e-05
0.001190105190224277
-0.002523918587621187
-0.003759427794789284
0.0009846018084326941
0.0007823215939075508
0
0.001250032822169279
-0.003647149740901747
0
-0.001726392727283848
0
-1.218173634449764e-05
-0.002217479229676547
0
0
-0.002485366480569474
-9.331228651553183e-05
-0.002130134745953139
-0.001473347909441731
-0.001111657796201329
-0.003113017247076233
0
-0.003903094829098955
-0.003567306355369866
-0.004331145273582658
-0.003052758174011001
-0.002889865260526433
-0.003443425395609088
-0.003101947798713464
-0.003196840719520014
-0.003650256881981404
-0.003786089469239631
-0.003873037011550918
-0.00389096164327618
-0.003825846907966777
-0.003880521837231751
-0.003670561980162921
-0.003657084066004405
-0.003810030015304191
-0.003446866172649708
-0.003475456632407514
-0.003868641018358192
-0.003750076245803897
-0.003599589890101473
-0.003969050200288904
-0.003669047100815865
-0.003721782398463064
-0.003801406712442359
-0.003850183013556837
-0.00387312083979631
-0.003814081440053849
0
-0.003966603069767593
-0.002706448080376815
-0.003471366257228566
-0.002595770821170306
-0.00217826458345865
-0.003831095663532369
-0.003586622558607993
-0.003761605840018854
-0.0034813049488379
-0.003742176780043068
-0.003688999031943575
0
-0.003971274113677269
-0.00345548709741005
-0.003710739996127759
-0.003735379561193836
-0.003596661830604308
-0.00380062317542823
-0.003797781985589493
-0.003858569615810268
-0.003844248578945754
-0.003586635323512084
-0.003840451937546472
-0.003692180582195666
-0.003712034388799661
-0.003866803539409703
-0.003717973617229186
-0.003786455823637874
-0.003016576067412325
0
-0.003846711780727994
-0.003866422664254287
-0.003778708172190004
-0.003615522497059397
-0.003531611746799333
-0.003749487932334799
0
-0.003919996036606634
-0.003702592777057861
-0.003660799337486281
-0.003573057501399645
-0.003260498857827965
-0.002766836196306341
0
-0.003874239344119323
-0.003539117962968988
0
0
-0.00384103181422566
-0.003862123377096145
-0.003789996848393887
-0.003745671430239475
-0.003534712068208769
-0.003769532180071169
-0.002836514869985087
-0.003531284132950124
0
-0.003440200872862976
-0.003168514850315283
-0.003911790333522667
-0.003829817762636677
-0.003385473355103766
-0.00352295627456083
-0.00342690924402877
-0.00371026178162464
-0.004158102316762316
-0.00385505094454996
-0.003964817692418516
-0.003076521593941671
-0.003520444421130023
-0.003350196607770784
-0.003138089647162627
0
-0.003424343522516903
0
-0.00348591898476868
0
-0.003149567730636434
0
-0.00329736572530043
-0.003525331106062248
-0.001936260683764378
-0.003404481132630826
-0.001286815095393451
-0.004059025684028625
0
-0.00308528345602817
-0.002837985780626532
-0.003630059973677685
-0.003389045306632777
-0.001935512461973088
-0.003111557650300552
-0.003169035235416818
-0.002080028231257204
-0.001024595348466063
-0.0002656199985632048
-0.000711674765865711
-0.0002142651145025802
-0.003027950862427397
0
-0.004614754573824284
0
-0.004242253954638894
-0.002804094273707616
-0.001552859757716207
-0.002883001551650627
-0.003411258408243672
-0.003031665509099903
-0.001217194000992976
0.0002211167966810851
0.0002015467396568673
0
0.001500593188036934
6.338054115882979e-05
-0.001522720968954587
-0.00188957438687557
-0.002377712294371098
-0.001745781059796848
5.964568800612194e-05
-0.002127815356345182
-0.002070677728586417
-0.0001690144116472464
-0.000170725001237526
-0.002798194555711002
-0.0007061904180873962
-7.219226120404643e-05
-0.0005203733194604409
0
-4.791655485999575e-05
0.001064611051903969
0
0.001190669648696902
0.0007814045042090231
-0.004002671262463293
-0.003835033485388511
-0.003661543549932883
-0.003865825631391435
-0.003805095272226223
-0.003715457432424705
-0.003767300940452197
-0.002854293363832556
-0.001876174593132559
-0.00262536534079283
-0.003718146216558475
-0.001244266960796486
-0.002284188120336145
-0.0006593787783706699
0.0005365683315375467
-0.001147336498559519
0.0009907353586304801
-0.001671427316302107
-0.002357847948832237
4.292524718774836e-06
-0.0002420025134626911
-2.593926072518502e-05
-6.315307550838341e-05
-0.0003661843409207826
-0.0002058058289439914
9.536022790419424e-05
-4.472803252241677e-05
0
-1.609905797845946e-05
0
-0.0002002509524313935
-0.000272571679134495
0.0001241493986483874
0
-0.0002292406132307317
0.0002252512886744514
-0.0001181825549306132
-0.000472269810579149
0.0007639476370323667
2.989900313580399e-05
0.001153857016953403
8.037397777437431e-06
0.0006424700039544698
-1.728037601789105e-05
-7.617358031065137e-05
3.601730893486252e-05
0.000248225068907854
0.0003182240328298912
0.0009892563170825406
0
0.0005249744022126917
0
0.0006789018748136292
0
0.0008476670225051995
0.00147818060626861
0.0008500289650254397
0.001118168916993986
7.67204406898428e-05
0.0009557999241475133
0.001014893906776799
0
0
