0
0
0
0
0
0
0
0
0
-0.002686569469027507
-0.00320355806269117
-0.002341130867111448
0
-0.003779629380351439
-0.002389626667362028
-2.008003143955162e-05
-1.398615988239422e-06
-0.0001728361847358151
0
-0.001604134519580733
-0.001608342382210952
-0.002472896980965201
-0.002865467468617661
-0.002480153346808356
-0.003181032873665971
-0.002553640120294094
-0.001448339930300052
-0.002399561071286469
-0.002001353450356617
-0.002030906714406404
0.0004383217470659139
-0.002886186946785593
-0.001921609985289176
-0.002726313592059548
-0.002646574020348966
-0.0009622194699632354
-1.008345598280486e-05
0
0
-0.002923855999939353
-0.000199371500409346
-0.002499594592227197
-0.003371520428090648
-0.002904936365058222
-0.0006341282040027389
-9.053249668107868e-05
-0.001123413780774113
-0.001007276944356827
-0.001603145674915575
0
-0.0007453232638344307
-0.002430293341278002
-0.002035888177706368
-0.002955521617889159
-0.002819380754986937
-0.003533687202909121
-0.002660694161412933
-0.00313401470806784
0
0
-0.003439710806267573
-0.003333477954687399
-0.0007132682483517387
-0.001643595474918769
-0.0005180747825829873
-0.0004380728233440512
0.000282374265698909
0.001625212207628285
0
0.0007593209227082673
-0.002297243072251019
-0.002182102048708355
0
-0.002447449011751763
-0.003883005725015621
-0.002560387514868998
-0.0031651582901399
0
-2.264045855085188e-05
0.0007998415992359518
5.554578813773382e-05
0
0.0007681047039749891
-2.628956870648788e-05
0.0004246414034314118
0.0009424778763438851
0.0001907884263281613
0.001215285903263803
0.001120958229259555
0
0
0.001243961445448526
0.000573875348567604
8.969132915356103e-05
0.001190272328368414
-0.002524961124371103
-0.003764043768758231
0.0009847545005370454
0.000782208645708317
0
0.001249946626051262
-0.003651952947096079
0
-0.001729626910664343
0
-1.247634140432489e-05
-0.002220132464464673
0
0
-0.002487761694512543
-9.333411159729712e-05
-0.002137737357988716
-0.001475093945365926
-0.001115769847932691
-0.003115918004475569
0
-0.003909047968856849
-0.003575769648159793
-0.004331110170884413
-0.003059658686326
-0.002894296250718049
-0.003449973523869424
-0.003106960022587729
-0.00320328321962933
-0.003657651417985642
-0.003792239807725318
-0.003878943670048472
-0.003896631840010916
-0.00383233695894252
-0.003886237924004788
-0.003676397195857705
-0.003663388145561634
-0.003816136312042711
-0.003452600734829677
-0.003480848737753787
-0.003875150907855535
-0.003755358150832098
-0.003604732753887112
-0.003974378398601321
-0.003674515784904807
-0.003726692444525943
-0.003807139401866464
-0.00385578185783745
-0.003879431282597278
-0.00381905690021265
0
-0.003970963220678535
-0.002713990425122103
-0.003479398782307159
-0.002600063561258446
-0.002182395990830182
-0.003837085084497822
-0.003592477935677139
-0.003767157360999215
-0.003480702658895716
-0.003747913983047906
-0.003696373842207327
0
-0.003975789853663174
-0.003457770029990266
-0.003716532696859692
-0.003741285830500804
-0.003601155571043899
-0.003806915919793272
-0.003804203060169449
-0.003865054264418705
-0.003850371282236254
-0.003590724780501822
-0.003847349152574061
-0.003697734507005632
-0.003717855971609675
-0.003873970444601053
-0.003723034555507135
-0.003793200274245152
-0.00301744540484575
0
-0.003852231326884083
-0.003871824809410042
-0.003782472434407974
-0.003620473569444651
-0.003536557160506191
-0.003753664218844531
0
-0.003926238192892211
-0.003704801292021415
-0.003669199234379764
-0.003577565338581624
-0.003264185411381042
-0.002768363598315673
0
-0.003882317476511081
-0.003537130451009379
0
0
-0.00384809242006084
-0.003868321508913771
-0.003794903413653966
-0.003749979182974638
-0.003536524087945553
-0.003772786288870521
-0.002837541418339916
-0.003531897914645723
0
-0.00344272643583886
-0.003165082596372984
-0.003921519126503583
-0.003835661078515463
-0.003387748882821788
-0.003524101464099084
-0.003421398481863584
-0.003704982625492496
-0.00418887116652326
-0.003875046068186102
-0.003966005058148123
-0.00307805574019858
-0.003521630310774247
-0.003352388292472331
-0.003140150951725704
0
-0.00342642869676571
0
-0.003487334162464646
0
-0.003148483897608051
0
-0.003299980639442541
-0.003527619084064039
-0.001937652228453305
-0.003406798218882713
-0.001287036549134832
-0.00406179700539739
0
-0.003087588862627854
-0.00283940527421379
-0.003634041504997295
-0.003390742857167191
-0.001935436460238984
-0.003113228986750475
-0.003171261105502478
-0.002080195948476325
-0.001024022806994057
-0.0002666116052013343
-0.0007114993438932815
-0.0002142723651316221
-0.003028743391956162
0
-0.004631843458873921
0
-0.004276208065949041
-0.002805348734654003
-0.001553278293439329
-0.002885980285398604
-0.003413629512183488
-0.003033433106763318
-0.001217513146754823
0.0002210632221349554
0.0002008332908629935
0
0.001500929363645893
6.337036937218895e-05
-0.00152317033985047
-0.001890165495148671
-0.002378261735551568
-0.001746034006890903
5.919764036345882e-05
-0.002129079026922696
-0.002071553845973903
-0.0001710875012419082
-0.0001707710940841588
-0.00279843122769536
-0.0007062644380929827
-7.293190724165448e-05
-0.0005203808511406794
0
-4.756218536410683e-05
0.001064786015649065
0
0.001190659318365555
0.0007806647077562052
-0.003992905119583407
-0.003840173518243915
-0.003669762462202672
-0.0038764241530463
-0.003811011165681461
-0.003715442369832855
-0.003770904511394196
-0.002859129899821636
-0.001877607045389871
-0.002628421568006098
-0.003722154600838455
-0.001244889666170867
-0.002285780376368936
-0.0006601827382121371
0.0005360307514211681
-0.001147386094839783
0.0009881341100884612
-0.001671753518282386
-0.002358590505833926
4.310640144039757e-06
-0.0002418158524165396
-2.596748253369675e-05
-6.320304567233376e-05
-0.0003660842420734377
-0.0002063027017588638
9.539829508599173e-05
-4.473056086238473e-05
0
-1.607372651669252e-05
0
-0.0002001807264356049
-0.000272559941662196
0.0001241363651738669
0
-0.0002290900152776242
0.0002252276827106603
-0.0001183068879059285
-0.0004728797254192505
0.0007611563983716356
2.996066818089265e-05
0.001153902856796151
8.083155270038167e-06
0.0006422547524889823
-1.729953053853398e-05
-7.594568052633238e-05
3.58495106104348e-05
0.0002478241597599863
0.0003182644950251925
0.0009893545444852267
0
0.0005245366150404608
0
0.0006788333473363762
0
0.0008474086355141302
0.001478333334642205
0.0008500467219644717
0.001118107553746532
7.652534328918215e-05
0.0009560753580786564
0.001014611669250568
0
0
