0
0
0
0
0
0
0
0
0
-0.002685628656273321
-0.003203507573924866
-0.002341089249134562
0
-0.003778710471075058
-0.002387301029141504
-2.007329480282569e-05
-7.015191430654813e-07
-0.0001723519168026783
0
-0.001603101841147575
-0.001608225055862552
-0.002472419134835136
-0.002865467079141122
-0.002479826012475369
-0.003179671191310241
-0.00255384559999633
-0.001448337244106228
-0.002399164939678329
-0.002001121668588379
-0.00203069553827038
0.0004382464935804527
-0.002885120371209725
-0.001921275705169372
-0.002725452362506745
-0.002645627238981808
-0.0009622231734713059
-1.008415347192434e-05
0
0
-0.0029227646245008
-0.0001993212465892008
-0.002498896666125778
-0.00337010735982635
-0.002903821786579901
-0.0006340253170756995
-9.028426842027042e-05
-0.001123185106029758
-0.001007158146011643
-0.001602805435854933
0
-0.0007448853228297261
-0.002429560057279477
-0.002035220734844097
-0.002954349470310928
-0.002818261331854361
-0.003532303994747217
-0.0026596660102581
-0.003132703121753201
0
0
-0.003438294280542537
-0.003332095061429916
-0.0007129672534779878
-0.001643002113120164
-0.0005180747806691376
-0.0004380972075807384
0.0002823470996572354
0.001625216862258262
0
0.0007593356965557209
-0.002296503315689384
-0.00218107475131145
0
-0.002446693238136203
-0.003881046082790237
-0.002559141090014008
-0.003163744054682919
0
-2.263825102418097e-05
0.0008000215864425251
5.518637618788194e-05
0
0.0007679379902931731
-2.630729916173737e-05
0.0004246187859141922
0.0009424218483637231
0.0001917873155216534
0.001215216154567095
0.001120909843250984
0
0
0.001243918017980763
0.0005738467205412658
8.961928683686078e-05
0.001190213456477191
-0.002524664087651815
-0.003762804958641143
0.0009847026857473724
0.0007822311750471554
0
0.001249959640403576
-0.003650638947851523
0
-0.001728691115388891
0
-1.238271652606942e-05
-0.002219364384801665
0
0
-0.002487101640447839
-9.332801224464109e-05
-0.002135606873079741
-0.001474539568478488
-0.001114612171701054
-0.003115067389514226
0
-0.003907465250685269
-0.003573477662055538
-0.00433113290587427
-0.00305768986722526
-0.002893001404543666
-0.003448107826499691
-0.0031055195298605
-0.00320143670496221
-0.003655614994724815
-0.003790532422432602
-0.003877368881439335
-0.003895136543616232
-0.003830578990436539
-0.003884724786201091
-0.003674763248560411
-0.003661615127517184
-0.003814414549180562
-0.00345098484710881
-0.003479345333260072
-0.00387342643955046
-0.003753913636227989
-0.003603317831466445
-0.003973237559767026
-0.003672998251510579
-0.003725357925159603
-0.003805539869388181
-0.003854295872952931
-0.003877763453981008
-0.003817729997596257
0
-0.00396981467363613
-0.002711863080813148
-0.003477191626433844
-0.00259879042070591
-0.002181177364339235
-0.003835431416600671
-0.003590943222678898
-0.003765619885154781
-0.003480850991886519
-0.003746357295068807
-0.003694385443123592
0
-0.003974519546130099
-0.0034571087234704
-0.003714924911505396
-0.003739650648120758
-0.003599894941257923
-0.003805173108889782
-0.003802436136148889
-0.003863295732737979
-0.003848682844149593
-0.003589571997146168
-0.003845475551633317
-0.003696169391541118
-0.003716240442501448
-0.00387203811728199
-0.003721662555136193
-0.003791355702393813
-0.003017186372995532
0
-0.003850761632775015
-0.003870387461694655
-0.003781501036965548
-0.003619145298794136
-0.003535242506195902
-0.003752536823732277
0
-0.003924548085264577
-0.003704249534937544
-0.00366693087599677
-0.003576297061713854
-0.003263047701351377
-0.00276775640140525
0
-0.003880127699615172
-0.00353770255483807
0
0
-0.00384619372054595
-0.00386666801692863
-0.003793605030549473
-0.003748842566425276
-0.003536005427524656
-0.003771942177526576
-0.00283726009764482
-0.003531730637275938
0
-0.003442036433800235
-0.003166028648985651
-0.003918859287974603
-0.003834080900596071
-0.003387115592549787
-0.003523806546263419
-0.003422914123375692
-0.003706329558602915
-0.00418038650934763
-0.003869738971032413
-0.00396568939626795
-0.003077639975724865
-0.003521324421949669
-0.003351793075287444
-0.003139590295464477
0
-0.003425861872435139
0
-0.003486950317858893
0
-0.003148808709298558
0
-0.00329917855051372
-0.003526977920485671
-0.001937274138163522
-0.003406155395615486
-0.00128700120023751
-0.00406100951113967
0
-0.003086945745799419
-0.002839033618448359
-0.003632922348640794
-0.003390251713819751
-0.001935351646421311
-0.003112693406467352
-0.003170552003179213
-0.002079979023038852
-0.001023944690040434
-0.0002663422353575128
-0.0007114385846812307
-0.0002142705112902662
-0.003028472884724974
0
-0.004627234240496114
0
-0.004266766949858087
-0.002805021342702213
-0.001553188744978086
-0.002885172614298576
-0.003412979360673906
-0.003032961361235415
-0.00121742527845467
0.0002210872027317929
0.0002010295764550872
0
0.001500837892258766
6.337051520893569e-05
-0.001523048685295017
-0.001890029596548166
-0.002378099619772363
-0.001745921078864571
5.931650806636791e-05
-0.002128743685650995
-0.002071335505110746
-0.0001705249275678598
-0.0001707617304763341
-0.002798326672849199
-0.0007062446096780407
-7.273635671789852e-05
-0.0005203788710177168
0
-4.765618576547492e-05
0.001064729072521678
0
0.001190648923996802
0.0007808870682126529
-0.003995626901915419
-0.003838785523615147
-0.00366744751988961
-0.003873675815258326
-0.003809326287924867
-0.003715446251080432
-0.003769682846812132
-0.002857825138109989
-0.001876876734504715
-0.002627183891492241
-0.003721094354327185
-0.00124471486686505
-0.002285345752321834
-0.000659960764595604
0.000536179517286848
-0.001147372808228854
0.0009888860456954041
-0.001671677757254752
-0.002358403831696567
4.305304221853141e-06
-0.0002418861836411839
-2.595968031618517e-05
-6.319104780140938e-05
-0.0003661338093211932
-0.0002061680718747414
9.539111422388771e-05
-4.47349462086884e-05
0
-1.607975424869319e-05
0
-0.0002001995352121365
-0.0002725631029650468
0.0001241393230358134
0
-0.0002291536931736896
0.000225233403848465
-0.0001182713751327011
-0.0004727142106528513
0.0007619091629707573
2.994451632196369e-05
0.001153889609960978
8.070420729774034e-06
0.0006423167580224097
-1.729206310997977e-05
-7.600530381867894e-05
3.589867324457736e-05
0.0002479340581015423
0.0003182536601579792
0.0009893297375094198
0
0.000524652383650637
0
0.0006788524936747873
0
0.000847476886545835
0.001478296952479079
0.0008500546778420788
0.001118125628817703
7.658117850327777e-05
0.0009560002871994689
0.001014686970940866
0
0
