0
0
0
0
0
0
0
0
0
-0.002682461782919237
-0.003203309163517438
-0.002340931073531111
0
-0.003775278396267214
-0.002378666800019207
-2.007025009849083e-05
1.856710815120958e-06
-0.0001706741620759506
0
-0.001599507143491846
-0.001607805204781052
-0.002470748240355576
-0.002865465451691262
-0.002478717780175714
-0.003174852974685856
-0.00255459200952963
-0.001448326737526952
-0.00239781781729207
-0.002000346009428275
-0.002029987842577977
0.0004379660439097274
-0.002881440630884406
-0.001920143058402107
-0.002722504710691154
-0.002642258259637235
-0.0009622366559127895
-1.008658190328839e-05
0
0
-0.002918942235746134
-0.0001991316523647286
-0.002496493666242409
-0.003364981671292483
-0.002899872218796017
-0.0006336425431839964
-8.936040185861705e-05
-0.001122323691300649
-0.001006758144958201
-0.001601646501543502
0
-0.0007432647258653833
-0.002426991246211864
-0.002032842253651287
-0.002950111628598334
-0.002814166280280536
-0.003527173615068509
-0.002655944019824298
-0.003127881871905699
0
0
-0.00343286726257185
-0.003327030090152807
-0.0007118981198076778
-0.001640855107848099
-0.0005180747691192762
-0.0004381866719666331
0.0002823034136149301
0.001625236872979496
0
0.0007593965540372119
-0.002293854283637019
-0.002177739037461062
0
-0.002444157799385963
-0.003873654116491763
-0.002554468170924753
-0.003158499491503874
0
-2.25844000957671e-05
0.0008007517936739932
5.385237941995339e-05
0
0.0007673397448564267
-2.637361546384093e-05
0.0004245904537700545
0.0009422945132962302
0.0001955216889257846
0.001215036877111249
0.001120690647302115
0
0
0.001243800775798535
0.0005737640222076113
8.935378660924353e-05
0.001190066802364735
-0.002523655282326205
-0.003758094749673173
0.0009845656714006091
0.0007823595975504529
0
0.001250055817567565
-0.00364577979955542
0
-0.001725522722584043
0
-1.211333852734642e-05
-0.002216770857328946
0
0
-0.002484692450203304
-9.330591534794433e-05
-0.002128193912322971
-0.001472944393911503
-0.001110628056392451
-0.00311228744670532
0
-0.003901429592484766
-0.003565092860410243
-0.004331146586536763
-0.003050925528910702
-0.002888664802359647
-0.003441671552767764
-0.003100575774954105
-0.003195116599885941
-0.003648273190410924
-0.003784198296240669
-0.003871317238697086
-0.003889322340866758
-0.003824054396576808
-0.003878857049065027
-0.003668963199086118
-0.003655375863684909
-0.003808338262924289
-0.00344529644910468
-0.00347396111641904
-0.003866731145074777
-0.003748585177528505
-0.003598144962011755
-0.003967397561166225
-0.003667525702335154
-0.003720385555986837
-0.003799803515795407
-0.003848569983002344
-0.00387129390297377
-0.003812648473808408
0
-0.003965283333434933
-0.002704473777405752
-0.003469227982035369
-0.002594635414774799
-0.002177209374054002
-0.00382927572126574
-0.003584571275095234
-0.003759832715329515
-0.003481499016866969
-0.003740374766959914
-0.003686746580378237
0
-0.003969948436794029
-0.003454694448730629
-0.003708978147536623
-0.003733579808751351
-0.003595298819008915
-0.003798728987393459
-0.003795868952548439
-0.003856671651953184
-0.00384242652181511
-0.00358536139640294
-0.003838443182743518
-0.003690511039156208
-0.003710286611621289
-0.003864743248210368
-0.003716406631903216
-0.003784480108000899
-0.003016198371613104
0
-0.003845117364730198
-0.003864855753440892
-0.003777580609391374
-0.00361409206268117
-0.003530175639391776
-0.003748277377536967
0
-0.003918197670754163
-0.003701713323715839
-0.003658438591768157
-0.003571675039922883
-0.003259398753617949
-0.002766382324167281
0
-0.003871959101404965
-0.003539297480700516
0
0
-0.003838970686668404
-0.003860346102731296
-0.00378854106113059
-0.003744292184618393
-0.003533992108982704
-0.003768426667098751
-0.002836105030434875
-0.003530840994697539
0
-0.003439329471422651
-0.003169154476306733
-0.003909163772952696
-0.003828100189064937
-0.003384685034262928
-0.003522384986987649
-0.003428052252033308
-0.003711905794622087
-0.004149754278912779
-0.003849252200172697
-0.003964475593020511
-0.003075954986387226
-0.003519856853681616
-0.003349422808839006
-0.003137387441149335
0
-0.003423580186423941
0
-0.00348530584803104
0
-0.003149640981653777
0
-0.003296554749434138
-0.003524503102344316
-0.001935817290611623
-0.003403653352061733
-0.001286713189230686
-0.00405805569347691
0
-0.003084510297760914
-0.002837473468136684
-0.003628789382149719
-0.00338840426452967
-0.001935475476364901
-0.003111001524853613
-0.003168348786078954
-0.00207993998690726
-0.001024741377877869
-0.0002653439068764705
-0.0007117177251060547
-0.0002142628420608761
-0.00302761301183328
0
-0.004609938984506582
0
-0.004234741742344215
-0.00280362656109343
-0.001552700650109078
-0.002882169896699279
-0.003410431357375115
-0.0030310418667471
-0.00121706228231466
0.0002211325762126028
0.0002017388329168395
0
0.001500499998375911
6.338455686271766e-05
-0.001522595038100191
-0.00188934207621014
-0.002377461721633788
-0.001745644279700312
5.977142957937773e-05
-0.002127403428478951
-0.002070374785829183
-0.0001684359153511152
-0.0001707156554898705
-0.00279801044428839
-0.0007061696047541581
-7.199897524421595e-05
-0.0005203734544655705
0
-4.800059509685474e-05
0.001064542942169613
0
0.001190680608447301
0.0007815903336586633
-0.004003694552622845
-0.003833287362009376
-0.003659382549351122
-0.00386264119173186
-0.003803280683902112
-0.003715463687664973
-0.003766356930746288
-0.002852930584144417
-0.001875756291529145
-0.00262452415095193
-0.003716881961931711
-0.001244090250191419
-0.002283681424042077
-0.0006591398368977629
0.0005367330515443239
-0.001147322273770666
0.0009915272949799342
-0.001671275122141917
-0.002357545831456888
4.28698011567983e-06
-0.0002420617024020514
-2.59314342348287e-05
-6.312576598266647e-05
-0.0003662284093943945
-0.0002056669249667225
9.534976128470834e-05
-4.472564812786677e-05
0
-1.609575275468115e-05
0
-0.0002002710062728833
-0.000272568887489579
0.0001241521410466099
0
-0.0002292971205209324
0.0002252587664553179
-0.0001181435554349172
-0.0004720997088102647
0.0007647347880159307
2.988048727916676e-05
0.001153843534862681
8.026345076610059e-06
0.0006425292418198685
-1.726953111099001e-05
-7.622419766437108e-05
3.606328839685416e-05
0.0002483370657518423
0.0003182125429658827
0.0009892338619111676
0
0.000525099970278233
0
0.0006789196495285872
0
0.0008477399856710135
0.001478136623132936
0.0008500256289176817
0.001118185674739528
7.677365068096608e-05
0.0009557243534573512
0.001014973212634951
0
0
