0
0
0
0
0
0
0
0
0
-0.002686253914654756
-0.003203540982182462
-0.002341116714607852
0
-0.00377931605904917
-0.00238883293025484
-2.00778022847104e-05
-1.154535545334516e-06
-0.0001726740159038614
0
-0.001603788399055012
-0.001608302429126049
-0.002472739691569224
-0.002865467338050203
-0.002480047808359418
-0.00318057572621507
-0.002553711607167231
-0.001448339020587133
-0.002399431779018968
-0.002001278786544395
-0.00203083787150548
0.0004382960782213035
-0.00288582931053747
-0.001921500275341348
-0.002726025640434709
-0.002646256809694992
-0.0009622207377259415
-1.008369573355854e-05
0
0
-0.002923490064166348
-0.0001993543643126018
-0.002499361724777144
-0.003371046184778744
-0.002904562391229069
-0.0006340931006439458
-9.044781070410942e-05
-0.00112333591566793
-0.001007236848362843
-0.001603033338494458
0
-0.0007451737330180006
-0.002430048516214703
-0.002035665007648894
-0.002955128741298595
-0.002819005731289822
-0.00353322390014595
-0.00266034987362854
-0.003133575929326122
0
0
-0.003439237858026591
-0.003333015001576888
-0.000713167370806912
-0.001643397305189773
-0.0005180747818301
-0.0004380811668228962
0.0002823642876476708
0.001625213761578546
0
0.0007593251754849839
-0.00229699685155295
-0.002181756340027347
0
-0.002447196545346307
-0.003882344026767119
-0.002559967178739121
-0.003164675558237692
0
-2.264031765246588e-05
0.0007999050782463817
5.542312294803252e-05
0
0.0007680492322779966
-2.629561249433923e-05
0.0004246354201718756
0.0009424622032410626
0.0001911290015624293
0.001215265300929568
0.001120941325563778
0
0
0.00124394951932334
0.0005738650193584636
8.966756819933735e-05
0.001190255443811705
-0.002524865860201047
-0.003763631956714441
0.0009847396335646165
0.0007822186361632472
0
0.001249951520257613
-0.003651513422036812
0
-0.00172931307557339
0
-1.244444719167421e-05
-0.002219875811297924
0
0
-0.002487538911714407
-9.333198407505534e-05
-0.002137000065664627
-0.001474905349931006
-0.00111536249215598
-0.003115628478159448
0
-0.003908511861939828
-0.003574982854976463
-0.004331119399446351
-0.003058995762623915
-0.002893860204864992
-0.003449344308006279
-0.003106475227373772
-0.003202661875338845
-0.003656962231224515
-0.003791669229330384
-0.00387841102986011
-0.003896126593498153
-0.003831740506874346
-0.003885727905132003
-0.0036758450291163
-0.003662788938306177
-0.003815557284305516
-0.003452055861654632
-0.003480342626111401
-0.003874572338897676
-0.003754873754161404
-0.00360425727634477
-0.003973991756949923
-0.003674004154915119
-0.003726245966787016
-0.003806602544601995
-0.003855283038266461
-0.003878871310900665
-0.003818614695397459
0
-0.003970576807728301
-0.002713268848226167
-0.003478652683162895
-0.002599634516856134
-0.002181983368608377
-0.003836530574965541
-0.003591969772270246
-0.003766646753787847
-0.003480753071792148
-0.003747406247712561
-0.003695715917575876
0
-0.003975383060679944
-0.003457554493284355
-0.003716000625757486
-0.003740743813134155
-0.003600748067527943
-0.003806333265429761
-0.003803612578411754
-0.003864462967934768
-0.003849805273838186
-0.003590348860835682
-0.003846719729121983
-0.00369721435424345
-0.003717320051629658
-0.003873319498651151
-0.003722585456530469
-0.003792584187253247
-0.003017359933470256
0
-0.003851739753816662
-0.003871341637303255
-0.003782155568714612
-0.003620029788019495
-0.003536116661978393
-0.003753291435530272
0
-0.003925674253867707
-0.00370463348091974
-0.003668426290792859
-0.003577157431620505
-0.003263852567280697
-0.002768220376002181
0
-0.003881576767812735
-0.003537342590372018
0
0
-0.003847457842593485
-0.003867764601524529
-0.003794474108294025
-0.003749606526342604
-0.003536352030071589
-0.003772507784063283
-0.002837441314245339
-0.003531850649668315
0
-0.003442494537152777
-0.003165416161593531
-0.00392061662127496
-0.003835123655414479
-0.003387536945642716
-0.003524011813339526
-0.003421927321138375
-0.003705427775165607
-0.00418596399926321
-0.003873243661491823
-0.003965897863408413
-0.003077910979469077
-0.003521537024116602
-0.003352187695307411
-0.003139961619172851
0
-0.003426242352673622
0
-0.003487216398382154
0
-0.003148598011736229
0
-0.003299741098045728
-0.00352741818236649
-0.0019375171588157
-0.003406593477433624
-0.001287013623687301
-0.004061552055703541
0
-0.003087378830278512
-0.002839271600683407
-0.003633670890110414
-0.003390583197985376
-0.001935435508502077
-0.00311307203821321
-0.003171055449628447
-0.002080175521952931
-0.001024076936388454
-0.0002665196495517708
-0.0007115048127305011
-0.0002142717322191968
-0.003028665232804607
0
-0.004630272727179723
0
-0.004272982307769574
-0.002805229430639255
-0.001553236743309975
-0.002885704687081766
-0.003413416630262059
-0.003033269886003944
-0.001217480550815842
0.0002210624391081717
0.0002009167980848838
0
0.00150089814138133
6.337025880696365e-05
-0.0015231288389737
-0.001890106999857072
-0.002378205463070472
-0.001746005121264157
5.923740321866221e-05
-0.002128957764839996
-0.002071469679072924
-0.0001708954976216689
-0.0001707661543348597
-0.002798403123067545
-0.0007062576958095863
-7.28805648511034e-05
-0.0005203801906621567
0
-4.757747186428317e-05
0.001064738009936204
0
0.001190659055271973
0.0007807393085764448
-0.003993826205834724
-0.003839717774907263
-0.003668979098561761
-0.003875496061020512
-0.003810444586395051
-0.003715443672695438
-0.00377049076714328
-0.002858685249374241
-0.001877486790230009
-0.002628148734352741
-0.003721795229488074
-0.001244825414440142
-0.002285628930417793
-0.0006600967738232586
0.0005360766236289136
-0.001147381576307028
0.0009883986712192051
-0.001671719287479441
-0.002358517099686317
4.308626298199118e-06
-0.0002418333691048573
-2.59648100067243e-05
-6.318683188036566e-05
-0.0003660919566355262
-0.0002062567750005985
9.539260780026972e-05
-4.47255206253139e-05
0
-1.607534915171937e-05
0
-0.0002001871287981701
-0.0002725540723695303
0.0001241298664214549
0
-0.0002291023766541893
0.0002252212274912043
-0.0001182952454121712
-0.000472823237690041
0.0007614129330865464
2.995130650955824e-05
0.001153888430113101
8.076185351614003e-06
0.0006422684545055904
-1.729950878674179e-05
-7.596749877887375e-05
3.586127461737683e-05
0.0002478590500857969
0.000318260804846675
0.0009893456247659432
0
0.0005245763319378013
0
0.0006788304693455774
0
0.0008474290108958982
0.001478308945102566
0.0008500406768156511
0.001118105915759897
7.653758166439165e-05
0.0009560474963699225
0.001014635440617105
0
0
