0
0
0
0
0
0
0
0
0
-0.002682126692609404
-0.003203287388974887
-0.002340914171153208
0
-0.003774916733991574
-0.002377761353110327
-2.007003158044441e-05
2.126417182059336e-06
-0.000170503826641551
0
-0.001599128372162082
-0.001607761940914259
-0.002470573063925531
-0.002865465264861005
-0.002478602370165949
-0.003174336942556957
-0.002554669045401364
-0.001448325588703511
-0.00239767756567562
-0.002000266650707685
-0.002029914381487373
0.0004379365268597396
-0.002881049398103648
-0.001920026333388253
-0.002722193223952312
-0.002641898677622518
-0.0009622380262883627
-1.00868193991701e-05
0
0
-0.002918535128755503
-0.0001991114642874322
-0.00249624026637155
-0.00336443265876776
-0.0028994504404385
-0.0006336023473814024
-8.926331807890279e-05
-0.001122232171365254
-0.001006716827838946
-0.001601527091720692
0
-0.0007430952724330188
-0.002426719428941664
-0.002032589914799526
-0.002949657495433206
-0.002813726276488884
-0.003526622590361277
-0.002655546260068526
-0.003127362041216677
0
0
-0.003432279406486959
-0.003326484712869476
-0.0007117858927211871
-0.001640626231514636
-0.0005180747678663093
-0.0004381959581617964
0.0002822994961871691
0.001625238932193657
0
0.0007594014291828132
-0.002293575266710271
-0.002177386159379742
0
-0.002443891001668641
-0.003872878458682865
-0.002553964260384198
-0.003157950141651179
0
-2.257698131898471e-05
0.0008008305208613135
5.371254343084777e-05
0
0.0007672769851112604
-2.638060917436293e-05
0.0004245902927906376
0.0009422853334796271
0.0001959157292809588
0.001215021510445179
0.001120664193798441
0
0
0.001243790037657314
0.0005737528563648324
8.932488969551346e-05
0.001190055759187013
-0.002523549857041433
-0.003757594963137397
0.000984555062445647
0.0007823771119212316
0
0.001250064182244757
-0.003645260970749609
0
-0.001725188486430957
0
-1.208603087400247e-05
-0.002216498112583873
0
0
-0.002484435662660902
-9.330358267868971e-05
-0.002127421555196734
-0.001472779115461196
-0.001110211866130556
-0.003112009599656634
0
-0.003900789855867493
-0.003564235921880943
-0.004331148700612795
-0.003050217227166258
-0.002888201397554788
-0.003441000501910847
-0.00310004831479505
-0.003194454043870166
-0.003647509861902205
-0.003783503325147281
-0.003870662640379933
-0.00388869636844107
-0.003823370689345261
-0.003878230041503985
-0.003668357214800872
-0.00365472621762411
-0.003807706291367031
-0.003444698078302426
-0.003473391758147913
-0.003866018261431231
-0.003748027151569802
-0.003597596412160127
-0.003966771264491172
-0.003666951735685951
-0.003719860982299326
-0.00379920358924259
-0.003847965398804274
-0.003870610358962964
-0.003812112432996479
0
-0.003964788623008555
-0.002703701436171212
-0.003468402010197165
-0.002594193884125706
-0.002176792807905439
-0.003828603447176551
-0.003583795868116451
-0.003759185317070672
-0.003481577823296597
-0.003739701939028371
-0.003685909362090016
0
-0.003969476752925733
-0.003454421093424722
-0.003708330738198178
-0.003732921314058342
-0.003594805944057937
-0.003798028698757883
-0.003795161418907498
-0.003855964405912898
-0.00384175285919407
-0.003584901386136435
-0.003837695769326636
-0.003689899251461776
-0.003709642950499298
-0.003863974417153189
-0.003715827501485504
-0.003783747486602197
-0.003016080870328606
0
-0.003844521955167442
-0.003864273786097494
-0.003777163530491831
-0.003613549138292902
-0.003529627682034452
-0.003747824774904554
0
-0.003917509640134174
-0.003701392925318482
-0.003657542569908819
-0.003571172638629414
-0.003258987008844466
-0.002766206330055643
0
-0.003871107200537537
-0.003539398756303169
0
0
-0.003838202348811554
-0.003859682275986708
-0.003787993252326831
-0.003743777790858023
-0.00353375066083876
-0.003768026911569627
-0.002835974120663539
-0.003530704098384416
0
-0.003439027626961941
-0.00316943814286742
-0.003908178490522983
-0.003827464219125358
-0.003384415265150939
-0.00352219527901782
-0.00342852553540039
-0.003712557467863288
-0.004146616178094912
-0.003847026766073421
-0.003964345031190718
-0.003075767707925323
-0.003519662745182733
-0.00334915796437776
-0.003137143414698299
0
-0.003423317594867193
0
-0.00348509758164479
0
-0.003149700625018519
0
-0.00329625310871354
-0.003524210910152723
-0.001935660259232225
-0.003403362932073663
-0.001286683136188247
-0.004057709542123773
0
-0.003084236901957142
-0.002837301884796365
-0.003628330753399049
-0.003388191114428112
-0.001935465698094409
-0.003110805762059188
-0.003168097036190336
-0.002079907225654798
-0.001024788840020796
-0.0002652393702787936
-0.0007117128172491092
-0.0002142619448738858
-0.003027504369059614
0
-0.004608109491038604
0
-0.004231904053028625
-0.002803472463288783
-0.001552649713706109
-0.002881854789305266
-0.003410141201713796
-0.00303082893005386
-0.001217020103483037
0.0002211326338152443
0.0002018437117109043
0
0.001500464774927713
6.33861682205625e-05
-0.001522547266111931
-0.001889268623016592
-0.002377385118394281
-0.001745602156465102
5.981724062479171e-05
-0.002127259474718899
-0.002070272260057431
-0.0001682168372820311
-0.0001707131076167537
-0.002797961104870924
-0.0007061616294995647
-7.192021221959109e-05
-0.0005203734993971494
0
-4.803951607988867e-05
0.001064518789729684
0
0.001190687985242981
0.0007816625261517265
-0.004004101265887876
-0.003832644305985821
-0.003658574454397435
-0.003861409338831914
-0.003802620365323604
-0.003715466072057775
-0.003765988248915471
-0.002852412849997241
-0.001875595073778241
-0.002624201821532745
-0.00371641899709579
-0.001244027629890058
-0.00228350128110341
-0.000659052791056797
0.0005367907703360703
-0.00114731682872822
0.0009918233699275488
-0.001671229975165211
-0.002357450814124187
4.284026853165227e-06
-0.0002420827727574067
-2.59284646289123e-05
-6.311840911250787e-05
-0.0003662391908724323
-0.0002056143047040442
9.534338384178588e-05
-4.472396700673438e-05
0
-1.61013027574314e-05
0
-0.0002002786652478445
-0.0002725655437617056
0.0001241477827024736
0
-0.0002293131786327549
0.0002252539639281928
-0.0001181338919871567
-0.0004720352728653351
0.0007650338942430287
2.986956468513012e-05
0.001153829109376885
8.018063512267643e-06
0.0006425449728656629
-1.727142936167357e-05
-7.625496574042512e-05
3.607738481140365e-05
0.0002483755786282741
0.0003182081750233761
0.0009892151922916946
0
0.0005251414408312181
0
0.0006789189757809192
0
0.000847761080224654
0.001478108975248354
0.0008500179097619514
0.001118183778388235
7.678920192322791e-05
0.0009556914931808466
0.001014998009480561
0
0
