0
0
0
0
0
0
0
0
0
-0.002684875182745285
-0.00320346356044008
-0.002341053479718936
0
-0.003777926476395146
-0.002385321872229766
-2.007052808406949e-05
-1.140891275112557e-07
-0.0001719498308353791
0
-0.001602264013971385
-0.001608124886859009
-0.002472022655362457
-0.002865466730622226
-0.002479551187550983
-0.003178562607549925
-0.002554015780772715
-0.001448334908679717
-0.002398834389083321
-0.00200092607977205
-0.002030518407923717
0.0004381823708866881
-0.002884257522208214
-0.001920998784419427
-0.002724753029577567
-0.002644848407742454
-0.000962226299978983
-1.008473568687406e-05
0
0
-0.002921874354917256
-0.0001992783744837277
-0.002498325722865628
-0.003368940925724697
-0.002902908119693813
-0.0006339376789956199
-9.007281322908286e-05
-0.001122989442278918
-0.001007064968857302
-0.001602526045348649
0
-0.0007445130812820654
-0.002428957619994358
-0.002034671524862736
-0.002953381148492915
-0.002817335507390027
-0.003531152761834993
-0.002658818261540601
-0.003131614812080912
0
0
-0.003437091861624657
-0.003330946922506393
-0.0007127189241536904
-0.00164251334407736
-0.0005180747781288772
-0.0004381177997017519
0.0002823383423402558
0.001625221065984914
0
0.0007593517045971282
-0.00229588792772912
-0.002180272358571463
0
-0.002446085151095096
-0.00387935852221354
-0.00255809243201286
-0.003162541024772575
0
-2.2626490457427e-05
0.0008001934615154856
5.488052839501253e-05
0
0.000767805868576283
-2.632243883943481e-05
0.000424612086481838
0.0009423955360116458
0.0001926397055152698
0.001215182009339194
0.001120876263633027
0
0
0.001243900434731657
0.0005738363211162266
8.956404583536865e-05
0.001190185399533974
-0.002524415472662992
-0.003761758162295886
0.000984675248553042
0.0007822613485422643
0
0.001249996903483621
-0.003649558250223941
0
-0.001727942181195408
0
-1.23113933810453e-05
-0.002218745740302606
0
0
-0.002486555233201395
-9.332312866315179e-05
-0.002133851677109937
-0.001474123308792479
-0.00111366055840312
-0.003114338216942861
0
-0.003906083422373605
-0.003571506253833699
-0.004331142957584
-0.003056116186565464
-0.002891982240445462
-0.003446624618424297
-0.003104372122796648
-0.003199972774435241
-0.003653921939956497
-0.003789123908688232
-0.003876001463585728
-0.003893822919182147
-0.00382908976106812
-0.003883397768445336
-0.003673439291690392
-0.003660186467318407
-0.003813035712566318
-0.00344968043973291
-0.003478117191799311
-0.003871914057809874
-0.003752714638293462
-0.003602150228886495
-0.003971927191244013
-0.003671757930543727
-0.003724245992256949
-0.003804241215011577
-0.003853003936478092
-0.003876299330021266
-0.003816593271364365
0
-0.003968813251724524
-0.002710130209847693
-0.003475340683547927
-0.002597799935154287
-0.002180218016291107
-0.003834057956826995
-0.003589634373182644
-0.003764353763023402
-0.003480986959045849
-0.003745049181568419
-0.003692690468435382
0
-0.003973487112838907
-0.003456618678326505
-0.003713597957243102
-0.003738293599357058
-0.003598872384104735
-0.003803731515932458
-0.00380096054622644
-0.003861798939571053
-0.003847277429760767
-0.003588648154132366
-0.003843881941717461
-0.003694898097589829
-0.003714906797117134
-0.003870376589127211
-0.00372050712277634
-0.003789801109061179
-0.003017033959842658
0
-0.00384949119964577
-0.003869142550075276
-0.003780644079511898
-0.003618026476573168
-0.003534120211139051
-0.003751597770145251
0
-0.003923131689886803
-0.003703762125143933
-0.003664992795201791
-0.003575282306364563
-0.003262324481367474
-0.002767605467755578
0
-0.003878256494037596
-0.003538210914122934
0
0
-0.003844563935228521
-0.003865235093578858
-0.003792491947579441
-0.003747861096402184
-0.003535625678358533
-0.003771205461710095
-0.002837054889361308
-0.003531629182359098
0
-0.003441477232107008
-0.003166852225533953
-0.003916594414641043
-0.003832735051507047
-0.00338661872457261
-0.003523571840102009
-0.003424229501218554
-0.003707573741334829
-0.004173244861037559
-0.00386515525141693
-0.00396541669171956
-0.003077311572126807
-0.003521084444505212
-0.003351309876908823
-0.003139130845939788
0
-0.003425404054441672
0
-0.003486648222297935
0
-0.003149080084259283
0
-0.003298597098822188
-0.003526472686113755
-0.001936958216224481
-0.003405645241154562
-0.001286951771596133
-0.004060395681755305
0
-0.003086433926956223
-0.002838719811065927
-0.003632029257309297
-0.003389899268170789
-0.001935514387921444
-0.003112388109648417
-0.00317013812407088
-0.002080149831507954
-0.001024380342368953
-0.0002661131480540702
-0.000711654020647187
-0.0002142688861172408
-0.003028357053939071
0
-0.004623295277204717
0
-0.004258756860216413
-0.002804747891682433
-0.001553093041837798
-0.002884484829858059
-0.00341245300213724
-0.00303256872729115
-0.001217374232058486
0.0002210938434773022
0.0002011619400552031
0
0.001500760224498659
6.337365273869452e-05
-0.001522945012252349
-0.001889897424207681
-0.002378015445115894
-0.001745936002886665
5.942491150260215e-05
-0.002128456206461399
-0.002071136850861668
-0.0001700462463747905
-0.0001707482936737277
-0.002798339694952798
-0.0007062273215348845
-7.256968542949703e-05
-0.0005203771308405701
0
-4.773344505213458e-05
0.001064683077957823
0
0.001190661725148259
0.0007810620403336346
-0.003998005169327064
-0.003837617794080754
-0.003665543591518509
-0.00387126155429211
-0.003807973950132106
-0.003715449627786359
-0.003768945656713348
-0.002856710146983314
-0.00187689896720139
-0.00262683468355779
-0.003720178636430777
-0.001244575182598811
-0.002284983135678085
-0.0006597786102312683
0.0005363039940019926
-0.001147361404932488
0.0009894613709706822
-0.001671619034076947
-0.002358248805115764
4.301566123290086e-06
-0.0002419264388640265
-2.5953154076754e-05
-6.317231487460763e-05
-0.0003661516707109171
-0.0002060534089484554
9.537969563191125e-05
-4.472941232384088e-05
0
-1.60820420909091e-05
0
-0.0002002156801840974
-0.0002725639005386647
0.0001241400553027168
0
-0.000229181682638971
0.0002252382086003983
-0.0001182410090151327
-0.0004725733525124193
0.0007625525687120933
2.992916318242396e-05
0.001153878962698693
8.060297689820141e-06
0.0006423624565092107
-1.728699565911819e-05
-7.605319230263936e-05
3.593333477375663e-05
0.0002480260346795383
0.0003182443417162767
0.0009893124459354069
0
0.0005247580131408813
0
0.0006788654305475654
0
0.0008475385604941237
0.001478260734236782
0.0008500425015025262
0.001118137950542841
7.662222594893743e-05
0.000955937842395134
0.00101475465691491
0
0
