0
0
0
0
0
0
0
0
0
-0.002683659541936294
-0.003203387497498125
-0.002340992616327449
0
-0.003776603258716496
-0.0023819906605733
-2.006885580856127e-05
8.653163792037017e-07
-0.000171307457830937
0
-0.001600876596282753
-0.001607964791751316
-0.002471381159333077
-0.002865466110018094
-0.002479129563638745
-0.00317669724561109
-0.002554303649808537
-0.001448330879485077
-0.002398321152434087
-0.002000632188192536
-0.002030250014976239
0.0004380742307628168
-0.002882840672909703
-0.00192056594262311
-0.0027236218420276
-0.002643549092762513
-0.0009622315140453451
-1.00856817552894e-05
0
0
-0.00292040107422496
-0.0001992055306323566
-0.002497404205812892
-0.003366950469406532
-0.002901383291719462
-0.0006337900269972869
-8.971648176663911e-05
-0.001122657743951986
-0.001006909807415239
-0.001602081201602894
0
-0.0007438875804872964
-0.002427969908181176
-0.002033755224746296
-0.00295174177011358
-0.002815754285470923
-0.003529155241042444
-0.002657381118863887
-0.003129750848467244
0
0
-0.003434993919484495
-0.003328981723258038
-0.0007123048784199049
-0.001641682337351641
-0.0005180747736607556
-0.0004381524037496874
0.0002823159596546772
0.001625229109401272
0
0.0007593711190427849
-0.002294866346972038
-0.002178986167181714
0
-0.002445114243743938
-0.00387654241830144
-0.002556285436176375
-0.003160517331868099
0
-2.260969903682376e-05
0.0008004605100060057
5.436583255021562e-05
0
0.0007675639483164669
-2.634800447133296e-05
0.000424596425110427
0.0009423335933778481
0.0001940792190393502
0.001215092852907299
0.001120772992567075
0
0
0.001243837044291779
0.0005737916028844186
8.945488291191754e-05
0.001190112829623058
-0.002524030610387749
-0.003759943500088129
0.0009846098426544716
0.0007823043247495564
0
0.001250011908095102
-0.003647671564465028
0
-0.001726721967141588
0
-1.220842135616797e-05
-0.00221775046026665
0
0
-0.002485620694492508
-9.331486601753677e-05
-0.002130909672442748
-0.001473502527351364
-0.001112075433659638
-0.003113301006518192
0
-0.003903751076244122
-0.00356819195659116
-0.004331146374469134
-0.003053457457153901
-0.002890308122863684
-0.00344409303966623
-0.00310245593534292
-0.003197493229058576
-0.003651026584903712
-0.0037868250412732
-0.003873709475066804
-0.003891602342766907
-0.003826541309565186
-0.00388116937713008
-0.00367117594486713
-0.003657739659775816
-0.00381067830057737
-0.003447458681657482
-0.003476019781266732
-0.003869387340681314
-0.003750649032027074
-0.003600137421439088
-0.003969692794335308
-0.003669628977742906
-0.003722318442523154
-0.003802026597834013
-0.003850811476076567
-0.003873834853646067
-0.003814638521762856
0
-0.003967114752063859
-0.002707216172101335
-0.003472200890785509
-0.00259619215337281
-0.00217866777429994
-0.003831790695990482
-0.003587389171598509
-0.003762286904358101
-0.003481232638999023
-0.003742876818472832
-0.003689874507948193
0
-0.003971806791021726
-0.003455797114424113
-0.003711429263439256
-0.003736085756733989
-0.003597198981430203
-0.003801361817416514
-0.003798529836931676
-0.003859311045600151
-0.003844949751354447
-0.003587134324432579
-0.003841237922081997
-0.003692834440770441
-0.003712719143492892
-0.003867610536877156
-0.003718586916099271
-0.003787229376912611
-0.003016727345990869
0
-0.003847334658728715
-0.003867034923147751
-0.003779147380260366
-0.003616061087911575
-0.003532149871972914
-0.003749954874410936
0
-0.003920667766010593
-0.003702936316195218
-0.003661719430700537
-0.003573601816937194
-0.003260934351493941
-0.002767019324895893
0
-0.003875133572309823
-0.003539045589193131
0
0
-0.003841837803466859
-0.003862819238363214
-0.003790564217335401
-0.003746204155783509
-0.003534993512063237
-0.003769963781680789
-0.002836682644169287
-0.0035314567495173
0
-0.003440543088897601
-0.003168260940972579
-0.003912826752920738
-0.003830486247952983
-0.003385782667471597
-0.003523179080846394
-0.003426461916457663
-0.003709650022609829
-0.004161389917090501
-0.003857290365764899
-0.003964950119471311
-0.003076748377248376
-0.003520673784546057
-0.003350502546568119
-0.003138368548460624
0
-0.003424644395727211
0
-0.003486158914709007
0
-0.003149540185519188
0
-0.003297680460117826
-0.003525655562037213
-0.001936442741649293
-0.003404806305837687
-0.001286865550350062
-0.004059404818518985
0
-0.003085590080751364
-0.002838193916314456
-0.003630558111361008
-0.003389296175080928
-0.001935531430878527
-0.003111777237792432
-0.003169305987650006
-0.002080068545241347
-0.001024539457015702
-0.0002657279232783868
-0.0007116588177291059
-0.000214265972781503
-0.003028084941601436
0
-0.004616630706681224
0
-0.004245330263514425
-0.002804284678836093
-0.001552932833551997
-0.002883326409531452
-0.003411583851965273
-0.00303191525391105
-0.001217250217125748
0.0002211120165796046
0.0002014570729795304
0
0.001500629709214347
6.337900487758877e-05
-0.001522770090114746
-0.001889675464316906
-0.002377816806273541
-0.001745838890249095
5.959801516998468e-05
-0.002127983814203676
-0.002070806136648462
-0.0001692404204848052
-0.0001707305738093537
-0.002798270405187203
-0.0007061985041526815
-7.227157866828481e-05
-0.000520374102573388
0
-4.787693768039348e-05
0.001064623726031818
0
0.001190657548466165
0.0007813331510125606
-0.004002157349065766
-0.003835699726973925
-0.003662401452973087
-0.003867043776785708
-0.003805789147017684
-0.00371545542197987
-0.003767660844196442
-0.002854824142230157
-0.001876336932077653
-0.002625694464160361
-0.003718634132396989
-0.001244343583860705
-0.002284393154189397
-0.0006594834994795032
0.000536499926203722
-0.001147341993779237
0.0009904001984439423
-0.001671494410340153
-0.002357974427595437
4.293700744334246e-06
-0.0002419903886610945
-2.594231500463035e-05
-6.314627643668198e-05
-0.0003661855080947057
-0.0002058600956315453
9.536382959966699e-05
-4.472593354719029e-05
0
-1.609409901462006e-05
0
-0.0002002431770040404
-0.000272561126264255
0.0001241440078416447
0
-0.0002292344520240492
0.0002252452258025185
-0.0001181957397607795
-0.0004723362700901962
0.0007636411742903428
2.990243343553063e-05
0.001153858124769772
8.040631037872156e-06
0.000642443117665239
-1.728363760668954e-05
-7.614995893436607e-05
3.599703235539187e-05
0.0002481802898529522
0.0003182285060134814
0.0009892677872278975
0
0.0005249264713047462
0
0.0006788895460873801
0
0.0008476368685495284
0.001478197535375618
0.0008500337262168734
0.00111815822857502
7.66959774683387e-05
0.0009558287176108846
0.001014861922009334
0
0
