0
0
0
0
0
0
0
0
0
-0.002673442890270168
-0.00320361419474681
-0.002341177706486296
0
-0.003780663569551471
-0.002392251618733936
-1.987930599557641e-05
-3.195169786766302e-06
-0.0001712545022463082
0
-0.001597670934915519
-0.001608369409569176
-0.002467306110570358
-0.002865467837861712
-0.002474027100518006
-0.003160848802561831
-0.002552829489726569
-0.001448342888424833
-0.002392110726126395
-0.00199560633508621
-0.002027222156696918
0.0004384063197912332
-0.002870553136772373
-0.001914736892594469
-0.002713290413517111
-0.002629404112212547
-0.0009622152929908229
-1.008264952997666e-05
0
0
-0.002906712654177169
-0.0001994281172139534
-0.002487603641067485
-0.003347083016446171
-0.002885995651496963
-0.0006342446531737347
-9.081208411617405e-05
-0.001123671173657745
-0.001005983716293994
-0.00159741025331042
0
-0.0007458179491052371
-0.002417388577379019
-0.002026825118592813
-0.002935288604232164
-0.002808744891299132
-0.00350353454898656
-0.002648824814469544
-0.003117500462949537
0
0
-0.003433623593799283
-0.003303861140530178
-0.0007104144517316689
-0.001637704510807784
-0.000518074870024713
-0.0004380447981302096
0.0002821215730337033
0.001625206726836077
0
0.0007593745758542423
-0.00229223671549092
-0.002171205756704538
0
-0.002437053011418808
-0.003884730686640032
-0.002553687507598116
-0.003166756196925769
0
-2.276012316771822e-05
0.0007993694402432893
5.595155592363247e-05
0
0.0007680541202743546
-2.62695714645261e-05
0.0004241839467496975
0.0009419334815611895
0.0001896661396248243
0.001215020960699155
0.001122503626214059
0
0
0.001244174198248188
0.0005743899060843258
9.004200624651581e-05
0.001189950815837766
-0.002519470024755422
-0.003766613857093394
0.00098448744533101
0.0007818068775294459
0
0.001250719745232873
-0.003641290507959988
0
-0.001721785785180063
0
-1.139494041422209e-05
-0.002211346290913235
0
0
-0.002485568651336636
-9.334049479241166e-05
-0.002132176050957407
-0.001467882731105932
-0.001113064051183252
-0.003116829144285173
0
-0.003909792998783773
-0.003576202257033486
-0.004331096395042887
-0.003053916342778577
-0.002878494167360504
-0.003447157247569588
-0.003091011967417504
-0.003196848765371272
-0.003658241426317736
-0.003792301579315421
-0.003879717527977912
-0.003897645606789767
-0.003834357075352827
-0.003887448698440378
-0.003677606344856815
-0.003664398110865724
-0.003818538204286555
-0.003445126463459325
-0.003469092280099156
-0.003876166164504029
-0.003759081347314524
-0.003593939326165333
-0.003975688319815745
-0.003675579567946424
-0.003731201108559868
-0.003809813753391424
-0.003857317780465712
-0.003880895819283613
-0.00382102323711061
0
-0.003972394718684187
-0.00270878627881924
-0.003478563427645176
-0.002586764183969766
-0.002173193631088007
-0.003837598245117128
-0.003593857604623712
-0.003767113650574302
-0.003480538793117923
-0.003747900637574454
-0.003696912268153539
0
-0.003975787086012019
-0.003462710647072327
-0.003716871192303467
-0.003741369892640787
-0.003601102932540118
-0.003807241744130695
-0.00380470116564202
-0.003865964202494944
-0.00385127487458015
-0.003592223351493708
-0.003848340555590883
-0.003698296779217667
-0.003718179128344459
-0.003875273998704996
-0.003723962004056434
-0.003793721419463512
-0.003024386819339296
0
-0.003854031418081011
-0.003873592785549302
-0.003783976727382727
-0.003623317159079164
-0.003536199268489536
-0.00375561274818354
0
-0.003926460906480384
-0.003707449118035064
-0.003671751662986445
-0.003577345816051463
-0.003266945967271311
-0.002774516048508258
0
-0.003884433580116916
-0.00354266720063353
0
0
-0.003849482338376063
-0.003870534077771583
-0.003796519275960116
-0.003750964224242474
-0.003542810944411011
-0.003775448266144831
-0.002843857569719717
-0.003537731813012778
0
-0.003447589592226559
-0.003168730594406681
-0.003923200733709599
-0.00383268408519953
-0.003392570435528289
-0.00352844473078641
-0.003424480557762772
-0.003703257634169282
-0.004198183623545215
-0.003880921903500112
-0.003966360037231199
-0.00308412911616818
-0.003526632696882749
-0.003357552875487654
-0.003143299324663985
0
-0.003430765574583304
0
-0.003490203280486209
0
-0.003154420711870975
0
-0.003291953475885488
-0.003528678871390506
-0.001938753387794488
-0.003409232626661205
-0.001290458924356291
-0.00406160370350296
0
-0.003089190569717795
-0.002844506132421198
-0.003637097518100728
-0.003396370308521409
-0.001943165939548748
-0.003117551733901118
-0.003174795720380112
-0.002088819352800008
-0.001035754775239807
-0.0002669140772871243
-0.0007195641133844529
-0.0002142742293601169
-0.003034990040571478
0
-0.004637003547853434
0
-0.004287307546573688
-0.002810885136974033
-0.00155659419386175
-0.002886893813893074
-0.003416746607433131
-0.003037829095442918
-0.001221007183975366
0.000221123984255652
0.000199805282942256
0
0.001501030839571846
6.337000722570724e-05
-0.001523307143398674
-0.001894506566643325
-0.002384264729408575
-0.001751535209013678
5.94777698296533e-05
-0.002131220023361467
-0.002075015625798652
-0.0001717213114655397
-0.0001705011153566201
-0.00280581243250831
-0.0007062858753062115
-7.333286465095764e-05
-0.0005203832023185369
0
-4.709917069728917e-05
0.001064629058213574
0
0.001190275023026002
0.0007821670824917922
-0.00398999821108494
-0.003840871002115259
-0.003669998187018162
-0.003879477029524318
-0.003810667872823172
-0.003715441507634611
-0.003772461800152722
-0.002860588498433639
-0.001886554442161829
-0.002633231531635816
-0.003718905531993861
-0.001244980598270946
-0.002286667192133572
-0.0006597365723530889
0.0005370528739701258
-0.001147400917289398
0.0009922302392039431
-0.001676300379289142
-0.002364032570780857
4.430002630813874e-06
-0.000242867350169113
-2.597585748765515e-05
-6.333060784399396e-05
-0.0003669971777756389
-0.0002064488121259007
9.548259042410507e-05
-4.492642427893112e-05
0
-1.59857920418519e-05
0
-0.0002001597212781592
-0.0002725900612881171
0.0001240373219210155
0
-0.0002299190363565303
0.0002250907845488317
-0.0001182074019044958
-0.0004730663250288852
0.0007603131224972721
3.019429798580959e-05
0.001153720755384069
8.196215724735219e-06
0.0006420769512606995
-1.71753050314984e-05
-7.557716707374121e-05
3.575177649764315e-05
0.0002476659997611677
0.0003182763684292576
0.0009895975542039527
0
0.0005243954192269276
0
0.0006786362336104509
0
0.0008471958695818269
0.001478317822993599
0.000850019435994314
0.001117920308475038
7.639408584861392e-05
0.0009560945391930053
0.001014429443799462
0
0
