0
0
0
0
0
0
0
0
0
-0.002684370313153129
-0.003203432233825472
-0.002341028271323341
0
-0.00377737683208077
-0.002383936821570037
-2.007029020656598e-05
2.888516046175078e-07
-0.00017168695332316
0
-0.001601688322533954
-0.001608058646344601
-0.002471754750884408
-0.002865466477821423
-0.002479373152763652
-0.003177788401040242
-0.002554132570185131
-0.001448333248179785
-0.002398618762458316
-0.002000801824641994
-0.002030405358649397
0.0004381374442512155
-0.002883668938030485
-0.00192081685683105
-0.002724282617969628
-0.002644306024263783
-0.000962228474732679
-1.008513366684542e-05
0
0
-0.002921262081771368
-0.0001992483118713306
-0.002497941626652841
-0.003368114248777507
-0.002902273987890748
-0.0006338763083802257
-8.992472331450856e-05
-0.001122851900715458
-0.001006998884994875
-0.001602339402034452
0
-0.0007442528739409878
-0.002428545093239374
-0.002034287780106268
-0.002952697450128824
-0.002816673431397179
-0.003530319043563478
-0.002658217109607677
-0.003130835536924646
0
0
-0.003436214828061807
-0.003330126973025527
-0.0007125460804703457
-0.001642165940647439
-0.0005180747762770008
-0.0004381322469480874
0.0002823259015149452
0.001625224296035593
0
0.0007593582981979438
-0.002295462740483088
-0.002179737770190893
0
-0.002445681769018415
-0.003878185879266031
-0.002557336890435781
-0.003161699434406396
0
-2.262007036667885e-05
0.0008003032727906544
5.466651718904893e-05
0
0.000767704848425249
-2.633305486738964e-05
0.0004246054425925791
0.0009423690121911707
0.0001932374993079058
0.001215143259425965
0.001120830372407852
0
0
0.001243871854714073
0.0005738125937410046
8.951543297599689e-05
0.001190154021125859
-0.002524252667390177
-0.003761001893969437
0.0009846475554659768
0.0007822799627524501
0
0.001249995005461543
-0.003648773096806847
0
-0.001727435432231112
0
-1.226835716069746e-05
-0.00221833229791603
0
0
-0.002486167261098627
-9.331985302546272e-05
-0.002132617681222066
-0.001473865361489601
-0.001112990083343672
-0.003113890004720723
0
-0.003905114165096497
-0.003570117373940233
-0.004331146192322436
-0.003055011949392436
-0.002891287605427505
-0.003445575409567681
-0.003103578272698374
-0.003198944983073972
-0.003652712291657629
-0.003788168171682016
-0.003875044842743099
-0.003892899087075381
-0.003828020566630729
-0.003882468315184409
-0.003672503425916725
-0.003659168764764518
-0.003812041393693899
-0.003448762802818315
-0.003477249521236684
-0.003870863185289053
-0.003751854863528433
-0.003601316767793495
-0.003971005729955776
-0.003670877916465247
-0.003723445047314787
-0.003803313726202276
-0.003852089753363448
-0.003875273183325554
-0.003815777935763493
0
-0.003968101226266183
-0.002708916166953739
-0.003474032579892134
-0.002597131935379294
-0.002179573270190717
-0.003833107271629708
-0.003588708095290001
-0.003763494550414361
-0.003481086994632022
-0.003744167086141413
-0.003691537152691741
0
-0.003972804003867322
-0.003456293754774437
-0.00371270485927941
-0.003737382532067215
-0.003598187033708736
-0.0038027465389282
-0.003799951438334667
-0.003860761995693617
-0.003846304227651246
-0.003588032329797135
-0.003842782325601712
-0.003694045317431937
-0.003714003170689224
-0.003869225153201793
-0.003719716650475454
-0.003788733964325976
-0.00301691938033743
0
-0.003848592434409139
-0.00386826248861317
-0.003780020541301901
-0.003617206635130186
-0.00353330004357742
-0.003750913903672846
0
-0.003922105521356028
-0.003703434029610642
-0.003663633384455109
-0.003574590643979412
-0.003261762680163083
-0.002767383347558812
0
-0.003876956107519703
-0.003538574430618784
0
0
-0.003843432294700052
-0.003864227808820855
-0.003791692125741179
-0.003747168825564897
-0.003535375316285675
-0.003770698386354134
-0.002836907656530992
-0.003531571397459407
0
-0.003441095722480871
-0.003167441480156073
-0.00391502384326786
-0.00383180534309671
-0.00338627848262939
-0.003523420013031252
-0.003425168663011291
-0.003708428896575767
-0.004168290940827647
-0.003861909005747379
-0.003965223782516902
-0.003077083942964161
-0.003520925304876691
-0.003350980622524878
-0.003138816431402179
0
-0.003425096119595686
0
-0.003486454421363193
0
-0.003149277235159981
0
-0.003298218061458265
-0.003526141682232704
-0.001936743809440984
-0.003405304402550169
-0.001286915819273877
-0.004059992036075902
0
-0.003086087674280599
-0.002838505330325437
-0.003631427357949296
-0.003389662359053346
-0.00193553772873475
-0.003112152688754745
-0.003169808247736465
-0.002080136670918369
-0.001024468478680675
-0.0002659529343961901
-0.0007116631010107183
-0.0002142677030786793
-0.003028264543431606
0
-0.004620529816843489
0
-0.00425316567697853
-0.002804560168182489
-0.001553026429718795
-0.002884003254480333
-0.003412098499632477
-0.003032300727479717
-0.001217326046104366
0.0002210944556253543
0.0002012885773675602
0
0.001500705940756831
6.337586737690322e-05
-0.001522872342174394
-0.001889806318724688
-0.002377941431142787
-0.00174590543023013
5.949589063833582e-05
-0.002128260047825824
-0.002071000139652572
-0.0001697111916858046
-0.0001707402666506682
-0.002798327921794515
-0.0007062154027782352
-7.244840441896573e-05
-0.0005203758986137438
0
-4.779185297141875e-05
0.001064654139535388
0
0.001190659086589915
0.0007811755780116383
-0.003999707215568698
-0.003836830421618606
-0.003664225914484918
-0.003869530816037322
-0.003807053203348277
-0.003715452009933258
-0.00376841488515247
-0.002855927306713692
-0.00187669580854425
-0.00262639110327781
-0.003719546933415361
-0.001244478427724002
-0.002284737185206347
-0.0006596534466903841
0.0005363856051145929
-0.001147353369946332
0.000989855801720587
-0.001671570629740989
-0.002358138992487198
4.29901426754571e-06
-0.0002419495367592483
-2.59486588926131e-05
-6.316080554868815e-05
-0.0003661636997013899
-0.0002059730923052347
9.537102561779411e-05
-4.472774909840107e-05
0
-1.608796995553241e-05
0
-0.0002002270653713766
-0.0002725615469303937
0.0001241408074432683
0
-0.0002292011386873467
0.0002252368164350101
-0.0001182237788641007
-0.0004724747743546904
0.0007630043184346717
2.991924861946125e-05
0.001153866217520773
8.052806210164424e-06
0.0006423934736454442
-1.728739418998654e-05
-7.609578871251531e-05
3.595823530718887e-05
0.0002480888759380066
0.0003182377783031665
0.0009892897204984629
0
0.0005248264818551787
0
0.0006788725508371958
0
0.000847577869931542
0.001478228167263441
0.0008500335127099106
0.001118143499008506
7.665072323693209e-05
0.0009558908763431924
0.001014797812763658
0
0
