0
0
0
0
0
0
0
0
0
-0.002683627356227483
-0.003203385562465066
-0.002340991082816308
0
-0.003776570089405676
-0.002381907296198275
-2.006896878329117e-05
8.883573049643981e-07
-0.0001712908119909425
0
-0.001600840198944943
-0.001607960855784605
-0.002471362841501319
-0.002865466094006615
-0.002479116197808116
-0.00317665077910351
-0.002554311055375495
-0.001448330777075895
-0.002398305227060185
-0.00200062147954449
-0.002030241846839691
0.0004380715203046651
-0.002882803571684089
-0.001920551039462165
-0.0027235912373688
-0.00264351328454743
-0.0009622316437550293
-1.008570492868858e-05
0
0
-0.002920362426628939
-0.0001992036821990543
-0.00249737804043887
-0.003366901446412824
-0.002901343331888555
-0.0006337863300979797
-8.970755802734325e-05
-0.001122649403693786
-0.001006903906164122
-0.001602065873292101
0
-0.0007438719430337878
-0.002427941591193619
-0.002033727964193919
-0.002951698244031393
-0.002815711109594447
-0.003529106686861671
-0.002657340632753078
-0.003129701634289518
0
0
-0.003434940400544071
-0.003328932297540444
-0.0007122932843468302
-0.001641659220519046
-0.0005180747735494106
-0.0004381532638571371
0.0002823148922680836
0.001625229320571288
0
0.0007593722854911559
-0.00229483896381963
-0.002178952229104374
0
-0.002445087881163349
-0.003876456198752065
-0.002556239096500414
-0.003160466711173747
0
-2.260862502763487e-05
0.0008004665874116671
5.435295408845673e-05
0
0.0007675575366563834
-2.634864565394772e-05
0.0004245952835041142
0.0009423312072502527
0.0001941153209288265
0.001215089904023394
0.001120770925543659
0
0
0.001243835161258399
0.0005737909706361137
8.94523091502791e-05
0.001190110130862192
-0.002524018306528479
-0.003759893521818436
0.0009846078188885353
0.0007823048529356199
0
0.001250013736680803
-0.003647623083227741
0
-0.00172668962223971
0
-1.220543075795169e-05
-0.002217723576846036
0
0
-0.002485595753359754
-9.331463376873052e-05
-0.002130828488590477
-0.001473485221104769
-0.001112031029361065
-0.003113275707410521
0
-0.003903687622028168
-0.003568101473430152
-0.004331146263136386
-0.003053388873433366
-0.002890265987430504
-0.003444028081302647
-0.00310240850222784
-0.003197430275073279
-0.003650950184761573
-0.003786735276954893
-0.003873636804290945
-0.003891540286146353
-0.00382647070455013
-0.003881101516824572
-0.003671116437404551
-0.003657674846232506
-0.003810607702890298
-0.003447402716149822
-0.003475966782529365
-0.003869307180803313
-0.003750590859705053
-0.00360008588724206
-0.003969635214579619
-0.003669571845917559
-0.003722266443953043
-0.003801961842419134
-0.00385074787558932
-0.003873760623053582
-0.003814583296679746
0
-0.0039670649110549
-0.002707138787258382
-0.003472118241453749
-0.002596150709062134
-0.002178626667703748
-0.003831702221914177
-0.003587315833637666
-0.003762199758914219
-0.003481239025696401
-0.003742793634708875
-0.003689779573605645
0
-0.003971745684201246
-0.003455747987698916
-0.003711346271521438
-0.00373600116615548
-0.003597135910653717
-0.003801274071165209
-0.003798443246651658
-0.003859229200542446
-0.003844867207701036
-0.003587070488264561
-0.003841151215962705
-0.003692755136230323
-0.003712638409672535
-0.0038675240083001
-0.003718511766243323
-0.003787142896955405
-0.003016695777117748
0
-0.003847271343803
-0.003866972940365188
-0.00377910441737164
-0.003616010221792825
-0.003532099703446911
-0.003749910450405897
0
-0.003920604251759326
-0.003702878034035454
-0.003661637344372806
-0.003573539160042502
-0.003260889355013646
-0.002766995273263627
0
-0.00387503863965594
-0.003539019836759062
0
0
-0.003841747696231631
-0.003862747711810748
-0.003790510938622865
-0.00374614937522336
-0.003534942561978943
-0.003769901750594997
-0.002836651303539512
-0.003531413212669598
0
-0.003440491645743184
-0.003168252315408127
-0.003912718767657843
-0.003830417261078448
-0.003385736029284288
-0.003523133887278331
-0.003426471455691207
-0.003709703930004302
-0.004161095854186301
-0.003857091081066819
-0.003964938326246537
-0.003076709924675817
-0.003520627381323338
-0.003350454203839917
-0.003138328835297751
0
-0.003424595801442051
0
-0.003486114518887193
0
-0.003149512963538446
0
-0.003297649671099568
-0.003525606409410686
-0.001936421746478446
-0.003404756869385788
-0.001286853574003263
-0.004059350787172782
0
-0.003085548621486582
-0.002838160385802849
-0.003630491564846142
-0.003389253072702944
-0.001935521227972331
-0.003111744381246785
-0.003169270603373181
-0.002080058692975371
-0.001024549342767344
-0.0002657182879895353
-0.0007116641682150015
-0.0002142658970761342
-0.003028056138432327
0
-0.004616463356666151
0
-0.004244995202561364
-0.002804252574818289
-0.001552918677879283
-0.002883297414666235
-0.003411535712708039
-0.00303187668284461
-0.001217238857409747
0.0002211144756209458
0.0002014656311475812
0
0.001500626447337223
6.337914102211611e-05
-0.001522765706582729
-0.001889656118844212
-0.002377794191467511
-0.001745824331186336
5.960184450570188e-05
-0.002127962309186895
-0.002070786052229219
-0.0001692202545759764
-0.0001707319053485286
-0.002798247420006445
-0.000706197774566497
-7.226441295146729e-05
-0.0005203740237706807
0
-4.788410319756699e-05
0.00106462917554547
0
0.001190656769997219
0.0007813406184852531
-0.004002263846998284
-0.003835626923308763
-0.003662278705871074
-0.003866935688514281
-0.003805686928831059
-0.003715455570944041
-0.003767629203952114
-0.002854776803355086
-0.001876322687162059
-0.002625662811349965
-0.003718579654413272
-0.001244337088782295
-0.002284368658021624
-0.0006594749331291328
0.0005365042191158298
-0.001147341504417714
0.000990428866434141
-0.001671479249572328
-0.002357950037342282
4.293506777163111e-06
-0.0002419894919580018
-2.594204248976707e-05
-6.315245995813901e-05
-0.0003661820781991175
-0.0002058552511061748
9.536379556484079e-05
-4.472736937828979e-05
0
-1.609557115179309e-05
0
-0.0002002438706835779
-0.00027256719004982
0.0001241469456003477
0
-0.0002292319302635823
0.0002252493950214434
-0.0001181950977095053
-0.0004723303382008667
0.0007636685011319921
2.99026804589849e-05
0.001153862641959922
8.04035730187689e-06
0.0006424488736746514
-1.728366534795455e-05
-7.615114234567353e-05
3.600067671287946e-05
0.0002481854074104262
0.0003182281074823846
0.000989265286724765
0
0.0005249304001452012
0
0.0006788948810149052
0
0.0008476415933970259
0.001478199931758548
0.0008500340224694958
0.001118162991580847
7.670096950361393e-05
0.0009558273094828261
0.001014866096207052
0
0
