0
0
0
0
0
0
0
0
0
-0.002686726127405933
-0.003203567140178268
-0.002341138422013784
0
-0.003779797010668704
-0.002390051654369283
-2.008090837062042e-05
-1.52676984579036e-06
-0.0001729229730136967
0
-0.001604310305607907
-0.001608364479516289
-0.002472980362079261
-0.002865467537470912
-0.002480212458594828
-0.003181260845592366
-0.002553604501462776
-0.001448340414421642
-0.00239963219170611
-0.002001397198381934
-0.002030945411968108
0.0004383354784498159
-0.002886365448363689
-0.001921671588648047
-0.002726458822063415
-0.002646735280484604
-0.0009622187895368576
-1.008332693571924e-05
0
0
-0.00292403943872401
-0.0001993806685231424
-0.00249971394434865
-0.00337175968774989
-0.002905124176981086
-0.0006341469940045407
-9.057782350220517e-05
-0.001123455394251009
-0.001007298680793804
-0.001603208555326337
0
-0.0007454033601909164
-0.002430419486360246
-0.002036004298739809
-0.002955721474572096
-0.002819573178911981
-0.00353392446256004
-0.002660871125028149
-0.003134240066901266
0
0
-0.003439956663834598
-0.003333713837119178
-0.0007133222689000619
-0.001643698601726004
-0.0005180747826782163
-0.0004380683810086062
0.0002823789494500367
0.001625211389895208
0
0.0007593176436357983
-0.002297372286861477
-0.002182271826564227
0
-0.002447575883745499
-0.003883344104331115
-0.00256060479696428
-0.003165416777516779
0
-2.263997541140861e-05
0.0007998086027176392
5.561146492092581e-05
0
0.0007681339490836584
-2.628633590441493e-05
0.0004246460088038035
0.000942488146717138
0.0001906062282067071
0.001215297701506022
0.001120967347737017
0
0
0.001243969399966469
0.000573879794753103
8.970474547091668e-05
0.0011902817880973
-0.002525014069273968
-0.003764257310253532
0.0009847629889678431
0.0007822041513211041
0
0.001249943197876941
-0.00365217935198055
0
-0.00172978489182246
0
-1.249071155862187e-05
-0.002220262207006062
0
0
-0.002487874804155746
-9.333527164551244e-05
-0.002138075188981249
-0.001475180732918572
-0.001115943114237948
-0.003116072678727073
0
-0.003909325153978921
-0.003576157724199778
-0.004331104532355736
-0.003059997287992691
-0.002894509192456394
-0.003450299467661948
-0.003107199547946121
-0.003203600617101029
-0.00365801773974363
-0.003792496942591285
-0.003879204028852602
-0.003896893524409605
-0.003832653514466827
-0.003886494655377183
-0.003676680825629789
-0.003663700929271454
-0.003816440191623726
-0.003452877598346355
-0.003481105471968425
-0.003875437850881289
-0.003755608550381523
-0.003604975744015832
-0.003974584117944016
-0.003674776613418525
-0.003726923832596371
-0.003807418849150226
-0.003856037874494984
-0.003879714838800215
-0.003819286599221239
0
-0.003971165034157627
-0.002714349289282527
-0.003479789696806796
-0.002600273310313924
-0.002182596360497569
-0.003837324590438302
-0.003592741276209371
-0.003767386267156344
-0.003480676246002823
-0.003748192053023385
-0.003696715907628341
0
-0.003976042634080368
-0.00345792987228197
-0.003716803293255687
-0.00374155090491402
-0.003601388137963582
-0.003807189829215411
-0.00380448954648486
-0.003865342722431507
-0.003850633439974434
-0.003590944610415776
-0.003847662270202424
-0.003698003462047655
-0.003718129235668383
-0.003874298852197993
-0.003723263264239633
-0.003793510020863256
-0.003017551301837429
0
-0.003852483556780299
-0.003872070367637683
-0.003782635595335599
-0.003620698918339142
-0.003536778075649497
-0.003753858235901313
0
-0.00392651792171656
-0.003704880402032984
-0.003669612457630771
-0.003577795899969722
-0.003264533783973116
-0.002768726066455625
0
-0.003882699718270437
-0.003537019280413562
0
0
-0.00384841270846723
-0.00386860759480212
-0.003795125186210041
-0.003750164175171359
-0.00353663475741901
-0.003772915144700461
-0.002837625276095484
-0.003531932371321376
0
-0.003442854400477909
-0.003164896454335915
-0.003921983402607424
-0.003835902742916851
-0.003387880367630992
-0.003524143670601648
-0.00342109946470829
-0.003704750660065546
-0.00419043291684674
-0.003876007688609597
-0.003966062224877226
-0.003078149781061805
-0.00352167941585297
-0.00335250074753847
-0.003140251146255653
0
-0.003426531039468577
0
-0.003487392645259798
0
-0.003148412886706462
0
-0.003300130126370511
-0.003527726283845165
-0.001937727098423034
-0.00340691233287311
-0.001287052674712609
-0.004061933406148415
0
-0.003087709521448251
-0.002839477144510512
-0.003634247512992512
-0.003390869702160906
-0.001935653464810857
-0.003113435249104008
-0.00317151399082677
-0.002080508140603227
-0.001024419169711566
-0.0002666608382336704
-0.0007117746881314989
-0.0002142726826937746
-0.003028890123994822
0
-0.004632683305416926
0
-0.00427793662385715
-0.002805418446109583
-0.001553298559133317
-0.002886127819119925
-0.003413745007279444
-0.003033518149444143
-0.001217567773714153
0.0002210503483121586
0.0002007081230469946
0
0.00150094607143394
6.337042868747188e-05
-0.001523192550196889
-0.001890196725303623
-0.00237834938267958
-0.00174615841518912
5.917735139465522e-05
-0.002129142424187759
-0.002071597794959662
-0.0001711902976904287
-0.000170771112788338
-0.002798544905385068
-0.000706268083261779
-7.294807088035763e-05
-0.0005203812075497747
0
-4.755391937899773e-05
0.001064826182196489
0
0.001190659949656793
0.000780628224619169
-0.003992416454600236
-0.003840399875060393
-0.003670097199832797
-0.003876916931790739
-0.003811217974246921
-0.003715441743017889
-0.003771124569325888
-0.002859367675259752
-0.001878169685706755
-0.002629075002759342
-0.003722304150336961
-0.001244932562542861
-0.0022858576028074
-0.0006602425371671595
0.0005360047814208822
-0.001147388507757246
0.0009879241344466824
-0.001671796228190649
-0.002358643700408076
4.313776753040731e-06
-0.0002418022252010769
-2.596890834294752e-05
-6.32034340798204e-05
-0.0003660738249806076
-0.0002063272529975567
9.539532960338319e-05
-4.472892057334987e-05
0
-1.607210208544159e-05
0
-0.0002001773085184521
-0.0002725585344043153
0.0001241387291453753
0
-0.0002290742397265108
0.0002252314482692673
-0.0001183096203422096
-0.0004729099642883419
0.0007610192362980398
2.996716655277312e-05
0.001153916247545587
8.088116482345439e-06
0.0006422470821460186
-1.730148187860687e-05
-7.59304898232906e-05
3.58397103421858e-05
0.0002478073572936886
0.0003182664652277199
0.0009893737948543217
0
0.0005245272109760296
0
0.0006788357550550889
0
0.0008474064627232984
0.001478348992979679
0.0008500350778131246
0.001118112125451415
7.651651038848595e-05
0.0009560956071729372
0.00101460701874154
0
0
