0
0
0
0
0
0
0
0
0
-0.002679974843862869
-0.003203604901047718
-0.002341169990720448
0
-0.003780498086050643
-0.00239183042618008
-1.996595090126847e-05
-2.654188226076681e-06
-0.0001719545488810957
0
-0.001600959235482323
-0.001608351349511255
-0.002470030031521787
-0.002865467832217495
-0.002476886211483158
-0.003171713623766015
-0.002553133056074736
-0.001448342402250076
-0.002395668383817979
-0.001998295054375535
-0.002028936467100788
0.0004383928530436334
-0.002878679269949048
-0.001918048420503733
-0.002719853438482563
-0.002638671024309485
-0.0009622159365777879
-1.008277925105518e-05
0
0
-0.00291581184081676
-0.0001994190172863064
-0.002493661211201574
-0.003361858656756389
-0.002896375585432833
-0.0006342257146656892
-9.076746502861968e-05
-0.001123629302193715
-0.001006617929304539
-0.001600180820542144
0
-0.0007457388387451422
-0.002424077834430464
-0.002031510960980058
-0.002946881558551418
-0.002814714493735487
-0.003523780954008527
-0.00265531027314183
-0.003126871471612894
0
0
-0.003437543211343629
-0.003321725221925013
-0.0007118831594030248
-0.001640898691895751
-0.0005180747798440196
-0.0004380497122818449
0.0002822567298380815
0.001625207963844895
0
0.0007593539800722336
-0.002294812245080412
-0.002176304653744533
0
-0.002442109045005548
-0.003884323739734483
-0.002557853432863657
-0.003166499449107945
0
-2.270071818653677e-05
0.0007995739366073774
5.588647772903476e-05
0
0.0007682057092801289
-2.627281114740495e-05
0.0004244095940165412
0.0009422542474134652
0.0001898447832902621
0.001215248986196126
0.001122034695236248
0
0
0.001244211786358294
0.0005742390585683737
8.994460379609342e-05
0.001190198523921026
-0.002522037713408767
-0.003765454567698599
0.0009846962179340182
0.0007820182126162361
0
0.00125048243994374
-0.003650774340108904
0
-0.001725606012121634
0
-1.176204307898674e-05
-0.002215610164588294
0
0
-0.002487009275652654
-9.334019253226637e-05
-0.002134240145995797
-0.001470602575148613
-0.001113983192565605
-0.003116707250584029
0
-0.003909701429399406
-0.003576278991282456
-0.004331082489094214
-0.003057062369143792
-0.002886602165589879
-0.003449747830738095
-0.003099607307393577
-0.003200759916418911
-0.00365844334968442
-0.003792631031569815
-0.003879617054404877
-0.003897472422144112
-0.003833891073937416
-0.003887192164138253
-0.003678617144774372
-0.003665131516660427
-0.003817969493990822
-0.003450463146989922
-0.003476983176612118
-0.003876135059154816
-0.003758496434693398
-0.003602350275733452
-0.003975496649261942
-0.003676971457130776
-0.003729885108297782
-0.003809196553436119
-0.003856994122127806
-0.003880680793366422
-0.003820494857483559
0
-0.003972102429063346
-0.002711086914576322
-0.003479220585812909
-0.002593195628142371
-0.002177121277541528
-0.003837541554285929
-0.003593712368752005
-0.003767384191987877
-0.003480568168647766
-0.003748002561950908
-0.003697116757293623
0
-0.00397622900324727
-0.003461784356224492
-0.003717090759047601
-0.003741701333294661
-0.003601450093573157
-0.003807458017061288
-0.003804875528423431
-0.00386596289614768
-0.003851072689365343
-0.003592139522610068
-0.003848346009129222
-0.003698458985881483
-0.003718394763754313
-0.003875176016761902
-0.003724215348231998
-0.003793911593921743
-0.003023169579336145
0
-0.003853627986209562
-0.003873018185823425
-0.003783595880995638
-0.003622346897697269
-0.003536952132488208
-0.003754865569367999
0
-0.003926970981275459
-0.003707399051501825
-0.003671342801074679
-0.003577796156831274
-0.003266687259415417
-0.002773507300111
0
-0.003883769486201241
-0.003541770074234545
0
0
-0.003849486433955675
-0.003869875852248135
-0.003796272139008257
-0.003750721479910958
-0.003541508989392046
-0.00377484280463445
-0.002842832640308675
-0.003536630491889157
0
-0.003446724089623859
-0.00316800395869963
-0.003923004629058412
-0.003833471582727193
-0.003391727235803656
-0.003527714279200829
-0.003423853532121057
-0.003703503799393325
-0.004196966096211533
-0.00387999088108762
-0.003966300487775248
-0.00308309505608928
-0.003525784240389288
-0.003356663112093679
-0.003142965000452232
0
-0.003430056789367153
0
-0.003489785812539763
0
-0.003153189321149432
0
-0.003294061339210366
-0.003528699390233711
-0.001939167871728609
-0.003408962097317157
-0.001290065158297319
-0.004061931774124035
0
-0.003089238496887328
-0.002843740780729844
-0.003636641652662615
-0.003395299739419555
-0.001942308663273966
-0.003116921484552765
-0.003174267486624256
-0.002087661499938711
-0.001034247892301796
-0.0002668662543145554
-0.0007196445260477068
-0.0002142739812744672
-0.003033924452826456
0
-0.004636188707123302
0
-0.004285236442531821
-0.002810024574307555
-0.001556222269640568
-0.002886746956708575
-0.003416323345347482
-0.003037200962745359
-0.001220590135361342
0.0002211379040271047
0.0001979499368596433
0
0.0015010152032953
6.337058278017065e-05
-0.001523285409511404
-0.001893934751022895
-0.002383389357677098
-0.001750887173284564
5.936025560425674e-05
-0.002131209133536511
-0.002074659745513035
-0.0001716204030934426
-0.0001707404777406716
-0.002804573891350871
-0.0007062826517455656
-7.295342413921671e-05
-0.0005203827079752202
0
-4.740324975782054e-05
0.001065258117173774
0
0.001190536256674529
0.0007816354274376091
-0.003990422556368349
-0.003840929031695723
-0.003670192875720657
-0.003878969379257919
-0.003810943348761269
-0.003715441413551275
-0.003772237600243703
-0.002860359416074214
-0.001885056972303682
-0.002632449716751637
-0.003719746607735817
-0.001245441744641628
-0.002286968358445264
-0.0006609519071228409
0.0005364180250741836
-0.001147398552251386
0.0009880693316977821
-0.001675708949205859
-0.002363233652418294
4.414010519496283e-06
-0.0002428585723531161
-2.597464641976582e-05
-6.329015453677071e-05
-0.0003671232585635125
-0.0002064273498372508
9.545037805808453e-05
-4.494099041000999e-05
0
-1.59731217107507e-05
0
-0.000200163048576481
-0.0002725817016144887
0.0001241579454180311
0
-0.0002300069624268845
0.0002252411822513925
-0.0001181815636429985
-0.0004730365502509872
0.0007604470933740902
3.019570551444931e-05
0.001154024340093287
8.228209951216926e-06
0.0006422694519566839
-1.717802046581499e-05
-7.559652063715946e-05
3.583232961104054e-05
0.0002477789564643452
0.000318274577735387
0.0009897911903638641
0
0.000524550455298805
0
0.0006788432824209015
0
0.0008474012344674103
0.001478693216023636
0.0008501324168582184
0.001118182428044446
7.649997762486427e-05
0.0009562452946119941
0.001014624848516287
0
0
