0
0
0
0
0
0
0
0
0
-0.002685671084533722
-0.003203510058863325
-0.002341091282230581
0
-0.003778755187898212
-0.002387414051585633
-2.007386053831086e-05
-7.390621347842492e-07
-0.0001723742303051524
0
-0.001603151231510083
-0.001608230399435286
-0.002472439805189988
-0.002865467098564983
-0.002479838135446847
-0.003179736098936031
-0.002553835707504959
-0.001448337376137169
-0.002399179790608193
-0.002001128171114695
-0.002030703176751369
0.0004382501530721947
-0.002885169396268751
-0.001921286013450488
-0.002725490868190688
-0.002645671659095785
-0.0009622229942317311
-1.008411992622989e-05
0
0
-0.002922815181643599
-0.0001993236920725762
-0.002498926918354076
-0.003370176309060637
-0.002903873932947207
-0.0006340303198236541
-9.029633907521566e-05
-0.001123196256618401
-0.001007160154221155
-0.001602816150534164
0
-0.0007449065947388395
-0.002429592619283632
-0.002035251946731393
-0.002954406694282422
-0.002818320819428138
-0.003532376289000575
-0.002659717662540246
-0.00313277188250391
0
0
-0.003438371229156053
-0.003332165271762944
-0.0007129813993928763
-0.0016430320088124
-0.0005180747807093164
-0.0004380960313592485
0.0002823478115607599
0.001625216628803844
0
0.0007593361864117967
-0.002296537577589608
-0.002181122101814764
0
-0.002446726627157129
-0.003881155282178128
-0.002559206755436628
-0.003163812770259806
0
-2.26378666345778e-05
0.0008000131850946652
5.520384354124259e-05
0
0.0007679459911501583
-2.630643585777327e-05
0.0004246192965200015
0.0009424238535425422
0.0001917387006384842
0.001215219929178013
0.001120913410005104
0
0
0.001243920268168257
0.0005738485520973942
8.962377975081759e-05
0.001190216260362518
-0.00252467542878059
-0.003762873143907523
0.0009847050738443833
0.0007822299889793294
0
0.001249962815073747
-0.003650707952451668
0
-0.001728735055773178
0
-1.238676044868762e-05
-0.002219398992534242
0
0
-0.002487133716795731
-9.332829947378977e-05
-0.002135711100054974
-0.001474563279534983
-0.00111466754446196
-0.003115108891673611
0
-0.003907552844835347
-0.003573596846755021
-0.004331132094176298
-0.003057785630509073
-0.002893061637239137
-0.003448196254351488
-0.003105586863386449
-0.00320152440702842
-0.003655719674060628
-0.003790642197065776
-0.003877460947168754
-0.003895219962326111
-0.003830674619742511
-0.003884810996407548
-0.003674841015034134
-0.003661702564943667
-0.003814513570522371
-0.003451059734396745
-0.003479416218251035
-0.003873525683173929
-0.00375398949652267
-0.003603386355200753
-0.003973293557599511
-0.003673071163955633
-0.003725427510154132
-0.003805628970287314
-0.003854378498369232
-0.00387785697842999
-0.003817803843432211
0
-0.003969879328254078
-0.002711967924478351
-0.003477304471372094
-0.002598849852173301
-0.00218123448532327
-0.003835537599838581
-0.003591035956771074
-0.00376572050491498
-0.00348084355010949
-0.00374645277269097
-0.003694500093587337
0
-0.003974599967307047
-0.003457158421485383
-0.003715024627784309
-0.003739753608575226
-0.003599975767076251
-0.003805281976126981
-0.003802543975346215
-0.003863399087246362
-0.003848786172350295
-0.003589647093532532
-0.003845584365021979
-0.003696266768027529
-0.003716340168857531
-0.003872147268864502
-0.003721751048403479
-0.003791464286306551
-0.003017210800295776
0
-0.003850844161074358
-0.003870468757218144
-0.003781558480470653
-0.00361921539559428
-0.003535312000580375
-0.003752599098058763
0
-0.00392463841751579
-0.003704302100252171
-0.003667041350022666
-0.003576382430664678
-0.003263138316062824
-0.002767825121658591
0
-0.00388024834538392
-0.003537707434063021
0
0
-0.003846304131101392
-0.003866760222751075
-0.003793677698968859
-0.003748913729868564
-0.003536053472239217
-0.003772003239451614
-0.002837281620736631
-0.003531764613083852
0
-0.003442087107291533
-0.003166012522780324
-0.003919001287771875
-0.003834168743727692
-0.003387162505139115
-0.00352384511337418
-0.003422872048201962
-0.003706261171297142
-0.004180796572985678
-0.003869998879544551
-0.003965704848066056
-0.003077670548295805
-0.003521363789024369
-0.003351837631880387
-0.003139628708000003
0
-0.003425907853011408
0
-0.003486992202620997
0
-0.003148813379875551
0
-0.003299241229128363
-0.003527032561716316
-0.001937295735086629
-0.003406208191650189
-0.001287001315769263
-0.004061075043371846
0
-0.003086992090980559
-0.002839057583704784
-0.003632999041340549
-0.003390293069599856
-0.00193537758823808
-0.003112738392232147
-0.003170610532442737
-0.002080023756244016
-0.001023993541927765
-0.0002663553237395522
-0.0007114680377168852
-0.0002142705994082232
-0.003028500075186369
0
-0.004627458738117751
0
-0.00426722505372916
-0.002805042636049401
-0.001553192337639015
-0.002885211875835034
-0.003413028544580015
-0.003032993551052966
-0.00121743066281854
0.0002210842251053867
0.0002010050088066583
0
0.001500842335764426
6.337037300159634e-05
-0.001523054599169108
-0.001890035952339389
-0.00237811411065371
-0.001745936903915327
5.93108194070595e-05
-0.00212876173803521
-0.00207134686337083
-0.0001705522676778688
-0.0001707611659814469
-0.002798343542968566
-0.0007062455722025383
-7.274938805231193e-05
-0.0005203789715381585
0
-4.764281372425149e-05
0.001064722286921059
0
0.001190649403529191
0.0007808760686261209
-0.003995492912415601
-0.003838879917924999
-0.003667597228595801
-0.003873811532087349
-0.003809446819487733
-0.003715446067349858
-0.003769742859207452
-0.002857888684787388
-0.001876979412202822
-0.002627323658445674
-0.003721155273239121
-0.001244722044714952
-0.002285370456379987
-0.0006599745112168908
0.0005361691610161288
-0.001147373456645335
0.0009888252728213313
-0.001671681435872419
-0.002358415032647556
4.304819435507829e-06
-0.0002418835385841385
-2.596005845077011e-05
-6.318268300745667e-05
-0.0003661329263847735
-0.0002061746225619333
9.5390048467308e-05
-4.473181628655195e-05
0
-1.60806898204884e-05
0
-0.0002001986177903705
-0.0002725563083448193
0.0001241364633835851
0
-0.0002291515743010322
0.0002252314369510651
-0.0001182738670832013
-0.0004727222555500462
0.0007618725067002211
2.994278898392475e-05
0.001153888235351645
8.069552048899409e-06
0.0006423108616009631
-1.729587773611228e-05
-7.600761124627813e-05
3.589384164901269e-05
0.0002479279743367912
0.0003182541893127122
0.0009893335079684874
0
0.0005246485338817314
0
0.0006788486718887348
0
0.0008474732607895595
0.001478296935830013
0.0008500528765286253
0.001118122133388312
7.657609170203753e-05
0.0009560036996388571
0.001014683453398701
0
0
