0
0
0
0
0
0
0
0
0
-0.002684146306726748
-0.003203417931879038
-0.002341016827566949
0
-0.003777128061424151
-0.002383310561007319
-2.006974715780978e-05
4.817928355623315e-07
-0.0001715645568467439
0
-0.001601427340373162
-0.001608028426186286
-0.002471639222774717
-0.002865466361092863
-0.002479302339540896
-0.00317744082124487
-0.002554190746125519
-0.001448332490467693
-0.002398530306487318
-0.00200075382544936
-0.002030359738181422
0.0004381171156436291
-0.002883407181036721
-0.001920742886096496
-0.002724075396873535
-0.002644069238891987
-0.0009622294548853395
-1.008531145492323e-05
0
0
-0.002920989988177493
-0.0001992347021553029
-0.002497774916534789
-0.003367742223261241
-0.002901992755511891
-0.000633848548568143
-8.985773119148892e-05
-0.001122789536361333
-0.00100697164187632
-0.00160226238484045
0
-0.0007441352806889609
-0.002428366568483266
-0.002034122948463197
-0.002952395737350129
-0.002816383600961427
-0.003529945515709142
-0.002657954620298161
-0.003130491235471282
0
0
-0.00343582183020358
-0.00332976243820415
-0.0007124711933331799
-0.001642014265380134
-0.0005180747754437
-0.0004381387503416435
0.0002823241930964053
0.001625225819943704
0
0.000759363303395905
-0.002295273926838206
-0.002179500725666984
0
-0.002445503493516894
-0.003877646933118505
-0.002557004249288466
-0.003161318972735771
0
-2.26158754151103e-05
0.0008003578486945899
5.456975327997706e-05
0
0.0007676620685558438
-2.633786174328802e-05
0.0004246047644357703
0.0009423628449504898
0.0001935081110504946
0.00121513369319215
0.001120815495562415
0
0
0.001243866258026171
0.0005738081749532939
8.949772719859993e-05
0.001190147165474182
-0.002524188422611203
-0.003760656456911956
0.0009846407503743093
0.0007822912520307838
0
0.00125000661885557
-0.003648415815153479
0
-0.001727207835755934
0
-1.225004539826307e-05
-0.002218148485200061
0
0
-0.002485990297581583
-9.331840726403755e-05
-0.002132090040723224
-0.001473755437941368
-0.001112712235157158
-0.003113700816889858
0
-0.003904676413743902
-0.003569512301987137
-0.004331146851484895
-0.003054516255954739
-0.002890976538354486
-0.003445097347915112
-0.003103219860338286
-0.003198479575438979
-0.00365217237656532
-0.003787716506284766
-0.00387460731689045
-0.003892478992775411
-0.003827546813013713
-0.003882043747868705
-0.003672069594821603
-0.00365870607683724
-0.003811603340771358
-0.00344834097387703
-0.00347685238529696
-0.003870377167127449
-0.003751461115898564
-0.003600934426625181
-0.003970581976033897
-0.003670469204030642
-0.003723077102797263
-0.003802894264610629
-0.003851671999682698
-0.003874801740497882
-0.003815405758016087
0
-0.003967781762983532
-0.00270837972728211
-0.003473448865191484
-0.002596835082233861
-0.00217929019085132
-0.003832666067910667
-0.003588275248312745
-0.003763082734501816
-0.003481133201366099
-0.003743720831891737
-0.003690984959892786
0
-0.003972469301989536
-0.003456118341029071
-0.003712274702871441
-0.003736945876853343
-0.003597854410272441
-0.003802282353337718
-0.003799476834946864
-0.003860282290846093
-0.003845853412363932
-0.003587727239077962
-0.003842271661957768
-0.003693636170894886
-0.003713573288229162
-0.003868694011567921
-0.003719338698385951
-0.003788234850162851
-0.003016846313021482
0
-0.003848180097973819
-0.003867857575944384
-0.003779732347578561
-0.003616834281992772
-0.003532926780606434
-0.00375060083232427
0
-0.003921637383166067
-0.003703260617499105
-0.00366301794414925
-0.003574258192310318
-0.003261485513341994
-0.002767251176617762
0
-0.003876359516794313
-0.003538704672013004
0
0
-0.003842907811559607
-0.003863765784584674
-0.003791323562200888
-0.003746848640894308
-0.003535234744275377
-0.003770449574220991
-0.00283682589927084
-0.003531515571178963
0
-0.003440903531331399
-0.003167686259156533
-0.003914306156455237
-0.003831367723828497
-0.003386105627526012
-0.003523324142034013
-0.003425561716762476
-0.003708814063819068
-0.004166062532440898
-0.003860430321750251
-0.003965136035331181
-0.003076965004445743
-0.003520826127161872
-0.003350813314178134
-0.003138663867012274
0
-0.003424936122554689
0
-0.003486341661381594
0
-0.003149345939133161
0
-0.003298034774007248
-0.003525967994526442
-0.001936645743081302
-0.00340512857962389
-0.00128690052058156
-0.004059785466377775
0
-0.003085917728117911
-0.002838398194541573
-0.003631130985386457
-0.003389529742398738
-0.001935532416517457
-0.003112019076188911
-0.003169631426405342
-0.002080109926440509
-0.001024497735197633
-0.0002658805137974489
-0.0007116674728007993
-0.0002142671575063818
-0.003028193812865865
0
-0.004619276865059974
0
-0.0042506415348238
-0.002804464616528781
-0.001552996058045458
-0.002883785465158676
-0.003411919641716898
-0.00303216815533329
-0.001217300955315667
0.0002210993893879692
0.0002013421820262666
0
0.001500681389250434
6.337686533591661e-05
-0.001522839462201232
-0.00188976112124778
-0.002377894845829934
-0.001745880810524065
5.952907262441179e-05
-0.002128169378655262
-0.002070936120274492
-0.0001695596621087889
-0.0001707378166852078
-0.00279829867635792
-0.0007062100820356635
-7.23857544844797e-05
-0.0005203753297092522
0
-4.782626037567229e-05
0.001064655761328937
0
0.001190664845718656
0.000781225357293964
-0.004000487881981903
-0.003836447697825469
-0.003663612316510275
-0.003868737683804046
-0.003806617896042479
-0.00371545308659016
-0.003768176904774802
-0.00285557268513516
-0.001876577170722747
-0.00262615673010528
-0.003719242057534209
-0.00124443662366078
-0.002284624277673506
-0.0006596017602322958
0.0005364239345274551
-0.001147349720629209
0.0009900257448783477
-0.001671544760434579
-0.002358081074043626
4.297090098750647e-06
-0.0002419671281703655
-2.594662099424896e-05
-6.315492242117144e-05
-0.000366179667589538
-0.0002059367446472471
9.536937646759001e-05
-4.472706872358465e-05
0
-1.608577147129626e-05
0
-0.0002002322339873121
-0.0002725583375466469
0.0001241410137211204
0
-0.0002292191182097934
0.0002252384173546126
-0.0001182129008426953
-0.0004724302005601871
0.0007632089951920129
2.991274403922072e-05
0.001153862328831016
8.049032158385218e-06
0.0006424095288619884
-1.728321156907744e-05
-7.610770218181728e-05
3.597108936102713e-05
0.0002481185471421959
0.0003182348011150161
0.0009892835692428678
0
0.0005248592378353488
0
0.0006788768546564752
0
0.0008475969648657268
0.001478217262300445
0.0008500327252461696
0.001118148161791767
7.66646998678285e-05
0.0009558712184586639
0.001014818738494565
0
0
