0
0
0
0
0
0
0
0
0
-0.002685302599052632
-0.003203489788732135
-0.002341074743210332
0
-0.003778391921403517
-0.002386496322826888
-2.00721133848223e-05
-4.648607181796687e-07
-0.0001721820850026969
0
-0.0016027499971202
-0.00160818385663985
-0.002472250072778429
-0.002865466939320296
-0.002479706065506803
-0.003179206131678049
-0.002553915141693555
-0.001448336299991619
-0.002399021587192375
-0.002001036368591301
-0.002030618114777992
0.0004382204282620723
-0.002884752013261637
-0.001921156734512826
-0.002725151390340101
-0.002645300399189054
-0.0009622244476346122
-1.008439166435265e-05
0
0
-0.002922387180585829
-0.0001993038270587677
-0.002498651644579634
-0.003369626744042955
-0.002903437398327233
-0.0006339896944933516
-9.019831610804404e-05
-0.001123105647239948
-0.001007118497384322
-0.001602687460771628
0
-0.0007447339204224464
-0.002429304443573807
-0.002034993860110081
-0.002953949409333195
-0.002817887409637942
-0.00353183902282257
-0.002659319421861975
-0.003132261094888208
0
0
-0.003437813386075741
-0.003331624357580714
-0.0007128659276579223
-0.001642803555354904
-0.0005180747797957432
-0.0004381055692451504
0.0002823463989939735
0.001625218545402242
0
0.0007593438349273597
-0.002296246489591225
-0.002180727392800636
0
-0.002446428831429737
-0.003880368681711843
-0.002558721988880507
-0.003163254871338355
0
-2.263086548847832e-05
0.0008000991749203376
5.506202013212777e-05
0
0.0007678894946982165
-2.631344986446719e-05
0.0004246189825703561
0.0009424182690870457
0.0001921336354532509
0.001215212833290689
0.001120909019317997
0
0
0.001243921322769499
0.0005738488812304064
8.959904736447304e-05
0.001190211568025038
-0.002524555589029392
-0.003762392591468962
0.0009846991415664922
0.0007822488218433266
0
0.001249984704081222
-0.003650207798345535
0
-0.001728371903715584
0
-1.235094608744821e-05
-0.002219097671870418
0
0
-0.002486878772193176
-9.332599445547842e-05
-0.002134899279804222
-0.001474352608062343
-0.001114233773547335
-0.003114771460405444
0
-0.003906919820861951
-0.003572694444595503
-0.00433113787849205
-0.003057042855438126
-0.002892564763302452
-0.003447505320196426
-0.003105035000420571
-0.003200833439191063
-0.003654938834805757
-0.00378997503193631
-0.003876830451891262
-0.003894617319637372
-0.003829990550864795
-0.003884197412401834
-0.003674231942348842
-0.00366104234924537
-0.003813868055476324
-0.00345045121613118
-0.003478843330920916
-0.003872822108251935
-0.003753437348053609
-0.003602847692190807
-0.003972712794978149
-0.003672501739490801
-0.003724916860633878
-0.003805023499098433
-0.003853782544985493
-0.003877179260887445
-0.003817281489806179
0
-0.003969413876390214
-0.002711155385521173
-0.003476447615270765
-0.002598364199289085
-0.002180769371783906
-0.003834886054507525
-0.003590422524619277
-0.003765116963190756
-0.003480904949637063
-0.003745817156466149
-0.003693701642242288
0
-0.003974098216046319
-0.003456928755392028
-0.003714392684444462
-0.003739109681376987
-0.003599479527348353
-0.003804598950689326
-0.003801846323327894
-0.00386269848927525
-0.003848123006146147
-0.003589203906788812
-0.003844836610489626
-0.003695659437596496
-0.003715704868456415
-0.003871370860377441
-0.003721209515316379
-0.003790729758578007
-0.003017150485596169
0
-0.003850258309775286
-0.003869893266461529
-0.00378117133520533
-0.003618697397752267
-0.003534794907956895
-0.003752169211849008
0
-0.003923970000741385
-0.003704094377118535
-0.003666143600459101
-0.003575884223460405
-0.00326271623284526
-0.002767638277251979
0
-0.003879374056529872
-0.003537970751318748
0
0
-0.003845544105064407
-0.003866097786219103
-0.003793166336244523
-0.003748460095920045
-0.003535888980181169
-0.003771679899272887
-0.002837208783038161
-0.003531735792547741
0
-0.003441838972249054
-0.003166410646491298
-0.003917940447880242
-0.003833536703617256
-0.003386938184641872
-0.003523750845842522
-0.003423511645008156
-0.00370682517829259
-0.004177473859586819
-0.003867882954482703
-0.003965578976986274
-0.003077541258419972
-0.003521269124261409
-0.003351630478592615
-0.003139427964191064
0
-0.003425708282075913
0
-0.003486856623760431
0
-0.003148971112521955
0
-0.003298894183339401
-0.003526788599256788
-0.001937156932428249
-0.003405970426057479
-0.001287006147097417
-0.004060768308317449
0
-0.003086752834881296
-0.002838940127827766
-0.003632579532777627
-0.00339013268071701
-0.001935396767900305
-0.003112558757782562
-0.003170358507111247
-0.002080003342800638
-0.001024045928010407
-0.0002662490650365058
-0.0007114682735601709
-0.0002142698643614336
-0.003028434023123389
0
-0.004625634480306623
0
-0.004263507506876393
-0.002804945042494623
-0.001553175581391921
-0.002884893041853018
-0.003412790575051818
-0.003032833214270379
-0.001217417333851361
0.0002210947343065197
0.0002011123392680374
0
0.001500806270900482
6.337175673242061e-05
-0.001523006558817122
-0.001890007411364303
-0.002378088085295061
-0.001745930134917489
5.936375258364539e-05
-0.002128644335237375
-0.002071281188765793
-0.0001703303018814793
-0.0001707564990008441
-0.002798349069887861
-0.0007062375794476689
-7.26782427338755e-05
-0.0005203781549619039
0
-4.767858782074171e-05
0.001064696354117343
0
0.001190663792730723
0.0007809622856513592
-0.00399658660165748
-0.003838319117957116
-0.003666702454020442
-0.003872702724475754
-0.003808793633424305
-0.003715447616177906
-0.003769379133384478
-0.002857372326579404
-0.001876779246456959
-0.002626917093429233
-0.003720726383726914
-0.001244659119558727
-0.002285209345392325
-0.0006598867703458125
0.0005362311842508597
-0.001147368182677759
0.000989140265189227
-0.001671677985694686
-0.002358373088899014
4.302326875626897e-06
-0.0002419136298438946
-2.595698573245217e-05
-6.317774627998042e-05
-0.0003661524827072897
-0.0002061214259785475
9.538973709834528e-05
-4.473139427353786e-05
0
-1.607934147331497e-05
0
-0.0002002060834726729
-0.000272559812015412
0.0001241363400948203
0
-0.0002291752495937213
0.0002252333559233611
-0.0001182601006490025
-0.0004726569400249207
0.000762170465498756
2.993385221410859e-05
0.001153880547962225
8.063298611474278e-06
0.0006423333741061004
-1.729156125570239e-05
-7.602617664230256e-05
3.59122902919367e-05
0.0002479701152449923
0.0003182498813758297
0.0009893191135505095
0
0.0005246913336556954
0
0.0006788541499421506
0
0.0008474978651425766
0.001478279381123281
0.0008500530476336401
0.001118127134673139
7.659633318378156e-05
0.0009559729610305197
0.001014711457110743
0
0
