0
0
0
0
0
0
0
0
0
-0.002681737859184609
-0.003203262327635448
-0.002340894814445901
0
-0.003774503722820282
-0.002376728404086252
-2.007148382983433e-05
2.41739905098908e-06
-0.0001703050007056946
0
-0.001598695385242012
-0.001607712482451718
-0.002470364485219105
-0.00286546504777011
-0.002478461433149751
-0.003173738426183369
-0.002554751874659061
-0.001448324277782278
-0.002397506445138652
-0.002000164993629466
-0.002029826003839468
0.000437902820411951
-0.002880593924804833
-0.001919879774768658
-0.002721827433425446
-0.002641473774424349
-0.0009622395758944665
-1.008708670751603e-05
0
0
-0.002918059235575438
-0.0001990883999592127
-0.002495938556410648
-0.003363795681914568
-0.002898956404450738
-0.0006335564780670697
-8.915251482395613e-05
-0.001122127483757015
-0.001006663997603545
-0.001601378142332088
0
-0.0007429020679245596
-0.002426394809420379
-0.002032288935037675
-0.002949127324160883
-0.002813214972477994
-0.00352599052123707
-0.002655079259714469
-0.003126759729647919
0
0
-0.00343160204451698
-0.003325855142654147
-0.0007116542703279026
-0.001640357803696912
-0.0005180747663798707
-0.0004382065340046109
0.0002822899723966627
0.001625241329607528
0
0.0007594091291894612
-0.002293249001570607
-0.002176994913994655
0
-0.002443579787642787
-0.003871997564301992
-0.002553385238295913
-0.003157323610903449
0
-2.257287738497118e-05
0.0008009096542828827
5.355303201452336e-05
0
0.0007672026287310846
-2.638859764010087e-05
0.0004245808073079529
0.0009422594732365082
0.0001963657994598174
0.001214988371452631
0.001120635165289192
0
0
0.001243767453623648
0.0005737423520188901
8.929052304614896e-05
0.001190027342790222
-0.002523420844296114
-0.003757023400153219
0.0009845305165249621
0.0007823876944349058
0
0.001250069744706255
-0.003644660828052895
0
-0.001724808904887437
0
-1.205860756069508e-05
-0.002216182380606462
0
0
-0.002484143113017172
-9.330097894010188e-05
-0.00212661094339126
-0.001472619207693669
-0.001109782923893469
-0.003111691820532338
0
-0.003900089002314988
-0.003563296333957991
-0.004331152361680015
-0.003049432229566062
-0.002887674541696771
-0.003440241273353812
-0.003099443945246324
-0.003193708711030282
-0.003646663240856766
-0.003782702727648355
-0.003869944790331075
-0.003888006213675587
-0.003822608926346528
-0.003877530474057576
-0.003667666959965244
-0.003653990829970272
-0.003806986633374578
-0.003444010926445128
-0.00347273328256225
-0.003865208030426956
-0.003747385495038026
-0.003596962059213017
-0.003966057423155882
-0.003666292035574927
-0.003719256881544575
-0.003798520793720891
-0.003847280966109098
-0.00386983516063138
-0.003811503159538841
0
-0.003964231499098259
-0.002702867568717094
-0.003467493482027102
-0.002593704680673227
-0.002176350967952528
-0.003827850381899982
-0.003582908603262065
-0.003758438282404349
-0.00348166943469715
-0.003738921659286514
-0.003684929143274902
0
-0.003968909010375117
-0.00345409996516966
-0.003707579339007578
-0.003732152506279616
-0.003594223523547698
-0.003797227534055001
-0.00379434961950483
-0.003855162278260071
-0.003840992288216665
-0.003584366313257383
-0.00383684253412269
-0.003689188957813453
-0.003708899111544215
-0.003863099505709156
-0.003715160862428504
-0.003782906855273836
-0.003015943543100019
0
-0.003843846854395543
-0.003863612770698123
-0.003776689226426964
-0.003612917683726118
-0.00352899605483442
-0.003747303434163025
0
-0.00391670969122855
-0.003701022040676404
-0.003656519211453898
-0.003570580976818259
-0.003258537671158597
-0.002766051748974073
0
-0.003870135053843225
-0.003539489356668846
0
0
-0.003837321136592962
-0.003858930937311687
-0.003787374859710184
-0.003743200586989185
-0.003533455154337934
-0.003767555048123122
-0.002835818176750689
-0.00353052656396462
0
-0.003438665037859816
-0.003169735596990891
-0.003907058755118723
-0.003826721908895868
-0.003384090626873542
-0.003521960707295914
-0.00342904021344121
-0.00371332119701344
-0.004143052549583134
-0.003844469224329805
-0.003964195213574044
-0.003075540187378235
-0.003519420243494611
-0.003348837551399067
-0.003136847937858339
0
-0.003423000949880892
0
-0.003484846841059808
0
-0.003149746402521193
0
-0.003295915962935219
-0.003523868019321819
-0.00193547456425301
-0.003403018296936272
-0.00128664446478445
-0.004057306922971012
0
-0.003083910103371141
-0.002837091035274414
-0.003627793877647213
-0.003387934604352267
-0.001935496431602434
-0.003110597584495836
-0.003167829834374575
-0.002079920122167056
-0.001024917453271412
-0.0002651201548445477
-0.0007118047079968796
-0.0002142609167592829
-0.003027393366659089
0
-0.004606019091082729
0
-0.004228672343632711
-0.002803283786866196
-0.001552585008072153
-0.002881495328708801
-0.003409795690798328
-0.003030568772577237
-0.001216976238887649
0.0002211473084015773
0.0002018722689030962
0
0.001500424640111708
6.338818905107014e-05
-0.001522492704799149
-0.001889177304948918
-0.002377301823747722
-0.001745571900207966
5.987241817326969e-05
-0.002127086957349827
-0.002070146594507015
-0.0001679668556606377
-0.0001707062157071899
-0.002797915719588194
-0.0007061524236516426
-7.179948786876956e-05
-0.000520373520364781
0
-4.810529155953127e-05
0.001064552073303352
0
0.001190681227069872
0.0007817387644652202
-0.004004579605440171
-0.003831900899955641
-0.003657690869668177
-0.003859987852611685
-0.003801879190658219
-0.00371546880479185
-0.00376555929652045
-0.00285182127429939
-0.00187546646623513
-0.002623879655633348
-0.003715866168041368
-0.001243946580369767
-0.002283283113434397
-0.0006589573088688789
0.0005368683844063942
-0.001147310582000221
0.0009921278500157741
-0.001671177554457928
-0.002357335563767329
4.283731793023756e-06
-0.0002421008280592448
-2.592508566201022e-05
-6.313284655233406e-05
-0.000366249232143912
-0.0002055542972043049
9.53406382210241e-05
-4.473387906145922e-05
0
-1.610873537516938e-05
0
-0.0002002874322903655
-0.0002725802845671165
0.0001241642721248477
0
-0.0002293310881683847
0.0002252739044552677
-0.0001181162718139973
-0.0004719617639647226
0.0007653758651591024
2.987320111997111e-05
0.001153847136013144
8.018965669457425e-06
0.0006425875415792047
-1.726606332891721e-05
-7.628305810116653e-05
3.610640482266997e-05
0.000248431204052502
0.0003182031747934476
0.0009892173857212483
0
0.0005252039689469403
0
0.0006789479495163427
0
0.0008478056658455337
0.001478113607698966
0.0008500240335250523
0.001118211311650131
7.682632697072213e-05
0.0009556682841643791
0.001015042834834464
0
0
