0
0
0
0
0
0
0
0
0
-0.002682521137367788
-0.003203313716248824
-0.002340934620121217
0
-0.003775354401051581
-0.002378857189736378
-2.006961633491157e-05
1.795920127409888e-06
-0.0001707087350756071
0
-0.00159957826929981
-0.001607813552075214
-0.002470780959338318
-0.002865465490559326
-0.002478737192093754
-0.003174955111401891
-0.002554573355641828
-0.001448326977957583
-0.002397842425651108
-0.002000359340798473
-0.002029999767339125
0.0004379722485105477
-0.002881514067453325
-0.001920163370912622
-0.002722561767695507
-0.002642330307049421
-0.0009622363628414168
-1.00865314935979e-05
0
0
-0.002919021088763022
-0.0001991358937354637
-0.002496540591962858
-0.003365094692464828
-0.002899955795380326
-0.0006336509934865858
-8.938081119608783e-05
-0.00112234290598571
-0.001006764464680211
-0.001601667593551098
0
-0.0007433003696722428
-0.002427043730829284
-0.002032893177079541
-0.002950204765482545
-0.002814260004972504
-0.003527287667338233
-0.002656027236868928
-0.003127990980274309
0
0
-0.003432993230821398
-0.003327143001974525
-0.0007119206817789026
-0.001640902595772162
-0.0005180747693861502
-0.000438184719102101
0.0002823004331245898
0.001625236445189574
0
0.0007593931334043459
-0.002293908854971031
-0.002177794020413277
0
-0.002444204543189334
-0.003873813196936316
-0.002554575639864994
-0.003158615021584865
0
-2.258820775597043e-05
0.0008007298167886431
5.388178534697406e-05
0
0.0007673503994297789
-2.637214575144202e-05
0.0004245875756865446
0.0009422912167893756
0.0001954388936249237
0.001215033429034563
0.001120693871096765
0
0
0.001243798035220166
0.0005737616899762729
8.93568329774925e-05
0.001190064741475953
-0.0025236728658902
-0.003758197022139018
0.000984564751928441
0.0007823546547569116
0
0.001250045306711811
-0.003645887862325591
0
-0.001725581942194027
0
-1.211545438975964e-05
-0.002216819095341244
0
0
-0.002484743917411024
-9.33064116390236e-05
-0.002128289591859363
-0.001472953328810845
-0.001110672081041274
-0.003112345771417664
0
-0.003901542924898731
-0.003565235167614035
-0.004331146234940422
-0.003051044908788466
-0.002888746791636774
-0.003441795113114502
-0.003100674234895897
-0.003195234482909033
-0.003648406922374774
-0.003784343256210298
-0.003871438459644624
-0.003889437857365014
-0.003824177746188327
-0.003878980661846726
-0.003669082722100204
-0.003655498507552821
-0.003808459045835986
-0.003445413001094124
-0.003474075454357935
-0.003866877002344103
-0.003748698003647083
-0.00359825731276387
-0.003967529804808144
-0.003667641044087783
-0.003720493346412933
-0.003799922856530407
-0.003848693317895661
-0.003871433803281016
-0.003812758116549057
0
-0.00396538246958564
-0.002704589943621933
-0.003469368116449112
-0.002594705599878751
-0.002177264155960946
-0.003829415183722536
-0.003584733851362339
-0.00375996801063676
-0.003481482624255456
-0.003740496696784778
-0.003686914726166984
0
-0.003970044566268838
-0.003454740484363269
-0.003709107875742663
-0.003733714838814856
-0.003595399126850519
-0.003798871504716206
-0.003796013449670026
-0.003856815609660074
-0.003842565887841551
-0.003585450161410446
-0.003838596429846819
-0.003690634402204975
-0.003710417609034834
-0.00386490126872903
-0.003716519707550434
-0.00378463085401968
-0.003016211757948728
0
-0.003845239057311244
-0.003864978665797115
-0.003777664576475979
-0.003614205956471108
-0.003530292121078299
-0.003748369947620594
0
-0.003918343309955235
-0.003701761761572179
-0.003658626883943577
-0.00357177859577308
-0.003259473372317607
-0.002766395015366257
0
-0.003872135637550738
-0.003539263453030231
0
0
-0.003839127060422284
-0.003860482662556615
-0.003788651920470159
-0.003744394649059843
-0.003534033519047761
-0.003768500989632314
-0.002836124434318695
-0.003530858970442936
0
-0.00343938607175581
-0.003169088922876238
-0.003909369381321665
-0.003828239526145541
-0.003384734561737439
-0.003522415278444882
-0.003427940363229172
-0.003711770823236916
-0.004150415837384509
-0.003849718053057517
-0.003964502989498289
-0.003075987600636765
-0.003519888584999664
-0.003349472508910251
-0.00313743551178069
0
-0.003423628489092525
0
-0.003485340822508947
0
-0.003149620140450018
0
-0.003296620408419057
-0.003524557240615375
-0.001935849603726524
-0.003403707824167336
-0.00128671091827572
-0.004058122405183756
0
-0.00308456446221926
-0.002837503366498173
-0.003628878546643585
-0.003388438797989657
-0.001935461071084843
-0.003111029022154619
-0.003168384781791564
-0.00207992657760397
-0.001024706546835046
-0.0002653658910153191
-0.0007117000493724403
-0.0002142630275718005
-0.003027620258520499
0
-0.004610323344458218
0
-0.004235339006312652
-0.002803651570091
-0.001552704706176515
-0.002882236156212433
-0.003410486725794057
-0.003031081729016246
-0.001217063236176231
0.0002211274910914505
0.0002017334634393012
0
0.001500507408097113
6.338423172255098e-05
-0.001522605077979336
-0.001889350091205277
-0.002377467663880255
-0.001745641842887605
5.975723281255938e-05
-0.002127431856852055
-0.002070390666276188
-0.000168481992253114
-0.0001707166568424213
-0.002798006573525949
-0.0007061712664912384
-7.199322560877348e-05
-0.0005203734435117234
0
-4.801423536663946e-05
0.001064576730263385
0
0.001190674700605404
0.0007815810897709898
-0.004003610102810458
-0.003833425074837722
-0.003659542165656888
-0.003862898482694978
-0.003803423022519154
-0.003715463189849293
-0.003766433132185179
-0.0028530393578738
-0.001875773133528081
-0.002624587362759783
-0.003716984268317408
-0.001244104226351258
-0.002283719068351293
-0.0006591592117502084
0.0005367221970140906
-0.001147323414812985
0.0009914623169387298
-0.001671275583516978
-0.00235755754909787
4.288429223362708e-06
-0.0002420500061980176
-2.593205790983208e-05
-6.313700229420458e-05
-0.0003662178501292989
-0.0002056779870579117
9.534628771780835e-05
-4.472884528847113e-05
0
-1.610118679748112e-05
0
-0.0002002693999675082
-0.0002725716288404635
0.0001241538957057576
0
-0.0002292860675353788
0.0002252559779773352
-0.0001181492877429816
-0.0004721132587636782
0.0007646719558344493
2.988499786425242e-05
0.00115384348442867
8.028655482850544e-06
0.0006425229623530729
-1.727303567901113e-05
-7.622646775141125e-05
3.605893094232166e-05
0.0002483270275404441
0.0003182134603756839
0.000989229735150597
0
0.0005250875148350019
0
0.0006789179758825433
0
0.0008477324355468576
0.001478138904983912
0.000850025348108508
0.001118182590089346
7.67688482833624e-05
0.0009557287164489845
0.001014965165904464
0
0
