0
0
0
0
0
0
0
0
0
-0.002684068676285204
-0.003203413193643244
-0.002341013046547495
0
-0.003777045966589583
-0.002383103979042425
-2.006962489723923e-05
5.42701716283216e-07
-0.0001715249316709675
0
-0.001601339974970977
-0.001608018263184877
-0.002471597984811453
-0.002865466322260804
-0.002479274275679922
-0.003177324778461962
-0.00255420794080594
-0.001448332239587587
-0.002398497174689655
-0.002000735243256971
-0.002030341923993239
0.0004381104063024209
-0.00288331773713752
-0.001920716396898301
-0.002724003798120135
-0.002643988897511423
-0.0009622297777855644
-1.008536989875208e-05
0
0
-0.002920897792345531
-0.0001992301950081011
-0.002497717011456276
-0.003367621569424054
-0.0029018979118853
-0.0006338393900902688
-8.983562819385713e-05
-0.001122768941435582
-0.001006962673189689
-0.00160223564491794
0
-0.0007440964986055393
-0.002428305191182837
-0.002034066785903556
-0.002952295044885704
-0.002816286226228818
-0.003529826668739988
-0.002657866229070739
-0.003130376404304397
0
0
-0.003435688555694451
-0.003329643928968277
-0.0007124456223954754
-0.00164196330978754
-0.0005180747751660736
-0.0004381408898742945
0.0002823252588246579
0.00162522632771726
0
0.0007593647749632797
-0.00229520919960437
-0.002179415598446272
0
-0.002445441449809911
-0.003877474831931047
-0.002556891635051124
-0.003161193482149459
0
-2.261302534213147e-05
0.0008003797849463266
5.453783516549202e-05
0
0.000767648094910031
-2.633944814156341e-05
0.0004246064089656885
0.0009423635627344477
0.0001935974312515814
0.001215134387501443
0.00112081135766628
0
0
0.001243867257170769
0.0005738081805545323
8.949303338038632e-05
0.001190147648702155
-0.002524162534508112
-0.003760547276209557
0.000984640240530317
0.0007822965212948471
0
0.001250013520356554
-0.003648300638833915
0
-0.001727130196026222
0
-1.224262036065024e-05
-0.002218085076517909
0
0
-0.002485931076652622
-9.331793503091909e-05
-0.002131879324673783
-0.001473707071544716
-0.001112594238965828
-0.003113638331203183
0
-0.003904522651202506
-0.003569290828941839
-0.004331146937950153
-0.003054342510862152
-0.002890868682024508
-0.003444942174120993
-0.003103098215807598
-0.003198321506697147
-0.003651995421566313
-0.003787580516974768
-0.003874463595525028
-0.003892336801905353
-0.003827395876501125
-0.003881906975207244
-0.003671932502653514
-0.003658559497907327
-0.003811467243156476
-0.003448204874573559
-0.003476725800726607
-0.003870223607381408
-0.003751338942999161
-0.003600814306773439
-0.003970443340233011
-0.003670341741230986
-0.003722961428264234
-0.003802761775000775
-0.003851538581623818
-0.003874651731454441
-0.003815287892774963
0
-0.003967674365534523
-0.002708180436538218
-0.00347324592697984
-0.002596728504380502
-0.002179181271101592
-0.003832527384103346
-0.003588130873421288
-0.00376295953672562
-0.003481148580273415
-0.003743593500358454
-0.003690816169286984
0
-0.003972373800821575
-0.003456074604128151
-0.003712147565903875
-0.003736817434281941
-0.003597755967715122
-0.003802140567331226
-0.00379933121214734
-0.003860130898172005
-0.003845711779149489
-0.003587640352506203
-0.003842111813121814
-0.003693515006099081
-0.003713443051616626
-0.003868525957263209
-0.003719221495397372
-0.003788080454490527
-0.003016834762013052
0
-0.003848050141140255
-0.003867733479103692
-0.003779645073512746
-0.00361671441932431
-0.003532803859993324
-0.003750502949486971
0
-0.003921485234085404
-0.00370320584050198
-0.003662814816101367
-0.003574157542974612
-0.003261399054008767
-0.002767213258161649
0
-0.003876168895963864
-0.003538760014167595
0
0
-0.003842741631640466
-0.00386361970612822
-0.003791207830319639
-0.003746752202294156
-0.003535201986708279
-0.003770372213711595
-0.002836809504149237
-0.003531510216590916
0
-0.003440853315226365
-0.003167776926786533
-0.003914075424322949
-0.003831232562160429
-0.003386061597715902
-0.003523305727749025
-0.00342570266879795
-0.003708942709551327
-0.004165329074418096
-0.003859941034983205
-0.003965107037325485
-0.003076937486272276
-0.003520807133109236
-0.003350770324208769
-0.003138621158209606
0
-0.003424895107298732
0
-0.003486316489083737
0
-0.003149377865040542
0
-0.003297979781294147
-0.00352592214706621
-0.001936616464217714
-0.003405081312676794
-0.001286896750575919
-0.004059728325199404
0
-0.003085868850373181
-0.002838370400627926
-0.003631044249135419
-0.003389499954662625
-0.001935536651582635
-0.003111986357565552
-0.00316958118709728
-0.00208010457019387
-0.001024499817928868
-0.0002658566268825053
-0.0007116706096333159
-0.0002142669748855239
-0.003028184784604281
0
-0.004618863179861532
0
-0.00424980945769651
-0.002804441069142368
-0.001552988765017138
-0.002883713616131745
-0.003411870832824586
-0.003032132598498076
-0.001217295717558258
0.0002210990883164294
0.000201354404458817
0
0.00150067329540408
6.337719740685665e-05
-0.00152282860962929
-0.001889751789506376
-0.002377888287801153
-0.001745878371465139
5.953788722320411e-05
-0.002128143246420043
-0.002070919081500638
-0.0001695096960355048
-0.0001707375631675548
-0.002798302075983764
-0.0007062082803993529
-7.238454952630573e-05
-0.0005203751403039335
0
-4.782047895019368e-05
0.001064628655647117
0
0.001190669543548063
0.0007812435134334142
-0.004000746811408618
-0.003836332516895582
-0.003663418594065122
-0.003868474571561909
-0.003806488313248112
-0.003715453444170478
-0.003768096531769456
-0.002855455629032499
-0.001876532439792375
-0.002626080728386323
-0.003719149499424998
-0.001244425065527444
-0.002284590498461256
-0.0006595842701508538
0.0005364336738403526
-0.001147348514234468
0.0009900890670200082
-0.001671540250035659
-0.002358069076368504
4.297659681627685e-06
-0.0002419684885428713
-2.594594819061592e-05
-6.315318339245243e-05
-0.000366174178305021
-0.0002059247530055617
9.536615804968938e-05
-4.472591805167371e-05
0
-1.608522009113733e-05
0
-0.000200233942774796
-0.0002725631674139969
0.0001241434625109864
0
-0.000229216352968293
0.0002252397444082117
-0.0001182088049574856
-0.0004724154989675039
0.0007632765548931678
2.991274328925777e-05
0.001153864006610216
8.049590457533624e-06
0.0006424171065967488
-1.728039564556269e-05
-7.610901508692138e-05
3.597649282246784e-05
0.0002481294085985022
0.0003182338176558366
0.0009892834927190089
0
0.0005248706588977049
0
0.0006788813126925138
0
0.0008476048182611981
0.001478215629128726
0.0008500323936123894
0.001118152435210281
7.667142538425325e-05
0.0009558655215506436
0.001014826559916993
0
0
