0
0
0
0
0
0
0
0
0
-0.00268600281814798
-0.003203526923918795
-0.002341105123096289
0
-0.003779060091856506
-0.002388185104225055
-2.007665988101962e-05
-9.710588678753997e-07
-0.0001725440625727202
0
-0.001603508451018259
-0.001608268537622056
-0.002472607086631741
-0.002865467229688438
-0.002479954214314143
-0.003180209410614215
-0.002553764618096646
-0.001448338272627061
-0.00239932067511382
-0.002001212784417442
-0.002030777214390067
0.0004382751133827847
-0.002885543670707006
-0.001921407508367122
-0.002725794603553231
-0.002646004091061629
-0.000962221769583292
-1.008389017910795e-05
0
0
-0.002923197606794665
-0.0001993403660224458
-0.002499174165976694
-0.003370662864910624
-0.002904263740522922
-0.0006340644398930217
-9.037866399026354e-05
-0.00112327222324754
-0.001007205506614081
-0.001602939567159952
0
-0.0007450517352000413
-0.002429851968007957
-0.002035485985169163
-0.002954812814943686
-0.002818705263038206
-0.003532841480433113
-0.002660073660078461
-0.003133221357160385
0
0
-0.003438848116767727
-0.003332638796827696
-0.0007130853569155713
-0.001643236896295507
-0.000518074781245546
-0.0004380879593927976
0.0002823579054608237
0.00162521505632933
0
0.0007593298016019749
-0.002296792335130853
-0.002181481115278844
0
-0.002446994009432054
-0.003881794385797637
-0.002559628590771926
-0.003164281598029802
0
-2.263802093156627e-05
0.0007999557817260222
5.532300126293135e-05
0
0.0007680024327458454
-2.630055109079687e-05
0.0004246305435595328
0.0009424475824662468
0.0001914072430120385
0.001215246517481986
0.001120924062521018
0
0
0.001243936109618805
0.0005738546378021233
8.964562777627836e-05
0.001190240396043646
-0.00252478063928442
-0.003763281866055315
0.0009847260613655309
0.0007822263682567789
0
0.001249954104932078
-0.003651147070970939
0
-0.001729060581751423
0
-1.241960407780059e-05
-0.002219668968836701
0
0
-0.002487357988332068
-9.333028341234779e-05
-0.002136425302672037
-0.001474758502080741
-0.001115052652840224
-0.003115391564632375
0
-0.00390807880796872
-0.003574357585106719
-0.004331125732866743
-0.003058456443600839
-0.002893514142039299
-0.003448834262595562
-0.003106087956605827
-0.003202157125699627
-0.003656406050208125
-0.003791184415876974
-0.003877973706159783
-0.003895715040238676
-0.003831260734556666
-0.003885303857626039
-0.003675395861372168
-0.0036623029595708
-0.003815078470458272
-0.003451615301215936
-0.003479932464613254
-0.003874087140950998
-0.003754469128989312
-0.003603866495231082
-0.003973674064044021
-0.003673584714238415
-0.003725871694838555
-0.003806153510466681
-0.003854864369961307
-0.003878401480026839
-0.003818239115801403
0
-0.003970256147653149
-0.002712686232380908
-0.00347804665115907
-0.002599293392278962
-0.00218165426264713
-0.003836056391857886
-0.003591545949459854
-0.003766211084865803
-0.003480793928408723
-0.003746979570634643
-0.003695167973315172
0
-0.003975047964396255
-0.003457389829144667
-0.003715553985231628
-0.003740287436764279
-0.00360040772980777
-0.003805841619051537
-0.003803116466985635
-0.003863967160050036
-0.003849325538732297
-0.003590037287765037
-0.003846193491385423
-0.003696780756605266
-0.003716870887334766
-0.003872776658452144
-0.003722206082564926
-0.003792068144985873
-0.003017320484623012
0
-0.003851323705962209
-0.003870932307031265
-0.003781876357706746
-0.003619661189646126
-0.003535755762897427
-0.003752971993872179
0
-0.003925208188970782
-0.003704486403236065
-0.003667794399373774
-0.003576815322212568
-0.003263579898112988
-0.002768126268163384
0
-0.003880963809601234
-0.003537510546745067
0
0
-0.003846926206181492
-0.003867297865454122
-0.003794104466471576
-0.003749278013588921
-0.00353622184220798
-0.003772271407792802
-0.002837391867263745
-0.003531815507948082
0
-0.003442318385310603
-0.003165686952426274
-0.003919870923412548
-0.0038346737950431
-0.003387381168918437
-0.003523938071436195
-0.003422354140444201
-0.003705802512123916
-0.004183599990079413
-0.003871766206750346
-0.003965809967034482
-0.003077819212182474
-0.003521461538421481
-0.003352039422932416
-0.003139819685183549
0
-0.003426098402991783
0
-0.003487116864748823
0
-0.00314869384244308
0
-0.003299527101469993
-0.003527248276898009
-0.001937426568902063
-0.003406424951506085
-0.001287017571018547
-0.004061342760963696
0
-0.003087213460647535
-0.002839186862811522
-0.003633368292767371
-0.003390468746061596
-0.001935480003787902
-0.003112961140830943
-0.003170900477609054
-0.002080198684323985
-0.001024160370894761
-0.000266444609819173
-0.0007115764144306878
-0.0002142712142268957
-0.003028626951302254
0
-0.00462898890029147
0
-0.004270352182044545
-0.002805159624145195
-0.001553224760405874
-0.002885479710830392
-0.003413247853421155
-0.003033154630272954
-0.001217475341983573
0.0002210638784020703
0.0002009356958433084
0
0.001500872648883338
6.33701629635936e-05
-0.001523094949062998
-0.001890086738800692
-0.002378193898663416
-0.001746014992538582
5.92683467602034e-05
-0.002128877844505722
-0.002071423329434718
-0.0001707387906684615
-0.000170762851474191
-0.002798415198034942
-0.0007062521481823569
-7.281140298382916e-05
-0.0005203796413458698
0
-4.761665797062893e-05
0.001064746850526667
0
0.001190657416711222
0.0007807985600535395
-0.003994583815975389
-0.003839323089215878
-0.003668321180272274
-0.003874731215247534
-0.003809950612316957
-0.003715444773452586
-0.003770150536275908
-0.002858321841568151
-0.001877387683257792
-0.0026279012225573
-0.003721491459226466
-0.001244786276155385
-0.00228552001271034
-0.0006600484105718136
0.0005361195189346423
-0.001147377874150193
0.0009885748395227786
-0.001671719408971251
-0.002358488503333089
4.308979089121872e-06
-0.0002418552370546943
-2.596263194239808e-05
-6.319184335557321e-05
-0.000366109743071951
-0.000206219262173703
9.53848167568611e-05
-4.473107393075895e-05
0
-1.607904167849355e-05
0
-0.0002001923678787483
-0.0002725598969583099
0.0001241358658328587
0
-0.0002291233036359297
0.000225223032018134
-0.0001182857163057326
-0.0004727771313078397
0.0007616225974730222
2.995161277111068e-05
0.001153890313163765
8.076674273012611e-06
0.0006422894678566298
-1.72986120591243e-05
-7.598596398707055e-05
3.587618862070936e-05
0.0002478912604983309
0.0003182577865269898
0.0009893419980601915
0
0.0005246109823046523
0
0.0006788403338535066
0
0.0008474518225274261
0.001478305699164628
0.0008500433856250206
0.001118116173081675
7.655547585187101e-05
0.0009560295915894844
0.001014659869445003
0
0
