0
0
0
0
0
0
0
0
0
-0.002687815677214225
-0.003203582703139096
-0.002341151423013569
0
-0.003780086153681048
-0.002390785143592256
-2.009525990603833e-05
-1.730525538923739e-06
-0.0001731829238754231
0
-0.001605151276203942
-0.001608405652946679
-0.002473381239720578
-0.002865467658048674
-0.002480509441469129
-0.003183047477889998
-0.00255354019256035
-0.001448341244720103
-0.002399978075029753
-0.00200157400529498
-0.002031131259802918
0.000438359177529214
-0.002887543640350707
-0.001921903712048113
-0.002727326032336449
-0.002647351731875196
-0.0009622176124634499
-1.008310236998661e-05
0
0
-0.002925159826746839
-0.0001993964804468568
-0.002500329359792725
-0.003373547618410501
-0.00290620810479154
-0.0006341794120192141
-9.065603575490034e-05
-0.00112352707987085
-0.001007360207462361
-0.001603408721183906
0
-0.0007455416556934928
-0.002430920979527359
-0.002036366872771357
-0.002956369317959324
-0.002819863284407009
-0.003534041959092982
-0.002661377329261536
-0.003134490903825675
0
0
-0.003439934584725052
-0.00333390460700178
-0.000713440468910538
-0.001643948052295284
-0.0005180747814095641
-0.0004380607273193829
0.0002823901243038962
0.001625209995171778
0
0.0007593103828542504
-0.002297882490130002
-0.002183569096793731
0
-0.002448394294801401
-0.003883929544094176
-0.00256087127262094
-0.003165863002118705
0
-2.264150818971666e-05
0.0007997490340493457
5.572481825624723e-05
0
0.0007681788132946159
-2.628076138672176e-05
0.0004246643626704531
0.0009425119740433601
0.00019029199905972
0.00121531193154409
0.001120890937853162
0
0
0.00124395140795215
0.0005738559367440679
8.97092268440369e-05
0.001190294676139842
-0.002525301732832602
-0.00376455142001473
0.0009847754539930914
0.0007822022080902246
0
0.001249889802696251
-0.003652508337437058
0
-0.001730703692866816
0
-1.261004202485466e-05
-0.002221046712963056
0
0
-0.002488288001370414
-9.333730183529241e-05
-0.002139347959126171
-0.001476031402222395
-0.001116539929643927
-0.003116339117109377
0
-0.003909786177204123
-0.003576916598425507
-0.004331094041325209
-0.003062144810004537
-0.002896429296443056
-0.003453215549225198
-0.003109473410802872
-0.003206197923738228
-0.003659199919657156
-0.00379300441791509
-0.00387963598389488
-0.003897327927048747
-0.003833475871021418
-0.003886937514700837
-0.003679958687568214
-0.003666294436120966
-0.003817383758056995
-0.003455984737631727
-0.003484126737806808
-0.003875940650391414
-0.003758310250449445
-0.003608195372676745
-0.003974936710087812
-0.003678503870925832
-0.003729306557425695
-0.003808599918493755
-0.003856395902018959
-0.003880207334883714
-0.003819687150103401
0
-0.003971493823682333
-0.002715959487681747
-0.003480959938755575
-0.002602038278795784
-0.002183971571718556
-0.003837818966323903
-0.003593243051919983
-0.003767841392822343
-0.003480631006080532
-0.003748637735616878
-0.003697319629943848
0
-0.003976501452594348
-0.003458346097659378
-0.003717313433648536
-0.00374205445121506
-0.003601822420777782
-0.003807708508283669
-0.003805023457176448
-0.003865858452857675
-0.003851127067068538
-0.003591397530755083
-0.003848228645470271
-0.00369852283322687
-0.003718645443648433
-0.00387488246966844
-0.003723709527534191
-0.003794069706945135
-0.003017907893200481
0
-0.00385295815551319
-0.003872516195944684
-0.003782968941254802
-0.003621279811317058
-0.003537371691052209
-0.003754301101968995
0
-0.003927172768234957
-0.003705127428796947
-0.00367032500718283
-0.003578232225471422
-0.003265253970935438
-0.002769528723626169
0
-0.003883358319667443
-0.003537024001298027
0
0
-0.003849001231011405
-0.003869111831318
-0.00379556446236277
-0.003750524929951547
-0.003536996875742607
-0.00377320348088781
-0.002837926539907502
-0.003532167768950464
0
-0.003443207759565728
-0.003164718890508271
-0.003922804476433558
-0.00383634668509873
-0.003388237841510395
-0.003524361931013821
-0.003420763994347671
-0.003704358812430569
-0.004193137530642175
-0.003877661030898471
-0.003966160508644365
-0.003078461849064361
-0.003521919518480484
-0.003352830132097103
-0.003140513706994977
0
-0.003426834942306202
0
-0.003487608006461808
0
-0.003148441205680937
0
-0.003300317538581227
-0.003527993149078962
-0.001937902883375797
-0.003407203514433525
-0.00128715003006026
-0.004062234266226773
0
-0.003087986265302297
-0.002839722422384387
-0.00363470800805461
-0.00339123979878619
-0.001936242920213693
-0.003113923988928347
-0.003172054919131768
-0.002081294655834083
-0.001025456447954247
-0.0002667457606713043
-0.0007125013303457204
-0.0002142732173892886
-0.003029311556476064
0
-0.004634131181344245
0
-0.004280922645701308
-0.002805669710345587
-0.00155340124967093
-0.002886382647125233
-0.003414047399272356
-0.003033777908171043
-0.001217740986701678
0.0002210163854995257
0.0002004113827223629
0
0.001500974817718939
6.337053121908298e-05
-0.001523230890296552
-0.001890345414740542
-0.002378649228375026
-0.001746516553218294
5.914753615280927e-05
-0.002129309983248358
-0.002071748415764453
-0.000171367717320451
-0.0001707711517711817
-0.002798928479351648
-0.0007062742487840479
-7.298013607774678e-05
-0.0005203818217576374
0
-4.753178792811636e-05
0.001064892662860332
0
0.001190658384061581
0.0007804389792157528
-0.003991581903850069
-0.003840836808754327
-0.003670787623546643
-0.00387776210806514
-0.003811700898566399
-0.003715441272239737
-0.003771502265949011
-0.002859777665518785
-0.001879458000901541
-0.002630472309265221
-0.003722596050948079
-0.001245023952257644
-0.002286032897490049
-0.0006603668853513638
0.0005359610550206688
-0.001147392662425931
0.0009875493147502965
-0.001671969466321333
-0.002358861264383345
4.324830807730442e-06
-0.000241790953719384
-2.597134450078997e-05
-6.320802898605914e-05
-0.0003660641075837324
-0.0002063693445548183
9.538564592496348e-05
-4.473015539031373e-05
0
-1.606392173468704e-05
0
-0.0002001714162967973
-0.0002725612430138756
0.000124145260619364
0
-0.0002290541606311016
0.0002252316948368275
-0.0001183067910795147
-0.0004729621639122687
0.0007607828568834981
2.99900791511898e-05
0.001153938864909114
8.105566625755987e-06
0.0006422360885368062
-1.729709922323611e-05
-7.588792940866197e-05
3.582342658035482e-05
0.0002477806597323362
0.0003182698448170438
0.0009894223411094393
0
0.0005245168332979556
0
0.0006788387988919494
0
0.0008474059784882976
0.001478377969687237
0.0008500101550628743
0.001118122950643856
7.650099945336304e-05
0.0009561343297464828
0.001014602725097363
0
0
