0
0
0
0
0
0
0
0
0
-0.002686824380560655
-0.003203573496723879
-0.002341143724773444
0
-0.003779914806284426
-0.002390350415507397
-2.008085772732287e-05
-1.608839636255347e-06
-0.0001729844427802741
0
-0.001604426852895202
-0.001608378321871342
-0.002473037243345147
-0.002865467585457064
-0.002480248091768252
-0.003181423610561932
-0.002553576353241941
-0.001448340753615812
-0.002399675545481122
-0.002001422480469963
-0.002030967044294673
0.0004383451297849182
-0.00288648518108852
-0.001921709458550426
-0.002726553050320553
-0.00264684719794682
-0.0009622183105157374
-1.008323577542395e-05
0
0
-0.00292416607326011
-0.0001993871107958441
-0.002499791633692669
-0.00337193717288081
-0.002905256604336312
-0.0006341602025712885
-9.060968264051138e-05
-0.001123484618205122
-0.001007311335830545
-0.001603248929413546
0
-0.0007454596776345332
-0.002430504104281769
-0.002036089775980047
-0.002955863704286458
-0.002819717066900959
-0.003534083849386784
-0.002661004829655143
-0.003134401299253505
0
0
-0.003440141556053393
-0.003333869236173656
-0.0007133609709484162
-0.001643776544511611
-0.0005180747821638462
-0.0004380652540038049
0.0002823757492933401
0.001625210820288829
0
0.0007593146834713183
-0.002297463734655007
-0.0021823611713134
0
-0.002447654295645675
-0.003883592080082098
-0.002560768783977135
-0.003165598510271779
0
-2.264536502208874e-05
0.0007997831578549425
5.56576366998631e-05
0
0.0007681572020726623
-2.628406441246831e-05
0.0004246457405662307
0.000942492503571916
0.0001904782083523087
0.001215304761724247
0.001120975490301509
0
0
0.001243973407756143
0.0005738784706748124
8.971187487460853e-05
0.001190287617524528
-0.002525046912607965
-0.003764419929785854
0.0009847687339169038
0.0007822005007377506
0
0.00124993399065157
-0.00365235513295299
0
-0.00172988244378188
0
-1.249236277085108e-05
-0.00222034309654917
0
0
-0.002487953028474744
-9.333609432534573e-05
-0.002138259335761474
-0.00147519190990754
-0.001116036979513443
-0.00311618126178463
0
-0.003909518000231018
-0.003576423012317477
-0.00433110044835375
-0.003060220975740135
-0.002894645140947234
-0.003450555994567975
-0.003107369290920611
-0.003203830309970972
-0.003658265741944087
-0.00379270537364842
-0.003879394170013514
-0.003897078791026569
-0.003832871870801411
-0.003886682226002139
-0.00367693570411602
-0.003663954340377424
-0.003816657980387468
-0.003453110622763645
-0.003481322065475358
-0.003875651209410616
-0.003755827937626092
-0.003605188094046618
-0.003974728177341353
-0.003675022911586796
-0.003727124247568074
-0.003807632242174368
-0.003856225780039165
-0.003879923259465053
-0.003819457926671544
0
-0.003971316611236414
-0.002714560108139656
-0.003480044429146022
-0.002600389595346057
-0.002182687805420991
-0.003837521797726774
-0.003592947236167492
-0.003767574035812484
-0.00348065765210106
-0.003748382250085824
-0.003696968480429445
0
-0.003976239293374593
-0.00345814377262098
-0.003717016467843764
-0.003741760446775557
-0.003601570819538887
-0.003807404794956252
-0.003804711287742344
-0.003865560976073589
-0.003850838723423476
-0.003591144472744324
-0.003847897543919318
-0.003698220253779745
-0.003718343377204844
-0.003874540206041818
-0.003723466421506178
-0.003793741973206475
-0.00301776542910191
0
-0.003852670764757747
-0.003872254335446148
-0.003782760473169215
-0.003620882794111747
-0.00353696124250592
-0.003754009310451836
0
-0.003926748940315848
-0.003705036154602876
-0.003669902777332647
-0.003577979444639764
-0.003264847788443344
-0.002769099241292503
0
-0.003882981243220938
-0.003537105601438374
0
0
-0.003848666792199323
-0.003868819328484787
-0.003795283581496263
-0.00375029986532626
-0.003536841144898432
-0.003773085252653612
-0.002837813754837193
-0.003532095532993976
0
-0.003443047075422206
-0.003164890454994679
-0.003922310072527244
-0.003836064931919346
-0.003388073310926054
-0.003524288548593484
-0.00342104619364486
-0.003704589795227429
-0.004191533010063758
-0.003876681993424313
-0.003966102351316604
-0.003078338586521703
-0.003521838443414489
-0.003352687438729878
-0.003140396220968131
0
-0.003426702557062684
0
-0.003487521955870241
0
-0.003148497750608444
0
-0.003300144665389978
-0.003527858418797643
-0.001937816235771002
-0.003407064866319319
-0.001287132772733236
-0.004062068731796808
0
-0.003087846902228727
-0.002839631028592771
-0.003634463883615466
-0.003391073477804933
-0.001935972898438829
-0.003113675780600471
-0.003171765668797923
-0.002080909102651277
-0.001024958115492664
-0.0002666954368902357
-0.000712177857249991
-0.000214272900823469
-0.003029122311677928
0
-0.00463327323208923
0
-0.004279152355288876
-0.002805579261512064
-0.001553377278787387
-0.002886231562616103
-0.003413904642399677
-0.003033671877927083
-0.001217677116895303
0.0002210344879726917
0.0002005324814362293
0
0.001500957794429939
6.337047022906852e-05
-0.001523208166274235
-0.00189030562674296
-0.002378535750667655
-0.001746362809253617
5.916712803447691e-05
-0.002129235800169231
-0.00207169688844064
-0.0001712625611939329
-0.000170770085383648
-0.002798775072956456
-0.0007062706132051802
-7.296408306060569e-05
-0.0005203814577954992
0
-4.754072864425516e-05
0.001064851765685145
0
0.001190660044966457
0.0007806155231204513
-0.003992075055906544
-0.003840584854508416
-0.003670369888813225
-0.003877261646826511
-0.003811410198513868
-0.003715441323095532
-0.003771278735355035
-0.002859534728391128
-0.001878755176655765
-0.002629644857741659
-0.003722409399268056
-0.001244974159398564
-0.002285944898785015
-0.0006602974805142571
0.000535992154749767
-0.001147390201350645
0.0009877828567245843
-0.001671917358220111
-0.00235879139920015
4.319608874327176e-06
-0.0002418155196526028
-2.596990546214806e-05
-6.320136814408857e-05
-0.0003660869646527755
-0.0002063444526850782
9.539076069547381e-05
-4.472954383706541e-05
0
-1.606412221520715e-05
0
-0.0002001749080497366
-0.0002725579223453994
0.0001241407737534539
0
-0.0002290809420999462
0.0002252284282558188
-0.0001183049992223757
-0.0004729312237362664
0.0007609229012334228
2.997779851661243e-05
0.001153925094571429
8.097301621216268e-06
0.0006422436868753058
-1.729506260439301e-05
-7.590402944407214e-05
3.583368217115966e-05
0.0002477975920014808
0.0003182678453202651
0.0009894021330212825
0
0.0005245251624045186
0
0.0006788354619097786
0
0.0008474073760372622
0.001478365047747527
0.0008500258217328337
0.00111811828010814
7.650921126986159e-05
0.0009561142843421467
0.001014607607025369
0
0
