0
0
0
0
0
0
0
0
0
-0.002683961327771606
-0.003203407140263951
-0.002341008223592277
0
-0.003776941321227183
-0.002382840703614701
-2.007038750791414e-05
6.117755097743428e-07
-0.0001714737433196478
0
-0.00160122254701345
-0.001608005658099141
-0.002471540960648721
-0.002865466272523284
-0.00247923450713613
-0.00317716453689477
-0.00255422693112132
-0.001448331919232036
-0.002398449790401734
-0.002000707228702168
-0.002030317013645995
0.0004381018546857074
-0.002883193906494603
-0.001920676949908334
-0.00272390350744215
-0.002643874804505248
-0.0009622301890247245
-1.00854440909319e-05
0
0
-0.002920769174129426
-0.0001992243664863638
-0.002497634694601909
-0.003367452426263073
-0.002901764922164141
-0.000633827718604338
-8.980745862918724e-05
-0.001122742678513694
-0.001006950320426177
-0.001602196580186749
0
-0.0007440470826903643
-0.002428217779887087
-0.002033987308652052
-0.002952153657940295
-0.002816153240794848
-0.00352966111203257
-0.00265774306377739
-0.003130219173007312
0
0
-0.003435516121760843
-0.003329477232712924
-0.0007124122739885177
-0.001641893633441946
-0.0005180747748158904
-0.0004381436181618491
0.0002823258743972763
0.001625226978677817
0
0.000759368063153116
-0.002295122338276986
-0.002179304890581941
0
-0.002445355059792431
-0.003877254531859103
-0.002556742716936844
-0.003161033568079953
0
-2.260966363624493e-05
0.0008004030905898553
5.449716056874523e-05
0
0.0007676331770138095
-2.634147035467908e-05
0.0004246057133951685
0.0009423611195010082
0.0001937112958408632
0.001215131026614714
0.001120809682636059
0
0
0.001243866151031734
0.0005738093919306111
8.948521528509958e-05
0.001190145090302644
-0.002524125607524735
-0.00376040162136181
0.0009846375991811166
0.0007823010195836351
0
0.001250020093159853
-0.003648147295828779
0
-0.001727025414573065
0
-1.223422893945381e-05
-0.002217997661479636
0
0
-0.002485853264529725
-9.331725854770844e-05
-0.002131646878995228
-0.001473656082984347
-0.001112470702692058
-0.003113558648423229
0
-0.003904338711321419
-0.003569027238192135
-0.004331146956146116
-0.003054125952989326
-0.002890724233449434
-0.003444731084435856
-0.003102935080007
-0.003198117234287037
-0.003651752703519019
-0.003787407162992475
-0.00387428264117688
-0.003892161657697185
-0.003827179351101162
-0.003881730485258209
-0.003671748950787822
-0.003658355773196302
-0.003811266066932828
-0.003448020365735048
-0.003476550306077569
-0.003870026828715287
-0.003751169747277273
-0.00360064904209423
-0.003970267268653399
-0.003670168516668472
-0.00372280606150799
-0.003802582380162884
-0.003851364900698281
-0.00387445808866067
-0.003815131993581819
0
-0.003967543490786892
-0.002707948784724499
-0.003472991186382782
-0.002596591330529616
-0.002179054998613392
-0.003832353492406676
-0.003587954562987687
-0.00376280273823191
-0.003481168264505939
-0.003743422852680424
-0.003690599419548212
0
-0.003972250743347919
-0.003456022756633872
-0.003711982891593796
-0.003736651241240018
-0.003597631299324255
-0.003801959749754065
-0.003799145359889469
-0.003859938152775378
-0.0038455324462169
-0.003587529338452627
-0.00384190705508567
-0.003693359480435203
-0.003713276748914198
-0.003868310032094889
-0.003719079817621958
-0.00378788217786644
-0.003016824164604975
0
-0.003847879458249029
-0.003867564929430118
-0.003779525291712909
-0.003616552878118163
-0.003532640784725155
-0.003750371278726413
0
-0.003921278277852424
-0.003703159581135317
-0.003662555886203135
-0.003574033151618878
-0.003261292115005835
-0.002767164592686239
0
-0.003875924441950475
-0.003538849901919051
0
0
-0.003842531520622922
-0.003863428581325245
-0.003791052818980253
-0.00374661915248121
-0.003535168766759497
-0.00377028954111075
-0.002836794004521097
-0.003531515579079626
0
-0.003440792621362839
-0.00316791092693311
-0.003913778681348506
-0.003831059522223338
-0.003386008646019645
-0.003523290398428215
-0.003425906576726868
-0.003709107900391476
-0.004164395537767009
-0.003859316373189256
-0.003965070019858341
-0.003076906922180567
-0.003520791218455824
-0.003350719957914276
-0.003138571607935704
0
-0.003424848358239223
0
-0.003486291152072182
0
-0.003149433763222921
0
-0.003297903375732854
-0.003525867813632864
-0.001936581508793382
-0.003405026654862977
-0.001286897080404333
-0.004059659454329089
0
-0.003085811742390897
-0.002838341421165604
-0.003630940064713594
-0.003389466918381565
-0.001935548023698688
-0.003111943883899287
-0.003169517095988555
-0.002080103340528011
-0.001024515505231429
-0.0002658261881086369
-0.000711685974286138
-0.0002142667399357005
-0.003028172730634129
0
-0.004618335694350672
0
-0.004248749504193666
-0.002804417425166592
-0.00155298257893625
-0.002883622056319941
-0.003411813553418385
-0.003032093234372933
-0.001217291763424315
0.0002211134660954509
0.0002013600694129525
0
0.001500662978020483
6.337762183792577e-05
-0.001522814777805536
-0.001889743323867017
-0.002377883794921326
-0.001745879542298273
5.955538108362384e-05
-0.002128111892157259
-0.002070899879106657
-0.0001694460353573223
-0.0001707344320066665
-0.002798308251171669
-0.0007062059838976663
-7.233975864967971e-05
-0.0005203748971800481
0
-4.784935518633973e-05
0.001064658629510465
0
0.001190672417954103
0.0007812662394229581
-0.004001078271735202
-0.003836186126669867
-0.003663176895769229
-0.003868138219770689
-0.003806324478069245
-0.0037154539063799
-0.003767992931697184
-0.002855306410284364
-0.001876481456728683
-0.002625979395299708
-0.003719034895620948
-0.00124440751413525
-0.002284549521483657
-0.0006595655196712975
0.0005364541126676029
-0.001147346975005984
0.0009901489957725553
-0.001671538839655621
-0.002358058926681984
4.295639065380517e-06
-0.0002419786967889511
-2.594508961466935e-05
-6.31577846751727e-05
-0.0003661847749848718
-0.00020590946593513
9.537127209839979e-05
-4.47304447307724e-05
0
-1.609036344767485e-05
0
-0.000200236122853546
-0.0002725643815225838
0.000124147474933227
0
-0.0002292275337860886
0.0002252507949514133
-0.0001182065680602634
-0.0004723967621167355
0.0007633626756568705
2.991134073661981e-05
0.001153871494627157
8.046809163065486e-06
0.0006424276957182741
-1.728246504388106e-05
-7.612208884886413e-05
3.59838823432966e-05
0.000248143199520146
0.0003182325639586538
0.0009892809020235463
0
0.0005248850336470329
0
0.0006788900693849429
0
0.0008476153230945592
0.001478222536486109
0.0008500392174298287
0.00111815912515563
7.668151838344025e-05
0.0009558588750413644
0.001014837244004242
0
0
