0
0
0
0
0
0
0
0
0
-0.002685130716954953
-0.003203602241970146
-0.002341167769515601
0
-0.003780449597718043
-0.002391707349565871
-2.000062062077535e-05
-2.211217544415805e-06
-0.0001723719017241155
0
-0.001603628269928224
-0.001608338609773416
-0.002472149344275241
-0.002865467808128418
-0.002479085957196557
-0.003180542223736295
-0.002553331965236408
-0.001448342266286998
-0.002398356179935301
-0.002000289242399742
-0.002030253600244923
0.0004383888993627879
-0.002884886617216505
-0.001920456564004069
-0.00272483997547345
-0.002644958108824125
-0.0009622161309524583
-1.008281720222082e-05
0
0
-0.002922565687254765
-0.0001994163603614112
-0.002498115931754084
-0.003371663745765058
-0.002903696461819886
-0.000634220220672316
-9.075436699921679e-05
-0.00112361716832749
-0.001007052000836396
-0.001602188358502054
0
-0.0007457156501411939
-0.002428776856253695
-0.002034873872012585
-0.002954167364883532
-0.002818572705792567
-0.003532591402460923
-0.002659805307148727
-0.003132773395798377
0
0
-0.00343936452968826
-0.003331508978399417
-0.0007129320885298373
-0.001643104515850922
-0.0005180747799099392
-0.0004380510628412625
0.0002823087724559737
0.001625208232850145
0
0.0007593599764386918
-0.002296848229705987
-0.002180773414899727
0
-0.002446084938571824
-0.00388426091600701
-0.00256038334733202
-0.003166424395353155
0
-2.267104452537637e-05
0.0007995984519532813
5.5867427429837e-05
0
0.0007682099805061399
-2.627375202592733e-05
0.0004244819558563993
0.000942307421160332
0.0001898972638902662
0.001215241125097573
0.001121582287893228
0
0
0.001244072624666628
0.0005741164019591266
8.988609180894003e-05
0.001190196710067266
-0.002524023738351127
-0.003765091471582526
0.0009846962244017654
0.000782052725569821
0
0.001250270620066365
-0.003652533317575875
0
-0.001728773242311903
0
-1.214944791476421e-05
-0.002219010387673258
0
0
-0.002488124948956836
-9.333985977379262e-05
-0.002137170413920966
-0.001473466366717907
-0.001115463748711795
-0.003116671236714904
0
-0.003909934610973495
-0.003576926941333365
-0.00433108104729926
-0.003060646739848471
-0.002893450015769971
-0.003453017895428671
-0.003106982917381622
-0.003204956443813468
-0.003659350394782639
-0.003793033397309202
-0.003879830091102533
-0.003897603677689552
-0.003834109136742016
-0.003887301301528815
-0.003680909039926032
-0.003666962814297963
-0.00381819347757483
-0.003455516448201939
-0.003483561926983461
-0.00387630036577656
-0.003759648268071437
-0.003608602549616632
-0.003975439175831712
-0.003679756577745415
-0.003730528402665538
-0.00380948658681266
-0.003856925860890894
-0.003880716562113963
-0.003820338957972737
0
-0.003972008453221945
-0.002714104136477172
-0.003480552734424392
-0.002598912547895745
-0.002181127521097279
-0.003837896605664868
-0.003593755114427241
-0.003767795150779189
-0.00348057611029849
-0.003748485122836375
-0.003697476691051162
0
-0.003976576808309869
-0.003460839285446873
-0.003717434265436906
-0.003742088660132041
-0.003601801904014536
-0.003807811974796707
-0.003805190648664136
-0.003866172786341287
-0.003851332791408058
-0.003592118618134166
-0.003848560332233463
-0.003698752410144568
-0.003718738713718706
-0.003875326221053273
-0.003724273770672265
-0.003794226304493647
-0.003021653963746047
0
-0.003853587729527755
-0.003872879524204375
-0.003783521275931905
-0.003622061028198664
-0.003537596073294079
-0.003754754359992021
0
-0.00392747773378382
-0.003706811233862644
-0.00367122253984962
-0.003578172953735869
-0.003266536532136953
-0.002772588000994376
0
-0.003883640835331293
-0.003540303328076743
0
0
-0.00384953962633644
-0.003869611989528131
-0.00379614105701111
-0.003750777599544149
-0.003540204437957154
-0.003774235085701445
-0.002841421742123446
-0.003535318030145698
0
-0.003445743846526229
-0.003166914160681421
-0.003923229644402252
-0.003834513435206587
-0.003390759485936459
-0.003526763680317743
-0.003422709920055138
-0.003703572561865808
-0.004196557183360728
-0.003879718747830736
-0.003966283581110787
-0.003081756278288382
-0.003524674019129259
-0.003355571184493608
-0.003142317280494514
0
-0.003429162175653774
0
-0.003489222657597349
0
-0.003151686584363832
0
-0.003296285355833751
-0.003528646717486939
-0.001938882857304407
-0.00340855560730926
-0.001289213984061882
-0.004062229769200622
0
-0.003088993869956133
-0.002842576469904427
-0.003636228693591855
-0.003394140879944176
-0.00194074339553852
-0.003116192681479004
-0.003173810397782448
-0.002086049619496274
-0.001032012168952531
-0.0002668521996319081
-0.0007179830526687251
-0.0002142738877716781
-0.003032641634057561
0
-0.004635948344217322
0
-0.004284683673869721
-0.002808763489945364
-0.001555388000298516
-0.00288670390221799
-0.003415741049111122
-0.003036230402785772
-0.00121980114270049
0.0002210879285374414
0.0001982182109509181
0
0.001501010574059342
6.337066426135158e-05
-0.001523279028214709
-0.001892882826690427
-0.002382056785658858
-0.001749725981297658
5.927319265490458e-05
-0.002130698812355966
-0.002073815052382916
-0.0001715907621821681
-0.0001707621539312978
-0.002802964046439334
-0.0007062817034253416
-7.293225206254091e-05
-0.0005203825975206744
0
-4.746957978999056e-05
0.001065225381408871
0
0.001190538995103821
0.0007810899857927689
-0.003990552479991112
-0.00384111938488415
-0.003670767313502839
-0.003878823375025123
-0.003811490617287897
-0.0037154413912392
-0.003772171279322845
-0.002860291641730209
-0.001883741548949883
-0.002632219233426666
-0.003720730727491239
-0.001245364683635773
-0.002286783899029502
-0.0006608893005441715
0.0005362136194392515
-0.001147397860200068
0.0009874784049627866
-0.001674639131555254
-0.002361969949877668
4.394910533655068e-06
-0.000242533357090133
-2.597428964721854e-05
-6.327229496163999e-05
-0.0003668109241248222
-0.000206420931656699
9.542626326963108e-05
-4.488439908180669e-05
0
-1.599538552742239e-05
0
-0.0002001640261740727
-0.0002725834359291825
0.0001241615768672085
0
-0.0002297217554580892
0.0002252415895537108
-0.0001182090621893558
-0.0004730278091468136
0.0007604864306406099
3.015741435349115e-05
0.001154033183385331
8.208918439414092e-06
0.0006422707869749298
-1.720596831906979e-05
-7.565717097823409e-05
3.582695841287395e-05
0.0002477828712344209
0.000318274046519535
0.000989742274578469
0
0.0005245571386321919
0
0.0006788515022872747
0
0.0008474233374635923
0.001478665691312693
0.0008501026744522804
0.001118195092481824
7.64923469731223e-05
0.0009562483868084574
0.001014643372727967
0
0
