0
0
0
0
0
0
0
0
0
-0.002686858384217665
-0.00320357455417663
-0.002341144607779596
0
-0.003779934434127787
-0.002390400202195253
-2.008085728962971e-05
-1.617824440390688e-06
-0.0001729988845030124
0
-0.001604456800598083
-0.001608381532856221
-0.002473056348689038
-0.00286546759351711
-0.002480264661450248
-0.003181466299511434
-0.002553577187953103
-0.001448340810040484
-0.002399694294065802
-0.002001435786118102
-0.002030977085291274
0.0004383467380427696
-0.002886521514076271
-0.001921726007529417
-0.002726584602495952
-0.002646877310044102
-0.0009622182306124735
-1.008322056658305e-05
0
0
-0.00292420201459219
-0.0001993881841467089
-0.00249981830047082
-0.003371977293889855
-0.002905291884997872
-0.0006341624034845041
-9.061499160758388e-05
-0.001123489485518224
-0.001007316445361472
-0.00160326476737067
0
-0.0007454690644869058
-0.002430530448181483
-0.002036113202886108
-0.002955894989691126
-0.002819747912367155
-0.003534104028654228
-0.002661035751485003
-0.003134432405386645
0
0
-0.003440175080944359
-0.003333893986941762
-0.0007133699584208007
-0.001643794188403545
-0.0005180747820761816
-0.0004380647354234377
0.0002823762142826445
0.001625210725845948
0
0.0007593136623103417
-0.002297487813332313
-0.002182392093062489
0
-0.002447682907859596
-0.003883628697559739
-0.00256080032367955
-0.00316562879807167
0
-2.264569602798577e-05
0.0007997778028471801
5.566533113373734e-05
0
0.0007681597359663528
-2.628368596837667e-05
0.0004246471426190299
0.000942493917854457
0.0001904568781827972
0.001215304344172006
0.001120971880589709
0
0
0.001243972795349182
0.0005738756950635079
8.971289631780827e-05
0.001190288161118761
-0.002525062619122362
-0.003764446861431775
0.0009847693105409384
0.0007822002100987928
0
0.001249928489610636
-0.003652384230185382
0
-0.001729911382572886
0
-1.249392054516704e-05
-0.002220370495204781
0
0
-0.002487969267210864
-9.333623205571747e-05
-0.00213827994843265
-0.001475200002099812
-0.001116043055835837
-0.003116199346931095
0
-0.00390954320213657
-0.003576457256610809
-0.004331099773766594
-0.00306027107268514
-0.002894688687644028
-0.003450622728109506
-0.003107418803728929
-0.003203888400059531
-0.003658315531704411
-0.003792733065760898
-0.00387942028271274
-0.003897105103232249
-0.003832916417039277
-0.003886709924451971
-0.003677001041845488
-0.003664018028851219
-0.003816704954411407
-0.003453173903183798
-0.003481380106292977
-0.003875682229669077
-0.003755882543155769
-0.003605240544963563
-0.00397475214025223
-0.003675088549074316
-0.003727172676597407
-0.003807675823415016
-0.003856254486724664
-0.003879954922277015
-0.003819486103636057
0
-0.003971339089719521
-0.002714594534854929
-0.003480087262473685
-0.002600427669509727
-0.002182711128237014
-0.003837546541878688
-0.00359297973598348
-0.003767597052331894
-0.003480654561827195
-0.003748397986216082
-0.003697000732273532
0
-0.003976263829000327
-0.003458187420737501
-0.003717044379656753
-0.003741788035528991
-0.003601594117611712
-0.003807433336483292
-0.0038047416667259
-0.003865591946310137
-0.003850865933370404
-0.003591176008064463
-0.003847931598578225
-0.003698249872470012
-0.003718372290501481
-0.003874575790386213
-0.003723497024110487
-0.003793774769493489
-0.003017815383551795
0
-0.003852700561565542
-0.003872283812448005
-0.003782781467108214
-0.003620914660735618
-0.003536995251285674
-0.003754036101600119
0
-0.0039267874858963
-0.003705066012753597
-0.003669951148206444
-0.003578002048448226
-0.003264899688238233
-0.002769167661912182
0
-0.0038830231387593
-0.003537132003019113
0
0
-0.003848705760009575
-0.0038688517969553
-0.003795308006226558
-0.00375032087788621
-0.003536884676284539
-0.003773117048692914
-0.002837858551440854
-0.003532132979883464
0
-0.003443086384392643
-0.003164898661884958
-0.003922360280575311
-0.00383608665257616
-0.003388112692157158
-0.003524319814499596
-0.003421048893346628
-0.003704563125737556
-0.004191716537181962
-0.003876794225040117
-0.003966109030526623
-0.003078381801768083
-0.003521873792252502
-0.003352726652994047
-0.00314042410557247
0
-0.003426737403304921
0
-0.003487546544079484
0
-0.003148525490023653
0
-0.003300121939578931
-0.00352787803938552
-0.001937831710113492
-0.003407090724205164
-0.001287152625859753
-0.004062084673432721
0
-0.003087867971334323
-0.002839667033577197
-0.003634500381753214
-0.003391117447608381
-0.00193604199042272
-0.003113721949049839
-0.003171808775217019
-0.002080991982868465
-0.001025069916320153
-0.0002667012004555229
-0.0007122648592220392
-0.0002142729371126438
-0.00302917362985328
0
-0.004633371505199306
0
-0.004279355007323368
-0.002805617582959796
-0.001553397049232453
-0.002886248857074772
-0.00341393456493136
-0.003033705538731811
-0.001217701929749023
0.0002210370956827102
0.0002005040255645204
0
0.001500959744962452
6.337047717650684e-05
-0.001523210768240152
-0.001890332377591137
-0.002378579185057896
-0.00174640750134252
5.916664177728465e-05
-0.002129255229706345
-0.002071720414458885
-0.0001712746050746075
-0.0001707670425803105
-0.002798829177849578
-0.0007062710320645072
-7.295697005565468e-05
-0.0005203814994272656
0
-4.753703351445473e-05
0.001064866022679073
0
0.001190659484331808
0.0007806118475586556
-0.003992018347056652
-0.003840611950773739
-0.003670407016498279
-0.003877319016296032
-0.003811433133126698
-0.003715441253162251
-0.003771304386615591
-0.002859562554445352
-0.001878863452888237
-0.00262973971993759
-0.003722424192500758
-0.001244980277965013
-0.002285958696407672
-0.0006603037801995845
0.0005359981255199393
-0.001147390483369258
0.0009877784706975371
-0.001671947132980859
-0.002358827638477453
4.320571545629056e-06
-0.0002418192189283642
-2.597007069591873e-05
-6.320810767680333e-05
-0.0003660892625033175
-0.000206347308820224
9.539084387556824e-05
-4.473437725072963e-05
0
-1.606887332060447e-05
0
-0.0002001745081985032
-0.0002725617422063602
0.0001241438275581231
0
-0.0002290838461984454
0.0002252327477652322
-0.0001183058021664708
-0.0004729347668855317
0.0007609068534491269
2.998234316539334e-05
0.00115393155385527
8.099052323737523e-06
0.0006422460493774019
-1.729729776551596e-05
-7.590701900726984e-05
3.583433251857242e-05
0.000247796997710175
0.0003182680746725102
0.0009894070919138278
0
0.000524525407813893
0
0.0006788400811735267
0
0.00084740892463233
0.001478373116878103
0.0008500282965475619
0.001118122066261236
7.651159292800746e-05
0.000956117605940976
0.001014608138811796
0
0
