0
0
0
0
0
0
0
0
0
-0.002619063930436193
-0.00320362446604567
-0.002341186456489926
0
-0.003780831280636842
-0.002392682556582962
-1.591875533221445e-05
-1.746612086694738e-05
-0.0001293040649095899
0
-0.001547304453930948
-0.001605633469571013
-0.002439648971715407
-0.002865467762444232
-0.002446447728752976
-0.003161213694625853
-0.002550306281374301
-0.001448343547344201
-0.002361663223243251
-0.001971413956157807
-0.002010821137436573
0.0004384199683142679
-0.002827141187712694
-0.001885840211115392
-0.002667552843412954
-0.002599388767718403
-0.0009622147184596222
-1.008250713014159e-05
0
0
-0.002874263880152867
-0.0001994376260650784
-0.002449869080100489
-0.003327711016059566
-0.002857365159413266
-0.0006342651689093153
-9.085791530184076e-05
-0.001123717207270018
-0.0009966230742617524
-0.001571122821306046
0
-0.0007458985833554791
-0.002383182368382551
-0.002000421346538056
-0.002909603238223544
-0.002781403987038018
-0.003479409017910539
-0.002621440697113831
-0.003095561054751125
0
0
-0.003417304190918659
-0.003283142210474645
-0.0006964492763103121
-0.001615374764195583
-0.0005180749614975395
-0.0004380385928792228
0.0002775244736543058
0.001625205310370746
0
0.0007621031759918011
-0.002263427742855028
-0.002094621361223803
0
-0.002387043728145083
-0.003836776920604391
-0.002540446082112428
-0.003167015694193655
0
-2.417667771350836e-05
0.0007924605517457942
5.601964018327338e-05
0
0.0007605593813336095
-2.626610949746692e-05
0.0004120570413221645
0.0009239872644191914
0.0001894885120846146
0.001204431403602249
0.001140264702219904
0
0
0.001240148914951506
0.0005864797009738437
9.741582979553368e-05
0.001177534262155839
-0.002494365506436256
-0.003724024864448995
0.0009741809456141947
0.0007704392102596195
0
0.001269443828548819
-0.003615128979845313
0
-0.001666674145452205
0
1.430312622110432e-06
-0.002162141437909825
0
0
-0.002483246225381144
-9.334079265579901e-05
-0.001978072742897561
-0.001384378034827005
-0.00102983688742108
-0.003116947180197347
0
-0.003861606257390772
-0.003496586084006246
-0.004331128443101904
-0.002940229356603958
-0.002818439897356529
-0.003359743376766297
-0.003045903751762804
-0.003100837970031733
-0.003576900220674802
-0.003736920188771986
-0.003835202687090879
-0.003852913669687025
-0.003775708536028108
-0.003847275627851708
-0.003615949685228516
-0.003592516084090109
-0.00375336375288368
-0.00338536140967472
-0.003429342019293383
-0.003832019242566194
-0.003713825148799194
-0.003561059173678
-0.003975883120907551
-0.003625706842135248
-0.003692141364699964
-0.003754329483769405
-0.003814137580647986
-0.003835973190689036
-0.003773736748787537
0
-0.003941556518083802
-0.002570428407683045
-0.003380663863680374
-0.00250142470946572
-0.002065867513627799
-0.003789383915372006
-0.003550101761048069
-0.003712142788336502
-0.003448943763741992
-0.003676916115709404
-0.003634660049160516
0
-0.003895857152282034
-0.003366324304588116
-0.003654552642898114
-0.003675461832511996
-0.003507507623605635
-0.003750339421768842
-0.003748642911392711
-0.003817193890665963
-0.003801434039766002
-0.003510669122157989
-0.0037985394639579
-0.003638824106801157
-0.003663270899979787
-0.003827895514376782
-0.003657473732352973
-0.00374102077374607
-0.002912698069807442
0
-0.00380244460223192
-0.003813158358963519
-0.003726454334210569
-0.003603086243412514
-0.003515052892339584
-0.003716131571998745
0
-0.003907090790638691
-0.003624619634979416
-0.003672145876650583
-0.003462073876468408
-0.003167831578489479
-0.002646210509621014
0
-0.00384158426997871
-0.003440992158948543
0
0
-0.003798325529378403
-0.003814381057269286
-0.003734158227912146
-0.003664495782373327
-0.003454060989987843
-0.00371236303438065
-0.002740142626004366
-0.003446153286013538
0
-0.003357794069319133
-0.003078561533010139
-0.003877570799847603
-0.003790324435297178
-0.003295766889763265
-0.003444672305076234
-0.003320696977757239
-0.003703039022588272
-0.004199448639096466
-0.0038818922888872
-0.003966413768029793
-0.002985022286426412
-0.003438815214789991
-0.003269726769593494
-0.00307129555940327
0
-0.003349943695127395
0
-0.003416778712929312
0
-0.003082389737358143
0
-0.003254442597157583
-0.003458455132632182
-0.00189183615990079
-0.003337540340022366
-0.001238164585797722
-0.003985997549067986
0
-0.003023849812990378
-0.002759890269874476
-0.003567117979324665
-0.003294859388970845
-0.001831051798843157
-0.002988066672071456
-0.003046321137590622
-0.001964230313608094
-0.0009243778302127821
-0.000266966099015411
-0.0006283189618721369
-0.0002142775968186486
-0.002913160245090177
0
-0.004637714843856578
0
-0.00428940521276578
-0.002719086760035649
-0.00150953901195721
-0.002887040336537383
-0.003343949135563077
-0.002958510556243243
-0.00116579367266249
0.000228119533129953
0.0002009925454385104
0
0.001501048110561068
6.336968293671648e-05
-0.001523341121219736
-0.001828374620017458
-0.002284651177082381
-0.001664667452840137
6.216447003152493e-05
-0.002083664907878671
-0.002020940016655633
-0.0001718236804212123
-0.0001668953607462389
-0.002686299232672378
-0.0007062839802233703
-7.696586562776653e-05
-0.0005203835308068717
0
-4.052643625742786e-05
0.001056827673905287
0
0.001177288094175622
0.0008029714533774715
-0.003989635710747156
-0.003794539929966455
-0.003604084205555684
-0.003880037862896398
-0.003755384871761525
-0.003715465586773005
-0.003772663299883049
-0.002860907618579366
-0.001819346496453475
-0.002633937968748002
-0.003679976165022912
-0.00123198824145556
-0.00224054942327014
-0.0006280547557732202
0.0005554170450462848
-0.001147403085495071
0.001085246883353593
-0.001604375430954273
-0.002275452283481016
4.308732471836354e-06
-0.0002287146658159932
-2.597766486429428e-05
-6.759118374859282e-05
-0.0003525567875434942
-0.0002064772782556558
9.733409344458723e-05
-4.55348158355954e-05
0
-1.652628259705105e-05
0
-0.0002001568490864341
-0.0002773573912006708
0.0001348638980061966
0
-0.0002184300338170925
0.0002393419194273914
-0.0001133679455234655
-0.0004730970043009945
0.0007601807449472063
3.267135181502993e-05
0.001167014098393131
9.798046651976006e-06
0.0006565168263066466
-1.6069552969841e-05
-7.420967640163515e-05
4.416793812389425e-05
0.0002537822025281298
0.0003182780586962856
0.001002462509061761
0
0.0005357472784005748
0
0.0006948323348288127
0
0.0008593578850908033
0.00148173203973752
0.0008566069048263655
0.001132379050544113
9.067873065191737e-05
0.0009627426599263069
0.001023629716720442
0
0
