0
0
0
0
0
0
0
0
0
-0.002682017271148266
-0.003203281085371377
-0.002340909293407521
0
-0.00377481254135431
-0.002377500670745102
-2.007055385537598e-05
2.19801833240694e-06
-0.0001704534563299999
0
-0.001599009866959837
-0.001607750491028312
-0.002470516060928571
-0.002865465210480169
-0.002478563297992322
-0.003174173210054628
-0.002554691293300837
-0.001448325256172982
-0.002397630658149978
-0.002000239379786679
-0.002029890502496357
0.0004379280250342654
-0.002880923207640292
-0.001919987446453536
-0.002722091660798608
-0.002641783671242978
-0.0009622384179102903
-1.008688729285317e-05
0
0
-0.002918404422874965
-0.0001991056470200045
-0.002496157450322242
-0.003364261434145251
-0.00289931554631675
-0.000633590772281039
-8.92353589149403e-05
-0.001122205779195698
-0.001006702870283208
-0.001601488942780359
0
-0.0007430465019709731
-0.002426631534145508
-0.002032511256293728
-0.002949515331088052
-0.002813592769028145
-0.003526453916757506
-0.002655423533604315
-0.00312720219639947
0
0
-0.003432102157562365
-0.003326315716878065
-0.0007117530826580267
-0.001640557005657144
-0.0005180747674866467
-0.0004381986261855773
0.0002822982499372239
0.001625239532353989
0
0.0007594042304098467
-0.00229348825305932
-0.002177273504963859
0
-0.002443803228664263
-0.00387265707118533
-0.002553814722435037
-0.003157791999143985
0
-2.25747415722155e-05
0.0008008535701363613
5.367228519286939e-05
0
0.0007672603868376371
-2.638262440704097e-05
0.0004245891056615982
0.0009422816092747345
0.0001960292623511059
0.00121501730594764
0.001120660686123771
0
0
0.001243787951570982
0.0005737523825667216
8.931666358702266e-05
0.001190051919327393
-0.002523513727320746
-0.003757447738938204
0.0009845512418300616
0.0007823806085969047
0
0.00125006859950623
-0.003645103663423221
0
-0.001725082278584525
0
-1.207775440048834e-05
-0.00221640950321633
0
0
-0.002484357051913307
-9.330292010365435e-05
-0.002127195864070439
-0.001472728734856058
-0.001110090006477173
-0.003111929475697701
0
-0.003900609208848771
-0.003563987730542584
-0.004331149467369037
-0.003050002571652419
-0.002888052432166726
-0.003440795505089236
-0.003099880616631833
-0.003194250267490179
-0.003647283589209216
-0.003783304393787474
-0.003870480176923923
-0.003888519550383179
-0.003823166593154557
-0.003878052120518018
-0.003668178027662605
-0.003654530793453348
-0.003807511627178769
-0.003444513810133198
-0.003473215758160778
-0.003865814657940874
-0.003747859638232686
-0.003597429253187064
-0.003966591273082479
-0.003666779999208942
-0.00371970439333336
-0.003799025439219511
-0.003847791199991594
-0.003870414568103907
-0.003811956508824748
0
-0.003964646799120591
-0.002703473881370412
-0.003468160534401987
-0.002594053626941746
-0.002176666638019405
-0.003828414916174319
-0.003583577173304241
-0.003759001576948229
-0.003481600748555547
-0.003739513247845618
-0.00368566881342507
0
-0.003969340649370627
-0.003454350044956642
-0.003708146324678393
-0.003732732084838958
-0.003594664556379792
-0.003797829369589945
-0.003794959372032206
-0.003855762777065901
-0.003841562203877162
-0.003584773884908896
-0.003837482087021652
-0.003689724664871271
-0.003709458941494907
-0.003863754566747929
-0.003715664244007243
-0.003783537549734858
-0.003016057444669473
0
-0.003844350969306146
-0.003864105436520133
-0.003777042029263572
-0.00361338044740197
-0.003529458958381695
-0.003747690223531765
0
-0.00391729341074964
-0.003701307920002245
-0.003657284389987707
-0.003571028271819743
-0.003258883359346008
-0.002766183272857173
0
-0.003870862891288403
-0.003539429753535431
0
0
-0.003837982451625148
-0.003859492687120444
-0.00378783578113885
-0.003743634677899479
-0.003533681934984851
-0.003767909448911221
-0.002835944853603412
-0.003530666029462713
0
-0.003438942218819744
-0.003169519404027827
-0.003907895763617577
-0.003827268449286908
-0.003384340117092887
-0.003522142148219259
-0.003428661149830534
-0.003712748232934499
-0.004145715174748565
-0.003846383305528406
-0.003964307303675661
-0.003075719517586192
-0.003519607708302736
-0.003349085153896359
-0.003137075340927636
0
-0.00342324545094596
0
-0.003485040244314082
0
-0.003149716985011015
0
-0.003296172438825109
-0.00352413103050951
-0.001935619816648348
-0.003403282681221863
-0.001286675688331405
-0.004057616379079692
0
-0.003084160757635581
-0.002837256051423249
-0.003628200390157536
-0.003388135482006386
-0.001935492982320528
-0.003110766749108311
-0.003168041692170998
-0.002079929654121342
-0.00102484190132055
-0.0002652092784053565
-0.0007117691119059036
-0.0002142616846041261
-0.00302749068997298
0
-0.004607582236848393
0
-0.004231087929832319
-0.002803432887381459
-0.00155263657149442
-0.002881764067782705
-0.003410061592318191
-0.003030770406359152
-0.001217015013980177
0.0002211438028136931
0.0002018199293151778
0
0.001500454636698861
6.338667975697134e-05
-0.001522533500360341
-0.001889251467846856
-0.002377375355048499
-0.00174560727750602
5.983283597526202e-05
-0.002127221877514333
-0.002070245458097997
-0.0001681537542711098
-0.0001707107141089407
-0.002797963749930181
-0.0007061593023428104
-7.187532182352376e-05
-0.0005203735049168892
0
-4.806837869822152e-05
0.001064549686788003
0
0.001190689434152465
0.0007816845773960061
-0.004004220775105278
-0.003832462352695531
-0.003658353280187401
-0.003861052397897109
-0.003802436417698662
-0.003715466768831145
-0.003765880529877986
-0.002852263652656439
-0.001875578280314078
-0.002624132316059203
-0.003716268557118336
-0.001244009288204695
-0.002283451463719392
-0.0006590329749950073
0.0005368120643859954
-0.001147315255293636
0.0009918883577606948
-0.001671223288958345
-0.002357430074394459
4.285203147246649e-06
-0.000242080060147767
-2.592761004556903e-05
-6.313751134223226e-05
-0.0003662324640833263
-0.0002055991539087893
9.534617457070153e-05
-4.473367534261472e-05
0
-1.611240572824304e-05
0
-0.0002002808747191291
-0.0002725789872663716
0.0001241588713440263
0
-0.0002293108032398366
0.0002252693246658018
-0.000118129873408886
-0.00047201672171366
0.0007651201237544195
2.98784389372384e-05
0.001153846634128688
8.020263941590334e-06
0.0006425638629533958
-1.727363475827909e-05
-7.626983994653363e-05
3.60884752631424e-05
0.0002483932613988091
0.0003182069141450385
0.000989224192766156
0
0.0005251621217959317
0
0.0006789369002651322
0
0.0008477792920601006
0.001478124228020792
0.0008500257251332745
0.001118200624916909
7.68052391755379e-05
0.0009556904176794073
0.001015014939686421
0
0
