0
0
0
0
0
0
0
0
0
-0.002683714835390452
-0.003203391362103251
-0.002340995681408151
0
-0.003776669581420502
-0.002382157361037202
-2.006929749434974e-05
8.17489682323577e-07
-0.0001713392160786316
0
-0.001600941396480279
-0.001607972589711082
-0.002471411650225019
-0.00286546614210359
-0.002479150425312882
-0.003176781006504624
-0.002554289483652462
-0.00144833108403689
-0.00239834595584405
-0.002000647088325986
-0.002030263305645429
0.0004380796502872057
-0.002882904537037927
-0.001920587277600715
-0.002723673311389617
-0.00264360739053731
-0.0009622312545354417
-1.008563530475036e-05
0
0
-0.002920467300259568
-0.0001992092265241811
-0.002497446296865899
-0.003367041956921802
-0.002901451640581532
-0.000633797419615967
-8.973432693627865e-05
-0.001122674416938921
-0.001006916976393158
-0.001602103522897034
0
-0.0007439188565504235
-0.002428014775257034
-0.002033797533953823
-0.002951816029642616
-0.002815827220700226
-0.003529252327253819
-0.002657446414850773
-0.003129835679401696
0
0
-0.003435089116155149
-0.003329072957985204
-0.0007123259656449225
-0.001641721700073529
-0.0005180747738913567
-0.0004381506919411115
0.0002823170326416114
0.001625228688272863
0
0.0007593714452299502
-0.002294915051187685
-0.00217904650460165
0
-0.002445158875525235
-0.003876682859809499
-0.002556372935873143
-0.00316061856509208
0
-2.260974302796239e-05
0.0008004516308706678
5.439158781711226e-05
0
0.0007675793119024161
-2.634672235490516e-05
0.0004245976958518476
0.0009423394779864509
0.0001940070330216419
0.001215103260607602
0.001120783759620458
0
0
0.001243845105953446
0.0005737962829953555
8.946144461006888e-05
0.001190120935799041
-0.002524049584365568
-0.003760033720644462
0.000984616959356831
0.0007823044967970066
0
0.001250015686061203
-0.003647762068126377
0
-0.001726778974633339
0
-1.221378251736775e-05
-0.00221779669855476
0
0
-0.002485664899845322
-9.331533190776459e-05
-0.00213106593630846
-0.001473534752640521
-0.001112161013520957
-0.003113351581749572
0
-0.00390387488309529
-0.003568366871163011
-0.004331146561120968
-0.003053588160919743
-0.002890383898431244
-0.003444216349401177
-0.003102542885057038
-0.003197612453683319
-0.003651175483029583
-0.003786939283791805
-0.003873828272009554
-0.003891718164062781
-0.003826675393808348
-0.003881283313434611
-0.003671286106605397
-0.003657861387651257
-0.003810802204452246
-0.003447563645111494
-0.003476118398524125
-0.003869514294071148
-0.003750751799158607
-0.003600234280311496
-0.003969806142048739
-0.003669732231187524
-0.003722413319882596
-0.003802138973774147
-0.003850922141972134
-0.003873958871299394
-0.003814737049254389
0
-0.003967200271165027
-0.002707364936319141
-0.003472363038231165
-0.002596267156186643
-0.002178745184303838
-0.003831904723384416
-0.003587501378934129
-0.003762387760292617
-0.003481219903003279
-0.00374297693134089
-0.003690012374173306
0
-0.003971888715536521
-0.003455835022521452
-0.003711534164679866
-0.003736193750957074
-0.003597280385619885
-0.003801479076503324
-0.003798650402154209
-0.00385943599437566
-0.003845067162895565
-0.003587206565865596
-0.003841369839577351
-0.003692934154745381
-0.00371282639391203
-0.003867748651499293
-0.003718681720696502
-0.003787357236474291
-0.003016740771141481
0
-0.003847443619405774
-0.003867142787807524
-0.003779223978697972
-0.003616151991597221
-0.00353224031415426
-0.003750037080126389
0
-0.003920777655554829
-0.003702976173910618
-0.003661883554681517
-0.003573685820923232
-0.003261000774209762
-0.002767041122127284
0
-0.003875288976757151
-0.003539006296013514
0
0
-0.003841973818443477
-0.003862940616723199
-0.003790661591325294
-0.003746288871454046
-0.003535025235470488
-0.003770029652664703
-0.002836700442180116
-0.003531465990792011
0
-0.003440589049166425
-0.00316819605370858
-0.003913014884617036
-0.00383060601268141
-0.003385823525165585
-0.003523198739143397
-0.003426356134847545
-0.003709542594035519
-0.004161978387042927
-0.003857688613448416
-0.003964973689174074
-0.003076776099318022
-0.003520694991673808
-0.003350542175311393
-0.003138405834398867
0
-0.003424681566819309
0
-0.003486182713367303
0
-0.003149520623943824
0
-0.003297721387250185
-0.003525694517187595
-0.001936465781624624
-0.00340484697806571
-0.001286868152034387
-0.004059452000301611
0
-0.003085630614725861
-0.002838219868004332
-0.003630630518741056
-0.00338932465632603
-0.001935528776432679
-0.003111802588779058
-0.003169341379442395
-0.002080069518902294
-0.001024532818138967
-0.0002657471932549859
-0.0007116601569151537
-0.0002142661242579506
-0.003028093454487914
0
-0.004616965315047319
0
-0.004246000455854944
-0.00280430734109214
-0.001552939605969364
-0.002883384394571737
-0.00341162620878059
-0.003031947340750597
-0.001217255009300862
0.0002211091441627837
0.0002014484881005795
0
0.001500636232599686
6.337873201342611e-05
-0.001522778856619145
-0.001889685262966477
-0.002377825275266497
-0.001745842378987725
5.958836434024647e-05
-0.002128005754891421
-0.002070821492572225
-0.0001692807608041388
-0.0001707316085287174
-0.002798270793159738
-0.0007061999691440486
-7.229298935371639e-05
-0.0005203742595220287
0
-4.786609281538597e-05
0.00106462210949287
0
0.00119066258282262
0.0007813194430333672
-0.004001944549762017
-0.003835792696405005
-0.003662561412104831
-0.003867259535432052
-0.003805897342133577
-0.003715455123718355
-0.003767725767622573
-0.002854918792660556
-0.001876362368046224
-0.00262574511057991
-0.003718720064848176
-0.001244352270346296
-0.002284420746970206
-0.0006594921670873459
0.0005364899273636185
-0.001147342971909713
0.0009903707619854526
-0.001671499212034324
-0.00235798693383491
4.294534823276979e-06
-0.00024198519301478
-2.594285991754797e-05
-6.315138029061967e-05
-0.0003661810506502581
-0.000205869783190232
9.536419428304261e-05
-4.472715799263305e-05
0
-1.609493066919251e-05
0
-0.0002002417914408526
-0.0002725651481003099
0.0001241433764828511
0
-0.0002292291496913595
0.000225243299937018
-0.0001181988286406625
-0.0004723481329499746
0.0007635865189618092
2.990539393276669e-05
0.001153857778259541
8.041809706835475e-06
0.0006424386234802402
-1.728456738250415e-05
-7.614477107344349e-05
3.599363369286383e-05
0.0002481721215569685
0.0003182293031497394
0.0009892667863782062
0
0.000524916301204219
0
0.0006788875800111987
0
0.0008476309213173769
0.001478198720199914
0.0008500326257828027
0.001118156531560772
7.669167797802911e-05
0.0009558337357709204
0.001014855933172063
0
0
