0
0
0
0
0
0
0
0
0
-0.002684269179571392
-0.003203425702930123
-0.002341023040501233
0
-0.003777263061019187
-0.002383650367657821
-2.0069252122971e-05
3.792483846990226e-07
-0.000171631391459826
0
-0.001601572545300899
-0.001608044391250285
-0.002471702965832124
-0.002865466424611978
-0.002479341723066656
-0.003177629027598552
-0.002554159415314486
-0.00144833290210276
-0.002398579390330955
-0.002000781183488821
-0.002030384650488756
0.0004381281463778687
-0.002883549829383552
-0.001920784929380027
-0.002724188713971436
-0.002644197918418187
-0.0009622289232422348
-1.008521516904908e-05
0
0
-0.00292113757682924
-0.0001992420880219399
-0.002497865981847092
-0.003367944597780814
-0.002902144763344137
-0.0006338636116563029
-8.989408324983787e-05
-0.001122823388135484
-0.001006989678182928
-0.001602306197727695
0
-0.0007441990780379834
-0.002428464264008832
-0.002034212678998376
-0.002952559387260103
-0.002816542822925982
-0.003530154146524628
-0.002658097091742755
-0.00313068034252726
0
0
-0.003436041450491014
-0.003329962931767019
-0.0007125110259946245
-0.001642096600440559
-0.0005180747758970896
-0.0004381352120198355
0.0002823265665300412
0.001625224990273665
0
0.0007593595979031233
-0.002295377965093773
-0.002179633474626086
0
-0.002445601766955145
-0.003877945811390913
-0.002557187735504374
-0.003161525398012374
0
-2.261662769988664e-05
0.0008003267303255601
5.462225721421903e-05
0
0.00076768244562222
-2.633525321133965e-05
0.0004246057889946003
0.0009423651326931938
0.0001933612522087008
0.001215136226140575
0.001120819086701279
0
0
0.001243866360256892
0.0005738090267656339
8.950742668949952e-05
0.001190148261928726
-0.0025242242146357
-0.003760852215059611
0.0009846421945598673
0.0007822837754953305
0
0.001249996627880012
-0.003648613996702085
0
-0.001727334652243171
0
-1.226104359680245e-05
-0.002218250272934575
0
0
-0.002486088114352661
-9.331918891674076e-05
-0.002132393590932724
-0.001473820601842085
-0.001112872104295223
-0.003113803511231846
0
-0.003904926833888365
-0.003569854561853734
-0.004331146526784535
-0.003054796453404818
-0.002891146935092991
-0.00344536448770798
-0.003103415009964374
-0.003198739416803343
-0.003652483947811711
-0.003787967925870559
-0.003874858071499803
-0.003892718682271914
-0.003827823898986591
-0.003882285109774305
-0.003672310070196507
-0.003658968142144716
-0.00381186039845703
-0.003448571021469774
-0.003477068614919881
-0.0038706475071793
-0.003751681349600144
-0.00360114232456605
-0.003970810867162086
-0.003670693320722537
-0.003723281560034384
-0.003803133252916888
-0.003851907376308984
-0.003875065027386237
-0.003815617142330304
0
-0.003967959722616076
-0.002708686166162934
-0.003473782761467049
-0.002597000632942164
-0.002179452123476697
-0.003832916189762928
-0.003588514480927142
-0.003763311444732992
-0.003481108047833143
-0.003743965524532277
-0.003691287132740586
0
-0.003972652087169183
-0.003456212741286507
-0.00371251132771507
-0.003737186492159264
-0.003598036766748073
-0.003802540670789914
-0.00379974018908692
-0.00386055018462784
-0.003846108285184298
-0.003587893669269795
-0.003842555146692275
-0.003693861159422266
-0.003713810185497708
-0.003868988837656697
-0.003719546273111247
-0.003788511047541154
-0.003016885456599783
0
-0.003848412976449376
-0.003868088409762947
-0.003779899725847537
-0.003617039675024435
-0.003533132624645188
-0.003750779159088796
0
-0.00392189354281203
-0.003703353116101143
-0.003663351935821878
-0.003574441721994501
-0.003261637853340122
-0.002767321794746583
0
-0.003876688873757399
-0.003538635062788105
0
0
-0.003843196997962564
-0.003864025516350463
-0.003791533079745989
-0.003747035807714647
-0.00353531169509233
-0.003770588433956323
-0.002836871376761613
-0.003531546494173208
0
-0.003441010860682432
-0.003167558956173739
-0.003914702009107248
-0.003831615634129786
-0.003386202081121796
-0.003523378791194265
-0.003425353651240302
-0.003708604183957457
-0.004167270792793397
-0.003861233484227328
-0.003965183683305768
-0.003077031686122776
-0.003520882506900245
-0.003350906705538357
-0.003138749796640991
0
-0.003425025293957182
0
-0.003486405541195652
0
-0.003149310316899966
0
-0.003298140468562266
-0.003526065556430414
-0.001936702175416283
-0.003405227096816124
-0.00128691422558527
-0.004059902293100248
0
-0.003086013443216305
-0.002838458547303829
-0.003631293205889352
-0.003389602026349769
-0.001935532656688644
-0.003112090216706747
-0.003169726419987633
-0.002080122607153236
-0.001024483981746895
-0.000265919808379901
-0.000711663198836719
-0.0002142674544486293
-0.003028229996775106
0
-0.004619956914903681
0
-0.004252010834424172
-0.002804518416471256
-0.001553016506783947
-0.002883903639134751
-0.003412019104536544
-0.003032242705893031
-0.0012173163716761
0.0002210967487796518
0.0002013122795118831
0
0.001500694710634786
6.337632267593243e-05
-0.001522857305144194
-0.00188978931814393
-0.002377920796756202
-0.001745893569726299
5.951153211303242e-05
-0.002128221196873705
-0.002070973825459022
-0.0001696418859787478
-0.000170737723813299
-0.002798312679557042
-0.0007062129846506421
-7.240968128499835e-05
-0.0005203756392881424
0
-4.781239746842836e-05
0.001064668240619516
0
0.0011906591369113
0.0007811957438708535
-0.004000063421612827
-0.003836660464593096
-0.003663961088895658
-0.003869168932265537
-0.003806862848355023
-0.003715452502073461
-0.003768307474302228
-0.002855765154291004
-0.001876644524781102
-0.002626283409421353
-0.003719417701386969
-0.001244460774380104
-0.002284688575855188
-0.0006596337727492681
0.0005364064750995501
-0.001147351702043295
0.0009899224721459197
-0.001671561364044444
-0.002358114419414882
4.29684129708874e-06
-0.0002419640503651723
-2.59477273764476e-05
-6.315426727444922e-05
-0.0003661818223145221
-0.0002059564709172732
9.537008445964512e-05
-4.47268020409928e-05
0
-1.608725113642424e-05
0
-0.0002002294287834075
-0.0002725518168767389
0.0001241370349707878
0
-0.0002292179839086154
0.0002252351642596853
-0.0001182209315902774
-0.0004724543855626461
0.0007630978946781396
2.991227339373815e-05
0.001153861121602928
8.048069259384657e-06
0.0006423974850200449
-1.728762963938296e-05
-7.610433445917891e-05
3.596242394453745e-05
0.0002481009712090375
0.0003182364175858643
0.0009892835136567869
0
0.000524839811517347
0
0.0006788706717413622
0
0.0008475843463419522
0.001478221341583189
0.0008500333175849869
0.001118142060286002
7.66543242870959e-05
0.0009558808787722473
0.001014806037730022
0
0
