0
0
0
0
0
0
0
0
0
-0.002683329940559418
-0.003203365502819061
-0.002340975223687419
0
-0.003776227534704754
-0.002381046827469739
-2.006957601694954e-05
1.142355581598537e-06
-0.0001711252798396907
0
-0.001600497533502871
-0.001607919095773855
-0.002471200862034113
-0.002865465927383174
-0.002479007811013167
-0.003176194788589458
-0.002554384652363502
-0.001448329715463282
-0.002398175121883353
-0.002000546498516663
-0.002030172848337342
0.0004380435331606439
-0.002882456245786779
-0.001920442747374253
-0.002723312395327116
-0.002643194356323829
-0.0009622329805427142
-1.008594179524051e-05
0
0
-0.002920000961297742
-0.0001991845890210883
-0.002497150794133134
-0.003366411827497888
-0.002900969675894441
-0.0006337481598838306
-8.961542385844486e-05
-0.001122563196060091
-0.001006866534825892
-0.001601955590717995
0
-0.0007437105858572022
-0.002427698103053604
-0.00203350151308507
-0.002951294509544759
-0.002815315618678385
-0.003528608541721401
-0.002656984485769268
-0.003129236051818496
0
0
-0.003434402955524765
-0.003328446521956891
-0.000712191168907029
-0.001641453726027299
-0.0005180747723832603
-0.0004381621532697195
0.0002823134979489484
0.001625231525959366
0
0.0007593794094747826
-0.002294581188923965
-0.00217864421460166
0
-0.002444848738177247
-0.00387571991158359
-0.002555783004706952
-0.003159944223062944
0
-2.260191450306526e-05
0.0008005474877907187
5.422001914444335e-05
0
0.000767504222558416
-2.635526687655974e-05
0.0004245954542075586
0.0009423256748870841
0.0001944882057549363
0.001215083032230472
0.001120756700965278
0
0
0.001243832123869567
0.0005737878211056391
8.94263955804143e-05
0.001190105061065044
-0.002523919981504386
-0.00375942250551131
0.0009846015478126231
0.0007823216707978194
0
0.001250030158900345
-0.003647145276938492
0
-0.001726390955170653
0
-1.218148261028495e-05
-0.002217478259087454
0
0
-0.00248536560232062
-9.331225916945301e-05
-0.002130127492828256
-0.001473346244010442
-0.001111653905630177
-0.003113014201922923
0
-0.003903095558558825
-0.003567301552341636
-0.004331145265117415
-0.003052752392522792
-0.002889862214213518
-0.003443420022262928
-0.003101944692345103
-0.003196835387632409
-0.003650249443676606
-0.003786076611643556
-0.003873032155329417
-0.00389095931721261
-0.003825840274153602
-0.00388051575350193
-0.003670557101336481
-0.003657077981670897
-0.003810022154543916
-0.003446862374312222
-0.003475453179139468
-0.003868632192455809
-0.003750070446948311
-0.003599586524229746
-0.003969043251049175
-0.003669042798025389
-0.003721777092087732
-0.003801399025110832
-0.00385017600414506
-0.003873112800159375
-0.00381407499509418
0
-0.003966596310713714
-0.002706441267009958
-0.003471360814204012
-0.002595767561174923
-0.00217826113141587
-0.003831084019836849
-0.003586623745090254
-0.003761593049173471
-0.003481305729811791
-0.003742168681454976
-0.003688994715044951
0
-0.003971272520761501
-0.003455482424546224
-0.003710730690865783
-0.003735369697829068
-0.003596657801997136
-0.003800612212506352
-0.003797771970323159
-0.003858560631746624
-0.003844239003223194
-0.003586629000209549
-0.003840442309673859
-0.003692172094897001
-0.003712025736875572
-0.003866794038091375
-0.003717966430044145
-0.003786446362804927
-0.003016572753843624
0
-0.003846704900358603
-0.003866415301342496
-0.003778703843885533
-0.003615518180841582
-0.003531607955186151
-0.003749483204096586
0
-0.003919990239398609
-0.003702589347457029
-0.003660789467402904
-0.003573052369423522
-0.003260496605182051
-0.002766835556954329
0
-0.00387422908540253
-0.003539116642906446
0
0
-0.003841022008931928
-0.003862115829795789
-0.00378999251500315
-0.003745666918686915
-0.003534705709367001
-0.003769525382206593
-0.002836512811182901
-0.003531279749682799
0
-0.003440194893494521
-0.003168511028075038
-0.003911779043614726
-0.003829809374217514
-0.003385467749687965
-0.003522952503528074
-0.003426910029265825
-0.003710268430088768
-0.004158067168224189
-0.003855026879982588
-0.003964816268337027
-0.003076517910747531
-0.003520440257051652
-0.003350191607834434
-0.003138085959475463
0
-0.003424338587515714
0
-0.003485915448522535
0
-0.003149564092051668
0
-0.003297363218176736
-0.00352532700970217
-0.001936260816129722
-0.00340447625388466
-0.001286816535911777
-0.004059021424214288
0
-0.003085280454731703
-0.002837984238875145
-0.003630052692486072
-0.003389041017217351
-0.001935511292991807
-0.003111555487387949
-0.00316903285185227
-0.002080028373308367
-0.00102459681644635
-0.0002656188420405447
-0.0007116740053159252
-0.0002142651052896883
-0.003027948234619488
0
-0.004614734451801748
0
-0.004242222439072457
-0.002804092646348371
-0.001552861096243609
-0.002882998070076923
-0.003411253532409395
-0.003031662572955925
-0.001217193795947875
0.000221118281609306
0.0002015456104949167
0
0.001500592796805771
6.338055746513686e-05
-0.001522720442210594
-0.001889574414757286
-0.002377710878843679
-0.001745779967731359
5.964720531021582e-05
-0.00212781489103048
-0.002070678367131984
-0.000169011988726881
-0.0001707251821776722
-0.002798192189197196
-0.0007061903317315973
-7.219487714547571e-05
-0.0005203733198727851
0
-4.791598200163864e-05
0.001064604308296523
0
0.001190669500615346
0.0007814055535395802
-0.004002675395687311
-0.003835028665620062
-0.003661527115410601
-0.003865812501345618
-0.00380507420224945
-0.00371545746201231
-0.00376729710870427
-0.002854287670179384
-0.001876171957817957
-0.002625359012406978
-0.003718139430274417
-0.001244268338648705
-0.002284187808871341
-0.0006593796526035514
0.000536569922360824
-0.001147336439474598
0.0009907362438111593
-0.001671427602941452
-0.002357847088672255
4.29208972116952e-06
-0.000242005539868502
-2.593922795582008e-05
-6.31482527879257e-05
-0.0003661892513416149
-0.0002058052471808914
9.536063416480351e-05
-4.472789123740121e-05
0
-1.609784514375186e-05
0
-0.0002002510358335701
-0.0002725703035474051
0.0001241496892271417
0
-0.0002292455286209909
0.0002252525446946008
-0.00011818212187094
-0.0004722690983034292
0.000763950925346969
2.989820059436751e-05
0.001153858240086802
8.037090376741521e-06
0.0006424709176280037
-1.72806524582856e-05
-7.617432427828138e-05
3.601779878594267e-05
0.0002482258215162465
0.0003182239848881605
0.0009892563961180917
0
0.0005249751072618245
0
0.0006789028533189569
0
0.0008476677467658394
0.001478181850890561
0.0008500301312084819
0.00111816969376956
7.672128043969036e-05
0.0009557997318938133
0.001014894458226625
0
0
