0
0
0
0
0
0
0
0
0
-0.002686024524442087
-0.003203528298078478
-0.002341106254156577
0
-0.003779085045243999
-0.002388248236238853
-2.007627682634596e-05
-9.850207097262242e-07
-0.0001725572686145251
0
-0.001603531955594721
-0.001608272240358439
-0.002472620067006172
-0.002865467240319612
-0.002479965331033706
-0.003180241081174017
-0.002553759713216611
-0.001448338345731123
-0.002399333322200285
-0.002001221866352962
-0.002030784550854358
0.0004382771566322332
-0.002885568894471871
-0.001921419529381975
-0.002725815337645993
-0.002646027716366514
-0.0009622216691757765
-1.008387126494064e-05
0
0
-0.002923223689669064
-0.0001993417306079512
-0.00249919187408058
-0.003370695986625629
-0.002904290575840767
-0.0006340672332393874
-9.038540338461936e-05
-0.001123278435448296
-0.001007209706851082
-0.001602951243001178
0
-0.0007450636228246021
-0.002429870744776609
-0.002035503486708865
-0.002954841630354069
-0.002818731239342585
-0.003532875643979972
-0.002660098953918706
-0.003133252506127544
0
0
-0.003438883129994004
-0.003332671922252955
-0.0007130931163398473
-0.001643251443489753
-0.0005180747813021976
-0.0004380873001396823
0.000282358714186251
0.001625214929078875
0
0.0007593285554395
-0.00229681110128143
-0.002181504356654249
0
-0.002447011886211525
-0.003881843585406243
-0.002559658109741412
-0.003164319989245823
0
-2.263817616414075e-05
0.0007999491893618767
5.533275841112676e-05
0
0.000768005362181209
-2.630006950395374e-05
0.0004246312865076414
0.0009424483248808971
0.0001913801195253463
0.001215246185523642
0.001120923277815855
0
0
0.001243935574442333
0.0005738533265117445
8.964726141608976e-05
0.001190240710075866
-0.002524790496504343
-0.003763312289077202
0.0009847265947110519
0.0007822250849761783
0
0.001249950426142036
-0.003651180274041489
0
-0.001729082410441073
0
-1.242137537353056e-05
-0.002219687210901863
0
0
-0.002487372138940045
-9.333044781088484e-05
-0.002136465406958108
-0.001474768959590532
-0.001115071941984285
-0.003115414676109548
0
-0.003908114730491274
-0.003574407843566344
-0.004331125146937512
-0.003058501143229234
-0.002893543715646311
-0.00344887857906857
-0.003106121029290458
-0.003202200106496292
-0.003656453984103654
-0.003791223858878796
-0.003878009979057226
-0.003895749979855498
-0.003831303907510879
-0.003885341080915789
-0.003675433869664034
-0.003662345601100227
-0.003815123874043174
-0.00345165324785187
-0.003479968052720821
-0.003874129651198619
-0.003754505778495526
-0.003603900154536287
-0.003973705104991482
-0.003673620559838438
-0.003725904622320215
-0.003806194359358331
-0.003854901328909221
-0.003878443062064712
-0.003818271956295321
0
-0.003970284919526597
-0.002712731365189405
-0.003478097500161972
-0.002599321966186401
-0.002181679776560911
-0.003836094658142975
-0.003591583136324023
-0.003766246456637626
-0.003480789873741889
-0.00374701754043499
-0.00369521617462267
0
-0.00397507617816644
-0.003457400049602804
-0.003715591939236158
-0.00374032532547789
-0.003600435886230293
-0.003805882495624611
-0.003803158455810343
-0.003864009750037906
-0.003849365623040909
-0.003590062014269961
-0.003846239500769062
-0.003696817469479986
-0.003716909327583746
-0.003872824980058161
-0.003722237336535332
-0.003792113327387678
-0.003017319684369888
0
-0.003851359885102722
-0.003870968511798773
-0.003781898494326415
-0.003619695078422476
-0.003535786411006303
-0.003752999335161884
0
-0.003925252024403089
-0.003704494422913336
-0.003667856009049061
-0.003576842567322271
-0.003263603815536352
-0.002768138677982816
0
-0.003881019469888268
-0.003537489915194754
0
0
-0.003846973502451187
-0.003867338889117626
-0.003794137248039521
-0.003749304552584731
-0.003536229418628519
-0.003772294161648901
-0.002837391099651514
-0.003531813539990917
0
-0.003442329330877028
-0.003165655446665761
-0.003919941507169795
-0.0038347265106002
-0.003387390355107858
-0.00352393969603482
-0.003422312917527312
-0.003705765574216461
-0.004183830026217882
-0.003871910505127798
-0.003965818550568811
-0.00307782210599745
-0.003521463473584191
-0.003352047126959892
-0.003139829192310849
0
-0.003426105936918769
0
-0.003487120565051828
0
-0.003148678941407668
0
-0.003299543441590995
-0.003527258152626404
-0.001937433548353635
-0.003406435456613909
-0.001287014211695208
-0.00406135631482132
0
-0.003087225319377261
-0.002839190496193824
-0.00363339209943791
-0.003390473970203196
-0.001935476181377002
-0.003112970497262061
-0.003170915004012604
-0.002080198755402655
-0.001024155327216072
-0.0002664519215437267
-0.0007115701736935001
-0.0002142712648678082
-0.003028628090355855
0
-0.00462911408247805
0
-0.004270608381211165
-0.002805161610375639
-0.00155322233023897
-0.002885501637644795
-0.003413258245962967
-0.003033160782451169
-0.001217474372197548
0.000221064407582784
0.0002009357101505556
0
0.00150087513230788
6.337017245434768e-05
-0.001523098253162592
-0.001890084689911285
-0.002378191069530885
-0.001746012472917278
5.92663741499477e-05
-0.00212888313372128
-0.002071424216361714
-0.0001707540637768816
-0.0001707636325463489
-0.002798411059564976
-0.0007062526947123445
-7.281630557746042e-05
-0.0005203796952399963
0
-4.761511284861451e-05
0.001064747723536093
0
0.001190656544400281
0.0007807946489271879
-0.003994509753196466
-0.003839355748837041
-0.003668372964400486
-0.003874806053915404
-0.003809987415347078
-0.003715444665593292
-0.003770183784157095
-0.002858357279405244
-0.001877401281202634
-0.002627926604387491
-0.003721531230260938
-0.001244790445979564
-0.002285528963960316
-0.0006600538276458085
0.0005361153651337737
-0.001147378235472935
0.0009885553307995881
-0.001671716564101399
-0.002358486775342609
4.308612327280118e-06
-0.0002418520378635554
-2.596284243097545e-05
-6.319205469922151e-05
-0.0003661057095016155
-0.0002062229166017373
9.538681983847789e-05
-4.473103834481728e-05
0
-1.607925510566015e-05
0
-0.0002001918570784293
-0.0002725603765601172
0.0001241352723494359
0
-0.0002291198649384961
0.0002252239750733146
-0.0001182873784783474
-0.0004727816245104687
0.0007616021494704572
2.995119832462991e-05
0.001153890958494887
8.076148484066207e-06
0.0006422874291401759
-1.729908557891662e-05
-7.598498963975298e-05
3.587461203975525e-05
0.0002478881019714861
0.0003182580807746346
0.0009893415211257659
0
0.0005246073838309541
0
0.0006788397801675925
0
0.0008474497566408575
0.001478306281844143
0.0008500426107508584
0.00111811544636211
7.6553586556337e-05
0.000956031391250993
0.001014657588521285
0
0
