0
0
0
0
0
0
0
0
0
-0.00268195700105581
-0.003203276227401539
-0.002340905537819868
0
-0.003774732366807918
-0.002377300108829218
-2.007084456230251e-05
2.257187959092382e-06
-0.0001704182504447813
0
-0.001598937523732157
-0.001607739654859193
-0.002470482176050392
-0.002865465168446539
-0.002478541727834662
-0.00317407186805228
-0.002554705320614309
-0.001448324999790514
-0.002397604417430985
-0.00200022497917063
-0.00202987599527139
0.0004379214817842492
-0.00288084984101994
-0.00191996579702219
-0.002722034110035112
-0.002641715244031653
-0.0009622387189052675
-1.00869392682932e-05
0
0
-0.002918326733763152
-0.0001991011698833197
-0.002496110552535131
-0.003364149735644361
-0.00289923411383009
-0.0006335818671828784
-8.921384714522901e-05
-0.001122185462848365
-0.001006694823500952
-0.001601465994081996
0
-0.0007430089872543583
-0.002426580405791312
-0.002032461591540885
-0.002949425332241971
-0.00281350410404728
-0.003526340484669171
-0.002655343425554861
-0.003127097693622339
0
0
-0.003431976867647221
-0.003326207161867742
-0.0007117301027279668
-0.001640510501964898
-0.0005180747671946523
-0.0004382006738148395
0.0002822946393685153
0.001625239996430594
0
0.0007594051185789428
-0.002293431908173023
-0.002177213992190791
0
-0.002443755780553884
-0.003872479208197561
-0.002553710392608731
-0.003157670347202317
0
-2.257570294786484e-05
0.0008008687338858649
5.364131498922326e-05
0
0.0007672461248182839
-2.638417501228791e-05
0.00042458744360382
0.0009422769136718409
0.0001961166342591168
0.001215010607042525
0.001120652293820723
0
0
0.001243782494396395
0.0005737468172900277
8.931002583106484e-05
0.00119004574123037
-0.002523494072236524
-0.003757337405634039
0.0009845462807781258
0.0007823831793884524
0
0.001250066685678579
-0.003644989795427001
0
-0.00172502178705786
0
-1.207396528517793e-05
-0.002216360472586719
0
0
-0.002484307069787654
-9.330241246028729e-05
-0.002127042087355083
-0.001472708055729837
-0.001110005483012787
-0.003111867800417118
0
-0.00390046668935434
-0.003563799964289903
-0.004331150128021371
-0.003049865450884831
-0.002887968375798646
-0.003440659129821087
-0.00309977967895896
-0.003194120568937855
-0.003647128472358573
-0.003783132423519861
-0.003870330437143155
-0.003888380181232057
-0.003823024846449003
-0.00387791098126783
-0.003668044873586651
-0.003654394408443462
-0.003807381071377512
-0.003444389050450582
-0.00347309649723136
-0.00386564954427309
-0.003747737399008549
-0.003597310122104318
-0.003966453709148154
-0.003666652539127855
-0.003719588333501998
-0.003798895605276045
-0.003847656429732913
-0.003870259310237154
-0.003811838551745364
0
-0.003964534928503583
-0.002703323611541631
-0.003467992031314358
-0.002593977556363532
-0.00217659512361329
-0.003828252765904833
-0.003583393147939462
-0.0037588387692736
-0.003481618486204996
-0.003739346376616278
-0.003685463225529077
0
-0.003969215607100779
-0.003454264814453873
-0.003707985046432025
-0.003732567165528687
-0.003594538389714015
-0.003797659141098814
-0.003794788438867337
-0.003855597333249621
-0.003841402114629148
-0.003584651629545707
-0.003837306428969414
-0.003689571684048908
-0.003709301135486791
-0.003863576948916675
-0.003715518225234836
-0.003783363414439765
-0.003016009430855695
0
-0.003844217277022793
-0.003863976063375138
-0.003776949497286419
-0.003613262355567327
-0.003529343550917398
-0.003747590012658168
0
-0.003917146540332903
-0.00370120806045639
-0.003657085761667166
-0.003570901825688525
-0.003258787926943662
-0.002766149154923068
0
-0.003870666964308664
-0.003539414829081231
0
0
-0.00383779991878198
-0.003859343013669662
-0.00378771394176884
-0.003743517610360593
-0.003533602722968443
-0.003767795399184764
-0.00283589455782212
-0.003530606087011512
0
-0.003438852904568356
-0.003169544200768429
-0.003907674225682839
-0.003827124747163353
-0.0033842582023477
-0.003522075005259692
-0.003428725895679378
-0.003712895836337489
-0.004145022746006328
-0.003845887170133903
-0.003964278252672231
-0.003075654862275746
-0.00351953791036768
-0.003349002013735499
-0.003137001794026633
0
-0.003423163329922403
0
-0.00348497246519664
0
-0.003149699374831851
0
-0.003296107953394856
-0.003524048019486476
-0.001935573377765978
-0.003403197991104921
-0.001286657629442646
-0.004057520851896171
0
-0.003084082858125223
-0.00283719734122295
-0.003628078655015099
-0.003388063393218466
-0.001935486432894961
-0.003110709368461403
-0.003167979508033305
-0.002079923649257032
-0.001024861398938123
-0.0002651861318615796
-0.0007117749214656661
-0.0002142614849989353
-0.003027447187995979
0
-0.00460717645226327
0
-0.004230460288153731
-0.002803377839837691
-0.001552613194380401
-0.00288169427340457
-0.003409976235871022
-0.003030702038135466
-0.001216997129954204
0.0002211418858521134
0.0002018343581260422
0
0.001500446842323477
6.338707288758861e-05
-0.001522522909538227
-0.001889218836736399
-0.002377341347803032
-0.001745588975224501
5.984261714413916e-05
-0.002127177268529282
-0.002070208906222564
-0.000168105226577041
-0.0001707111730918929
-0.002797933603606344
-0.0007061575217892772
-7.186655676633091e-05
-0.0005203735092804139
0
-4.806713151588068e-05
0.001064533793237601
0
0.001190687953328435
0.000781696197523562
-0.00400431329306719
-0.003832304551396982
-0.003658159995805012
-0.00386077687782343
-0.003802269241797497
-0.003715467299440222
-0.003765796457947724
-0.00285214881822011
-0.001875553637411983
-0.002624075458497081
-0.003716161183181809
-0.00124399099534445
-0.002283399113205742
-0.0006590115759541747
0.0005368229865449169
-0.001147314043756277
0.0009919498744570844
-0.001671199921885833
-0.002357390321428517
4.284871208879429e-06
-0.0002420840609158839
-2.592695388126031e-05
-6.312904601606398e-05
-0.0003662328662107149
-0.0002055875052032923
9.534329042238117e-05
-4.472900091764128e-05
0
-1.610578607615033e-05
0
-0.000200282577127578
-0.0002725788957220448
0.0001241597809216344
0
-0.0002293120618593897
0.0002252682076256728
-0.0001181239704934868
-0.0004720024506102424
0.0007651864889528208
2.987489937535669e-05
0.001153844186612735
8.020696009625078e-06
0.0006425687979575847
-1.72676268719649e-05
-7.626446748505306e-05
3.609270222704139e-05
0.0002484028675445807
0.0003182059435487209
0.0009892224170734746
0
0.0005251726984864861
0
0.0006789375484169723
0
0.000847785352304614
0.001478118668721392
0.0008500235548984652
0.001118202075770938
7.680900311521463e-05
0.0009556840519480389
0.001015021539919771
0
0
