0
0
0
0
0
0
0
0
0
-0.00268297612081253
-0.003203342986270338
-0.002340957508761485
0
-0.003775845907606953
-0.002380089189364607
-2.006919819228112e-05
1.432004646424211e-06
-0.0001709462329343824
0
-0.001600095240517123
-0.00160787351725393
-0.002471018809174
-0.002865465738664509
-0.00247889191649859
-0.003175646735983465
-0.002554466754670875
-0.001448328524583667
-0.002398031618189417
-0.002000466689162346
-0.002030098697031405
0.0004380123697253457
-0.002882042329481214
-0.001920322345449629
-0.002722983986328927
-0.002642812518162512
-0.0009622344625216379
-1.008620180925658e-05
0
0
-0.002919569303651362
-0.0001991633113701587
-0.002496883639319319
-0.0033658287771184
-0.002900521812962526
-0.0006337056705104672
-8.95128439927445e-05
-0.001122467015558905
-0.001006822231631832
-0.001601830523250905
0
-0.0007435311113090151
-0.002427410641943819
-0.002033232343770993
-0.002950811638630299
-0.002814846107134179
-0.003528025833225418
-0.002656559302940334
-0.003128684014623343
0
0
-0.003433781573540305
-0.00332786956348825
-0.0007120714498570546
-0.001641209080257002
-0.0005180747710853587
-0.0004381720355923555
0.0002823059311182235
0.001625233719545925
0
0.0007593842007006016
-0.002294287732918599
-0.002178273842370355
0
-0.002444568091948564
-0.003874882144136955
-0.002555247158748572
-0.003159362800026856
0
-2.259743723448945e-05
0.000800623255635941
5.407208640471587e-05
0
0.0007674321169923084
-2.636264293441703e-05
0.0004245891204960176
0.0009423039209856591
0.0001949036602402608
0.001215053791368029
0.001120720101457852
0
0
0.001243808656394038
0.000573771865515347
8.939424340340708e-05
0.001190079200235832
-0.002523813934673466
-0.003758885816477997
0.0009845787356982658
0.0007823325879453647
0
0.001250027403419658
-0.00364659146073733
0
-0.001726037594939843
0
-1.215387670675338e-05
-0.002217191189144596
0
0
-0.002485090657530926
-9.330966846930001e-05
-0.002129342962875748
-0.001473180794900523
-0.001111237345887277
-0.003112722408822712
0
-0.003902418153945806
-0.003566409358733733
-0.004331145141455027
-0.003052008920935761
-0.002889371718984155
-0.003442708743006185
-0.003101384605932648
-0.003196135318364708
-0.003649450570668488
-0.003785310630956858
-0.003872333045649717
-0.003890294552017411
-0.003825117919133333
-0.003879841501159211
-0.003669908049200976
-0.003656386582216976
-0.003809338994052924
-0.00344622378760834
-0.003474844655871071
-0.003867860692370889
-0.003749467462053686
-0.003598998463612778
-0.003968385031312476
-0.003668424203219445
-0.003721212609798607
-0.003800751832991569
-0.00384952654911846
-0.003872376327015611
-0.003813499063349358
0
-0.003966065364929526
-0.002705642031227601
-0.003470496778874872
-0.002595303654568106
-0.00217783133259845
-0.003830342889701757
-0.003585794879315029
-0.003760869961983932
-0.003481381227076016
-0.003741418869826962
-0.003688078053871186
0
-0.003970732091603461
-0.003455155090868565
-0.003710013149170031
-0.003734639064853237
-0.003596101494416571
-0.00379984226815451
-0.003796995042369941
-0.003857792330727543
-0.003843499614609379
-0.003586110379652411
-0.003839629232722913
-0.003691492365776877
-0.003711315547517777
-0.003865961665918402
-0.003717328814591804
-0.00378564589516416
-0.003016410378467603
0
-0.003846062708732373
-0.003865784202684817
-0.003778249897767986
-0.003614937280920268
-0.003531024239813884
-0.00374899645192357
0
-0.003919263688406425
-0.00370222534321298
-0.003659844426074968
-0.003572487167669777
-0.003260038160339497
-0.002766627792221122
0
-0.00387330953805586
-0.00353917802429384
0
0
-0.00384018932644343
-0.003861399176723124
-0.00378940583492489
-0.003745108875625386
-0.003534407539016678
-0.003769077337776992
-0.002836337680794677
-0.003531091697018828
0
-0.003439836061025635
-0.003168760753627264
-0.003910720522229768
-0.003829123723902057
-0.003385142252899063
-0.003522713068594818
-0.003427359519140913
-0.003710913966482013
-0.00415471123290455
-0.003852715809520927
-0.003964679654995702
-0.003076280334027483
-0.003520194639094292
-0.003349871296237203
-0.003137796001967558
0
-0.003424022648817924
0
-0.003485658819368766
0
-0.003149585571786628
0
-0.003297031844013865
-0.003524983846250775
-0.001936073100911504
-0.00340413443609396
-0.001286766067824864
-0.004058620651459798
0
-0.003084961186303255
-0.002837768861728018
-0.003629533943754023
-0.003388773805370662
-0.001935481611239057
-0.003111318337922563
-0.003168736527454535
-0.002079972911550415
-0.00102462936730554
-0.0002655081920889939
-0.000711664714091452
-0.0002142642096252508
-0.003027800843087773
0
-0.004612807321297313
0
-0.004239208921090284
-0.002803894914489544
-0.001552788765818536
-0.002882664886742042
-0.003410912571318386
-0.003031403026953308
-0.001217133251766644
0.0002211164646213385
0.0002016384561084968
0
0.001500555398475591
6.338214854766958e-05
-0.001522670017842073
-0.001889472443646519
-0.002377599739582748
-0.001745714839714053
5.969548781069758e-05
-0.002127641585025218
-0.002070547914658108
-0.0001687801697148376
-0.0001707244558700327
-0.002798106508444419
-0.0007061820927065675
-7.212786517160199e-05
-0.0005203733736635036
0
-4.794475650020062e-05
0.001064556045008643
0
0.001190663724334905
0.0007814804433507828
-0.004003076965897968
-0.003834317022636112
-0.003660642246674801
-0.003864548598015367
-0.003804331834049217
-0.003715460011705354
-0.003766920048625616
-0.002853742348188778
-0.00187598320280366
-0.002625017357527659
-0.003717636867520092
-0.001244191413655465
-0.002283976664893583
-0.0006592722897432484
0.0005366273294872253
-0.001147330766451066
0.0009910819807117254
-0.001671356929631128
-0.00235771597420455
4.291016546239133e-06
-0.000242019190156147
-2.593609337977281e-05
-6.313811383308596e-05
-0.0003661923316601093
-0.0002057495808974981
9.535483356960822e-05
-4.472555825363957e-05
0
-1.609592125865958e-05
0
-0.0002002590401744487
-0.0002725703507488792
0.0001241467721616764
0
-0.0002292557705409114
0.0002252472111375032
-0.0001181649414342909
-0.0004722009377219627
0.0007642658451179464
2.989269698942879e-05
0.001153844086696515
8.033791977571793e-06
0.0006424904226946478
-1.727477599203929e-05
-7.619042710989431e-05
3.603365399942573e-05
0.0002482691422486257
0.0003182193872591206
0.000989248029848703
0
0.0005250248411791399
0
0.0006789028914446597
0
0.0008476942544193087
0.001478153983898952
0.0008500229478268196
0.001118171374249126
7.673798525918096e-05
0.0009557678253465418
0.001014924407730247
0
0
