0
0
0
0
0
0
0
0
0
-0.002686588563689551
-0.00320355898684628
-0.002341131635195295
0
-0.003779646410755048
-0.002389669832324883
-2.008001356675695e-05
-1.409926338504474e-06
-0.00017284618720744
0
-0.001604153579254504
-0.001608344568786314
-0.002472906447209665
-0.00286546747564767
-0.002480160562220895
-0.003181062056369163
-0.002553635432707968
-0.001448339979567556
-0.002399569597947821
-0.002001358857658488
-0.00203091158407166
0.0004383231418527304
-0.002886209246582773
-0.00192161766186211
-0.002726331040771798
-0.002646594026445798
-0.0009622194009130417
-1.008344289079929e-05
0
0
-0.002923878764639521
-0.0001993724318166467
-0.002499608770607314
-0.00337154906257757
-0.002904959680957774
-0.0006341301127519897
-9.053710109574868e-05
-0.001123418009974247
-0.001007280019932229
-0.001603153290367013
0
-0.0007453313983760602
-0.002430308577709445
-0.0020359014683106
-0.002955545445000523
-0.002819401209195768
-0.003533713671357866
-0.002660713965101094
-0.003134040462806095
0
0
-0.00343973613394114
-0.003333506880465416
-0.0007132741606755051
-0.00164360697447411
-0.0005180747826238377
-0.0004380723718182078
0.0002823722840645766
0.001625212124153893
0
0.0007593198064980659
-0.002297257085547882
-0.002182123403023072
0
-0.002447463792772518
-0.003883032759932293
-0.002560409225965582
-0.003165184543610838
0
-2.264221642899386e-05
0.0007998366226172472
5.55524591854898e-05
0
0.000768105881492364
-2.628924022935203e-05
0.000424640316369697
0.0009424761065533082
0.0001907699153594411
0.001215284329145265
0.001120956294027915
0
0
0.00124395971525664
0.0005738738004678437
8.969203226842481e-05
0.001190270764588989
-0.00252496745929813
-0.003764060836385239
0.000984753578458279
0.0007822071422675594
0
0.001249942874964533
-0.003651974408978096
0
-0.001729644716867468
0
-1.247858847661442e-05
-0.002220147187709231
0
0
-0.002487772731547684
-9.33342287550947e-05
-0.002137770674987165
-0.001475106080862089
-0.001115786974889146
-0.003115933725788441
0
-0.003909071329684495
-0.003575804395918939
-0.00433110961396129
-0.003059694141161772
-0.002894324531816094
-0.003450005267536438
-0.003106990636564173
-0.003203317378254441
-0.003657683284369749
-0.003792255875911468
-0.003878963332969858
-0.003896652991376609
-0.003832363588572746
-0.003886257580575376
-0.003676420032652508
-0.003663414969938096
-0.003816161576991932
-0.003452629297757061
-0.003480875788201088
-0.003875173084809107
-0.003755378245721975
-0.003604756774921349
-0.003974399339818109
-0.003674537238504041
-0.003726712111564401
-0.003807162865261616
-0.00385580240841002
-0.00387945393564574
-0.003819074926522482
0
-0.003970979992718007
-0.002714026221100995
-0.003479434255673559
-0.002600090866027903
-0.002182419806236552
-0.003837100291127795
-0.003592496703997512
-0.003767167931442803
-0.003480699946727923
-0.003747919613660462
-0.0036963955384557
0
-0.003975803055177678
-0.003457769259368403
-0.003716547837274735
-0.003741301656120904
-0.003601167365315903
-0.003806933064435748
-0.003804221908450819
-0.003865075911079277
-0.003850389452808593
-0.00359073436117628
-0.003847372483745461
-0.003697749692153889
-0.003717872571277097
-0.003873996237560636
-0.003723046778481178
-0.003793222463455519
-0.003017435772035329
0
-0.003852250541654783
-0.00387184091603148
-0.003782482925681411
-0.00362049715058021
-0.003536579965188847
-0.003753679793502817
0
-0.003926268194836372
-0.003704796008900493
-0.003669241227835805
-0.003577575711548256
-0.00326419433883381
-0.00276836310315998
0
-0.003882348766308984
-0.003537094375966044
0
0
-0.00384811655236921
-0.003868343055725743
-0.003794920260289349
-0.003749986944466575
-0.003536514738506082
-0.00377278592798552
-0.002837531549822879
-0.003531879874470502
0
-0.003442722612630112
-0.003165040928305078
-0.003921558431733427
-0.00383567338145924
-0.003387745901582325
-0.003524086165250432
-0.003421343270525093
-0.00370495886867999
-0.004189029627708705
-0.003875143845320038
-0.00396601087410238
-0.003078047640282101
-0.00352161464888435
-0.003352383029808192
-0.003140149653652662
0
-0.00342642247009237
0
-0.003487323337124198
0
-0.003148457128502527
0
-0.00329999242987981
-0.003527615804599988
-0.0019376565304129
-0.003406795220351332
-0.001287036848307944
-0.0040617961248269
0
-0.003087590038697902
-0.002839398928940344
-0.00363404683204054
-0.003390737758814814
-0.001935431271827562
-0.003113229220268371
-0.003171263004405364
-0.002080190598411007
-0.001024016034641199
-0.0002666166065901581
-0.0007115100086485379
-0.0002142723992040271
-0.003028737153581582
0
-0.004631928803205059
0
-0.004276383586318036
-0.002805340936221499
-0.001553278906180686
-0.002885995270254869
-0.003413626883863452
-0.003033428640267457
-0.001217510836830653
0.0002210590119686261
0.0002008160790648201
0
0.001500931062644076
6.33703752364369e-05
-0.001523172596058271
-0.0018901624051662
-0.002378253393965732
-0.001746028673336931
5.919232225009558e-05
-0.002129081087143842
-0.002071554100326444
-0.0001710979431523935
-0.0001707717950508568
-0.002798420295620531
-0.0007062648096776658
-7.293363442434266e-05
-0.0005203808867465678
0
-4.755756743664451e-05
0.001064786088815333
0
0.00119065707423699
0.0007806604413028853
-0.003992855280098353
-0.003840184062244797
-0.003669782879813601
-0.003876474345495822
-0.003811019805006855
-0.003715442300884736
-0.00377092691053362
-0.002859154061607663
-0.001877608800743221
-0.002628434266433021
-0.003722158394741982
-0.001244894693627519
-0.002285783333615999
-0.0006601901348531156
0.0005360268350164986
-0.001147386340058458
0.0009881107771535363
-0.001671749645561384
-0.002358583311340559
4.310452939732911e-06
-0.0002418220082728187
-2.596762779812512e-05
-6.319412583294012e-05
-0.0003660967623366588
-0.0002063051997750007
9.539580684786618e-05
-4.472862661384012e-05
0
-1.607026371487494e-05
0
-0.0002001803790597435
-0.0002725527620221748
0.0001241323536077991
0
-0.0002290999747347624
0.0002252227437147103
-0.0001183075830755634
-0.0004728827969872382
0.0007611424588701565
2.995896873152242e-05
0.001153898495386164
8.082851085809262e-06
0.0006422503698754133
-1.730085216176346e-05
-7.594279337945557e-05
3.584622143227044e-05
0.0002478208290325443
0.0003182646954167885
0.000989354231682268
0
0.0005245344557050919
0
0.0006788281955122696
0
0.000847405875910177
0.001478330321168125
0.0008500454161843843
0.001118103706096701
7.652113022146627e-05
0.0009560762977574975
0.001014609688798135
0
0
