0
0
0
0
0
0
0
0
0
-0.002682335277549797
-0.003203301714406786
-0.002340925280804276
0
-0.003775154342994747
-0.00237835613284335
-2.007064192539185e-05
1.944401872150705e-06
-0.0001706167704225755
0
-0.001599365659628074
-0.001607790669345731
-0.002470685641556707
-0.002865465387945784
-0.00247867901596157
-0.00317465434183205
-0.002554617934328328
-0.001448326344397014
-0.002397769744682737
-0.002000321103902727
-0.002029963204499689
0.0004379559164010781
-0.002881292188716976
-0.001920104581398295
-0.002722388519041873
-0.002642123406708127
-0.0009622371308002469
-1.008666379028129e-05
0
0
-0.002918787965576113
-0.0001991247286442193
-0.002496400856193765
-0.003364771490765443
-0.002899712357271735
-0.0006336287528906758
-8.93270944479837e-05
-0.001122292314645962
-0.001006743588986344
-0.001601607512841953
0
-0.0007432065682229264
-0.002426891429477831
-0.002032751887658297
-0.002949940356898255
-0.002814003201584463
-0.003526960692310217
-0.002655797746333555
-0.003127685350785313
0
0
-0.003432646368040072
-0.003326819052142312
-0.0007118597879758439
-0.001640772073258188
-0.0005180747687088366
-0.0004381898463749198
0.0002823031431036911
0.00162523757494839
0
0.0007593984851697183
-0.002293753647205014
-0.002177603850183164
0
-0.00244405846966665
-0.003873377987567894
-0.002554283655469909
-0.003158310990174904
0
-2.258127898064626e-05
0.0008007819607787743
5.38043969083979e-05
0
0.0007673206576746871
-2.637601444430583e-05
0.0004245918255507088
0.0009422951008284012
0.000195656839999339
0.001215036691030621
0.00112068493122681
0
0
0.001243801438189842
0.0005737621169848061
8.934381952447187e-05
0.001190068161900212
-0.002523619488486809
-0.00375791377964392
0.0009845662833599066
0.0007823688050401279
0
0.001250061837069699
-0.003645587198534953
0
-0.001725396897239588
0
-1.210328240603852e-05
-0.002216669339010985
0
0
-0.002484596914133159
-9.330510955735212e-05
-0.002127926050375656
-0.001472881235717412
-0.001110487666295993
-0.003112192200136161
0
-0.003901208201147808
-0.003564799489570821
-0.004331147240850109
-0.003050662667579796
-0.002888485311985843
-0.003441426500514561
-0.003100373041435895
-0.003194869466157813
-0.003648001654653949
-0.003783938396427456
-0.003871089419918062
-0.00388910503756324
-0.003823815175982716
-0.003878636529228394
-0.003668746786628544
-0.00365514288599125
-0.003808109329229786
-0.003445075963259803
-0.003473749437863183
-0.003866476766231117
-0.003748384546362885
-0.003597941983621912
-0.003967184441798642
-0.003667319839495291
-0.003720195581597924
-0.003799587396469913
-0.003848355412136052
-0.003871051556647598
-0.003812456309078424
0
-0.003965112382699516
-0.002704193875490489
-0.00346893323897569
-0.002594464798728033
-0.002177053060991893
-0.003829035817435987
-0.00358429892271447
-0.00375959127343718
-0.003481525916385023
-0.003740108678711142
-0.003686429746964961
0
-0.003969753820597313
-0.00345456854118594
-0.003708730177859806
-0.003733327703858015
-0.003595103771205743
-0.003798469246386437
-0.003795607565875578
-0.003856418100542419
-0.003842186301388214
-0.003585174517735946
-0.003838173034093592
-0.003690276119070509
-0.003710043882482678
-0.00386446860659156
-0.003716184198925718
-0.00378421195914772
-0.003016133675006209
0
-0.003844905852968031
-0.003864650644742101
-0.003777429549673006
-0.003613883992550826
-0.00352996533347833
-0.003748112565065282
0
-0.00391792651416855
-0.003701570071444642
-0.003658131279938956
-0.003571478205345061
-0.003259229817692188
-0.00276630001293743
0
-0.003871656656079179
-0.003539294754278153
0
0
-0.00383869180495674
-0.003860110950968147
-0.003788347639069568
-0.0037441116431308
-0.00353388002253979
-0.003768263274580117
-0.002836040766943407
-0.003530761951018634
0
-0.003439202726245046
-0.003169217145575655
-0.003908817775121016
-0.003827871995617787
-0.003384568115720072
-0.003522292789248177
-0.003428173223510827
-0.003712127577514298
-0.004148676059754546
-0.003848490241361685
-0.003964430854925591
-0.003075870329545176
-0.003519762269436608
-0.003349309941113471
-0.003137287307770091
0
-0.003423466978299667
0
-0.003485208447122786
0
-0.003149634148868419
0
-0.003296435575350603
-0.003524377584410752
-0.001935757443979369
-0.003403529775471204
-0.001286694878870905
-0.004057910738666876
0
-0.003084399322102821
-0.00283739851331591
-0.003628605991665806
-0.003388300853017192
-0.001935452843070781
-0.003110906575320813
-0.003168238167681906
-0.002079906642769024
-0.001024734933513014
-0.0002653080359737213
-0.0007117061706972032
-0.0002142625379818851
-0.003027547127388507
0
-0.004609311554860825
0
-0.004233767535789733
-0.002803556749752448
-0.001552676604397856
-0.002882061775931824
-0.003410310479006893
-0.003030951495174051
-0.001217039688986051
0.0002211345192585769
0.0002017756361596769
0
0.001500487910293312
6.338508729539249e-05
-0.001522578651947126
-0.001889307771497535
-0.002377418687390213
-0.001745615221540815
5.978624521567412e-05
-0.002127347602903127
-0.002070331852926248
-0.0001683607385665556
-0.0001707146963179915
-0.002797969244474357
-0.0007061668855446662
-7.195866555245601e-05
-0.000520373470347132
0
-4.802483348200055e-05
0.001064551121928083
0
0.001190688263437203
0.0007816168710943433
-0.004003833039985936
-0.003833049242527769
-0.003659093040484027
-0.00386221999841118
-0.003803039084178126
-0.003715464496786358
-0.003766229364515048
-0.002852753022718782
-0.001875673008364936
-0.002624385096758692
-0.003716710011999015
-0.001244068360857698
-0.00228361272008305
-0.0006591080682045047
0.0005367573218403991
-0.001147320409713259
0.0009916409323063263
-0.001671249086623489
-0.002357499122460333
4.286598745365324e-06
-0.0002420627075565669
-2.593041607552013e-05
-6.313278984239008e-05
-0.0003662223491775263
-0.000205648873910931
9.534782547259714e-05
-4.472880925032816e-05
0
-1.610505873846527e-05
0
-0.000200273630534159
-0.0002725739607628322
0.0001241536111221113
0
-0.0002292956714672611
0.0002252602549477273
-0.0001181418458649084
-0.000472077598472524
0.000764837357229801
2.988028998204782e-05
0.001153842766254222
8.023822304584223e-06
0.0006425378132153686
-1.727296520056026e-05
-7.624318300267278e-05
3.606989998658498e-05
0.0002483513925530785
0.0003182110466302647
0.0009892288459255262
0
0.000525115601343477
0
0.0006789235755423798
0
0.0008477495878724794
0.001478130811439707
0.0008500254605108385
0.001118188531668892
7.678207381698251e-05
0.0009557146633687491
0.001014983605131262
0
0
