0
0
0
0
0
0
0
0
0
-0.002685823136585044
-0.003203516984941366
-0.002341096956869107
0
-0.003778880088354371
-0.002387729819548632
-2.007582481123069e-05
-8.380788531069274e-07
-0.0001724491357567743
0
-0.001603311200905516
-0.001608245475183194
-0.002472512630096758
-0.002865467152538348
-0.002479887772802213
-0.003179946924678012
-0.002553802600886877
-0.001448337744175608
-0.002399241101110791
-0.002001164855591101
-0.00203073448393967
0.0004382603776288692
-0.00288533867814634
-0.00192133968591223
-0.002725628321604597
-0.002645820085710373
-0.0009622224930936921
-1.00840259777559e-05
0
0
-0.002922986920147449
-0.0001993305225830038
-0.002499038192969419
-0.003370388722901812
-0.002904047868597852
-0.0006340442946138184
-9.033005793257848e-05
-0.001123227389249694
-0.001007181182423786
-0.001602870547049482
0
-0.0007449660233602686
-0.002429708732896662
-0.002035354322908045
-0.002954585194224882
-0.002818488426558598
-0.00353257720612003
-0.002659872148937737
-0.003132968641694017
0
0
-0.003438578584761027
-0.003332373953818927
-0.0007130263350508594
-0.001643121000011576
-0.0005180747808125973
-0.0004380927227600936
0.0002823549648106307
0.001625215980809814
0
0.0007593331665267443
-0.002296647424276403
-0.002181290431392996
0
-0.002446848971244845
-0.003881416591677846
-0.002559387271411917
-0.003164004755399745
0
-2.263615763387306e-05
0.000799995646575675
5.525264271626493e-05
0
0.0007679724058492618
-2.630402505409047e-05
0.0004246283949044003
0.0009424412072081525
0.000191602914595795
0.00121523895968209
0.001120918953326946
0
0
0.001243932484521811
0.0005738526951306394
8.963257705957612e-05
0.001190233138610171
-0.002524720355055704
-0.003763043986822096
0.0009847192502049544
0.0007822322035386971
0
0.001249962185584366
-0.00365089252018342
0
-0.001728883502048131
0
-1.240327717565375e-05
-0.002219521864376488
0
0
-0.002487231885849099
-9.332910640060054e-05
-0.002136032639335134
-0.001474661827082182
-0.001114840780250646
-0.003115224751941724
0
-0.003907775929306911
-0.003573923219141853
-0.004331129667958025
-0.003058082399493686
-0.002893269362701247
-0.003448471462591587
-0.003105811707931251
-0.003201802408551342
-0.003656020029851006
-0.003790858604601706
-0.003877673259959179
-0.003895428048010783
-0.00383093038499833
-0.003885014611370206
-0.003675069922505472
-0.003661958458114278
-0.003814760179587077
-0.003451296510924513
-0.00347963646248326
-0.003873754652802725
-0.003754189546102672
-0.003603586347579089
-0.003973449727259615
-0.00367328196247166
-0.003725611430874959
-0.003805849895141346
-0.003854579379106413
-0.003878080111533019
-0.003817985194399588
0
-0.003970035362155985
-0.002712287158936496
-0.003477628466328719
-0.002599056684715432
-0.002181430533609514
-0.003835742760936239
-0.003591246389458212
-0.003765915730825135
-0.0034808230175088
-0.003746670838691896
-0.003694776552764898
0
-0.003974801451934668
-0.003457274758031362
-0.003715244798840402
-0.003739972703799019
-0.003600164775336119
-0.003805507624492226
-0.003802776924697058
-0.003863629780937527
-0.003849002362140677
-0.003589820940879817
-0.003845832978631903
-0.003696482242535048
-0.003716561319350431
-0.003872404525361727
-0.003721940904081117
-0.003791713247208766
-0.003017286462660097
0
-0.003851041775784795
-0.003870661354343313
-0.003781691358833763
-0.003619404692996514
-0.003535503294302336
-0.003752754957249194
0
-0.003924883602165623
-0.003704379117110147
-0.003667349898684847
-0.003576571663479868
-0.003263388697681389
-0.002768054578224762
0
-0.003880541048044995
-0.003537638544612969
0
0
-0.003846558417138375
-0.003866981051596349
-0.003793853938343246
-0.003749064584925304
-0.003536137346995187
-0.003772116465679774
-0.002837349299513786
-0.003531798422179429
0
-0.003442193081303593
-0.003165890738212354
-0.003919357741821077
-0.00383437980579545
-0.003387267369754894
-0.003523891437338997
-0.003422671454234272
-0.003706071642856693
-0.004181943365154475
-0.003870723729042068
-0.003965747962573342
-0.003077748731196691
-0.003521413895014693
-0.003351932695760469
-0.003139717032383969
0
-0.0034259973553378
0
-0.00348705131793657
0
-0.003148771410394529
0
-0.003299371871438458
-0.003527130334896037
-0.001937359099504423
-0.003406307982628318
-0.001287016053994332
-0.004061196194739966
0
-0.00308709514056678
-0.002839121288452017
-0.003633159754492448
-0.003390386874751104
-0.001935502531796109
-0.003112879460823959
-0.003170784565409766
-0.002080209324153282
-0.001024222105695928
-0.0002663918866315243
-0.0007116053710144461
-0.0002142708459528789
-0.00302859673424144
0
-0.004628085686447633
0
-0.004268505262439385
-0.002805103041225301
-0.001553212557888726
-0.002885321570534544
-0.00341312901377305
-0.003033069835761854
-0.001217466856484878
0.0002210699686938649
0.0002009626519408951
0
0.001500854748293884
6.337009396748829e-05
-0.001523071124779816
-0.001890066266619037
-0.002378176919056511
-0.001746014287925993
5.929502213032591e-05
-0.002128817483572463
-0.002071386595353665
-0.0001706286599382448
-0.0001707614713618258
-0.002798417046881182
-0.0007062482615095737
-7.277743503282207e-05
-0.0005203792503212422
0
-4.763041832947567e-05
0.001064732155822957
0
0.001190659714291654
0.0007808386840430086
-0.003995119446957316
-0.003839057514992705
-0.003667884095863896
-0.003874189420264107
-0.003809636666087281
-0.003715445554767596
-0.003769910203440432
-0.002858066151873079
-0.001877334194845501
-0.002627755295246912
-0.003721297752788936
-0.001244757872911988
-0.002285439650376608
-0.0006600160171728206
0.0005361474983577209
-0.001147375266835471
0.0009886890358006932
-0.00167171257665076
-0.002358460055509791
4.30663916253385e-06
-0.0002418735933569302
-2.596111295301239e-05
-6.318316617096202e-05
-0.0003661237607501341
-0.0002061929070746234
9.538520771188783e-05
-4.472963980830738e-05
0
-1.608051161916352e-05
0
-0.0002001960565198383
-0.0002725564845682645
0.0001241345443829253
0
-0.0002291388397213792
0.0002252256751000888
-0.0001182803711607568
-0.0004727447301222342
0.0007617701131538071
2.994483992605199e-05
0.00115388811033354
8.071471012189747e-06
0.0006422992649562986
-1.729886227671184e-05
-7.600038929094684e-05
3.588415190077233e-05
0.0002479118463140359
0.0003182556636423729
0.0009893364375132721
0
0.0005246336536070543
0
0.0006788428620510266
0
0.000847464427711578
0.001478299512989932
0.0008500431178989979
0.00111811802498475
7.656449374142284e-05
0.0009560142593166207
0.001014674195548818
0
0
