0
0
0
0
0
0
0
0
0
-0.002681910255933381
-0.003203272983811695
-0.002340903032180035
0
-0.00377467890172874
-0.002377166391265206
-2.007042315636632e-05
2.29389598764278e-06
-0.0001703908429303585
0
-0.001598882957246364
-0.001607732944227542
-0.002470457446232434
-0.002865465140342272
-0.002478526060147688
-0.003174003079447126
-0.002554717343599571
-0.001448324831103673
-0.002397584696887832
-0.002000213153074817
-0.002029866017130481
0.000437917117914615
-0.002880796085426786
-0.001919948433847324
-0.00272199080550729
-0.002641664418222144
-0.0009622389194757767
-1.008697386279771e-05
0
0
-0.002918271214932355
-0.0001990981841328958
-0.002496074688136924
-0.003364077223069017
-0.002899176830506423
-0.0006335759298385371
-8.91995036102522e-05
-0.001122171911092287
-0.001006690318016752
-0.001601448033763908
0
-0.0007429839774785116
-0.00242654121989075
-0.002032424805160418
-0.002949363079179708
-0.002813440015526359
-0.003526263671458131
-0.002655287429733602
-0.003127024344091507
0
0
-0.003431890627491061
-0.003326131788563143
-0.0007117125005008055
-0.001640476899273729
-0.0005180747670080954
-0.0004382020430274812
0.0002822963076951478
0.001625240306812589
0
0.000759405077986448
-0.002293391905944304
-0.002177162004136745
0
-0.00244371849081201
-0.003872357540370337
-0.002553636894608097
-0.003157589244340805
0
-2.257362580508191e-05
0.0008008768182565742
5.362066669262067e-05
0
0.0007672336132426818
-2.638520912119528e-05
0.0004245864831513805
0.0009422720987315888
0.0001961748948488394
0.001215003345851978
0.001120645322339815
0
0
0.001243776833131718
0.0005737456237001544
8.930457814900795e-05
0.001190040174036093
-0.002523480051529726
-0.003757262005333036
0.0009845413497823021
0.0007823831318956953
0
0.001250065329152099
-0.003644917395831583
0
-0.001724973754259742
0
-1.206972056008604e-05
-0.00221632186957507
0
0
-0.002484269758493161
-9.330207523104036e-05
-0.002126912494903873
-0.001472678174366297
-0.001109936109019317
-0.00311182666402293
0
-0.003900366670384048
-0.003563664421231375
-0.004331150611636534
-0.003049755602702364
-0.002887904579743091
-0.003440564800374471
-0.0030997085082957
-0.003194023470125853
-0.003647009672352299
-0.003783020210926752
-0.003870230136076437
-0.003888283277161247
-0.003822919205489458
-0.003877813530257942
-0.003667962853094941
-0.003654301504798375
-0.003807280112071628
-0.003444310459241364
-0.003473022410061484
-0.003865537490581218
-0.003747656778064197
-0.00359723872953522
-0.003966358852493702
-0.003666576872517109
-0.003719512717455957
-0.003798801630459849
-0.003847561962641213
-0.00387015223560649
-0.003811754747860781
0
-0.003964458941568635
-0.002703195706101176
-0.003467858737230443
-0.002593912878419779
-0.00217652677952222
-0.003828146887323687
-0.003583271135385546
-0.003758733387445564
-0.003481630353061131
-0.003739236346415112
-0.003685329722645795
0
-0.003969135839451412
-0.003454211577962077
-0.003707879827574831
-0.003732459875471216
-0.00359445673160466
-0.003797547082299534
-0.003794675400722673
-0.003855485805548801
-0.003841295590701079
-0.003584573464078119
-0.003837188312160532
-0.003689472289290801
-0.003709197594598067
-0.003863456098803902
-0.003715424260665745
-0.00378324708374248
-0.003015978899713721
0
-0.003844123752033504
-0.003863884440405838
-0.003776883640459616
-0.003613188905726144
-0.003529267765776419
-0.00374752214568893
0
-0.003917055496402839
-0.003701152211358913
-0.003656953311005815
-0.003570818344163645
-0.003258719193042925
-0.002766112100567947
0
-0.00387053416191901
-0.003539418625421539
0
0
-0.003837678640036556
-0.003859238971278359
-0.003787628941112151
-0.003743432389285546
-0.00353355460961327
-0.003767729251767885
-0.002835863047720539
-0.003530574392968767
0
-0.003438795426876286
-0.003169571494704176
-0.003907522444130346
-0.003827026849210606
-0.003384204473079862
-0.003522035597824299
-0.003428785858501274
-0.003712994680635542
-0.004144561459190668
-0.003845555954468192
-0.003964258868496367
-0.003075614593319557
-0.003519497650312545
-0.003348950987506534
-0.003136957025482726
0
-0.003423113479359694
0
-0.003484931227917176
0
-0.003149698123496538
0
-0.003296053072419922
-0.003523994449170543
-0.001935544926309618
-0.003403145428194226
-0.001286649012274956
-0.00405745818382837
0
-0.003084035064433448
-0.002837161600602113
-0.003628000902629231
-0.003388018163392491
-0.00193547425238395
-0.003110669437066692
-0.003167931969490559
-0.002079907378829207
-0.001024862448074909
-0.0002651706993995983
-0.0007117756339622517
-0.0002142613523312738
-0.003027419115494686
0
-0.004606905854244716
0
-0.004230041945621612
-0.00280334350706199
-0.001552602309970471
-0.002881647743429962
-0.003409923579726682
-0.00303066073412445
-0.00121698431238079
0.0002211440494729788
0.0002018529752254617
0
0.001500441648280072
6.338733243842642e-05
-0.001522515847557716
-0.001889201970330418
-0.002377318773435937
-0.001745572553437302
5.984893377901843e-05
-0.002127150819863849
-0.002070188756859273
-0.0001680728687852096
-0.0001707084509817171
-0.002797913942027519
-0.0007061563327505363
-7.18540277290012e-05
-0.0005203735115435692
0
-4.80732159568374e-05
0.001064532294972045
0
0.001190684888788159
0.0007817082234199386
-0.004004375044286222
-0.003832196863464263
-0.003658030921866285
-0.003860592793965008
-0.003802163974263002
-0.003715467651492077
-0.003765743433676284
-0.002852072240050098
-0.00187552527523887
-0.002624024923869294
-0.00371608602248844
-0.001243981576347577
-0.002283368576318231
-0.0006589918990157404
0.0005368388163983027
-0.00114731323512776
0.0009920194978046224
-0.001671185103344808
-0.002357365800432276
4.284759663084638e-06
-0.0002420881695539741
-2.592651653535931e-05
-6.312852775083069e-05
-0.0003662377108971513
-0.0002055797376957803
9.534235809722099e-05
-4.473005472113463e-05
0
-1.610490478169871e-05
0
-0.0002002837123228597
-0.0002725788914480962
0.0001241600419021135
0
-0.0002293176003543181
0.0002252688924316032
-0.0001181204544536266
-0.0004719929341637955
0.0007652307513113719
2.987485395961269e-05
0.001153843413196894
8.020665461158577e-06
0.0006425724103953001
-1.726711479846206e-05
-7.626709842780462e-05
3.609513777130052e-05
0.0002484093790668072
0.0003182052962891882
0.0009892232939895497
0
0.0005251811773755399
0
0.0006789387895187952
0
0.0008477900403744756
0.00147811628745173
0.0008500249784252857
0.001118203236656158
7.681242086413224e-05
0.0009556803371656068
0.001015026588900431
0
0
