0
0
0
0
0
0
0
0
0
-0.002681846495838163
-0.003203269003688535
-0.002340899960308302
0
-0.003774613391308057
-0.002377002580819779
-2.007115149082633e-05
2.344515979720919e-06
-0.0001703591989991736
0
-0.001598815618213136
-0.001607725658429596
-0.00247042239272083
-0.00286546510581487
-0.002478499538868867
-0.003173909416154339
-0.002554731234969116
-0.00144832462439274
-0.002397553484710349
-0.002000192916139706
-0.002029849633197195
0.000437911771339224
-0.00288072240763275
-0.001919920663372777
-0.002721930109330613
-0.002641594174406207
-0.0009622391650345828
-1.008701621557278e-05
0
0
-0.002918194147361703
-0.0001990945256432082
-0.002496023412980536
-0.003363977515538981
-0.002899096830254468
-0.0006335686553068149
-8.918193008115338e-05
-0.001122155301047245
-0.001006679462921897
-0.001601419852264589
0
-0.0007429533409219558
-0.002426486473305873
-0.002032373588311869
-0.002949277283895347
-0.002813356710240296
-0.003526167312453467
-0.002655210503565838
-0.003126927965903773
0
0
-0.003431791100250827
-0.003326032438347732
-0.0007116905373968694
-0.001640433214989337
-0.0005180747667575313
-0.0004382037239374322
0.0002822964730793738
0.001625240688205706
0
0.000759407696711121
-0.002293339766286309
-0.002177099180144116
0
-0.002443666505197132
-0.003872227708937101
-0.002553544317898331
-0.003157489890564056
0
-2.2570874030465e-05
0.0008008951230153589
5.35953697210208e-05
0
0.0007672264182455505
-2.638647643816297e-05
0.0004245885883517534
0.0009422755038716239
0.0001962462846604042
0.001215006375606388
0.001120646685999171
0
0
0.001243781237267117
0.0005737474783757907
8.930072479050836e-05
0.001190043657611381
-0.002523455976137806
-0.003757179976563443
0.000984543658466411
0.0007823888431143799
0
0.001250074790279308
-0.003644829892647557
0
-0.001724913365319444
0
-1.206438004346524e-05
-0.002216270012154783
0
0
-0.002484225049167697
-9.330166407617886e-05
-0.002126796575789046
-0.001472650487321839
-0.001109875708325152
-0.003111776251244355
0
-0.003900263688120049
-0.003563528328827337
-0.004331151225152386
-0.003049639856325249
-0.002887821868583427
-0.00344045185716994
-0.003099615117280983
-0.003193912999755454
-0.003646883176079266
-0.003782910930572831
-0.003870123872198112
-0.003888180551089661
-0.003822806481328294
-0.003877709810067971
-0.003667858991573494
-0.003654192281922147
-0.003807177144457948
-0.003444205948794459
-0.00347292106407887
-0.003865419152620867
-0.003747562378010714
-0.003597141883855889
-0.003966245430152456
-0.003666477307296748
-0.003719425117029251
-0.003798703777739234
-0.003847461602621566
-0.003870038135638669
-0.003811667133669352
0
-0.003964375562257167
-0.002703073500277631
-0.003467724219145092
-0.002593836170433195
-0.002176458167350746
-0.003828039503291341
-0.00358313603997472
-0.003758632498057667
-0.003481644942378508
-0.003739136662301416
-0.003685194680092742
0
-0.003969069734664635
-0.003454178557681492
-0.003707780185503985
-0.00373235839084189
-0.003594384219919371
-0.003797435776529536
-0.003794562206112479
-0.00385536974233456
-0.003841186453781519
-0.003584505636723908
-0.003837065540472418
-0.003689378327130139
-0.003709096331026693
-0.003863328006626096
-0.003715337165666632
-0.003783127769622393
-0.00301597084969509
0
-0.003844025613881583
-0.003863787939913336
-0.003776818936328386
-0.003613098131345278
-0.003529176155667081
-0.003747448437455951
0
-0.00391694181450088
-0.003701119062010034
-0.003656790979318266
-0.003570745085263393
-0.003258663805626083
-0.002766102420578875
0
-0.003870389898730143
-0.003539466056841311
0
0
-0.003837552714397352
-0.003859128724041773
-0.003787539640712533
-0.003743351615894402
-0.003533529836399456
-0.003767680420119263
-0.002835850827120406
-0.003530571679483191
0
-0.003438756056372171
-0.003169657081569932
-0.003907353074032992
-0.00382692484288564
-0.003384170908877282
-0.003522021083509513
-0.003428909687030919
-0.003713116352892601
-0.004143996728244067
-0.003845149941413775
-0.003964235083059791
-0.003075593442985454
-0.003519482865633458
-0.003348918067350098
-0.003136924190383473
0
-0.003423082292914109
0
-0.003484912163946045
0
-0.003149732462085404
0
-0.003296010915196319
-0.003523958424009345
-0.001935522006843096
-0.003403109240309642
-0.001286647528681655
-0.004057413890417446
0
-0.003083996877827584
-0.00283714126359278
-0.003627935656050241
-0.003387996279230509
-0.001935485003843031
-0.003110648213667991
-0.003167903959795417
-0.002079917888891397
-0.001024880234581682
-0.000265151793976267
-0.0007117749664480613
-0.000214261189236016
-0.003027412358027383
0
-0.004606574277057205
0
-0.004229529552601309
-0.002803326678761868
-0.001552596102374752
-0.002881590739905742
-0.003409885884254576
-0.003030633760135639
-0.001216982944638268
0.0002211406555677662
0.000201874322988293
0
0.00150043528544492
6.338765723814346e-05
-0.001522507194073273
-0.001889194475627082
-0.002377315464676343
-0.001745575542597671
5.985689430468799e-05
-0.002127130060689329
-0.002070175190046798
-0.000168033226015401
-0.0001707094333596458
-0.002797917174052586
-0.0007061548693217812
-7.184426248824014e-05
-0.0005203735161617199
0
-4.807685693110827e-05
0.001064524575245493
0
0.001190691570839327
0.0007817206367116312
-0.004004451135437406
-0.003832096133964312
-0.003657906178290034
-0.003860366901348597
-0.003802063710230961
-0.003715468083623527
-0.003765675442175394
-0.002851978398846523
-0.001875516675144752
-0.002623993341730274
-0.00371601761161731
-0.001243970075059895
-0.002283339773683975
-0.0006589808043247665
0.0005368423336557714
-0.001147312243818342
0.000992050497135335
-0.001671183912418615
-0.002357357713192362
4.284351406122058e-06
-0.0002420906240766571
-2.592598131646839e-05
-6.312532402961464e-05
-0.0003662373542958263
-0.0002055702216544657
9.533978149048955e-05
-4.472749688168348e-05
0
-1.610555656168731e-05
0
-0.00020028510499799
-0.0002725763094169352
0.0001241573143130122
0
-0.0002293174736360429
0.0002252649933953986
-0.0001181200745458492
-0.0004719812764883831
0.0007652850023440855
2.987153376546775e-05
0.001153838012707934
8.018490177090778e-06
0.0006425729151608475
-1.726651589376239e-05
-7.627229664346921e-05
3.60966435311615e-05
0.0002484152594927226
0.0003182045025294875
0.0009892169371125269
0
0.0005251868646583222
0
0.0006789361285549013
0
0.0008477918506929401
0.00147810837589317
0.0008500216828186183
0.001118200484066015
7.681318844984591e-05
0.0009556729174055835
0.001015029483730393
0
0
