0
0
0
0
0
0
0
0
0
-0.002682341676841958
-0.003203302195435596
-0.002340925654699818
0
-0.003775162347527177
-0.002378376177880143
-2.0070307260837e-05
1.937283841024868e-06
-0.0001706204589903059
0
-0.001599373331047151
-0.00160779287526708
-0.002470688891045134
-0.00286546539207009
-0.002478680759883454
-0.003174666052846126
-0.002554617657331438
-0.00144832636978747
-0.002397771925876312
-0.002000321911356549
-0.002029964749924315
0.0004379565698574122
-0.002881300070185865
-0.00192010590638119
-0.002722394355102486
-0.002642130072202604
-0.0009622371002587178
-1.008665852877551e-05
0
0
-0.002918796009060446
-0.0001991251754482931
-0.002496405099447188
-0.003364785014127563
-0.002899720688868894
-0.0006336296427223821
-8.932924358515965e-05
-0.001122294339778932
-0.001006745217360345
-0.001601608659416239
0
-0.0007432103204808464
-0.002426896065960386
-0.002032754886172179
-0.00294994968379215
-0.00281401134461557
-0.003526979262026255
-0.00265580385890452
-0.003127696918014822
0
0
-0.003432661124312713
-0.003326834999713544
-0.000711861199619651
-0.001640775573427314
-0.0005180747687327841
-0.0004381896409637706
0.0002823038936843407
0.00162523752951137
0
0.000759397417313135
-0.002293759361960778
-0.002177612519177074
0
-0.002444063189311699
-0.003873394525938113
-0.002554294278747285
-0.003158323151842878
0
-2.258127721752776e-05
0.0008007786846757595
5.380749262509544e-05
0
0.0007673194285961059
-2.637585965893952e-05
0.0004245922792534205
0.0009422943603669846
0.0001956481185846653
0.00121503445433201
0.001120682055542379
0
0
0.001243799058766832
0.0005737606043880732
8.934337802474096e-05
0.001190066330030331
-0.00252362106985865
-0.003757924679274938
0.0009845646197354763
0.000782367327220925
0
0.00125005841961503
-0.003645597885758156
0
-0.001725403780784889
0
-1.210418604066435e-05
-0.002216674474445784
0
0
-0.002484602130341667
-9.330516149742016e-05
-0.00212795346571422
-0.001472889161795498
-0.001110503559763093
-0.003112198347865003
0
-0.003901225121161954
-0.00356482314113916
-0.004331147197435939
-0.003050681649097799
-0.002888495415291457
-0.003441437695395606
-0.003100383849240796
-0.003194883831528229
-0.003648020521017535
-0.003783950466314479
-0.003871104572701047
-0.003889120820639223
-0.003823830871192266
-0.003878651550838189
-0.003668754157538156
-0.003655153355179139
-0.003808124863975991
-0.003445084298609996
-0.003473758623573438
-0.003866491437084883
-0.003748393938560235
-0.003597951112533798
-0.003967198574288273
-0.003667325752601667
-0.003720204812687252
-0.003799600671005568
-0.003848369776387895
-0.003871066458799952
-0.00381246910580716
0
-0.003965122669583154
-0.002704219732464527
-0.003468957827726057
-0.002594476107284632
-0.002177067889249797
-0.003829049360516248
-0.003584317717455942
-0.003759602226608004
-0.003481524176731738
-0.003740118676457995
-0.003686444500999506
0
-0.003969759176124454
-0.003454574927398455
-0.003708739488235785
-0.003733336946727939
-0.003595110677661298
-0.003798481989696217
-0.003795620580185045
-0.00385643265693975
-0.00384220049795509
-0.003585182974199174
-0.003838188048980635
-0.003690285044242546
-0.003710054188406942
-0.003864484649464501
-0.003716194128097775
-0.003784226023057378
-0.003016135669914828
0
-0.003844918959350209
-0.003864662981696734
-0.003777438162034847
-0.003613895741848246
-0.003529978629889234
-0.003748122096154244
0
-0.003917941648960489
-0.003701573125961275
-0.003658151106134629
-0.003571485698024018
-0.003259240486042519
-0.002766303961478813
0
-0.003871674411618953
-0.003539287630547067
0
0
-0.003838706953447367
-0.003860125295362314
-0.003788358563118669
-0.003744121230140119
-0.003533881407810646
-0.003768270168252199
-0.002836042433077073
-0.003530760686616675
0
-0.003439206503779446
-0.003169209530171288
-0.003908839324479834
-0.003827885595076208
-0.003384572212478826
-0.003522292382040803
-0.003428158997583269
-0.003712113219343272
-0.004148745594993657
-0.003848539479652413
-0.003964433742357219
-0.003075872836216658
-0.003519762251401634
-0.003349313311911607
-0.003137290213543533
0
-0.003423469474774058
0
-0.003485208972185272
0
-0.003149630421655493
0
-0.003296440834346656
-0.003524380605865659
-0.001935758233836607
-0.003403533000483079
-0.001286695647304377
-0.004057914963943214
0
-0.003084402498727663
-0.002837399824276638
-0.003628612149880137
-0.003388305272321013
-0.001935452738961915
-0.00311091344477426
-0.003168245204667458
-0.002079908619315229
-0.001024739877122626
-0.0002653103504221991
-0.0007117075494134508
-0.0002142625576616978
-0.003027551174452115
0
-0.004609352048133251
0
-0.004233830379008993
-0.002803557669627177
-0.00155267781526137
-0.002882068752614132
-0.003410313812871522
-0.003030953738741886
-0.001217039833675951
0.0002211333901499365
0.0002017743442426033
0
0.001500488690243368
6.33850532336151e-05
-0.001522579709444041
-0.001889308969361193
-0.002377419408880465
-0.001745615174700463
5.978499663622669e-05
-0.002127348463329228
-0.002070333107452408
-0.0001683655893678627
-0.0001707148121855539
-0.002797970535647064
-0.0007061670615483826
-7.196153265298339e-05
-0.000520373469549089
0
-4.802375771682528e-05
0.001064551268816666
0
0.001190685840517001
0.0007816147634493433
-0.004003824062909262
-0.003833058916154129
-0.003659110100605072
-0.00386224722958314
-0.003803049043234513
-0.003715464444381746
-0.003766237225348484
-0.00285276448264683
-0.001875682414751154
-0.002624397737853698
-0.003716719443868175
-0.001244067738531338
-0.002283613870953862
-0.0006591088898562313
0.0005367560617837436
-0.00114732053014475
0.0009916337500669812
-0.001671249349430723
-0.002357499656468579
4.286532747078519e-06
-0.0002420648307349124
-2.59304818690915e-05
-6.313074587297225e-05
-0.0003662255643146453
-0.0002056500389523415
9.534661060714936e-05
-4.472833680247995e-05
0
-1.610331212491663e-05
0
-0.0002002734613290419
-0.0002725736866356139
0.0001241543698099539
0
-0.0002292981482686873
0.0002252601576570839
-0.0001181416085208285
-0.000472079025051768
0.0007648307365277571
2.987986282860619e-05
0.001153843560980809
8.024199106982359e-06
0.0006425381841382287
-1.727274797037048e-05
-7.624105988556095e-05
3.606993208182525e-05
0.0002483508306134229
0.0003182111432622294
0.000989228721279023
0
0.00052511459696395
0
0.0006789242563086149
0
0.0008477493870957712
0.001478131366155362
0.0008500253816139785
0.001118189212123357
7.678220023191399e-05
0.0009557153573178354
0.001014983086085931
0
0
