0
0
0
0
0
0
0
0
0
-0.002681964406183273
-0.003203276875689808
-0.0023409060387719
0
-0.003774743057971741
-0.002377326850411028
-2.007069334999777e-05
2.250630497090218e-06
-0.0001704225495809096
0
-0.001598945885593432
-0.001607742707190671
-0.002470488053737166
-0.002865465174059602
-0.002478547937814002
-0.003174084625372
-0.002554708674864688
-0.001448325034002629
-0.002397610789032645
-0.002000229309860064
-0.002029880553111661
0.0004379223543157543
-0.002880858776239866
-0.001919970231750937
-0.002722041727606235
-0.002641722866523738
-0.0009622386787766499
-1.008693235445755e-05
0
0
-0.002918336144898675
-0.0001991017669748749
-0.002496117019137751
-0.003364164523593226
-0.002899243986954471
-0.000633583054629443
-8.92167156679939e-05
-0.001122188172456358
-0.001006696246530373
-0.001601469805543236
0
-0.0007430139890664395
-0.002426586569238348
-0.002032467137580611
-0.002949436170133787
-0.002813512543602003
-0.003526358096791921
-0.002655352042708455
-0.003127108922492761
0
0
-0.003431988480404096
-0.003326221376481581
-0.0007117330393059154
-0.001640515809929344
-0.0005180747672345708
-0.0004382004000917951
0.0002822969802746032
0.00162523993445293
0
0.0007594050684012402
-0.002293440064374784
-0.002177221000702473
0
-0.002443762127258714
-0.003872501953890268
-0.002553721625731573
-0.003157686566804077
0
-2.257428339454858e-05
0.0008008673393266254
5.364544462787883e-05
0
0.0007672477050429194
-2.638396825415038e-05
0.0004245893890808603
0.0009422797128313182
0.000196104983619062
0.001215012378967251
0.001120653358939378
0
0
0.001243784613409018
0.0005737484343630693
8.931042456779247e-05
0.001190048080993528
-0.002523499859253255
-0.003757351695412121
0.0009845481749774748
0.0007823840632583001
0
0.001250068204505973
-0.003645004742417809
0
-0.001725028973156944
0
-1.207443926924321e-05
-0.002216366897065806
0
0
-0.002484312779274159
-9.33024800208293e-05
-0.002127059104353053
-0.001472710195904846
-0.001110015057796172
-0.003111876025458622
0
-0.003900484912662327
-0.003563821592615043
-0.004331150036731006
-0.003049880606712032
-0.002887978371798178
-0.003440674496938667
-0.003099792052304077
-0.00319413530412615
-0.003647143700243161
-0.003783154571852729
-0.003870350658946578
-0.003888398090439061
-0.003823040783337491
-0.003877929884593104
-0.003668061275175112
-0.003654409997507038
-0.003807396680225773
-0.003444404642841968
-0.003473111999039385
-0.003865670912747383
-0.003747753369001311
-0.003597327271735337
-0.003966472672518161
-0.003666669200204759
-0.003719603291911826
-0.003798911647069195
-0.003847673824102922
-0.003870279403922615
-0.00381185358095659
0
-0.003964550095868531
-0.00270334009009161
-0.003468009437823254
-0.002593986331929308
-0.002176603097249865
-0.003828276116393933
-0.003583416557659667
-0.003758859407167141
-0.003481616115769865
-0.003739366214287833
-0.003685488038599438
0
-0.003969229437301324
-0.003454273516427024
-0.00370800446293241
-0.003732587200404218
-0.003594552359169032
-0.003797681046056811
-0.003794810102287178
-0.0038556188699576
-0.003841423825140271
-0.003584665281654444
-0.003837328901115957
-0.003689589900082418
-0.003709320077993532
-0.003863599758818401
-0.00371553485589217
-0.00378338534691763
-0.003016014474232134
0
-0.003844234535729946
-0.003863993311018676
-0.003776961369083538
-0.003613278179672476
-0.003529357338450205
-0.003747602822474938
0
-0.003917165255078243
-0.00370121640550543
-0.003657112246181247
-0.003570915767264003
-0.003258798475592428
-0.002766153727285144
0
-0.003870691998034484
-0.003539411535826338
0
0
-0.003837822525822712
-0.003859362485482657
-0.003787730581488612
-0.003743533018651515
-0.003533609085806853
-0.003767806932773681
-0.002835900747848239
-0.003530609568552476
0
-0.003438863524348084
-0.003169536212826239
-0.003907703254171216
-0.003827142601212794
-0.003384268026977849
-0.003522080421150036
-0.00342871052164355
-0.003712876105728052
-0.004145115026845856
-0.003845953374088703
-0.003964282128876108
-0.00307566281350041
-0.003519543917918541
-0.003349012396171617
-0.003137010635349867
0
-0.003423172485654859
0
-0.003484977690792258
0
-0.003149696849789893
0
-0.003296116739740475
-0.003524055555534784
-0.001935580992959114
-0.003403205959187847
-0.001286663285405035
-0.004057530228258133
0
-0.003084091913870753
-0.002837205091305629
-0.003628091456675133
-0.003388070790684504
-0.001935487807557034
-0.003110715616830281
-0.003167986169850103
-0.002079924138636992
-0.00102485693177843
-0.0002651892181519574
-0.0007117766868514735
-0.0002142615116237305
-0.003027451650071975
0
-0.004607230563279714
0
-0.004230543967065743
-0.002803384961619337
-0.001552619252502671
-0.002881703579447881
-0.003409985772162027
-0.003030710595744559
-0.001217000658374976
0.0002211382302490279
0.0002018316014608107
0
0.001500447881218005
6.338702015190908e-05
-0.001522524321784226
-0.001889225182480194
-0.002377345981048818
-0.001745591738946794
5.983886615493192e-05
-0.002127184255650826
-0.002070215949222239
-0.0001681116968963843
-0.0001707126824026824
-0.002797936544991989
-0.0007061577605863408
-7.187413349043478e-05
-0.0005203735086116388
0
-4.806570220075119e-05
0.001064528654121632
0
0.001190689559936169
0.0007816951611919321
-0.004004300949205627
-0.00383232170800441
-0.003658188104545428
-0.00386081366180044
-0.003802294425415218
-0.003715467229014681
-0.00376580705543088
-0.002852164131665821
-0.001875554238638697
-0.00262408177559558
-0.003716173035053632
-0.001243995125714194
-0.002283406753832038
-0.000659016876679072
0.0005368191634557093
-0.001147314205350141
0.0009919365419382778
-0.001671204307627476
-0.002357396161971567
4.285165442472787e-06
-0.0002420888746371778
-2.592704130798889e-05
-6.312561223639887e-05
-0.0003662405008705729
-0.0002055890582821781
9.534008412068511e-05
-4.472863887125593e-05
0
-1.610426627063087e-05
0
-0.0002002823498217324
-0.0002725769503685113
0.0001241589904620852
0
-0.0002293182489196886
0.0002252650696605153
-0.000118124017062159
-0.0004720043536577435
0.0007651776389855984
2.987424731545676e-05
0.001153842635477614
8.020889783273953e-06
0.0006425676233247784
-1.726894328103405e-05
-7.626490805472484e-05
3.609142182140456e-05
0.0002484014080602593
0.0003182060730136207
0.0009892236946341972
0
0.0005251719323386509
0
0.0006789360737077586
0
0.0008477844616071835
0.001478117447475123
0.000850023004899401
0.001118201211171265
7.680769727608973e-05
0.0009556849381428405
0.001015020776815265
0
0
