0
0
0
0
0
0
0
0
0
-0.002658981695266782
-0.003203621357439109
-0.002341183686860563
0
-0.003780786081431597
-0.002392564652392094
-1.850914925885662e-05
-6.871284990152095e-06
-0.0001578732058150127
0
-0.001586992613331489
-0.001606887437869499
-0.00245744236348011
-0.002865467827843166
-0.00246271888643798
-0.003163481287501341
-0.002551395729556537
-0.001448343284694834
-0.002379762953608451
-0.001984810156012568
-0.002020489001825771
0.0004384162311435256
-0.002858641694639526
-0.00190262383778566
-0.002699226327246121
-0.002618166569981329
-0.0009622148487062809
-1.008255376288449e-05
0
0
-0.00289691396327869
-0.0001994349433429494
-0.002474355045068722
-0.00334238096747561
-0.002876586317631862
-0.0006342591654730758
-9.084527400627743e-05
-0.00112370330693658
-0.001002438783058576
-0.001586493207807589
0
-0.0007458766247439085
-0.002404701724703424
-0.002016795936971418
-0.002926541790330011
-0.002800404813726141
-0.003498552596507578
-0.00263956844308626
-0.003110583563955673
0
0
-0.003430016019978417
-0.003297567840803737
-0.00070525939700086
-0.001630562349521407
-0.0005180749478889649
-0.0004380407464546696
0.0002805672018432809
0.001625205697429572
0
0.0007604637438702083
-0.002283305204390146
-0.002157367259145004
0
-0.002422736162229861
-0.003880831703964331
-0.002550131060683238
-0.003166946329695579
0
-2.320746184074188e-05
0.0007967806715915109
5.600034538734481e-05
0
0.0007654213448479484
-2.626711967181889e-05
0.0004203287310553064
0.0009359635237811194
0.0001895351386297921
0.001210976226536069
0.001127437298012113
0
0
0.001242151078928679
0.0005775613960210326
9.198554957079052e-05
0.001185230172218285
-0.002509318648062129
-0.00376238078990458
0.0009805385573263632
0.0007779177484197001
0
0.001255626011360007
-0.003637923665735659
0
-0.001709796407706449
0
-8.963435842186542e-06
-0.002198113116427773
0
0
-0.002486797939372989
-9.334060459010801e-05
-0.002122337783230614
-0.001457172873339018
-0.00111012629202903
-0.00311691865255383
0
-0.003905478231727792
-0.0035709501445056
-0.004331112230367842
-0.00304211735540651
-0.002867850332087548
-0.003437288077056224
-0.003084608413253644
-0.003185817919072378
-0.003651219553180832
-0.003786233344997164
-0.003875624028276875
-0.003893652822559399
-0.003829906668654109
-0.0038840690967365
-0.003671431138743232
-0.00365736209758125
-0.003813345751630359
-0.003437107900334037
-0.003463410959245588
-0.00387214053053659
-0.00375508047511289
-0.003589842578630848
-0.003975824981147914
-0.003670682364763949
-0.003727711639290752
-0.003804973234299635
-0.003853367084282618
-0.003876991140031947
-0.00381658821270841
0
-0.003969627087400452
-0.002697531987940598
-0.00347051202141737
-0.002573263865726347
-0.002160522064074493
-0.003832786096027342
-0.003589513919045414
-0.003761022689885403
-0.003480515574796783
-0.003741911052320951
-0.003690407000971007
0
-0.003967517168091362
-0.003455004025575966
-0.003710193585211584
-0.00373434097723173
-0.003594785013061644
-0.003801416889414851
-0.003799068867957103
-0.003861391965472463
-0.003846474002718823
-0.003586438424964547
-0.003843713015384414
-0.003691897585542974
-0.003712351198735265
-0.003871138074453144
-0.003717247793702137
-0.003788458177650721
-0.00301116415768277
0
-0.003849506951926225
-0.003869043562950047
-0.003778328613758607
-0.003620507584306342
-0.003533207174448381
-0.003751353748958145
0
-0.003923601400561443
-0.003699365318764995
-0.003672051135636486
-0.003570241153000792
-0.003259027573424837
-0.002763423638969866
0
-0.003881358396670741
-0.003533348598271852
0
0
-0.003845053824776068
-0.003866000611780945
-0.003790673327331158
-0.003744649584917714
-0.003535051336550517
-0.003769635512886377
-0.002829919507772201
-0.003529501166958676
0
-0.003438126503069864
-0.003160191164678152
-0.003920083125234108
-0.003827567210850774
-0.003382214169512847
-0.003520480616731229
-0.003414242261362336
-0.003703082179000215
-0.004199092215489929
-0.003881613305601023
-0.003966403635467501
-0.003071743907497064
-0.003518386287764985
-0.003347559336494041
-0.003133509301824037
0
-0.003421866475848743
0
-0.003482914993532575
0
-0.003148418817959635
0
-0.003285541964315387
-0.003521127438885846
-0.001928194902957107
-0.003401382669954165
-0.001280933225999826
-0.00405317254336397
0
-0.003080060069629814
-0.002832641709032309
-0.003630551668876185
-0.003387110384154836
-0.001919738680473686
-0.003107138794188795
-0.003166379528422744
-0.002067612063779415
-0.001007743125833363
-0.0002669508899493717
-0.0006770861800659627
-0.000214274577864802
-0.003023055224083866
0
-0.004637554006776163
0
-0.004288840815224315
-0.002798080904268354
-0.00154796018804378
-0.002887002239858796
-0.003408383203860162
-0.003027165127850762
-0.001210830927685028
0.0002255199329534742
0.000200992543652739
0
0.001501043097940085
6.336974841074597e-05
-0.001523324112306519
-0.001883461386575912
-0.002369082785085152
-0.001735055702377131
6.774695761878659e-05
-0.002122206356758873
-0.002065433043147264
-0.0001717960279355571
-0.0001682056657798544
-0.002790862283554647
-0.000706289239362675
-7.583838934843286e-05
-0.0005203834884312265
0
-4.429860765245943e-05
0.001059740429342815
0
0.001185436038399344
0.0007857666919379616
-0.0039896971931632
-0.003835358400873665
-0.0036627683671761
-0.003879858126752043
-0.003804283805174489
-0.003715448146825546
-0.003772622851375149
-0.002860803163329262
-0.001876538016686682
-0.002633804864433264
-0.003713665185335624
-0.001239554448440702
-0.002277776648823135
-0.0006463813637137794
0.0005433097381319456
-0.001147402610461466
0.001031793390942183
-0.001663858253241513
-0.002350546811430241
4.190065529314939e-06
-0.0002392679771954176
-2.597715174223386e-05
-6.451416486061533e-05
-0.0003627272132305311
-0.0002064686950748383
9.754935597667608e-05
-4.492670078655582e-05
0
-1.638313479042145e-05
0
-0.0002001573970261676
-0.0002737058271174816
0.0001256460030409309
0
-0.0002265822960885512
0.0002286630052592424
-0.0001172576669404847
-0.0004730885174849243
0.0007602146382594824
3.043706924116393e-05
0.001155690204617453
7.889831416669244e-06
0.000644261028429918
-1.704282278489652e-05
-7.557448734908487e-05
3.71804037472049e-05
0.0002484986324447408
0.000318277881965104
0.0009911153708085936
0
0.0005260575725197677
0
0.0006813039505319129
0
0.0008487455937609443
0.001479737487459879
0.0008576518417458439
0.001119719075710329
7.910687197760428e-05
0.0009564594316521394
0.001015252593717128
0
0
