0
0
0
0
0
0
0
0
0
-0.002686756614670928
-0.003203568837101852
-0.002341139836774813
0
-0.003779828429182887
-0.002390131332123111
-2.008148538862274e-05
-1.553480317209334e-06
-0.0001729373323185903
0
-0.001604344408062921
-0.00160836685972606
-0.002472994411445389
-0.002865467550303107
-0.002480218996266422
-0.003181309267398662
-0.002553594192678034
-0.001448340504967265
-0.002399641073407429
-0.002001400590041442
-0.002030948978806125
0.0004383380525255483
-0.002886401351360433
-0.001921678379979118
-0.002726486753853201
-0.002646768186793412
-0.0009622186618483461
-1.00833026720036e-05
0
0
-0.002924077276709419
-0.0001993823868228215
-0.002499736208379062
-0.003371811192842411
-0.002905163578298886
-0.0006341505165644621
-9.05863200974959e-05
-0.001123463190120692
-0.001007300523739202
-0.001603216703343474
0
-0.000745418378298305
-0.00243044344004733
-0.002036027289475184
-0.002955763539817645
-0.002819613353371704
-0.00353397418568054
-0.002660908192113452
-0.003134287274030581
0
0
-0.003440008075575082
-0.003333763215078081
-0.0007133323837521338
-0.001643719559816289
-0.0005180747825539476
-0.0004380675467550998
0.0002823778692470604
0.001625211237438976
0
0.0007593181909084709
-0.002297396301408696
-0.002182301733809916
0
-0.002447599422755757
-0.003883417473245094
-0.002560649831173725
-0.003165465240703861
0
-2.264220693383642e-05
0.0007998026246529574
5.562377797929564e-05
0
0.0007681423569556101
-2.628573005995005e-05
0.0004246454176148858
0.0009424892822420296
0.0001905720828802864
0.001215300794202931
0.00112097346142201
0
0
0.001243971992228326
0.0005738819124033707
8.970789481056902e-05
0.001190284051383441
-0.002525020464515818
-0.003764302803115526
0.0009847649994818926
0.0007822031463020525
0
0.001249944843219462
-0.003652227554339774
0
-0.001729814315638301
0
-1.249228985463923e-05
-0.002220286016367262
0
0
-0.002487898896365844
-9.333549065543029e-05
-0.002138134969245293
-0.001475190906947693
-0.001115975120442764
-0.003116101648606574
0
-0.00390937824349138
-0.00357623240712232
-0.004331103453350681
-0.003060059294677896
-0.00289455127997061
-0.003450362420999518
-0.003107248704030956
-0.003203661360061194
-0.003658082186305089
-0.003792569027101515
-0.003879258853400415
-0.003896944185218412
-0.003832710420604428
-0.003886547768872153
-0.003676738594705185
-0.003663761026272075
-0.003816499817268133
-0.003452935080015642
-0.003481160375930985
-0.00387550239668235
-0.003755663148916508
-0.003605029082359404
-0.003974622576144691
-0.00367483378185778
-0.003726973676498809
-0.003807476054124588
-0.003856091608800616
-0.003879775822349615
-0.003819334917320309
0
-0.003971207115331255
-0.002714412422651518
-0.003479859766809747
-0.002600311418414541
-0.002182628903701207
-0.003837390530677333
-0.003592802230865457
-0.003767452396629574
-0.003480671275320313
-0.003748257765975136
-0.003696795604739566
0
-0.003976104877474391
-0.003457987156902965
-0.003716874059634383
-0.003741621867361209
-0.003601447628168751
-0.003807261264884088
-0.003804561342094773
-0.003865409910156516
-0.003850698396066905
-0.003591006409519026
-0.003847734676078747
-0.003698074553809719
-0.003718199532695377
-0.003874371365691288
-0.003723327680079441
-0.003793582961349353
-0.003017599546286594
0
-0.003852537482193
-0.003872123280046737
-0.003782671898881483
-0.003620748720048614
-0.003536828755034768
-0.003753899646060857
0
-0.00392658195052691
-0.003704927906868857
-0.003669689884833927
-0.00357785498489498
-0.003264618499235979
-0.002768815801596305
0
-0.00388278168898159
-0.003537041373959076
0
0
-0.003848487836772148
-0.003868668920705858
-0.003795171425761924
-0.003750206798273978
-0.003536690737128202
-0.003772964680151761
-0.002837666545723914
-0.003531976046205621
0
-0.003442906343819275
-0.003164898999387594
-0.003922077409151349
-0.003835954780146851
-0.003387931045654067
-0.003524185197273929
-0.003421087199742671
-0.003704707602670764
-0.004190726117098217
-0.003876187695504501
-0.00396607292615126
-0.003078193675459166
-0.003521722951297285
-0.003352549089101251
-0.003140289279022991
0
-0.003426578045494661
0
-0.003487432616779103
0
-0.003148433001904448
0
-0.003300158801857565
-0.003527770592100723
-0.001937746717980092
-0.003406958419462626
-0.001287062311296986
-0.004061981978339643
0
-0.003087748997161589
-0.002839511887645413
-0.003634312878339048
-0.003390921830575079
-0.001935717643089233
-0.003113496018652925
-0.003171579265168218
-0.002080593098680123
-0.001024523942569304
-0.0002666700668642216
-0.000711844242227524
-0.000214272740954979
-0.003028945068763923
0
-0.004632840664215284
0
-0.004278260792948762
-0.002805453655519167
-0.001553309411535379
-0.002886155479462838
-0.003413790710795692
-0.003033555899480595
-0.001217587073511965
0.0002210406934427092
0.0002006832025958546
0
0.001500949200098647
6.337043974194632e-05
-0.001523196714150877
-0.001890215171134547
-0.002378387516683545
-0.001746199225168998
5.917246181127638e-05
-0.002129162333695267
-0.002071615592983864
-0.0001712095662377132
-0.0001707700475998362
-0.002798594758818695
-0.0007062687620673316
-7.295718579664268e-05
-0.0005203812744295083
0
-4.754518312674471e-05
0.001064822622417314
0
0.001190660663960367
0.0007806234728278328
-0.003992325253526618
-0.003840464000728186
-0.00367018797905337
-0.0038770089721171
-0.003811292112682523
-0.003715441630650251
-0.003771165716972881
-0.002859412228628161
-0.001878308417725625
-0.002629227071998935
-0.003722341353119515
-0.001244940548883022
-0.002285879305547561
-0.000660251072939244
0.0005359986702894165
-0.001147388959517858
0.000987893901194632
-0.001671816670851398
-0.002358672876849509
4.315482366697426e-06
-0.0002417963832257432
-2.596917485604906e-05
-6.320529293518029e-05
-0.0003660637509275375
-0.0002063318471109169
9.539133732971595e-05
-4.472809742147618e-05
0
-1.607401350820819e-05
0
-0.0002001766674015812
-0.0002725596951772203
0.0001241350928182645
0
-0.0002290642911138095
0.0002252246262106059
-0.0001183106516079152
-0.0004729156327169788
0.0007609935416443078
2.996965313454582e-05
0.001153912459739213
8.089092620723628e-06
0.0006422424209425589
-1.730290506343759e-05
-7.592947746494731e-05
3.583563367796042e-05
0.0002478028432675775
0.0003182668338639929
0.0009893782954461096
0
0.000524524997337212
0
0.0006788304506098032
0
0.0008474042870499466
0.001478346073747284
0.0008500304659539248
0.001118109561338313
7.651114087104183e-05
0.0009560993937450676
0.001014605703963008
0
0
