0
0
0
0
0
0
0
0
0
-0.002683357162201834
-0.003203368935762922
-0.00234097793294968
0
-0.003776285989656192
-0.002381193593855024
-2.006958609750424e-05
1.096233435810191e-06
-0.0001711499756878737
0
-0.001600537894232107
-0.001607925194488225
-0.002471220123243544
-0.002865465955993745
-0.00247901987726085
-0.003176243408194784
-0.002554369040533585
-0.001448329897099555
-0.002398188579975841
-0.002000553827793935
-0.002030180400975668
0.0004380483068342239
-0.002882490458670841
-0.001920453743234147
-0.002723339131001808
-0.002643227710433571
-0.0009622327528669843
-1.008590165369093e-05
0
0
-0.002920037610237256
-0.0001991878474406729
-0.002497172568718147
-0.003366470205757682
-0.002901008629052093
-0.0006337546716684064
-8.963114178483737e-05
-0.001122577915930926
-0.001006869584294773
-0.001601967879026269
0
-0.0007437381022587177
-0.002427722816664939
-0.002033527823215789
-0.002951340456286098
-0.002815365249716404
-0.003528676053931808
-0.002657027334185123
-0.003129293872297107
0
0
-0.003434478164636432
-0.003328505163471537
-0.0007122057237963486
-0.001641479851310315
-0.0005180747725904627
-0.0004381606302149531
0.0002823115046049266
0.001625231146547681
0
0.0007593795230375357
-0.002294615307005205
-0.002178671619968891
0
-0.002444870991968434
-0.003875830854784053
-0.002555846252125119
-0.0031600333429442
0
-2.260393131264123e-05
0.0008005308968463255
5.424269384595905e-05
0
0.0007675130907619765
-2.635413703723047e-05
0.0004245911285786551
0.0009423204017906843
0.0001944245724865848
0.00121508032135355
0.001120762012997313
0
0
0.00124382955600305
0.000573788617229229
8.94317342095588e-05
0.001190101611001839
-0.002523930503198865
-0.00375949450053508
0.0009845991569147684
0.0007823159294898523
0
0.001250027243777378
-0.003647215200803057
0
-0.001726422957548808
0
-1.218271348374439e-05
-0.002217503028688219
0
0
-0.002485396310811773
-9.331266098830157e-05
-0.002130221800901141
-0.001473351862560358
-0.001111706048219207
-0.003113058854425028
0
-0.003903186020212876
-0.003567425096024356
-0.004331145396536441
-0.00305283562415722
-0.002889899827599145
-0.003443505753377605
-0.003101993106348082
-0.003196912423141421
-0.00365035799036316
-0.003786160595854455
-0.003873120061830138
-0.00389104890013571
-0.003825939007293246
-0.003880603202540047
-0.003670641918382316
-0.003657168267914659
-0.003810107834388521
-0.003446934497355774
-0.00347552045562634
-0.003868731616679971
-0.003750149062040996
-0.003599656378255657
-0.003969145136627859
-0.003669121061526069
-0.00372185184093156
-0.003801484985806393
-0.003850264571082497
-0.003873211502830543
-0.003814154293677293
0
-0.003966670966811121
-0.00270653496868497
-0.003471474775225319
-0.002595802485858606
-0.002178297762842634
-0.003831160962866942
-0.00358672514767434
-0.003761666659379372
-0.003481294272765256
-0.00374224152077693
-0.00368910037411824
0
-0.003971329761493899
-0.003455512143207327
-0.003710809221798379
-0.00373544999387977
-0.003596715386320411
-0.003800698551123405
-0.003797861875171467
-0.003858656199539565
-0.003844322908772075
-0.003586685109800658
-0.0038405440543174
-0.003692245705653212
-0.003712105199412615
-0.003866902664134933
-0.003718032003359693
-0.003786544240053946
-0.00301658411503127
0
-0.003846792281127429
-0.003866504597977934
-0.003778763719822035
-0.003615585856022121
-0.003531672654324347
-0.003749548454351597
0
-0.003920069466763656
-0.003702601988308987
-0.003660934202761808
-0.00357310781453813
-0.003260544119605626
-0.002766856497131914
0
-0.003874352105748324
-0.003539066449102016
0
0
-0.003841125373009414
-0.003862213355413916
-0.003790072403127612
-0.003745737142405586
-0.003534722191940234
-0.003769564894336555
-0.002836527337309043
-0.003531275098810994
0
-0.003440226012551236
-0.003168437620169955
-0.003911927552014608
-0.003829907296936994
-0.003385495694154229
-0.003522957187983279
-0.003426801395096725
-0.003710171129637477
-0.00415858286528871
-0.003855379690558313
-0.003964837149779193
-0.003076537672505495
-0.00352044629395976
-0.00335021810063334
-0.003138113040886456
0
-0.003424361354583808
0
-0.003485923287559525
0
-0.003149531508904544
0
-0.003297392829523797
-0.003525347978543851
-0.001936281249576741
-0.003404500080859188
-0.001286822318445049
-0.004059048813076132
0
-0.00308530943990921
-0.002838003398005548
-0.003630101402058694
-0.003389060931660949
-0.001935515807200275
-0.003111580129915575
-0.003169060662448822
-0.002080034876348906
-0.001024588892005972
-0.0002656358040661086
-0.0007116750380800078
-0.0002142652418747609
-0.003027961848686157
0
-0.004615029548658277
0
-0.004242684747765862
-0.002804109531938962
-0.001552869586396446
-0.00288304913618405
-0.003411281377856742
-0.003031685477861168
-0.001217201010610204
0.0002211142334445067
0.0002015318585178361
0
0.001500598534604663
6.338031391894362e-05
-0.001522728167863159
-0.001889584981517153
-0.002377720622892595
-0.001745787203771425
5.963897377205784e-05
-0.00212783363557498
-0.002070692688604024
-0.0001690475268440329
-0.0001707272027985699
-0.00279819719449183
-0.0007061915994037375
-7.22178151332005e-05
-0.0005203733453367009
0
-4.790093909808444e-05
0.001064592370866116
0
0.001190663227381132
0.0007813995561180385
-0.004002614816313052
-0.003835102733849874
-0.003661617638090636
-0.003866004950345802
-0.003805138514720313
-0.003715457025268744
-0.003767353262153068
-0.002854371168583834
-0.001876189770664905
-0.002625396982870619
-0.003718207483136749
-0.001244280135833086
-0.002284211512708576
-0.0006593936441933848
0.0005365593974150691
-0.001147337305638754
0.0009906973364438992
-0.001671434427799952
-0.002357858424003142
4.293248136416584e-06
-0.0002420039394828313
-2.593970854807608e-05
-6.31437800915024e-05
-0.0003661902306746652
-0.0002058137799135285
9.536002531355654e-05
-4.472642059823216e-05
0
-1.609199761536981e-05
0
-0.0002002498133649421
-0.0002725696612070416
0.0001241499038665127
0
-0.0002292454587490423
0.0002252500809587658
-0.0001181812591769934
-0.0004722795452608823
0.000763902698819419
2.990028302102957e-05
0.001153857876701657
8.040198829533022e-06
0.0006424675773851452
-1.727639576822863e-05
-7.61626289582743e-05
3.601523603776729e-05
0.0002482195548312203
0.0003182246890779099
0.0009892619900385791
0
0.0005249692509757698
0
0.0006789010496926456
0
0.0008476641010958063
0.001478182941286542
0.0008500290776775778
0.001118169136740662
7.671765238820691e-05
0.0009558051268088823
0.001014890412552401
0
0
