0
0
0
0
0
0
0
0
0
-0.002685552725718726
-0.003203503620631311
-0.002341086017698244
0
-0.003778639431521493
-0.00238712150251178
-2.00729685990986e-05
-6.495673944218233e-07
-0.0001723129598329558
0
-0.001603021657919282
-0.00160821467270856
-0.002472379753550035
-0.002865467048171162
-0.002479796212090105
-0.003179565661550927
-0.002553859218106411
-0.001448337034088048
-0.00239912971298727
-0.002001099705077021
-0.002030675791313381
0.0004382406794549386
-0.00288503528154641
-0.001921245950940282
-0.002725382455132281
-0.002645553227353631
-0.0009622234580163817
-1.008420672331306e-05
0
0
-0.002922678105646464
-0.0001993173617064503
-0.002498839434383699
-0.003369999620595421
-0.002903734364437281
-0.0006340173701808662
-9.026509463221486e-05
-0.00112316738681388
-0.001007149525407804
-0.001602775909470771
0
-0.0007448515364161142
-0.002429501099328814
-0.00203516829913457
-0.00295425983101355
-0.002818179963566649
-0.003532202163978701
-0.002659587975346027
-0.003132607739219914
0
0
-0.003438195629789713
-0.003331992320295789
-0.00071294366989835
-0.001642957644101722
-0.0005180747805246882
-0.0004380990737250628
0.0002823488721795503
0.001625217234537108
0
0.0007593373024273895
-0.002296444914177614
-0.002180991354942806
0
-0.002446631525194489
-0.003880888097346577
-0.002559051128409494
-0.003163634911330075
0
-2.263528751850944e-05
0.0008000408619510778
5.515863096023846e-05
0
0.0007679268662594765
-2.630867083158345e-05
0.0004246203921102783
0.0009424221542616655
0.0001918645479400409
0.001215217236416551
0.001120910219804075
0
0
0.001243919966533944
0.0005738482718741949
8.961419658568314e-05
0.001190214395615841
-0.002524637353057147
-0.003762711070969709
0.0009847024162897148
0.0007822354610403905
0
0.001249966921565285
-0.003650542968472895
0
-0.001728617113305625
0
-1.237463451732561e-05
-0.002219302285489102
0
0
-0.00248705155876656
-9.332755786766287e-05
-0.002135429906622715
-0.001474488362595685
-0.001114515863597577
-0.00311500143387029
0
-0.003907336645008254
-0.003573293203671045
-0.004331134132158154
-0.003057534063659571
-0.002892898890860657
-0.003447963985592262
-0.003105406189121208
-0.003201291821051848
-0.003655460753994772
-0.00379039293379134
-0.003877242000849649
-0.00389501563350441
-0.003830447706908191
-0.003884602332467656
-0.00367463473898057
-0.003661480453873865
-0.003814292322792459
-0.003450857398788154
-0.003479227596371692
-0.003873284300479414
-0.00375380295300363
-0.003603207215346931
-0.0039731223814229
-0.003672878333051405
-0.003725255820995045
-0.003805420907027139
-0.00385417794411961
-0.003877627869724628
-0.003817627447543698
0
-0.003969723640552758
-0.002711689329520339
-0.003477016297694899
-0.002598688126366773
-0.002181074783285962
-0.003835299295507999
-0.003590820713429172
-0.00376549392830974
-0.003480862935988623
-0.00374622522478179
-0.003694217827117178
0
-0.003974408729916062
-0.003457045921784604
-0.003714790807590579
-0.00373951393562448
-0.003599788129135098
-0.003805031752516574
-0.003802292268196796
-0.00386315372621097
-0.003848548764332672
-0.003589470593579216
-0.00384532338716979
-0.003696040182389754
-0.00371610749592313
-0.003871881534624969
-0.003721548180945573
-0.003791204910279436
-0.003017159869938051
0
-0.003850644993244362
-0.003870271718489809
-0.003781424216138258
-0.003619046877666572
-0.00353514652298151
-0.003752452793910014
0
-0.003924423616994095
-0.003704197104364816
-0.003666755353395089
-0.003576193740430577
-0.003262961892446632
-0.002767723808177984
0
-0.00387995227557104
-0.003537739253211662
0
0
-0.003846038417506691
-0.003866535583858406
-0.003793503867396248
-0.00374875072680921
-0.003535961404230224
-0.003771866483174163
-0.002837233816634889
-0.003531711966655336
0
-0.003441977442190795
-0.003166090005247511
-0.003918647768036713
-0.003833946512074866
-0.003387060200384741
-0.003523776927547571
-0.003423018671199195
-0.003706438782575923
-0.004179735646794281
-0.00386932570186958
-0.003965664826995955
-0.003077603245595913
-0.003521294561452234
-0.003351742467951756
-0.003139543511933767
0
-0.003425812995419287
0
-0.003486913360804483
0
-0.003148827745194573
0
-0.00329910582659959
-0.00352692068564988
-0.001937241984252606
-0.00340609986131746
-0.001286998027537667
-0.004060939723587407
0
-0.003086891521344505
-0.00283900188793668
-0.003632830872090748
-0.003390204241675442
-0.00193534669755986
-0.003112644304398936
-0.003170497437413618
-0.002079971689519403
-0.001023953332367867
-0.0002663214470952258
-0.0007114219926469898
-0.000214270367912657
-0.003028441409468956
0
-0.004626877548987982
0
-0.004266039438164481
-0.002804991973505271
-0.00155318294239737
-0.002885110249428239
-0.003412924072624639
-0.003032921743341731
-0.001217417027850804
0.0002210948111395953
0.0002010603576414649
0
0.001500830835045454
6.337079012898757e-05
-0.00152303929154061
-0.001890018421789147
-0.002378083123096425
-0.001745911687557647
5.933102584957611e-05
-0.002128715635162715
-0.002071318733616303
-0.0001704815094283484
-0.0001707584762936212
-0.002798311864137366
-0.0007062430725527088
-7.272511370998178e-05
-0.0005203787121483756
0
-4.765813033433576e-05
0.001064717681217506
0
0.001190653426447085
0.000780904926543153
-0.003995840086802937
-0.003838671724672238
-0.003667264005022755
-0.003873459706298862
-0.003809191041554396
-0.003715446553436819
-0.003769613727582782
-0.002857724175523196
-0.00187684154968976
-0.002627114005764489
-0.00372099806084645
-0.001244700152042926
-0.00228530896592131
-0.0006599418493658492
0.0005361985539421186
-0.001147371777798192
0.0009889501601501002
-0.001671670069061007
-0.002358386035659892
4.302156425031396e-06
-0.0002418963692539011
-2.595907919560391e-05
-6.318525789408135e-05
-0.0003661433489911816
-0.0002061576646209174
9.53947011652739e-05
-4.473367684958885e-05
0
-1.608633274164275e-05
0
-0.0002002009951099336
-0.0002725579262196374
0.0001241351938227937
0
-0.0002291632540377755
0.0002252345392423
-0.000118274413860063
-0.0004727014343994053
0.0007619674088789142
2.993729906808433e-05
0.001153884689824015
8.063800808612829e-06
0.0006423153138240302
-1.729899355803015e-05
-7.602368104672181e-05
3.589883299107766e-05
0.0002479396215462076
0.0003182528183606132
0.0009893203609183665
0
0.0005246574725545083
0
0.0006788489636226848
0
0.0008474778032396309
0.001478292205698785
0.0008500563670845435
0.0011181205331033
7.658089750772975e-05
0.0009559917469580047
0.001014689621882548
0
0
