0
0
0
0
0
0
0
0
0
-0.002673198292533161
-0.003203615170744917
-0.002341178510780502
0
-0.003780680659051273
-0.002392295146154771
-1.984884434080149e-05
-3.266465942980648e-06
-0.0001709796757969925
0
-0.001597524948322626
-0.001608337654089136
-0.002467107449919645
-0.002865467839905675
-0.002473781144995443
-0.003160948478436348
-0.002552789701725421
-0.001448342939839175
-0.00239184414781344
-0.001995360608283198
-0.002027076998207928
0.0004384077076591008
-0.002870356639056915
-0.001914467392946912
-0.002713032803861345
-0.002629187692725633
-0.0009622152275595998
-1.008263608316136e-05
0
0
-0.002906548501848604
-0.0001994290589695025
-0.002487341653245301
-0.003347050332579767
-0.002885836203514056
-0.0006342466213478152
-9.081669283079556e-05
-0.001123675525459521
-0.001005908080333793
-0.001597166758222275
0
-0.0007458261204115861
-0.002417133293261084
-0.002026625714591658
-0.00293513868822789
-0.002808612480570191
-0.003503439633516535
-0.002648667317195838
-0.003117404123056176
0
0
-0.003433607325328337
-0.003303752096627606
-0.000710303883227451
-0.001637573157940545
-0.0005180748809581258
-0.0004380442778577489
0.0002820829136456002
0.001625206587751769
0
0.000759392962008228
-0.002292073352320719
-0.002171020120374901
0
-0.002436796364991914
-0.003884757886694327
-0.002553654135022909
-0.00316678273256607
0
-2.276775145869726e-05
0.0007992939823023734
5.595828866077985e-05
0
0.0007679786583788274
-2.626923539714776e-05
0.0004240926854040329
0.0009417807624056085
0.0001896477337789889
0.001214904178263693
0.001122573058802558
0
0
0.001244094924567794
0.0005744386671232336
9.007556813358297e-05
0.001189818977713702
-0.00251925058003632
-0.003766629934562108
0.0009843763923357352
0.0007817084582957476
0
0.001250791052989411
-0.003641254787388143
0
-0.001721610402649921
0
-1.136513524220198e-05
-0.002211117403407932
0
0
-0.002485625657775236
-9.334050984525024e-05
-0.002132158153393062
-0.001467754313953167
-0.001113093968341823
-0.003116841695363491
0
-0.003909791284584439
-0.003576226853995548
-0.004331098118972614
-0.00305386554863696
-0.00287837907307903
-0.00344715159240614
-0.00309098814743055
-0.003196810194178911
-0.003658246156938971
-0.003792258833318833
-0.003879728255495669
-0.00389764791578406
-0.003834379843515782
-0.003887475493925293
-0.003677664105299887
-0.00366443022020748
-0.00381854883261898
-0.003445127277283361
-0.00346910842573133
-0.003876169877222508
-0.00375913656685345
-0.00359398785069912
-0.003975707870270084
-0.003675655423358669
-0.003731267516974749
-0.00380983437862019
-0.003857329733406365
-0.003880906865577636
-0.003821034341525484
0
-0.003972403276828791
-0.002708747081468924
-0.003478557437495601
-0.002586612568774739
-0.002173069779073526
-0.003837622760465327
-0.003593858918374046
-0.003767093321275225
-0.003480535635875727
-0.003747946466707918
-0.003696891188527918
0
-0.003975705326608935
-0.003462717792727694
-0.003716846300516655
-0.00374132532503388
-0.003601053584754306
-0.003807216884160351
-0.003804679445420209
-0.003865964834693439
-0.003851306963473994
-0.003592205307944026
-0.003848337766871985
-0.00369827107783668
-0.003718152626155518
-0.003875281187641508
-0.003723890231479026
-0.003793692407187829
-0.003024314998882359
0
-0.00385404402470821
-0.003873622418892936
-0.003783988367908081
-0.003623346794129434
-0.0035362144893375
-0.003755628990382008
0
-0.003926478912298091
-0.003707369435769467
-0.003671793896906701
-0.003577285932672783
-0.003266918325409174
-0.002774489474324266
0
-0.00388449563981768
-0.00354264102769287
0
0
-0.003849467267774076
-0.003870560825633621
-0.003796511158235348
-0.003750958633310568
-0.003542852196692451
-0.003775455275791553
-0.002843746818220316
-0.003537745706626688
0
-0.00344756137447607
-0.00316871263135733
-0.003923215364712059
-0.003832613921059916
-0.003392529734780937
-0.003528431512942104
-0.003424434140529597
-0.003703231915063608
-0.004198309702146754
-0.00388101777827397
-0.003966366275901495
-0.003084047036140214
-0.003526621080572982
-0.003357504387510239
-0.003143186534100425
0
-0.003430724099607582
0
-0.003490181340589606
0
-0.003154453338153123
0
-0.003291788040931969
-0.003528631865618446
-0.001938460916371741
-0.003409184709935958
-0.001290312139246368
-0.004061538925295769
0
-0.003089057382166618
-0.002844386165410598
-0.003637097723124198
-0.00339636385653211
-0.001942915022756666
-0.003117493754036656
-0.00317477429491813
-0.002088640234689821
-0.001035500846248417
-0.0002669190335160528
-0.000718977738951831
-0.0002142742506972453
-0.003034933506460911
0
-0.004637087447238035
0
-0.004287521508472826
-0.002810766025651393
-0.001556444278648883
-0.002886908993601825
-0.003416692727875086
-0.00303772346062584
-0.001220881999260384
0.0002211294392953601
0.0002005436541460613
0
0.001501032457399242
6.336994701704384e-05
-0.001523309420122052
-0.001894353759859549
-0.002384120473619606
-0.001751355700120311
5.9496870817889e-05
-0.002131026233242916
-0.00207484986988069
-0.0001717317310607074
-0.0001704025509831895
-0.002805714892422846
-0.0007062862300534158
-7.344810899571778e-05
-0.0005203832596984054
0
-4.700480051395874e-05
0.00106439506686949
0
0.001190140774846808
0.0007822119942465776
-0.003989955114000397
-0.003840860155663155
-0.003669988324996007
-0.003879529904762756
-0.003810658822607663
-0.003715441521431648
-0.00377248491925084
-0.002860612139475051
-0.00188655884213313
-0.002633312009548641
-0.003718824725600926
-0.001244758209352314
-0.002286455994650134
-0.0006591937671045235
0.0005372733008983971
-0.001147401163443693
0.0009938183239361746
-0.001676146194180074
-0.002363889335520744
4.432172049637449e-06
-0.0002427674494616544
-2.59759888608165e-05
-6.334791111744886e-05
-0.0003668523047836456
-0.0002064510661008813
9.548731087086306e-05
-4.490801000673221e-05
0
-1.599351052578416e-05
0
-0.0002001593798540833
-0.0002726019374099965
0.0001240214387489922
0
-0.0002298012925905858
0.0002250679729313808
-0.0001182082377728695
-0.0004730694002552517
0.0007602992794463548
3.019139629925166e-05
0.001153644480166638
8.186324776047413e-06
0.0006420428121319819
-1.717494825371128e-05
-7.557941088926779e-05
3.574294435427928e-05
0.0002476439771823034
0.0003182765545709836
0.0009895462359684316
0
0.0005243685077299611
0
0.0006786014033390407
0
0.0008471540275847348
0.001478194136167867
0.0008499895229725561
0.001117861612701137
7.638949700659429e-05
0.0009560516310172836
0.001014383778884343
0
0
