0
0
0
0
0
0
0
0
0
-0.002688224577979933
-0.00320358982210095
-0.002341157401442947
0
-0.003780219436202323
-0.002391123469140494
-2.009438089738131e-05
-1.817645892700587e-06
-0.0001732263733624347
0
-0.001605473549612237
-0.001608413903371462
-0.002473506019408796
-0.002865467712516997
-0.002480574628247755
-0.003183866917606414
-0.002553507459248834
-0.001448341624951183
-0.002400061088289816
-0.002001589641910952
-0.002031170607348171
0.0004383701064328414
-0.002888014432564421
-0.001921936661033388
-0.002727639154532046
-0.002647589822244368
-0.000962217067824051
-1.008299758351957e-05
0
0
-0.002925619815876496
-0.0001994037707053376
-0.002500533363560623
-0.003374444514082374
-0.0029066712105442
-0.0006341943564638695
-9.069211125101332e-05
-0.001123560089360521
-0.001007367618320464
-0.001603429744668963
0
-0.0007456054822931724
-0.00243108493393811
-0.002036474498615768
-0.002956657876400063
-0.002819982661617013
-0.003534223166264967
-0.002661569644585216
-0.003134620295381477
0
0
-0.003439928265968169
-0.003334065861447862
-0.0007134703080871448
-0.001644037035431222
-0.0005180747808359162
-0.0004380571979339306
0.0002823951044105434
0.001625209350792977
0
0.0007593128202950777
-0.002298066985069811
-0.00218408274714943
0
-0.00244867762174427
-0.003884177494465674
-0.002561005078522275
-0.003166068809723479
0
-2.263908175937016e-05
0.0007997232434001729
5.577710611956422e-05
0
0.0007682004302755496
-2.627819202626687e-05
0.0004246639923615144
0.0009425155398340826
0.0001901470980865452
0.001215321652231723
0.001120906724561105
0
0
0.001243959082668962
0.0005738704105237291
8.972450647348904e-05
0.001190303606792583
-0.002525370532807894
-0.00376470588662087
0.0009847826515164337
0.0007821951605238462
0
0.00124990603926303
-0.003652663201421184
0
-0.001731049810215376
0
-1.265007512722904e-05
-0.002221322233238114
0
0
-0.002488490231272786
-9.333825186567744e-05
-0.002140020851595445
-0.001476378114817183
-0.00111689067655454
-0.0031164618702016
0
-0.003910036161753445
-0.003577339359484163
-0.004331087494640225
-0.003063099626120053
-0.002897238236927784
-0.003454474696672281
-0.003110460947037803
-0.003207324088350361
-0.003659759593511844
-0.00379326510221129
-0.003879869276662259
-0.00389755929382327
-0.003833876115065386
-0.003887171335985824
-0.003681383040278884
-0.003667427201200047
-0.003817841467321307
-0.003457340069143023
-0.003485502978937305
-0.003876193593407094
-0.003759459834277671
-0.003609764900216238
-0.003975104547299655
-0.003680159117854686
-0.003730263218475878
-0.003809163926646705
-0.00385660316822887
-0.003880457815158643
-0.003819915711088299
0
-0.003971660924630493
-0.002716736430481259
-0.003481536504797318
-0.002602773494699162
-0.002184570676659984
-0.003838080319177789
-0.003593478294288718
-0.003768076261359278
-0.003480611047494462
-0.003748860039996471
-0.003697608789921719
0
-0.003976726086065401
-0.003458571795406433
-0.003717569246352282
-0.003742305300813371
-0.003602035488001387
-0.003807971223989892
-0.00380529004144379
-0.003866120887320489
-0.003851384565318417
-0.003591625840369594
-0.003848511334932588
-0.003698784968226576
-0.003718903189612686
-0.003875176331733847
-0.003723923546667294
-0.003794345774730613
-0.00301812283464885
0
-0.003853208972076856
-0.003872694092094482
-0.003783157729873285
-0.003621572526410103
-0.003537668928310699
-0.003754516904294433
0
-0.003927506644155822
-0.003705245719244103
-0.003670653610082095
-0.003578442615082041
-0.003265604196807586
-0.002769949860019646
0
-0.003883598208640605
-0.003537039090109243
0
0
-0.003849274771610907
-0.003869307883656489
-0.003795791889716326
-0.003750715051079013
-0.003537199960423014
-0.003773283624632554
-0.002838113082114378
-0.003532301108582698
0
-0.003443397280956572
-0.003164645818188051
-0.003923211223949417
-0.003836566527074555
-0.003388436166959864
-0.003524475476890803
-0.003420597541377516
-0.003704152980589154
-0.00419438919004215
-0.003878420039543697
-0.003966205894568073
-0.003078643712149716
-0.003522045199695407
-0.00335300760684563
-0.003140662799911833
0
-0.003426994420849762
0
-0.003487720533439034
0
-0.003148459434587434
0
-0.003300428910259106
-0.003528132694103851
-0.001938019251889285
-0.003407355925578765
-0.001287232274546432
-0.004062391511369321
0
-0.003088140720423726
-0.002839869949960393
-0.003634946989831514
-0.003391446987967118
-0.001936624931408089
-0.003114194967287767
-0.003172338560179617
-0.002081755949874105
-0.001026058156221858
-0.0002667849192729152
-0.0007130450859953491
-0.0002142734620365602
-0.003029560278830566
0
-0.004634798931555925
0
-0.004282302484828536
-0.002805824733420965
-0.001553480038872269
-0.002886500328785854
-0.00341420486743592
-0.003033926122649553
-0.001217862341300913
0.0002210005599432035
0.0002000809657224306
0
0.001500988038918083
6.337057854652495e-05
-0.001523248586255964
-0.001890451749212974
-0.002378845643836889
-0.00174675332883962
5.912475541151798e-05
-0.002129416041023669
-0.002071850024938759
-0.0001714495875651892
-0.000170774960381832
-0.002799168611598994
-0.000706277043231246
-7.296861794807152e-05
-0.0005203821015570001
0
-4.753884117542707e-05
0.001064972825673175
0
0.001190659768827193
0.0007803692344025004
-0.003991199058944087
-0.003841058372695165
-0.003671146719321458
-0.003878149959236601
-0.00381196483120748
-0.00371544129516357
-0.003771694699831771
-0.002859966815096767
-0.001880098518477842
-0.002631115213773208
-0.003722738899875368
-0.001245086852148591
-0.002286142105528087
-0.0006604720523827644
0.0005359324861388165
-0.001147394575210934
0.0009872361824816288
-0.001672096965981646
-0.002359007547048625
4.333402847576468e-06
-0.0002418064120444778
-2.597245660858822e-05
-6.321253679483774e-05
-0.0003660888016715289
-0.0002063886478465616
9.537490670360109e-05
-4.473626753892267e-05
0
-1.605252517208788e-05
0
-0.0002001687009379562
-0.0002725664521177156
0.0001241611172905814
0
-0.0002290696279235386
0.000225241430294912
-0.0001182970890580735
-0.0004729862475764575
0.0007606739528301115
3.001036155266446e-05
0.001153974866377931
8.124137676399039e-06
0.0006422474760738929
-1.728439028284344e-05
-7.585205837329528e-05
3.582334125954724e-05
0.0002477776040515237
0.0003182714069242838
0.0009894746339332021
0
0.0005245261004673875
0
0.000678857535098013
0
0.0008474219124452363
0.001478428712313643
0.0008500089892284898
0.001118151386257798
7.650238275850166e-05
0.0009561676931511913
0.001014617124398129
0
0
