0
0
0
0
0
0
0
0
0
-0.002684148211656702
-0.003203418084529847
-0.002341016949480635
0
-0.00377713070916241
-0.002383317224667534
-2.006955460825495e-05
4.795828667804514e-07
-0.0001715656697126464
0
-0.001601430674784856
-0.001608029416171905
-0.002471640312190307
-0.002865466362342181
-0.002479302964181684
-0.00317744432418047
-0.002554192751626566
-0.001448332498553172
-0.002398531230016528
-0.002000754574104644
-0.002030360547001404
0.0004381173320451234
-0.002883409500918639
-0.001920744122344732
-0.002724077178427617
-0.00264407132005029
-0.0009622294444630415
-1.008530956941791e-05
0
0
-0.002920992396802944
-0.0001992348470257976
-0.002497776469107392
-0.003367745880941424
-0.002901995234223193
-0.0006338488439884575
-8.985844411038706e-05
-0.001122790200472962
-0.001006972991880078
-0.001602263726709104
0
-0.0007441365316733011
-0.002428368186126917
-0.002034124414767196
-0.002952398331176434
-0.002816387213202637
-0.003529949955076912
-0.002657956842085086
-0.00313049619504271
0
0
-0.003435828893172297
-0.003329766509030785
-0.0007124720691119211
-0.001642015982055235
-0.0005180747754501641
-0.0004381386813428202
0.0002823250604142931
0.001625225803614705
0
0.0007593631982277554
-0.00229527608963841
-0.002179503133681121
0
-0.002445504905354519
-0.003877652921039476
-0.002557008602824856
-0.003161323020654957
0
-2.261497859720761e-05
0.0008003582060833499
5.457078280798626e-05
0
0.0007676621349012934
-2.633781058581072e-05
0.0004246053809993524
0.0009423635722791251
0.0001935052304447122
0.001215134468209695
0.001120815553168636
0
0
0.001243866696465041
0.0005738085581393203
8.949801992771428e-05
0.00119014783864732
-0.002524188981637769
-0.003760660510282844
0.000984641054755295
0.0007822910430999769
0
0.001250006238805109
-0.003648419916163692
0
-0.001727210352861162
0
-1.225022284274436e-05
-0.002218150119814192
0
0
-0.002485993044489158
-9.331842254107003e-05
-0.002132095837956713
-0.00147375635030185
-0.001112714757124941
-0.003113702831825754
0
-0.003904680348016676
-0.003569517370527025
-0.00433114684712258
-0.00305452151941735
-0.00289097961367886
-0.003445102439941176
-0.003103223309036425
-0.003198484181798325
-0.003652179864342227
-0.003787721812683547
-0.003874612594699519
-0.003892483356211367
-0.003827553872000131
-0.003882048397937228
-0.003672072144771957
-0.003658710555853572
-0.003811609516457383
-0.003448344454851816
-0.003476855716755916
-0.00387038271331588
-0.003751464693731936
-0.003600937086019999
-0.003970586537360286
-0.003670471677454197
-0.003723080757126544
-0.00380289888272848
-0.003851676784444868
-0.003874806995808222
-0.003815410033681314
0
-0.003967785077874359
-0.002708385859248309
-0.003473455502699074
-0.00259683799528196
-0.002179292980580665
-0.003832671345803697
-0.003588280721138475
-0.003763087486897747
-0.003481132706889066
-0.003743726192735983
-0.00369099155990161
0
-0.003972474124391453
-0.003456121614975317
-0.003712279913103939
-0.003736951192468178
-0.003597859003819483
-0.003802287887901263
-0.003799482610611892
-0.003860287851772096
-0.003845858563078964
-0.003587731670871843
-0.003842277682421089
-0.003693641274939555
-0.003713578713814431
-0.003868700031470351
-0.003719344299000423
-0.003788241048746541
-0.003016848942262433
0
-0.003848184696825086
-0.00386786173281241
-0.003779735896012058
-0.003616838706388975
-0.003532931319213581
-0.003750604535739672
0
-0.003921643425536144
-0.003703264862166089
-0.003663024494855622
-0.003574262627860877
-0.003261490224182203
-0.002767253865420563
0
-0.003876366056013774
-0.003538706172138793
0
0
-0.003842914109470455
-0.003863770732041881
-0.00379132835061132
-0.003746852269686434
-0.003535237085907187
-0.003770453915777865
-0.00283682821841842
-0.003531517831706762
0
-0.003440907204604408
-0.003167684584325856
-0.003914313951736287
-0.003831373886315372
-0.003386109252148838
-0.003523327116277974
-0.003425560282214159
-0.003708809930192075
-0.004166086206491329
-0.003860446095021636
-0.00396513696986078
-0.003076967792968858
-0.003520829276516028
-0.003350816892374011
-0.003138666388531085
0
-0.003424939400580669
0
-0.003486344378631711
0
-0.003149346123677742
0
-0.003298036705557911
-0.003525971185427645
-0.001936646902286237
-0.003405131964205236
-0.001286900841192363
-0.004059789102015289
0
-0.003085920333919269
-0.002838399592117501
-0.003631135004241887
-0.003389532839659104
-0.00193553378886966
-0.003112022027105245
-0.003169634324829149
-0.002080111170866116
-0.001024497095389825
-0.0002658812843083616
-0.0007116720219678308
-0.000214267163243177
-0.003028196782779101
0
-0.004619290206161085
0
-0.004250668377489608
-0.002804465859663905
-0.001552996084550159
-0.002883787782837414
-0.003411922870549469
-0.003032170285129845
-0.001217301830230735
0.0002210984209738843
0.0002013427814859196
0
0.001500681650470029
6.337685494171262e-05
-0.001522839812193769
-0.001889762824458502
-0.002377897034497893
-0.001745881984257298
5.952692589367558e-05
-0.002128170447667804
-0.002070936505803929
-0.0001695612739482067
-0.0001707372862696867
-0.002798301396049286
-0.0007062101400159935
-7.23806316120443e-05
-0.0005203753358648419
0
-4.782675260294696e-05
0.001064661700824415
0
0.001190665270417051
0.0007812246164065018
-0.00400047953306206
-0.003836452886667729
-0.003663619303011627
-0.003868746161671958
-0.003806622784020369
-0.003715453075473099
-0.003768179401026285
-0.002855576460689983
-0.001876580066695325
-0.002626163063560259
-0.003719247315867502
-0.001244436700395177
-0.002284625466467575
-0.0006596021738148638
0.0005364244348088522
-0.001147349759506273
0.000990024510633103
-0.001671545657379058
-0.002358082606459741
4.297567995515245e-06
-0.0002419650600011644
-2.594664269806114e-05
-6.315808539397268e-05
-0.0003661742648870937
-0.0002059371315247365
9.536739232271031e-05
-4.472752759599025e-05
0
-1.608779787107595e-05
0
-0.0002002321789038632
-0.0002725604083261031
0.0001241413147050528
0
-0.000229214630179143
0.0002252380414305925
-0.000118213130715756
-0.0004724306747796052
0.0007632068157490617
2.991355383478486e-05
0.001153863238178453
8.049135895345965e-06
0.0006424100171187536
-1.728383831750406e-05
-7.610880477690626e-05
3.597132711422623e-05
0.0002481184948705694
0.0003182348327750238
0.0009892839372776727
0
0.0005248591096397757
0
0.0006788776637028157
0
0.0008475972071381913
0.00147821824214633
0.0008500335523214508
0.00111814885950397
7.666519937117956e-05
0.0009558716410430758
0.001014818791578777
0
0
