0
0
0
0
0
0
0
0
0
-0.00268421756286998
-0.003203422430434309
-0.002341020422488796
0
-0.003777206156893016
-0.002383507123472496
-2.007029594815508e-05
4.211202141477446e-07
-0.0001716025626766734
0
-0.001601510880057354
-0.001608039134671894
-0.002471674961777483
-0.00286546639788861
-0.002479323504731449
-0.003177551449477405
-0.00255417331731983
-0.001448332728726043
-0.002398557783629023
-0.002000768733595982
-0.002030374189800677
0.0004381234968679379
-0.002883490112238647
-0.001920766628172225
-0.002724140764409335
-0.002644143320547768
-0.0009622291473792451
-1.008525581380658e-05
0
0
-0.002921075839639906
-0.0001992389749259556
-0.002497827056414161
-0.003367860904790122
-0.002902081309174453
-0.00063385726217886
-8.98787598344114e-05
-0.001122809121834832
-0.001006981877083734
-0.001602287468514514
0
-0.0007441721826523421
-0.002428422290931801
-0.002034173709502359
-0.002952490763569556
-0.002816474408870875
-0.003530067232058967
-0.002658035991342611
-0.003130601302453044
0
0
-0.003435949058548709
-0.003329880016991649
-0.0007124947228927486
-0.001642061546609514
-0.0005180747757085217
-0.0004381367020870889
0.0002823289734463962
0.001625225339207976
0
0.0007593633084339357
-0.0022953333127899
-0.002179577807662163
0
-0.002445560027375045
-0.003877809411448318
-0.002557108897853335
-0.003161438377754715
0
-2.261507405225824e-05
0.000800344710271357
5.460012391356988e-05
0
0.0007676775009443842
-2.633635272709919e-05
0.0004246079383920654
0.0009423702910450919
0.0001934231509088662
0.001215142071537337
0.001120824158392242
0
0
0.001243873799108348
0.0005738141897508451
8.950577356100749e-05
0.00119015470820052
-0.002524207161349678
-0.003760765296058918
0.000984646981682061
0.0007822905611161614
0
0.0012500108180149
-0.003648528976287156
0
-0.001727280974386789
0
-1.225612891591982e-05
-0.00221820704584734
0
0
-0.002486047621250334
-9.331885855143008e-05
-0.002132263687391656
-0.001473792729344631
-0.001112805195178965
-0.003113760234389949
0
-0.00390481219660619
-0.00356970468381277
-0.00433114668144995
-0.00305467648855981
-0.002891076741147101
-0.003445251556704426
-0.003103334417903905
-0.003198629386173123
-0.003652348486102346
-0.003787842109565205
-0.003874741247517828
-0.003892609040414765
-0.003827699441336894
-0.003882174409687596
-0.003672205497048431
-0.003658854146767159
-0.003811741275247306
-0.003448474368569892
-0.00347697748654651
-0.003870522323845896
-0.003751582510336846
-0.003601053470762531
-0.003970714150634698
-0.003670595045557842
-0.003723191615690136
-0.003803025191413017
-0.003851801121371276
-0.003874945063980248
-0.003815522268070004
0
-0.003967878908169623
-0.002708553785396886
-0.003473637000786123
-0.002596931576050066
-0.002179382913956294
-0.00383279108162505
-0.003588401791988508
-0.003763195417136786
-0.003481118622960164
-0.003743847615745464
-0.00369114611374113
0
-0.003972564050649919
-0.003456157081706505
-0.003712395574359682
-0.003737068033781965
-0.003597947791630501
-0.003802414142774778
-0.003799613405119197
-0.003860424183712957
-0.003845984748811708
-0.003587809063245859
-0.003842422742270315
-0.003693750490755993
-0.00371369523813312
-0.003868853366893629
-0.003719443309235107
-0.003788381349406665
-0.00301685581788708
0
-0.003848306992992132
-0.003867983057025588
-0.00377982232456071
-0.003616952311946998
-0.003533045011012704
-0.003750699980686907
0
-0.003921786228426013
-0.003703293447052452
-0.003663211160909245
-0.003574351379634528
-0.003261564691527703
-0.002767285893272972
0
-0.003876539999403307
-0.003538638418536911
0
0
-0.003843062046795273
-0.003863907179479036
-0.003791437655262222
-0.003746945473746819
-0.003535259302643765
-0.003770512536195245
-0.002836838787171779
-0.003531511178918706
0
-0.003440949860013722
-0.003167588132852615
-0.00391452715640375
-0.003831504377238459
-0.003386147327533535
-0.003523335377642439
-0.003425414271432353
-0.003708692390189672
-0.004166761201095228
-0.003860895152202131
-0.003965163608203637
-0.003076989149189321
-0.003520838238153374
-0.003350851494112302
-0.003138700963679579
0
-0.003424970636477905
0
-0.003486359639132217
0
-0.003149304211850751
0
-0.00329808930349252
-0.003526006800244476
-0.001936671151006068
-0.003405168404526772
-0.001286901087027688
-0.004059834067992318
0
-0.003085960043902604
-0.002838419935182148
-0.003631207836671823
-0.003389555958216306
-0.001935523051644382
-0.003112051004022454
-0.003169678570192501
-0.002080109429823288
-0.001024485830235832
-0.000265903243616593
-0.0007116583936452996
-0.0002142673296773643
-0.003028203657134383
0
-0.004619670307054279
0
-0.004251433514578037
-0.002804482101551967
-0.001553001080190475
-0.002883853826059038
-0.003411961609750574
-0.003032197675243352
-0.001217302845145828
0.0002211032151114518
0.0002013323660782826
0
0.001500689095068174
6.337655075196618e-05
-0.001522849784771434
-0.001889768369975125
-0.002377898448879315
-0.001745878312537296
5.952074528314034e-05
-0.002128191687295087
-0.002070949859285314
-0.0001696072210003372
-0.0001707380565171052
-0.002798295716318576
-0.0007062117763531881
-7.24072657326906e-05
-0.0005203755090406802
0
-4.781082157096693e-05
0.001064651465964013
0
0.001190668188358936
0.0007812092994502124
-0.004000242003396556
-0.003836551631898961
-0.003663785759052172
-0.003868987409542511
-0.003806730155308499
-0.003715452748372941
-0.003768252795634607
-0.002855684036487486
-0.001876611633922075
-0.002626226400304706
-0.003719336510876051
-0.001244450118888661
-0.002284654604956
-0.0006596170192394827
0.0005364153075299692
-0.00114735086705419
0.0009899776086272128
-0.001671545208780579
-0.002358088763103286
4.29606625349562e-06
-0.0002419651871315152
-2.594726093977013e-05
-6.315415611360545e-05
-0.0003661770506156467
-0.0002059481553597133
9.537295180243261e-05
-4.472671181453449e-05
0
-1.60867170221871e-05
0
-0.0002002306105693336
-0.0002725575776814997
0.0001241405469162283
0
-0.0002292155174018121
0.0002252415123812391
-0.0001182170057339695
-0.0004724441904773721
0.0007631447189355757
2.991185772525463e-05
0.001153865013252131
8.048320736478404e-06
0.0006424038370308449
-1.728454956782365e-05
-7.610474133768382e-05
3.596704023195354e-05
0.0002481091253745836
0.0003182357364888286
0.0009892834138934196
0
0.0005248480161941608
0
0.0006788763521163934
0
0.0008475903586749588
0.001478222155136588
0.0008500340561253385
0.001118146074363729
7.666059324032724e-05
0.0009558765262658448
0.001014811334721649
0
0
