0
0
0
0
0
0
0
0
0
-0.002684917471216839
-0.003203466325326078
-0.002341055713965726
0
-0.003777975303894133
-0.002385445011022299
-2.007114561001899e-05
-1.544195216599772e-07
-0.000171974550284877
0
-0.001602314065420789
-0.001608129953073351
-0.00247204257742902
-0.002865466752752747
-0.002479562017555698
-0.003178629925602429
-0.002553999635145102
-0.001448335055293312
-0.002398848760900083
-0.002000932939309723
-0.0020305254937422
0.0004381863622639211
-0.002884307291823198
-0.001921011070933866
-0.002724791638750394
-0.002644893055472463
-0.0009622261061171829
-1.008469982746844e-05
0
0
-0.002921926170303235
-0.0001992810446363321
-0.002498356357583179
-0.003369012945696952
-0.002902961932455665
-0.0006339431342302782
-9.008597455220711e-05
-0.001123001644213032
-0.00100706984819028
-0.001602539893753906
0
-0.0007445362286625369
-0.002428990640623881
-0.002034702580333327
-0.002953438983086697
-0.002817391321429296
-0.003531223494566554
-0.002658868409460284
-0.003131681316603284
0
0
-0.003437165696107933
-0.003331017216258551
-0.000712732769991775
-0.001642541806547355
-0.0005180747782843714
-0.0004381165135457907
0.0002823385032206183
0.001625220798183452
0
0.0007593514166394533
-0.002295922519607629
-0.002180317787770102
0
-0.002446118174773475
-0.003879455340554568
-0.002558157659607516
-0.003162615858518021
0
-2.262703555182668e-05
0.0008001839339857488
5.489955650097763e-05
0
0.0007678142875120421
-2.632149575825939e-05
0.0004246126412968152
0.0009423976213352657
0.0001925866101162409
0.001215185786940528
0.001120880114574644
0
0
0.001243903179913573
0.0005738375657142812
8.956778660466967e-05
0.001190188754747256
-0.002524424785812518
-0.00376182116179274
0.0009846782320890458
0.0007822603617642056
0
0.001249996555949395
-0.003649624683447179
0
-0.001727985812627861
0
-1.231502218559229e-05
-0.002218780016173717
0
0
-0.002486588584692239
-9.332342507723659e-05
-0.002133946227324247
-0.001474143243202792
-0.001113709533859069
-0.003114383717266439
0
-0.003906161075247244
-0.003571621393298642
-0.004331142529763949
-0.003056209330352032
-0.002892042810543278
-0.003446717237598552
-0.003104441965886814
-0.003200062125128547
-0.003654021450585896
-0.003789196015100752
-0.003876073781659236
-0.003893896312290464
-0.003829175871953212
-0.003883472554888932
-0.003673523132660981
-0.003660274818871189
-0.003813114283312039
-0.00344976309058131
-0.003478194372367233
-0.003871999150225932
-0.003752786163940669
-0.003602223547528523
-0.003972008620627431
-0.003671835764951773
-0.003724313736267093
-0.003804316428083991
-0.003853079063726928
-0.003876383494380316
-0.003816660584029003
0
-0.003968871024971261
-0.002710227741524325
-0.003475448074846051
-0.00259785726832999
-0.002180270528692358
-0.003834122217418981
-0.003589711885967472
-0.00376441664715667
-0.00348097822094284
-0.003745123145932839
-0.003692788285218675
0
-0.003973547803096998
-0.003456647183100969
-0.003713671242148607
-0.003738367782522452
-0.003598930322083297
-0.003803807638487587
-0.003801040479527879
-0.003861880893757849
-0.003847348695485013
-0.003588699129881889
-0.003843970601791355
-0.003694968423683886
-0.003714980767688281
-0.003870470617661132
-0.003720574290788461
-0.003789887322564514
-0.003017050126546517
0
-0.003849565233703937
-0.00386921151144073
-0.003780695408116932
-0.003618093358325473
-0.003534189836460425
-0.003751655432267367
0
-0.003923214735747077
-0.003703795722160109
-0.003665113536441203
-0.003575339775531152
-0.003262377173436991
-0.002767634515947248
0
-0.003878364718412519
-0.003538181461294935
0
0
-0.00384465728519531
-0.003865317861693732
-0.003792559073822703
-0.00374791475560698
-0.003535649483084873
-0.003771250118038499
-0.002837074335880333
-0.003531636176478331
0
-0.003441510232081954
-0.003166797703782764
-0.003916725442702423
-0.003832808581912513
-0.003386648138332982
-0.003523584399402856
-0.003424149425164501
-0.003707493969940315
-0.004173687031918677
-0.003865442295433949
-0.003965433759269207
-0.003077336009181933
-0.003521098120628193
-0.003351340812481785
-0.003139160819811735
0
-0.003425432839571002
0
-0.003486663502580193
0
-0.003149063980958313
0
-0.003298618296829667
-0.003526499099786612
-0.001936981543951643
-0.003405675010614654
-0.001286963101282735
-0.004060427339763235
0
-0.003086466156619086
-0.002838744285703104
-0.003632081793151987
-0.003389920374864203
-0.001935527706880298
-0.00311241289053827
-0.003170171203641669
-0.002080165380677329
-0.001024389249611812
-0.0002661273945138411
-0.0007116737418640505
-0.0002142689892728779
-0.003028371249917108
0
-0.004623540787388399
0
-0.00425925452853226
-0.002804770636003123
-0.001553106309589936
-0.002884527637531336
-0.003412485196393367
-0.003032596080240276
-0.001217386600663367
0.0002210880633908553
0.0002011375721309131
0
0.001500765047137404
6.337345898008954e-05
-0.001522951470138668
-0.001889913430001907
-0.002378031413464183
-0.001745950078719597
5.941659900794988e-05
-0.002128478676051063
-0.002071156308563228
-0.0001700760382958649
-0.0001707459556594442
-0.002798349989407416
-0.000706228407852212
-7.255961891673169e-05
-0.0005203772388279933
0
-4.774027576147365e-05
0.001064713680736677
0
0.001190662590635492
0.0007810521994265949
-0.003997855386547637
-0.00383768644799927
-0.003665631605591778
-0.003871413816609576
-0.003808030584998395
-0.003715449418716853
-0.003768992595346024
-0.002856779648718039
-0.001876931113574402
-0.002626885396886139
-0.003720227819088509
-0.001244587332844226
-0.002285007257153126
-0.0006597939397604966
0.0005363074922142299
-0.001147362116980639
0.0009894213123512489
-0.001671632644459743
-0.002358266578332708
4.302028544407805e-06
-0.0002419274935493009
-2.595355258941398e-05
-6.317724711801791e-05
-0.0003661563075070558
-0.000206060541764962
9.537811522881803e-05
-4.473209030255444e-05
0
-1.608709391552829e-05
0
-0.0002002146727675973
-0.0002725612483800031
0.0001241423888521365
0
-0.0002291839825128916
0.0002252365656056903
-0.0001182453524328802
-0.0004725821157594717
0.0007625124427163599
2.993079272894222e-05
0.001153880676479462
8.06153255119326e-06
0.0006423609034874187
-1.7292105279208e-05
-7.605862606879603e-05
3.593139804518043e-05
0.0002480208135765163
0.0003182449234224839
0.0009893137663628912
0
0.0005247524041709524
0
0.0006788658950870712
0
0.0008475365321032428
0.001478263540065774
0.0008500402858540785
0.001118139003153044
7.662010472087873e-05
0.0009559431484301926
0.001014752112616099
0
0
