0
0
0
0
0
0
0
0
0
-0.002682576099614694
-0.003203317384298321
-0.002340937480133552
0
-0.003775415720494864
-0.00237901082244723
-2.006982002862658e-05
1.750319937538575e-06
-0.0001707405961777239
0
-0.001599637986861947
-0.0016078225083235
-0.00247080891950973
-0.002865465521821357
-0.002478756051422129
-0.003175033297122458
-0.002554559855908518
-0.001448327171674713
-0.002397866246884458
-0.002000374233126451
-0.00203001277861151
0.0004379772546936064
-0.002881576152545683
-0.001920185440300945
-0.00272261277212495
-0.002642385486940073
-0.0009622361261856691
-1.008649076441048e-05
0
0
-0.002919084788962612
-0.0001991393155014985
-0.002496582638628629
-0.003365175781646055
-0.002900020721491739
-0.0006336578123505327
-8.93972791342638e-05
-0.001122358404069294
-0.001006774515513943
-0.001601690964200944
0
-0.0007433291321959692
-0.002427087590539341
-0.002032933406487122
-0.002950272256907953
-0.002814321230215115
-0.003527367335115573
-0.002656086202604868
-0.003128064407636182
0
0
-0.003433077367432267
-0.00332722067070064
-0.0007119394134751651
-0.001640937087172774
-0.0005180747696014775
-0.000438183136012806
0.0002823046057980907
0.001625236101241388
0
0.0007593932689685094
-0.002293953402665792
-0.002177852012335205
0
-0.00244424868177402
-0.00387394019797864
-0.002554646868735695
-0.003158708249319789
0
-2.258650254774492e-05
0.0008007229782706169
5.390551441424414e-05
0
0.0007673622664436015
-2.637096014151346e-05
0.0004245921069118569
0.0009423000954032409
0.0001953721007181151
0.001215044382125825
0.001120698594631713
0
0
0.001243805057772699
0.0005737649022021166
8.936253809184273e-05
0.00119007312904589
-0.002523689238106588
-0.003758277703735799
0.0009845714822731971
0.0007823557933125011
0
0.001250049358821473
-0.003645967565521361
0
-0.001725635362903042
0
-1.212072281524771e-05
-0.002216863631428182
0
0
-0.002484781023237379
-9.330681372967977e-05
-0.002128430038360114
-0.001472986241565705
-0.001110749439257978
-0.003112392811944118
0
-0.003901649335330766
-0.00356538432955003
-0.004331146013299
-0.003051162795898631
-0.00288881954079551
-0.003441904109752174
-0.00310075619318429
-0.003195342536828477
-0.003648536502991686
-0.003784450904575452
-0.003871545133047225
-0.003889541053919617
-0.003824294918467091
-0.003879084379708052
-0.00366917875156206
-0.003655604556898278
-0.003808567837447566
-0.00344550739717917
-0.003474163821571166
-0.003866993033480781
-0.00374879017915622
-0.003598341548641725
-0.003967636646026407
-0.00366773278879339
-0.003720577198796604
-0.003800020703262771
-0.003848792446459659
-0.003871546062203778
-0.003812845530823959
0
-0.003965466059032224
-0.002704723758103131
-0.003469510315235012
-0.002594777226264713
-0.00217733703097067
-0.003829520924248836
-0.003584864496275045
-0.003760068153123589
-0.003481469438212147
-0.003740593376045865
-0.003687047512825121
0
-0.003970118016654515
-0.003454789502295707
-0.003709209076538672
-0.003733817313841034
-0.003595474852807947
-0.003798980471698724
-0.003796124722667576
-0.003856929819955186
-0.003842673560548511
-0.003585526236671632
-0.003838716803096831
-0.003690729990219907
-0.003710518385703229
-0.003865026555917053
-0.003716611121945134
-0.003784747896992891
-0.003016236455911169
0
-0.003845336766008065
-0.003865070869651393
-0.003777733181923349
-0.003614285333650444
-0.003530366946992711
-0.003748443628880284
0
-0.003918435531029274
-0.003701811534272463
-0.003658778793038016
-0.003571852670018234
-0.003259535397311154
-0.002766423320726985
0
-0.003872275527061047
-0.003539240797687849
0
0
-0.003839252201783594
-0.003860590664986047
-0.003788742313269266
-0.003744479321673207
-0.00353407149966
-0.003768563392588337
-0.0028361492799011
-0.003530877989467738
0
-0.003439436389675532
-0.003169035754251588
-0.00390953044512885
-0.00382833350683603
-0.00338478097439762
-0.003522442791226661
-0.003427851534484599
-0.003711662451382131
-0.004150950077814724
-0.003850093495994021
-0.003964525077587076
-0.003076020543368663
-0.003519917473524409
-0.003349516280058711
-0.003137473586480195
0
-0.003423670000656146
0
-0.003485370251700998
0
-0.003149606482024836
0
-0.003296661307072868
-0.00352459889900133
-0.00193587435599387
-0.003403750146507777
-0.001286719077757699
-0.004058171044864312
0
-0.003084605582459753
-0.002837533274385976
-0.00362894961187664
-0.00338847743967424
-0.001935466382962579
-0.003111065957208135
-0.003168424309541691
-0.002079936685289874
-0.001024709166004376
-0.0002653836324885736
-0.0007116971612311508
-0.0002142631767412431
-0.003027646680829953
0
-0.004610633395677938
0
-0.004235821099845645
-0.002803679641829197
-0.001552715962230187
-0.002882289623720229
-0.003410531496621389
-0.003031116452948042
-0.001217073678759861
0.0002211263773474001
0.0002017258691759004
0
0.001500513390201196
6.338396971303987e-05
-0.001522613179423573
-0.001889366579795493
-0.0023774851790597
-0.001745652320813813
5.975159511039957e-05
-0.002127455656656041
-0.0020704100541253
-0.0001685191811461111
-0.0001707172626978691
-0.002798022086792061
-0.000706172611990674
-7.201897799622323e-05
-0.0005203734346147285
0
-4.799284391394927e-05
0.001064557267274573
0
0.001190679760264996
0.0007815684715449414
-0.004003542385292685
-0.003833527703505648
-0.003659665619406212
-0.003863105707026725
-0.003803520367066228
-0.003715462790170981
-0.003766494278333624
-0.002853127111514046
-0.001875803737969234
-0.002624637936145347
-0.00371704992191993
-0.001244115309040249
-0.002283747269380537
-0.0006591703678416815
0.0005367112164208676
-0.001147324334602305
0.0009914314074316553
-0.001671287537718486
-0.002357577333827643
4.28804359586623e-06
-0.0002420469894012308
-2.593256138586832e-05
-6.313613688687151e-05
-0.0003662089802929184
-0.0002056869152912231
9.53491765872461e-05
-4.47272237827341e-05
0
-1.610413408849208e-05
0
-0.0002002681057131616
-0.0002725749107775067
0.0001241504558306999
0
-0.0002292790672073291
0.0002252543867750608
-0.000118152868667697
-0.0004721241918558547
0.0007646212568166002
2.988374711975022e-05
0.001153842505112044
8.026500547643103e-06
0.0006425190009496782
-1.727597771631996e-05
-7.622768935322144e-05
3.605566732155109e-05
0.0002483195727007518
0.0003182142003887178
0.0009892318920098531
0
0.0005250794734687635
0
0.0006789150802745815
0
0.0008477278046398524
0.001478138617793119
0.0008500233773872445
0.001118181093297818
7.676469998429477e-05
0.0009557341127437376
0.001014960546013894
0
0
