0
0
0
0
0
0
0
0
0
-0.002684553250479036
-0.003203443656504248
-0.002341037439604559
0
-0.003777576482097072
-0.002384439684872916
-2.006924502711993e-05
1.44809802921865e-07
-0.0001717768660602796
0
-0.001601899466938478
-0.001608082062801553
-0.002471849690701941
-0.002865466570465614
-0.00247943393542718
-0.003178074514114984
-0.002554091927647691
-0.001448333853519709
-0.00239869314410956
-0.002000842701159224
-0.002030444155522204
0.0004381537599323524
-0.002883883607333251
-0.001920878730686386
-0.002724452333202986
-0.002644504528125444
-0.0009622276862381912
-1.00849899877304e-05
0
0
-0.002921485859013071
-0.0001992592328092475
-0.002498079256456644
-0.003368420220350563
-0.00290250662365005
-0.0006338985922295756
-8.997850122315289e-05
-0.001122901899669849
-0.001007022149924135
-0.001602402914964158
0
-0.0007443473195682435
-0.002428693896173451
-0.002034426788864926
-0.002952949884999986
-0.00281691864265246
-0.003530628724609962
-0.002658438506554063
-0.00313112557042399
0
0
-0.003436543152077168
-0.003330432019190314
-0.00071260644127223
-0.001642292285406462
-0.0005180747769607822
-0.0004381270146122105
0.0002823313134054804
0.001625223088872318
0
0.0007593561343279829
-0.002295616247365533
-0.002179933202232887
0
-0.002445826681550774
-0.003878598407910879
-0.002557617776978624
-0.003162004960755737
0
-2.262148790948128e-05
0.0008002647212824552
5.474421555279502e-05
0
0.0007677383296203759
-2.632919831182096e-05
0.0004246082859100829
0.0009423785650053721
0.0001930203388166749
0.001215157340327786
0.001120846504481356
0
0
0.001243881962043152
0.0005738221442948833
8.953468666054158e-05
0.001190165047316632
-0.002524308530137551
-0.003761279886452318
0.0009846568643475738
0.0007822725953387107
0
0.001249999539422176
-0.003649063966786827
0
-0.00172762098325985
0
-1.228361806166001e-05
-0.002218481504245579
0
0
-0.002486311011090662
-9.332103009177625e-05
-0.002133053919834304
-0.001473955321993532
-0.001113224686508072
-0.003114041672692707
0
-0.003905451342206095
-0.003570610552787956
-0.004331145364667889
-0.003055414939624614
-0.00289154372301407
-0.003445961305798954
-0.003103871201993041
-0.003199322502580591
-0.003653152183191747
-0.003788487208797542
-0.003875375611356717
-0.003893221821291613
-0.00382840878052309
-0.003882796749162844
-0.003672844040621
-0.003659541854506934
-0.003812406029802924
-0.003449099713119494
-0.003477568717098222
-0.003871229655288966
-0.003752168888457989
-0.003601622925383651
-0.003971335337173137
-0.003671198529363615
-0.003723738988645706
-0.003803650547959032
-0.003852418266805852
-0.003875636830745841
-0.003816075418202544
0
-0.003968356125369416
-0.002709351286957216
-0.003474502356252859
-0.002597377388129192
-0.002179804697111483
-0.003833430929428528
-0.003589035608843516
-0.003763776634274117
-0.003481050303109241
-0.003744437573062857
-0.003691925105212821
0
-0.003973024005121655
-0.003456377028722781
-0.003712998367636173
-0.003737683305830522
-0.003598410748773234
-0.003803076935551658
-0.003800292266547559
-0.003861121400601841
-0.003846638703467196
-0.003588226392206851
-0.003843162253749381
-0.003694325781932865
-0.003714304416548761
-0.003869627868579927
-0.00371997607956014
-0.003789099395652167
-0.003016930743784114
0
-0.00384891512602667
-0.003868576946473344
-0.003780249443629595
-0.003617510722599577
-0.003533604348525917
-0.003751167664411594
0
-0.003922485757720716
-0.003703514932902614
-0.003664127175341638
-0.003574816935086083
-0.003261941065835851
-0.002767437073351034
0
-0.003877413874388467
-0.003538392481865993
0
0
-0.003843822182369306
-0.003864587225668408
-0.003791982141344074
-0.003747413949824667
-0.003535426697166408
-0.003770849874543673
-0.002836935512969276
-0.003531549573198646
0
-0.00344120358401763
-0.003167183205210215
-0.003915582265248828
-0.003832126276111721
-0.003386372216383615
-0.003523437320625039
-0.003424775225473766
-0.003708125115494226
-0.004170085472942479
-0.003863091531561811
-0.003965294010104967
-0.003077139616626961
-0.003520944472414054
-0.003351070912577673
-0.003138909348839221
0
-0.003425177172422486
0
-0.003486490334159544
0
-0.003149166712923967
0
-0.003298348041173747
-0.00352623102420015
-0.001936813511606228
-0.00340539807851998
-0.001286919914504568
-0.004060108226890697
0
-0.003086192487506346
-0.002838561578873457
-0.003631613403590514
-0.003389713983465235
-0.001935509807829033
-0.003112210437053243
-0.003169899477714414
-0.002080118808442769
-0.001024416418615586
-0.0002660110939474875
-0.0007116471558797585
-0.0002142681370156156
-0.003028266866513507
0
-0.004621534749297965
0
-0.004255194317948733
-0.00280460572658008
-0.001553042309646888
-0.002884178115087348
-0.003412199911528517
-0.003032375132538069
-0.001217334364168446
0.0002210918198316383
0.0002012446901534799
0
0.001500725654130661
6.337505727896348e-05
-0.0015228987348722
-0.001889826785964368
-0.002377946958062563
-0.001745900638316147
5.946948684520364e-05
-0.002128322226651259
-0.002071039406260841
-0.0001698328692307483
-0.0001707434271729454
-0.002798302928172206
-0.0007062196895355072
-7.248818552724908e-05
-0.0005203763502083073
0
-4.777309545742056e-05
0.001064671245638883
0
0.001190659469826078
0.0007811347379977959
-0.003999085422622941
-0.003837096073673164
-0.003664665076200904
-0.003870162961125187
-0.003807354952910909
-0.003715451144832954
-0.003768614369071837
-0.002856211762292608
-0.001876749453650481
-0.002626543159176366
-0.003719758576531345
-0.001244513455362045
-0.002284817360637874
-0.0006596967778838797
0.0005363583586268418
-0.001147356292685915
0.0009897213811056948
-0.001671575644895474
-0.002358159848694853
4.299851853689552e-06
-0.0002419383154622402
-2.595029305975115e-05
-6.316776556449658e-05
-0.0003661554911681527
-0.0002060022634454887
9.537360433379779e-05
-4.472797768984484e-05
0
-1.608615240247666e-05
0
-0.0002002229274863831
-0.0002725626396155306
0.000124140467125598
0
-0.0002291899802047133
0.000225236593281965
-0.0001182290487597047
-0.0004725105666967576
0.0007628401433249163
2.992238194332167e-05
0.001153871460431871
8.055295617161091e-06
0.0006423840022369687
-1.728625966657185e-05
-7.607822087831466e-05
3.595025390764082e-05
0.0002480671035569522
0.0003182401637065804
0.0009893004211854652
0
0.0005248032011722884
0
0.0006788706096399613
0
0.0008475652082100974
0.001478239738514617
0.0008500358859197557
0.001118143515392917
7.66408813486674e-05
0.0009559091631903173
0.001014783575751833
0
0
