0
0
0
0
0
0
0
0
0
-0.002681914921736367
-0.003203273389532416
-0.002340903345480011
0
-0.003774685585459229
-0.002377183105804817
-2.007110938407751e-05
2.288285905734219e-06
-0.0001703946907600963
0
-0.001598889442966376
-0.001607734135542781
-0.002470458837204356
-0.002865465143859502
-0.002478526758019279
-0.00317401031841097
-0.002554715569826616
-0.001448324852175413
-0.0023975858652052
-0.002000213506805031
-0.002029866957816969
0.000437917663429383
-0.002880801535112874
-0.001919949254927443
-0.002721994585854631
-0.002641669580714526
-0.0009622388944226166
-1.008696953581761e-05
0
0
-0.00291827662043586
-0.0001990985573706272
-0.002496077723565365
-0.003364083098234469
-0.002899182530015602
-0.0006335766720318736
-8.92012966840198e-05
-0.001122173605434697
-0.001006688960910307
-0.001601448941388013
0
-0.0007429871037834549
-0.002426544799657443
-0.002032428808540672
-0.002949369534852789
-0.002813448280449796
-0.003526269430057007
-0.002655293969089747
-0.003127031990000886
0
0
-0.003431900118000484
-0.003326138286211546
-0.0007117151736226016
-0.001640481288544374
-0.0005180747670357254
-0.000438201872733697
0.0002822955271718426
0.001625240267956632
0
0.0007594053470642466
-0.002293395268622242
-0.002177171045256621
0
-0.002443721607412436
-0.003872367549560759
-0.002553646813698689
-0.003157599382160549
0
-2.257379274163436e-05
0.0008008754291807433
5.36232478190473e-05
0
0.0007672360755262195
-2.63850798176714e-05
0.00042458602161268
0.0009422720774798826
0.0001961676111975632
0.001215003924171239
0.001120647938881561
0
0
0.001243778025253944
0.0005737469311350645
8.930498319094611e-05
0.001190040591632302
-0.002523480350319935
-0.003757268336895821
0.0009845419309514902
0.0007823834919404105
0
0.001250065907333764
-0.003644923103689673
0
-0.001724979973843973
0
-1.207101916574052e-05
-0.002216325508344329
0
0
-0.002484273788445125
-9.33021173203453e-05
-0.002126938002125271
-0.001472688164065579
-0.001109948345563285
-0.003111831807092732
0
-0.003900382289214336
-0.00356368559677809
-0.004331150552358571
-0.003049774723606051
-0.002887913427564734
-0.003440575465106669
-0.003099717318208984
-0.003194037964861199
-0.003647026344808686
-0.003783019411062398
-0.003870234926589231
-0.00388829517128147
-0.003822931118955867
-0.003877820154635145
-0.003667967451679433
-0.003654309753635631
-0.003807291426991441
-0.003444316895200565
-0.003473027471489025
-0.003865544532365521
-0.003747663267360933
-0.003597242681316849
-0.00396637071364677
-0.003666580336376052
-0.003719519166554916
-0.003798810600200293
-0.003847570557521397
-0.003870160792730131
-0.003811762920907093
0
-0.003964466050295584
-0.002703221321793905
-0.003467881898441193
-0.002593924485009812
-0.002176542748166807
-0.003828142825878685
-0.003583279762037697
-0.003758730375760215
-0.003481628867170849
-0.00373923983864572
-0.003685338592101773
0
-0.003969142453276974
-0.003454210292688925
-0.0037078828075036
-0.003732462376181223
-0.003594460585350514
-0.00379754860163582
-0.003794678818522498
-0.003855491080060697
-0.003841297166073861
-0.003584574986011543
-0.00383719495907184
-0.003689474753519229
-0.003709200907970059
-0.003863464790340808
-0.003715427883699225
-0.003783252946576342
-0.003015976647719636
0
-0.003844131501309187
-0.003863890682787303
-0.003776887701984706
-0.003613193886967652
-0.003529274028963623
-0.003747527568607985
0
-0.003917061562212425
-0.003701151577335686
-0.003656969869886962
-0.003570820895784274
-0.003258723442361991
-0.002766117613504
0
-0.003870545410595077
-0.00353940535425936
0
0
-0.003837686677686418
-0.003859247499605224
-0.003787635716581471
-0.003743436985914045
-0.00353354914026955
-0.003767732044648111
-0.002835860554319475
-0.003530566265228206
0
-0.003438793322011491
-0.003169557466596638
-0.003907537518476644
-0.003827035933932775
-0.00338420323117807
-0.003522028988951635
-0.003428766690013282
-0.003712982300057661
-0.004144619116222663
-0.003845597364735519
-0.003964261292132652
-0.003075612425739943
-0.003519491077516573
-0.003348948735733324
-0.003136955837319196
0
-0.003423110251994722
0
-0.003484925387198656
0
-0.003149687680476834
0
-0.003296056028596501
-0.003523990968162246
-0.001935544314952806
-0.003403142292998714
-0.001286646290752727
-0.004057456332247545
0
-0.003084032792484771
-0.002837159324757512
-0.003628000839324636
-0.003388015608406474
-0.001935474385984036
-0.003110671819526464
-0.003167935959655579
-0.002079909505251843
-0.001024861629448056
-0.0002651726285166885
-0.0007117730979995765
-0.000214261369159722
-0.003027418285041316
0
-0.004606939681872974
0
-0.004230094237964324
-0.002803341158172937
-0.001552599500188666
-0.002881653559611524
-0.00340992141148523
-0.003030658825200173
-0.00121698349309942
0.0002211444704350788
0.0002018527384252864
0
0.001500442297359031
6.338729858669756e-05
-0.001522516730298307
-0.001889199007001129
-0.00237731702707223
-0.001745571731296881
5.98484551313097e-05
-0.002127149984339421
-0.002070186599759362
-0.0001680769142099661
-0.000170710867525132
-0.002797912172633108
-0.0007061564811328601
-7.186129984659176e-05
-0.0005203735109121291
0
-4.807247714400903e-05
0.00106452634071863
0
0.001190685086802479
0.0007817052095300659
-0.004004367308214051
-0.003832202429154804
-0.003658024298563327
-0.003860615821331617
-0.003802149806453077
-0.003715467606792874
-0.003765750065551307
-0.00285208181304063
-0.001875526263186729
-0.002624024923869294
-0.003716093633291654
-0.001243979118630385
-0.002283367180430063
-0.00065899295446101
0.0005368327903175113
-0.001147313336256043
0.0009920113045369181
-0.001671183278793218
-0.002357363491071346
4.285230478575698e-06
-0.0002420854802088612
-2.592657119280017e-05
-6.312996823663369e-05
-0.0003662348116732823
-0.0002055807084925851
9.534260519653347e-05
-4.473006903040171e-05
0
-1.610408930720456e-05
0
-0.0002002835705320705
-0.00027258050091178
0.0001241608448977838
0
-0.0002293151738125211
0.0002252696970286645
-0.0001181202643697398
-0.0004719941237923671
0.0007652252172741375
2.987611132429588e-05
0.001153844503043694
8.021488167354723e-06
0.0006425724694256821
-1.726578849098478e-05
-7.626431138380562e-05
3.609513211965e-05
0.0002484088224701703
0.0003182053772941453
0.0009892242885750852
0
0.0005251803545387603
0
0.00067893964045628
0
0.0008477898313041009
0.001478117337947456
0.0008500249546901796
0.001118203789189652
7.681262684806583e-05
0.0009556809974229078
0.001015026236288353
0
0
