0
0
0
0
0
0
0
0
0
-0.002683180198902656
-0.003203356033835145
-0.002340967763989806
0
-0.003776066709498374
-0.002380643138726817
-2.007029621913984e-05
1.265805721561086e-06
-0.0001710517318303415
0
-0.001600327676165936
-0.001607899753553479
-0.002471124252587981
-0.002865465848285647
-0.002478958794333762
-0.003175965856696736
-0.002554419926399164
-0.001448329214638232
-0.002398114971389358
-0.002000514187166346
-0.002030141052388319
0.0004380303980224058
-0.002882282176382881
-0.001920394090326931
-0.002723173896803209
-0.002643036546336598
-0.0009622336057754664
-1.008605179435124e-05
0
0
-0.002919820081334297
-0.000199175623167994
-0.002497038965250662
-0.003366169283093364
-0.002900782882914034
-0.0006337302499629334
-8.957218747937365e-05
-0.001122522682041425
-0.001006848180236389
-0.001601905614997799
0
-0.0007436349225291795
-0.002427579036766926
-0.002033391602995785
-0.002951094736228636
-0.002815124760654474
-0.003528368040576647
-0.002656810165978941
-0.003129009774755234
0
0
-0.003434147745585685
-0.0033282082230601
-0.0007121436754871269
-0.001641354512178764
-0.0005180747718301332
-0.0004381663431666739
0.0002823138710646754
0.001625232503290729
0
0.0007593829027034748
-0.002294457956969243
-0.002178486380294745
0
-0.002444729728186437
-0.003875374101753976
-0.002555563270770703
-0.003159699121796009
0
-2.259712187205312e-05
0.0008005880423973767
5.415765706441089e-05
0
0.0007674817610487123
-2.635837513087071e-05
0.0004245980310555753
0.0009423278030224135
0.0001946632835121786
0.001215084054246908
0.001120750607221177
0
0
0.001243834005405225
0.0005737857656672043
8.94146172583065e-05
0.001190106650555868
-0.002523875335974652
-0.003759197964429719
0.0009846023763840129
0.000782333964154389
0
0.001250038848655032
-0.003646914922437155
0
-0.001726240722100176
0
-1.216943576709846e-05
-0.002217356460794392
0
0
-0.002485250519412561
-9.331116073335402e-05
-0.002129799601410909
-0.001473275350465902
-0.001111480313806761
-0.003112891296765114
0
-0.003902809944851779
-0.003566925974713296
-0.00433114507536194
-0.00305244020347983
-0.002889654955413007
-0.003443118687076528
-0.003101709075431916
-0.003196540753646476
-0.003649910795310168
-0.003785772394376998
-0.003872742177935329
-0.003890680147080301
-0.003825531676204053
-0.003880235403643595
-0.003670281876178108
-0.003656783849370886
-0.003809731085724013
-0.00344659244752701
-0.00347519710806187
-0.00386831540451194
-0.003749815878074254
-0.003599340023103046
-0.003968766640649065
-0.003668781164267364
-0.003721540193422736
-0.003801127282469446
-0.003849904759353851
-0.003872807366900922
-0.003813833462644505
0
-0.003966375422628617
-0.00270610735151511
-0.003470997771149935
-0.002595570629799013
-0.002178079700604267
-0.003830779667193427
-0.003586274293768912
-0.003761308585745234
-0.003481337369027484
-0.003741885185394468
-0.003688628159615508
0
-0.003971064102541733
-0.00345536511620018
-0.003710448724673411
-0.003735082569003849
-0.003596440729458632
-0.003800304519898514
-0.003797460706888174
-0.003858246283124844
-0.003843934122574479
-0.003586428556204932
-0.003840111493959624
-0.003691904703252809
-0.003711743419546282
-0.003866452188295083
-0.003717714308417732
-0.003786123322536097
-0.003016523666859346
0
-0.003846436962838678
-0.00386615354982351
-0.003778513249717917
-0.003615278688259579
-0.003531367404835432
-0.003749278958233829
0
-0.003919692605062139
-0.003702456547839223
-0.003660391239006916
-0.00357283280226832
-0.003260320650671034
-0.002766762027005435
0
-0.003873849801307978
-0.003539172420406232
0
0
-0.003840683523410977
-0.003861817562993899
-0.003789746188705791
-0.003745433919950906
-0.003534603377735513
-0.003769357376005584
-0.002836457210732442
-0.003531225736427021
0
-0.003440064763032279
-0.003168648601664061
-0.003911339922878667
-0.003829532442755329
-0.00338535171239593
-0.003522874303357367
-0.003427132929831099
-0.003710538317728987
-0.004156650631724014
-0.003854054652643684
-0.003964758777879022
-0.00307643736543596
-0.003520360763053272
-0.003350077299293574
-0.003137980692053582
0
-0.00342422627778344
0
-0.003485828025876906
0
-0.003149598044978245
0
-0.003297233201934608
-0.003525201588818866
-0.001936190638054758
-0.003404351817027371
-0.001286801885723996
-0.004058872832137407
0
-0.003085162545540726
-0.002837910256180826
-0.003629853462361327
-0.003388950405613544
-0.001935509364829033
-0.003111471515984481
-0.003168924904899297
-0.002080017092269576
-0.001024624553247956
-0.0002655721956953319
-0.0007116791606418654
-0.0002142647290918055
-0.003027903812226247
0
-0.004613922512106839
0
-0.0042409516025039
-0.002804026399596154
-0.001552837570117379
-0.002882857627265614
-0.003411128999850192
-0.003031570909778107
-0.001217174499630799
0.0002211200593111623
0.0002015794376944295
0
0.001500577027306795
6.338122681523976e-05
-0.001522699192843505
-0.001889541245794024
-0.002377678280326176
-0.001745761768451623
5.966872143571864e-05
-0.002127750678737053
-0.002070632402102835
-0.0001689142686781395
-0.0001707252872899412
-0.002798173525520511
-0.0007061868503964977
-7.217259075177372e-05
-0.0005203733429803161
0
-4.792238902866661e-05
0.001064576712095373
0
0.001190679604494327
0.0007814371967477321
-0.004002842907173611
-0.003834738836595198
-0.003661174109050004
-0.003865281652020356
-0.003804780368468034
-0.003715458590266518
-0.003767138168804667
-0.002854057919663347
-0.001876108626766783
-0.002625226131139609
-0.003717942613365513
-0.001244239520850646
-0.002284109357309091
-0.0006593406062841791
0.0005365900519152624
-0.00114733405220097
0.0009908639016225386
-0.001671406662330649
-0.002357805942362845
4.291411693021424e-06
-0.0002420144678219574
-2.593790712465011e-05
-6.313910985412175e-05
-0.0003661940599203212
-0.0002057817849835753
9.535898327343601e-05
-4.472452090376737e-05
0
-1.609260006827627e-05
0
-0.0002002544051051997
-0.0002725682538300786
0.0001241489012648014
0
-0.0002292525314655042
0.0002252518502251407
-0.0001181731363943031
-0.0004722403668630136
0.0007640835984310845
2.98941650836197e-05
0.001153853223855296
8.036051272235625e-06
0.0006424797746091465
-1.727421380289422e-05
-7.617497388211865e-05
3.602525995014638e-05
0.0002482445937427887
0.0003182220472940646
0.0009892548139541441
0
0.0005249970002357973
0
0.0006789035613453833
0
0.0008476794592219388
0.001478171911834887
0.0008500289077168085
0.0011181710851983
7.672907432651859e-05
0.0009557865589492109
0.001014907392403924
0
0
