0
0
0
0
0
0
0
0
0
-0.00268271181905207
-0.003203325895898217
-0.002340944125485342
0
-0.003775558304180912
-0.002379368118721312
-2.006844053739791e-05
1.648458476235252e-06
-0.0001708052784744634
0
-0.001599794426113835
-0.001607838271755463
-0.002470879987869816
-0.00286546559416638
-0.002478800721983914
-0.003175243639119366
-0.00255453033431851
-0.001448327621292264
-0.002397920698619127
-0.002000403285189125
-0.00203004039156721
0.0004379888943462167
-0.00288173459838434
-0.001920228170430499
-0.002722738522114619
-0.002642530921428547
-0.0009622355754185222
-1.00863955247409e-05
0
0
-0.002919249788929526
-0.0001991472707308857
-0.002496684156999195
-0.003365399274908152
-0.002900191830645044
-0.0006336736700832453
-8.94355761621701e-05
-0.001122394425366342
-0.001006787811845789
-0.001601733600083074
0
-0.0007433960414790868
-0.002427196527257439
-0.002033033302489434
-0.002950456510050011
-0.002814501841906721
-0.003527592312526391
-0.002656247140847862
-0.003128279138130685
0
0
-0.003433325541235612
-0.003327443684329762
-0.0007119818814556457
-0.001641028586833508
-0.0005180747700989965
-0.0004381794665466544
0.0002822998302097086
0.001625235305967398
0
0.0007593895794741018
-0.002294066707072517
-0.002177994281596327
0
-0.002444356730037779
-0.003874241547490185
-0.002554852931723845
-0.003158925090418157
0
-2.259324530208618e-05
0.0008006807718379277
5.396070355423685e-05
0
0.0007673808112919653
-2.636820309729102e-05
0.0004245851775541176
0.0009422903662290685
0.0001952168110517222
0.001215035072502294
0.001120699759868745
0
0
0.001243795698473153
0.00057376219395729
8.937159434089901e-05
0.001190064028583672
-0.00252373102607598
-0.00375848078822983
0.0009845653303261531
0.0007823423065438953
0
0.001250032588126548
-0.003646180434111074
0
-0.001725772069354224
0
-1.213144533630152e-05
-0.002216974562000941
0
0
-0.002484888661040078
-9.330775329957146e-05
-0.002128716045205603
-0.001473047352352477
-0.001110899075839036
-0.003112502136253288
0
-0.00390188885392752
-0.003565708713072279
-0.004331145627774179
-0.003051444587082956
-0.002889007501881867
-0.003442172586581814
-0.003100970300303045
-0.003195608781720308
-0.003648832762656774
-0.00378471303413563
-0.003871788080077388
-0.003889778102071704
-0.003824557666600255
-0.003879324583913532
-0.003669418256299357
-0.003655861327573012
-0.003808816867059087
-0.003445747812672445
-0.003474392989994883
-0.003867268199256724
-0.003749013317015764
-0.003598561224629491
-0.003967882806893855
-0.003667960333714419
-0.003720789025049083
-0.00380025917066921
-0.003849031011897912
-0.00387181272046083
-0.003813061297722053
0
-0.003965661545997737
-0.002705022298974003
-0.003469828411653601
-0.002594955041827988
-0.00217749883898637
-0.00382976863073851
-0.003585159321053446
-0.003760312952947884
-0.003481439114072683
-0.003740860459396114
-0.003687377143363285
0
-0.003970310464607702
-0.003454893662440872
-0.003709459308402957
-0.00373407144647335
-0.003595669912192007
-0.003799246722562235
-0.003796395797949137
-0.003857200823173666
-0.003842927660902397
-0.00358570259538212
-0.003839004708108536
-0.003690966316183958
-0.003710766213815867
-0.003865324117427894
-0.00371683225900084
-0.003785030075409304
-0.003016284964322665
0
-0.003845572375155908
-0.00386530019985918
-0.003777903781698954
-0.003614510070368423
-0.003530595247968438
-0.003748630179320217
0
-0.003918723003185643
-0.00370192857389773
-0.003659131991290211
-0.003572049897449178
-0.003259696123688349
-0.002766497428542634
0
-0.00387260658151645
-0.003539193478900662
0
0
-0.003839548086746093
-0.003860851677303065
-0.003788957740191549
-0.003744678085526188
-0.003534164213573503
-0.003768714193750273
-0.002836205902639252
-0.003530927801401946
0
-0.003439553992410861
-0.003168917611313231
-0.003909913956055985
-0.003828581640983504
-0.003384886334623908
-0.003522512155766593
-0.00342765823285447
-0.003711412044315866
-0.004152194126564053
-0.00385096490562807
-0.00396457637664785
-0.003076097916557574
-0.003519989159974841
-0.003349621307070045
-0.003137572891624775
0
-0.003423772423930137
0
-0.003485447049639514
0
-0.003149580050261242
0
-0.003296772963768946
-0.003524709351298638
-0.001935941003511382
-0.003403862646922285
-0.001286738959029277
-0.004058302975858361
0
-0.003084716070944639
-0.002837605350808731
-0.003629126492876006
-0.003388559457924968
-0.001935473391961191
-0.003111141499675305
-0.003168525832555074
-0.002079953566019416
-0.001024689792331759
-0.0002654248983305194
-0.0007116858342028071
-0.0002142635219781543
-0.003027688484662023
0
-0.004611354134453145
0
-0.004236942854056285
-0.00280374482714955
-0.001552743837051651
-0.002882413970825681
-0.003410644629920354
-0.003031203700335585
-0.001217095023041482
0.0002211285221487261
0.0002016959029109844
0
0.001500527303232011
6.338336244548058e-05
-0.001522632019011315
-0.00188940295488092
-0.002377520399238014
-0.00174567369535898
5.973607311206914e-05
-0.00212751718731125
-0.002070457153990251
-0.0001686056528184473
-0.0001707191234295909
-0.002798043847531979
-0.000706175782275829
-7.205110712734334e-05
-0.0005203734141062728
0
-4.798133637803559e-05
0.001064564400552579
0
0.001190663615076037
0.0007815386460178283
-0.004003386475737574
-0.003833768055874927
-0.003659950217602364
-0.003863586054315363
-0.003803755883771692
-0.003715461864384146
-0.003766638124399729
-0.002853331092436603
-0.001875865481345467
-0.002624758060874342
-0.003717231579291621
-0.001244144872267955
-0.002283823574855778
-0.0006592096116110872
0.0005366884115166263
-0.001147326470499538
0.0009913061127891339
-0.001671311677731065
-0.00235762101773509
4.28783775641125e-06
-0.0002420446386674078
-2.593373182777723e-05
-6.313234825781258e-05
-0.0003662163768528507
-0.0002057076765910314
9.535348633298568e-05
-4.472722583708957e-05
0
-1.61006294916555e-05
0
-0.0002002650958779539
-0.0002725663992754674
0.0001241465792484573
0
-0.0002292821915277481
0.0002252535341751055
-0.0001181579372528614
-0.000472149619707231
0.0007645034083746223
2.988439163922893e-05
0.00115384230138734
8.0267627444673e-06
0.0006425065552104063
-1.727730048953282e-05
-7.621778073563632e-05
3.604676185174536e-05
0.0002483016505090368
0.000318215920484942
0.0009892342981314183
0
0.0005250602297925348
0
0.0006789089157590974
0
0.0008477148606427442
0.001478145708407725
0.00085002714747215
0.001118174787307013
7.675402786741883e-05
0.0009557439015050687
0.001014947106357289
0
0
