0
0
0
0
0
0
0
0
0
-0.002681851626782947
-0.003203269328867157
-0.002340900211169439
0
-0.003774618739767363
-0.002377015953927082
-2.007099531348543e-05
2.341270241650764e-06
-0.0001703615139092239
0
-0.001598820752636159
-0.001607725725021141
-0.002470426293770742
-0.00286546510863794
-0.002478502835895575
-0.00317391854740389
-0.002554728720227153
-0.001448324641280782
-0.002397556660918962
-0.002000194779833001
-0.002029851344230883
0.000437912207911534
-0.002880729268591964
-0.001919923041387913
-0.002721935529309823
-0.002641601661471533
-0.0009622391449956643
-1.008701276248869e-05
0
0
-0.002918201824496758
-0.0001990948243493719
-0.002496028190890691
-0.003363987323849673
-0.002899105345988315
-0.0006335692492149743
-8.918336475979766e-05
-0.001122156657313262
-0.001006680472573898
-0.00160142203618273
0
-0.0007429558416673303
-0.002426491764851301
-0.002032378772365577
-0.002949286805702111
-0.002813365428642691
-0.00352617681954482
-0.002655219081902174
-0.003126937529974561
0
0
-0.003431799377638911
-0.003326042038934657
-0.0007116920986045693
-0.001640437325543397
-0.0005180747667798409
-0.0004382035865463981
0.00028229735268339
0.001625240657011231
0
0.000759406861198928
-0.002293344548515982
-0.002177103182173497
0
-0.002443670643681799
-0.003872236260917836
-0.00255355372371495
-0.003157498001395889
0
-2.25705912619961e-05
0.0008008939588353033
5.359743483505744e-05
0
0.0007672266516029419
-2.638637298045556e-05
0.0004245891279521634
0.0009422759754545071
0.0001962404565959334
0.001215006379200218
0.001120646021367244
0
0
0.001243780916504623
0.0005737471797001538
8.93007287486983e-05
0.001190043523043054
-0.002523459281777678
-0.003757185679699631
0.0009845435077351576
0.0007823885406839997
0
0.001250073898474967
-0.003644837197422488
0
-0.001724917926294496
0
-1.206455678498472e-05
-0.002216274107951761
0
0
-0.002484228748246281
-9.330169756309489e-05
-0.002126800137820405
-0.00147265056019507
-0.001109876632842639
-0.003111780367570939
0
-0.003900271101188628
-0.003563538694962386
-0.004331151171526671
-0.003049648031738249
-0.002887828551471335
-0.003440461090954682
-0.003099623356850697
-0.003193921437612974
-0.003646894070760824
-0.003782915641014394
-0.003870130406247527
-0.003888187596128011
-0.003822814689093073
-0.003877716723107228
-0.00366786929932906
-0.003654201788928542
-0.003807183632471808
-0.003444215764783737
-0.003472930967623772
-0.003865426806187562
-0.003747569952380438
-0.003597151896726602
-0.003966254929868142
-0.003666487358515173
-0.003719431911127185
-0.003798710125866414
-0.003847468121034352
-0.003870045659226477
-0.003811672521912125
0
-0.00396438092618271
-0.002703080760902971
-0.003467735752449749
-0.002593841247736636
-0.002176461587599406
-0.003828044461644521
-0.003583148087819811
-0.003758637384974326
-0.003481643749294909
-0.003739141236892827
-0.003685203539927119
0
-0.003969073702322519
-0.003454181208829963
-0.003707785352295416
-0.003732363085072177
-0.003594388781673034
-0.00379744126870621
-0.003794568354853269
-0.003855376735427263
-0.003841192172372322
-0.003584509737521505
-0.003837073125327911
-0.003689383534417885
-0.003709102105532382
-0.003863336324333486
-0.003715341432776745
-0.003783135141800917
-0.003015972211926538
0
-0.003844031954489964
-0.00386379479852993
-0.003776822771717606
-0.003613105776623402
-0.003529185866616496
-0.003747453577110642
0
-0.003916952374345945
-0.003701117840080304
-0.003656804233908232
-0.003570748612773506
-0.003258667151000743
-0.002766101192432039
0
-0.00387039976064391
-0.003539460066769286
0
0
-0.0038375601743554
-0.003859136233289466
-0.003787545589428998
-0.003743355425136027
-0.003533531763089179
-0.003767681731231043
-0.002835850879093899
-0.003530571056500276
0
-0.003438759074394259
-0.003169648269631171
-0.003907365472682217
-0.003826935787171388
-0.003384173961492291
-0.003522020780499607
-0.003428897444655073
-0.003713106397002251
-0.004144042813590329
-0.003845183102228027
-0.003964237026523997
-0.003075594504043312
-0.003519482554189292
-0.003348919966663662
-0.003136926308331219
0
-0.003423083763421355
0
-0.003484912182223961
0
-0.003149728671257825
0
-0.003296011956891898
-0.003523959530460118
-0.001935521919659606
-0.003403110880889734
-0.001286645012926143
-0.00405741588144291
0
-0.003083999334572466
-0.002837142171190298
-0.003627939089695428
-0.003387998446720969
-0.001935481692536031
-0.003110650745242432
-0.003167906052034067
-0.002079915889297257
-0.001024882049328131
-0.0002651533373381737
-0.0007117713311453627
-0.0002142612026381123
-0.003027414349979382
0
-0.004606601349906721
0
-0.004229571379081136
-0.002803327493181146
-0.001552594437359068
-0.00288159539362982
-0.003409887892936063
-0.003030635251028555
-0.001216981178530263
0.0002211390258298261
0.0002018724728462348
0
0.001500435804809826
6.338763011880522e-05
-0.001522507900704918
-0.001889192480966737
-0.00237731422665532
-0.001745572574012013
5.985694323481071e-05
-0.002127129800279716
-0.002070174402237658
-0.0001680364632082358
-0.0001707107447444213
-0.002797917991817627
-0.0007061549885074719
-7.184937866687685e-05
-0.0005203735156314736
0
-4.80728619597383e-05
0.001064518103078311
0
0.001190691061134696
0.0007817203385740885
-0.004004444907714212
-0.003832102189816701
-0.003657908477385546
-0.0038603853577467
-0.003802064140778445
-0.003715468048165476
-0.003765680760484774
-0.002851986060870846
-0.001875517033227015
-0.002623993341730274
-0.003716027794527637
-0.001243969494107588
-0.002283341540258607
-0.0006589815493270157
0.0005368371983297497
-0.001147312324799378
0.0009920429804953616
-0.001671182213094527
-0.002357357244373438
4.284302578262931e-06
-0.0002420897680109529
-2.592602497877892e-05
-6.312515804886028e-05
-0.0003662366493413853
-0.0002055709984593957
9.534017442808563e-05
-4.472746055018154e-05
0
-1.610517912047531e-05
0
-0.000200284991388035
-0.0002725759711332215
0.0001241561610590522
0
-0.0002293172618818617
0.0002252631307508377
-0.0001181199975506326
-0.0004719822282181275
0.0007652805716181573
2.987118690163101e-05
0.001153835796258368
8.018330108858184e-06
0.0006425717301238316
-1.726803704123864e-05
-7.627218854885949e-05
3.609546819417759e-05
0.0002484142804725238
0.0003182045673879477
0.0009892174001044595
0
0.0005251862533827444
0
0.0006789339549480525
0
0.0008477911036159885
0.001478105919193308
0.0008500202096814161
0.001118199228336394
7.681165175651023e-05
0.0009556732532392739
0.001015028854182108
0
0
